  1        1  (16)      1 :  0.3500  0.2550  0.3950  
  2        2   (7)      1 :  0.2640  0.3720  0.3640  
  3        3  (16)      1 :  0.2663  0.3023  0.4314  
  4        4  (10)      1 :  0.2710  0.3280  0.4010  
  5        5  (71)      1 :  0.2707  0.3646  0.3646  
  6        6  (17)      1 :  0.3190  0.3240  0.3570  
  7        7  (18)      1 :  0.2740  0.2890  0.4370  
  8        8  (32)      1 :  0.2430  0.3670  0.3900  
  9        9  (20)      1 :  0.2690  0.3950  0.3360  
 10       10  (26)      1 :  0.2873  0.3353  0.3774  
 11       11  (22)      1 :  0.2380  0.2940  0.4680  
 12       12  (22)      1 :  0.2300  0.3730  0.3970  
 13       13   (6)      1 :  0.3070  0.3520  0.3410  
 14       14  (46)      1 :  0.2360  0.4300  0.3340  
 15       15  (12)      1 :  0.3220  0.3390  0.3390  
 16       16  (13)      2 :  0.2717  0.3686  0.3596  
 17       17  (11)      2 :  0.2520  0.2100  0.5380  
 18       18   (9)      2 :  0.2760  0.2670  0.4570  
 19       19  (11)      2 :  0.2380  0.4370  0.3250  
 20       20   (6)      2 :  0.3097  0.3357  0.3546  
 21       21  (27)      2 :  0.2680  0.3680  0.3640  
 22       22   (8)      2 :  0.2900  0.2950  0.4150  
 23       23   (9)      2 :  0.2910  0.2680  0.4410  
 24       24  (12)      2 :  0.2580  0.4220  0.3200  
 25       25  (42)      2 :  0.2312  0.5916  0.1772  
 26       26  (11)      2 :  0.2620  0.4320  0.3060  
 27       27  (26)      2 :  0.2937  0.3337  0.3726  
 28       28  (15)      2 :  0.2990  0.2440  0.4570  
 29       29  (27)      2 :  0.2533  0.3303  0.4164  
 30       30  (14)      2 :  0.3067  0.3526  0.3407  
 31       31   (6)      2 :  0.2900  0.3230  0.3870  
 32       32  (28)      3 :  0.2587  0.3417  0.3996  
 33       33   (8)      3 :  0.2630  0.2750  0.4620  
 34       34  (27)      3 :  0.2680  0.3360  0.3960  
 35       35  (10)      3 :  0.2870  0.3340  0.3790  
 36       36  (18)      3 :  0.2960  0.2900  0.4140  
 37       37  (51)      3 :  0.2987  0.1878  0.5135  
 38       38  (38)      3 :  0.2580  0.2870  0.4550  
 39       39  (23)      3 :  0.2890  0.3590  0.3520  
 40       40  (10)      3 :  0.2607  0.3836  0.3556  
 41       41  (17)      3 :  0.2953  0.3514  0.3534  
 42       42  (61)      3 :  0.3040  0.3090  0.3870  
 43       43  (11)      3 :  0.2810  0.2950  0.4240  
 44       44  (20)      3 :  0.2990  0.3500  0.3510  
 45       45  (15)      3 :  0.2530  0.3830  0.3640  
 46       46  (19)      3 :  0.2923  0.3784  0.3293  
 47       47   (9)      4 :  0.2580  0.3660  0.3760  
 48       48   (8)      4 :  0.2870  0.3060  0.4070  
 49       49   (7)      4 :  0.3270  0.3130  0.3600  
 50       50  (23)      4 :  0.3100  0.3270  0.3630  
 51       51   (6)      4 :  0.2830  0.3270  0.3900  
 52       52   (5)      4 :  0.3230  0.2910  0.3860  
 53       53  (40)      4 :  0.2350  0.5860  0.1790  
 54       54  (15)      4 :  0.2210  0.4310  0.3480  
 55       55  (14)      4 :  0.2730  0.4410  0.2860  
 56       56   (6)      4 :  0.2953  0.3313  0.3734  
 57       57  (14)      4 :  0.2980  0.3340  0.3680  
 58       58   (8)      4 :  0.2780  0.3890  0.3330  
 59       59  (12)      4 :  0.3050  0.3230  0.3720  
 60       60   (7)      4 :  0.3400  0.2960  0.3640  
 61       61  (30)      5 :  0.2250  0.3240  0.4510  
 62       62  (11)      5 :  0.2570  0.4040  0.3390  
 63       63  (48)      5 :  0.2200  0.4130  0.3670  
 64       64  (18)      5 :  0.2590  0.3730  0.3680  
 65       65  (23)      5 :  0.3090  0.4020  0.2890  
 66       66  (13)      5 :  0.2730  0.2840  0.4430  
 67       67   (8)      5 :  0.2940  0.2890  0.4170  
 68       68   (5)      5 :  0.3010  0.3930  0.3060  
 69       69  (36)      5 :  0.2630  0.2760  0.4610  
 70       70  (14)      5 :  0.2450  0.3420  0.4130  
 71       71  (23)      5 :  0.2680  0.4100  0.3220  
 72       72  (47)      5 :  0.2900  0.4000  0.3100  
 73       73  (17)      5 :  0.2810  0.3460  0.3730  
 74       74   (9)      5 :  0.2640  0.3650  0.3710  
 75       75  (13)      5 :  0.2997  0.3716  0.3287  
 76       76  (18)      6 :  0.3100  0.2920  0.3980  
 77       77   (8)      6 :  0.2977  0.3976  0.3047  
 78       78  (16)      6 :  0.3000  0.3120  0.3880  
 79       79  (11)      6 :  0.2510  0.2830  0.4660  
 80       80  (16)      6 :  0.2720  0.3080  0.4200  
 81       81   (7)      6 :  0.2677  0.3716  0.3606  
 82       82  (20)      6 :  0.2700  0.3810  0.3490  
 83       83  (11)      6 :  0.2930  0.3440  0.3630  
 84       84  (13)      6 :  0.2930  0.3430  0.3640  
 85       85   (7)      6 :  0.2650  0.3470  0.3880  
 86       86  (19)      6 :  0.2750  0.2460  0.4790  
 87       87  (43)      6 :  0.2810  0.3420  0.3770  
 88       88  (21)      6 :  0.2650  0.3320  0.4030  
 89       89  (11)      6 :  0.2760  0.4300  0.2940  
 90       90  (20)      6 :  0.2550  0.3450  0.4000  
 91       91  (14)      6 :  0.2550  0.4200  0.3250  
 92       92   (9)      7 :  0.2910  0.3230  0.3860  
 93       93  (16)      7 :  0.2830  0.3450  0.3720  
 94       94  (24)      7 :  0.2460  0.4280  0.3260  
 95       95   (6)      7 :  0.2747  0.2857  0.4396  
 96       96  (33)      7 :  0.2290  0.3750  0.3960  
 97       97  (21)      7 :  0.2282  0.3904  0.3814  
 98       98  (11)      7 :  0.2930  0.2660  0.4410  
 99       99  (17)      7 :  0.2610  0.3660  0.3730  
100      100  (15)      7 :  0.2527  0.4166  0.3307  
101      101  (55)      7 :  0.2720  0.3230  0.4050  
102      102  (12)      7 :  0.2750  0.2900  0.4350  
103      103  (14)      7 :  0.2640  0.4370  0.2990  
104      104  (17)      7 :  0.2430  0.4250  0.3320  
105      105  (14)      7 :  0.2920  0.2660  0.4420  
