  1        1  (16)      1 :  0.1200  0.7290  0.0040  0.1470  
  2        2   (7)      1 :  0.1430  0.8410  0.0110  0.0050  
  3        3  (16)      1 :  0.1540  0.8230  0.0030  0.0200  
  4        4  (10)      1 :  0.1520  0.8280  0.0010  0.0190  
  5        5  (71)      1 :  0.1359  0.8192  0.0030  0.0420  
  6        6  (17)      1 :  0.1590  0.8260  0.0100  0.0050  
  7        7  (18)      1 :  0.0210  0.7840  0.1920  0.0030  
  8        8  (32)      1 :  0.1390  0.8500  0.0050  0.0060  
  9        9  (20)      1 :  0.0760  0.8290  0.0020  0.0930  
 10       10  (26)      1 :  0.1720  0.8220  0.0010  0.0050  
 11       11  (22)      1 :  0.1060  0.8710  0.0020  0.0210  
 12       12  (22)      1 :  0.0110  0.7900  0.1940  0.0050  
 13       13   (6)      1 :  0.0731  0.7958  0.0020  0.1291  
 14       14  (46)      1 :  0.1331  0.8478  0.0020  0.0170  
 15       15  (12)      1 :  0.2080  0.7840  0.0040  0.0040  
 16       16  (13)      2 :  0.1140  0.8330  0.0020  0.0510  
 17       17  (11)      2 :  0.1622  0.8328  0.0030  0.0020  
 18       18   (9)      2 :  0.0250  0.8142  0.0030  0.1578  
 19       19  (11)      2 :  0.1420  0.8340  0.0030  0.0210  
 20       20   (6)      2 :  0.1680  0.8220  0.0020  0.0080  
 21       21  (27)      2 :  0.0170  0.8498  0.0020  0.1311  
 22       22   (8)      2 :  0.1798  0.8092  0.0070  0.0040  
 23       23   (9)      2 :  0.1670  0.8210  0.0050  0.0070  
 24       24  (12)      2 :  0.1280  0.8190  0.0430  0.0100  
 25       25  (42)      2 :  0.0020  0.8240  0.0010  0.1730  
 26       26  (11)      2 :  0.1580  0.8260  0.0040  0.0120  
 27       27  (26)      2 :  0.1650  0.8120  0.0180  0.0050  
 28       28  (15)      2 :  0.1040  0.8010  0.0020  0.0930  
 29       29  (27)      2 :  0.1349  0.8501  0.0030  0.0120  
 30       30  (14)      2 :  0.1340  0.7980  0.0190  0.0490  
 31       31   (6)      2 :  0.1672  0.8148  0.0110  0.0070  
 32       32  (28)      3 :  0.0360  0.8580  0.0020  0.1040  
 33       33   (8)      3 :  0.1810  0.8140  0.0010  0.0040  
 34       34  (27)      3 :  0.1310  0.8190  0.0030  0.0470  
 35       35  (10)      3 :  0.0890  0.7910  0.0140  0.1060  
 36       36  (18)      3 :  0.1810  0.8100  0.0020  0.0070  
 37       37  (51)      3 :  0.0040  0.7380  0.2560  0.0020  
 38       38  (38)      3 :  0.1489  0.8282  0.0030  0.0200  
 39       39  (23)      3 :  0.1190  0.7750  0.0060  0.1000  
 40       40  (10)      3 :  0.1411  0.8318  0.0160  0.0110  
 41       41  (17)      3 :  0.1798  0.8042  0.0120  0.0040  
 42       42  (61)      3 :  0.1080  0.7740  0.0320  0.0860  
 43       43  (11)      3 :  0.0350  0.8040  0.0220  0.1390  
 44       44  (20)      3 :  0.1650  0.8200  0.0020  0.0130  
 45       45  (15)      3 :  0.1532  0.8148  0.0170  0.0150  
 46       46  (19)      3 :  0.0679  0.7872  0.0629  0.0819  
 47       47   (9)      4 :  0.1340  0.8200  0.0020  0.0440  
 48       48   (8)      4 :  0.0220  0.8108  0.0020  0.1652  
 49       49   (7)      4 :  0.2410  0.7490  0.0010  0.0090  
 50       50  (23)      4 :  0.1600  0.8300  0.0040  0.0060  
 51       51   (6)      4 :  0.1870  0.8060  0.0010  0.0060  
 52       52   (5)      4 :  0.1590  0.8110  0.0020  0.0280  
 53       53  (40)      4 :  0.0020  0.7333  0.2627  0.0020  
 54       54  (15)      4 :  0.0980  0.8230  0.0580  0.0210  
 55       55  (14)      4 :  0.1440  0.8130  0.0020  0.0410  
 56       56   (6)      4 :  0.1230  0.8230  0.0010  0.0530  
 57       57  (14)      4 :  0.0110  0.7842  0.0070  0.1978  
 58       58   (8)      4 :  0.1828  0.8032  0.0020  0.0120  
 59       59  (12)      4 :  0.1420  0.8250  0.0030  0.0300  
 60       60   (7)      4 :  0.0540  0.7870  0.0020  0.1570  
 61       61  (30)      5 :  0.1050  0.8570  0.0030  0.0350  
 62       62  (11)      5 :  0.1762  0.8168  0.0010  0.0060  
 63       63  (48)      5 :  0.1210  0.8640  0.0060  0.0090  
 64       64  (18)      5 :  0.0730  0.8130  0.0160  0.0980  
 65       65  (23)      5 :  0.1329  0.7902  0.0020  0.0749  
 66       66  (13)      5 :  0.1710  0.8180  0.0050  0.0060  
 67       67   (8)      5 :  0.1350  0.7960  0.0040  0.0650  
 68       68   (5)      5 :  0.0780  0.7930  0.0030  0.1260  
 69       69  (36)      5 :  0.1399  0.8482  0.0030  0.0090  
 70       70  (14)      5 :  0.1180  0.8380  0.0030  0.0410  
 71       71  (23)      5 :  0.1768  0.8182  0.0020  0.0030  
 72       72  (47)      5 :  0.1340  0.8140  0.0150  0.0370  
 73       73  (17)      5 :  0.1040  0.8190  0.0080  0.0690  
 74       74   (9)      5 :  0.1550  0.8370  0.0020  0.0060  
 75       75  (13)      5 :  0.0850  0.8010  0.0370  0.0770  
 76       76  (18)      6 :  0.1760  0.7960  0.0010  0.0270  
 77       77   (8)      6 :  0.1750  0.8110  0.0020  0.0120  
 78       78  (16)      6 :  0.1620  0.8050  0.0180  0.0150  
 79       79  (11)      6 :  0.1658  0.8272  0.0020  0.0050  
 80       80  (16)      6 :  0.1510  0.8190  0.0040  0.0260  
 81       81   (7)      6 :  0.1610  0.8240  0.0070  0.0080  
 82       82  (20)      6 :  0.1832  0.8098  0.0020  0.0050  
 83       83  (11)      6 :  0.1520  0.8010  0.0040  0.0430  
 84       84  (13)      6 :  0.2000  0.7940  0.0030  0.0030  
 85       85   (7)      6 :  0.0370  0.8280  0.0050  0.1300  
 86       86  (19)      6 :  0.0030  0.8300  0.0040  0.1630  
 87       87  (43)      6 :  0.1560  0.8310  0.0040  0.0090  
 88       88  (21)      6 :  0.1371  0.8529  0.0050  0.0050  
 89       89  (11)      6 :  0.1441  0.8108  0.0030  0.0420  
 90       90  (20)      6 :  0.1390  0.8380  0.0130  0.0100  
 91       91  (14)      6 :  0.1421  0.8428  0.0010  0.0140  
 92       92   (9)      7 :  0.0240  0.8168  0.0030  0.1562  
 93       93  (16)      7 :  0.0910  0.8150  0.0020  0.0920  
 94       94  (24)      7 :  0.0020  0.8450  0.0020  0.1510  
 95       95   (6)      7 :  0.1790  0.8150  0.0010  0.0050  
 96       96  (33)      7 :  0.1390  0.8270  0.0080  0.0260  
 97       97  (21)      7 :  0.1320  0.8340  0.0030  0.0310  
 98       98  (11)      7 :  0.1880  0.7950  0.0030  0.0140  
 99       99  (17)      7 :  0.1502  0.8028  0.0050  0.0420  
100      100  (15)      7 :  0.0799  0.8022  0.1109  0.0070  
101      101  (55)      7 :  0.1640  0.8140  0.0030  0.0190  
102      102  (12)      7 :  0.1290  0.8400  0.0010  0.0300  
103      103  (14)      7 :  0.1260  0.7960  0.0590  0.0190  
104      104  (17)      7 :  0.1598  0.8322  0.0020  0.0060  
105      105  (14)      7 :  0.0899  0.8022  0.0020  0.1059  
