  1        1  (16)      1 :  0.0060  0.2080  0.7860  
  2        2   (7)      1 :  0.0050  0.1652  0.8298  
  3        3  (16)      1 :  0.0150  0.1480  0.8370  
  4        4  (10)      1 :  0.0400  0.1320  0.8280  
  5        5  (71)      1 :  0.0060  0.1518  0.8422  
  6        6  (17)      1 :  0.0040  0.1670  0.8290  
  7        7  (18)      1 :  0.2450  0.0030  0.7520  
  8        8  (32)      1 :  0.0090  0.1350  0.8560  
  9        9  (20)      1 :  0.0330  0.1150  0.8520  
 10       10  (26)      1 :  0.0030  0.1690  0.8280  
 11       11  (22)      1 :  0.0030  0.1480  0.8490  
 12       12  (22)      1 :  0.0040  0.1620  0.8340  
 13       13   (6)      1 :  0.0610  0.1270  0.8120  
 14       14  (46)      1 :  0.0090  0.1610  0.8300  
 15       15  (12)      1 :  0.0030  0.2070  0.7900  
 16       16  (13)      2 :  0.0110  0.1590  0.8300  
 17       17  (11)      2 :  0.0220  0.1350  0.8430  
 18       18   (9)      2 :  0.0480  0.1409  0.8112  
 19       19  (11)      2 :  0.0040  0.1620  0.8340  
 20       20   (6)      2 :  0.0050  0.1700  0.8250  
 21       21  (27)      2 :  0.0370  0.1350  0.8280  
 22       22   (8)      2 :  0.0100  0.1910  0.7990  
 23       23   (9)      2 :  0.0040  0.1852  0.8108  
 24       24  (12)      2 :  0.0260  0.1630  0.8110  
 25       25  (42)      2 :  0.0480  0.1210  0.8310  
 26       26  (11)      2 :  0.0020  0.1722  0.8258  
 27       27  (26)      2 :  0.0370  0.1512  0.8118  
 28       28  (15)      2 :  0.0800  0.1060  0.8140  
 29       29  (27)      2 :  0.0160  0.1320  0.8520  
 30       30  (14)      2 :  0.0600  0.1370  0.8030  
 31       31   (6)      2 :  0.0110  0.1730  0.8160  
 32       32  (28)      3 :  0.0080  0.1410  0.8510  
 33       33   (8)      3 :  0.0050  0.1480  0.8470  
 34       34  (27)      3 :  0.0080  0.1818  0.8102  
 35       35  (10)      3 :  0.0480  0.1690  0.7830  
 36       36  (18)      3 :  0.0200  0.1590  0.8210  
 37       37  (51)      3 :  0.2140  0.0030  0.7830  
 38       38  (38)      3 :  0.0100  0.1330  0.8570  
 39       39  (23)      3 :  0.0220  0.1610  0.8170  
 40       40  (10)      3 :  0.0110  0.1410  0.8480  
 41       41  (17)      3 :  0.0570  0.1250  0.8180  
 42       42  (61)      3 :  0.0340  0.1470  0.8190  
 43       43  (11)      3 :  0.0330  0.1250  0.8420  
 44       44  (20)      3 :  0.0100  0.1471  0.8428  
 45       45  (15)      3 :  0.0040  0.1780  0.8180  
 46       46  (19)      3 :  0.0040  0.1890  0.8070  
 47       47   (9)      4 :  0.0180  0.1690  0.8130  
 48       48   (8)      4 :  0.0040  0.1760  0.8200  
 49       49   (7)      4 :  0.0030  0.1910  0.8060  
 50       50  (23)      4 :  0.0040  0.1710  0.8250  
 51       51   (6)      4 :  0.0040  0.2000  0.7960  
 52       52   (5)      4 :  0.0100  0.1820  0.8080  
 53       53  (40)      4 :  0.1850  0.0030  0.8120  
 54       54  (15)      4 :  0.0040  0.1520  0.8440  
 55       55  (14)      4 :  0.0090  0.1730  0.8180  
 56       56   (6)      4 :  0.0060  0.1940  0.8000  
 57       57  (14)      4 :  0.2150  0.0060  0.7790  
 58       58   (8)      4 :  0.0030  0.1760  0.8210  
 59       59  (12)      4 :  0.0180  0.1708  0.8112  
 60       60   (7)      4 :  0.0100  0.2018  0.7882  
 61       61  (30)      5 :  0.0100  0.1330  0.8570  
 62       62  (11)      5 :  0.0040  0.1600  0.8360  
 63       63  (48)      5 :  0.0100  0.1290  0.8610  
 64       64  (18)      5 :  0.0390  0.1270  0.8340  
 65       65  (23)      5 :  0.0020  0.1942  0.8038  
 66       66  (13)      5 :  0.0090  0.1650  0.8260  
 67       67   (8)      5 :  0.0090  0.2080  0.7830  
 68       68   (5)      5 :  0.0140  0.1830  0.8030  
 69       69  (36)      5 :  0.0050  0.1520  0.8430  
 70       70  (14)      5 :  0.0040  0.1670  0.8290  
 71       71  (23)      5 :  0.0020  0.1530  0.8450  
 72       72  (47)      5 :  0.0310  0.1330  0.8360  
 73       73  (17)      5 :  0.0130  0.1510  0.8360  
 74       74   (9)      5 :  0.0040  0.1672  0.8288  
 75       75  (13)      5 :  0.0740  0.1340  0.7920  
 76       76  (18)      6 :  0.0030  0.1760  0.8210  
 77       77   (8)      6 :  0.0040  0.1810  0.8150  
 78       78  (16)      6 :  0.0050  0.2060  0.7890  
 79       79  (11)      6 :  0.0030  0.1678  0.8292  
 80       80  (16)      6 :  0.0100  0.1840  0.8060  
 81       81   (7)      6 :  0.0050  0.1810  0.8140  
 82       82  (20)      6 :  0.0050  0.1590  0.8360  
 83       83  (11)      6 :  0.0210  0.1842  0.7948  
 84       84  (13)      6 :  0.0050  0.1658  0.8292  
 85       85   (7)      6 :  0.0080  0.1370  0.8550  
 86       86  (19)      6 :  0.1800  0.0100  0.8100  
 87       87  (43)      6 :  0.0070  0.1800  0.8130  
 88       88  (21)      6 :  0.0400  0.1080  0.8520  
 89       89  (11)      6 :  0.0070  0.1880  0.8050  
 90       90  (20)      6 :  0.0120  0.1190  0.8690  
 91       91  (14)      6 :  0.0050  0.1782  0.8168  
 92       92   (9)      7 :  0.0140  0.1690  0.8170  
 93       93  (16)      7 :  0.0150  0.1770  0.8080  
 94       94  (24)      7 :  0.1690  0.0040  0.8270  
 95       95   (6)      7 :  0.0070  0.1690  0.8240  
 96       96  (33)      7 :  0.0210  0.1460  0.8330  
 97       97  (21)      7 :  0.0739  0.0959  0.8302  
 98       98  (11)      7 :  0.0070  0.1750  0.8180  
 99       99  (17)      7 :  0.0260  0.1460  0.8280  
100      100  (15)      7 :  0.0980  0.0810  0.8210  
101      101  (55)      7 :  0.0040  0.1560  0.8400  
102      102  (12)      7 :  0.0060  0.1620  0.8320  
103      103  (14)      7 :  0.0100  0.1910  0.7990  
104      104  (17)      7 :  0.0030  0.1450  0.8520  
105      105  (14)      7 :  0.0140  0.1580  0.8280  
