  1        1  (16)      1 :  0.1170  0.7790  0.0040  0.1000  
  2        2   (7)      1 :  0.1638  0.8282  0.0060  0.0020  
  3        3  (16)      1 :  0.1299  0.8352  0.0030  0.0320  
  4        4  (10)      1 :  0.1690  0.8240  0.0040  0.0030  
  5        5  (71)      1 :  0.1070  0.8290  0.0080  0.0560  
  6        6  (17)      1 :  0.1900  0.7980  0.0070  0.0050  
  7        7  (18)      1 :  0.0040  0.8060  0.1860  0.0040  
  8        8  (32)      1 :  0.1261  0.8589  0.0020  0.0130  
  9        9  (20)      1 :  0.1430  0.8270  0.0270  0.0030  
 10       10  (26)      1 :  0.1592  0.8168  0.0030  0.0210  
 11       11  (22)      1 :  0.1360  0.8530  0.0090  0.0020  
 12       12  (22)      1 :  0.1070  0.8500  0.0030  0.0400  
 13       13   (6)      1 :  0.1059  0.7962  0.0939  0.0040  
 14       14  (46)      1 :  0.1130  0.8430  0.0210  0.0230  
 15       15  (12)      1 :  0.0660  0.7780  0.0270  0.1290  
 16       16  (13)      2 :  0.1240  0.8290  0.0130  0.0340  
 17       17  (11)      2 :  0.1099  0.8402  0.0480  0.0020  
 18       18   (9)      2 :  0.1480  0.8280  0.0220  0.0020  
 19       19  (11)      2 :  0.1480  0.8410  0.0020  0.0090  
 20       20   (6)      2 :  0.1310  0.8000  0.0020  0.0670  
 21       21  (27)      2 :  0.1450  0.8330  0.0110  0.0110  
 22       22   (8)      2 :  0.1790  0.8160  0.0020  0.0030  
 23       23   (9)      2 :  0.1690  0.8160  0.0050  0.0100  
 24       24  (12)      2 :  0.1520  0.8260  0.0100  0.0120  
 25       25  (42)      2 :  0.0020  0.8160  0.0020  0.1800  
 26       26  (11)      2 :  0.1642  0.8288  0.0010  0.0060  
 27       27  (26)      2 :  0.1698  0.8082  0.0060  0.0160  
 28       28  (15)      2 :  0.1792  0.8118  0.0060  0.0030  
 29       29  (27)      2 :  0.0800  0.8330  0.0030  0.0840  
 30       30  (14)      2 :  0.1620  0.7950  0.0400  0.0030  
 31       31   (6)      2 :  0.0380  0.8130  0.0270  0.1220  
 32       32  (28)      3 :  0.1490  0.8360  0.0040  0.0110  
 33       33   (8)      3 :  0.1528  0.8332  0.0060  0.0080  
 34       34  (27)      3 :  0.1360  0.8360  0.0260  0.0020  
 35       35  (10)      3 :  0.1620  0.8170  0.0170  0.0040  
 36       36  (18)      3 :  0.1470  0.8160  0.0080  0.0290  
 37       37  (51)      3 :  0.0020  0.7848  0.1592  0.0541  
 38       38  (38)      3 :  0.1470  0.8460  0.0020  0.0050  
 39       39  (23)      3 :  0.1760  0.8160  0.0040  0.0040  
 40       40  (10)      3 :  0.1490  0.8350  0.0080  0.0080  
 41       41  (17)      3 :  0.0090  0.7998  0.0781  0.1131  
 42       42  (61)      3 :  0.1280  0.8030  0.0280  0.0410  
 43       43  (11)      3 :  0.1180  0.8260  0.0420  0.0140  
 44       44  (20)      3 :  0.1220  0.8050  0.0550  0.0180  
 45       45  (15)      3 :  0.1530  0.8370  0.0070  0.0030  
 46       46  (19)      3 :  0.0040  0.7950  0.0030  0.1980  
 47       47   (9)      4 :  0.1450  0.8350  0.0180  0.0020  
 48       48   (8)      4 :  0.1740  0.8190  0.0040  0.0030  
 49       49   (7)      4 :  0.2000  0.7930  0.0040  0.0030  
 50       50  (23)      4 :  0.1710  0.8050  0.0030  0.0210  
 51       51   (6)      4 :  0.1728  0.8162  0.0040  0.0070  
 52       52   (5)      4 :  0.1938  0.7902  0.0060  0.0100  
 53       53  (40)      4 :  0.0020  0.7982  0.1978  0.0020  
 54       54  (15)      4 :  0.0740  0.8440  0.0030  0.0790  
 55       55  (14)      4 :  0.1160  0.8080  0.0620  0.0140  
 56       56   (6)      4 :  0.1470  0.8050  0.0430  0.0050  
 57       57  (14)      4 :  0.0130  0.7958  0.1802  0.0110  
 58       58   (8)      4 :  0.1660  0.8240  0.0010  0.0090  
 59       59  (12)      4 :  0.1902  0.8028  0.0040  0.0030  
 60       60   (7)      4 :  0.1860  0.7780  0.0290  0.0070  
 61       61  (30)      5 :  0.1310  0.8590  0.0040  0.0060  
 62       62  (11)      5 :  0.1319  0.8322  0.0020  0.0340  
 63       63  (48)      5 :  0.1100  0.8710  0.0160  0.0030  
 64       64  (18)      5 :  0.0410  0.8250  0.1300  0.0040  
 65       65  (23)      5 :  0.0020  0.7638  0.0010  0.2332  
 66       66  (13)      5 :  0.1648  0.8282  0.0030  0.0040  
 67       67   (8)      5 :  0.1189  0.8122  0.0020  0.0669  
 68       68   (5)      5 :  0.1530  0.8010  0.0420  0.0040  
 69       69  (36)      5 :  0.1210  0.8380  0.0020  0.0390  
 70       70  (14)      5 :  0.1490  0.8440  0.0030  0.0040  
 71       71  (23)      5 :  0.1340  0.8260  0.0020  0.0380  
 72       72  (47)      5 :  0.1732  0.8078  0.0170  0.0020  
 73       73  (17)      5 :  0.0990  0.8150  0.0810  0.0050  
 74       74   (9)      5 :  0.1209  0.8322  0.0020  0.0450  
 75       75  (13)      5 :  0.0940  0.7960  0.1060  0.0040  
 76       76  (18)      6 :  0.1910  0.7980  0.0020  0.0090  
 77       77   (8)      6 :  0.1860  0.8040  0.0070  0.0030  
 78       78  (16)      6 :  0.1750  0.8080  0.0030  0.0140  
 79       79  (11)      6 :  0.1490  0.8420  0.0020  0.0070  
 80       80  (16)      6 :  0.1700  0.8260  0.0020  0.0020  
 81       81   (7)      6 :  0.1650  0.8260  0.0040  0.0050  
 82       82  (20)      6 :  0.1700  0.8180  0.0090  0.0030  
 83       83  (11)      6 :  0.1300  0.8150  0.0510  0.0040  
 84       84  (13)      6 :  0.1812  0.8078  0.0080  0.0030  
 85       85   (7)      6 :  0.1550  0.8270  0.0090  0.0090  
 86       86  (19)      6 :  0.0140  0.8248  0.1562  0.0050  
 87       87  (43)      6 :  0.1420  0.8120  0.0090  0.0370  
 88       88  (21)      6 :  0.0930  0.8320  0.0230  0.0520  
 89       89  (11)      6 :  0.1500  0.8100  0.0050  0.0350  
 90       90  (20)      6 :  0.1150  0.8430  0.0380  0.0040  
 91       91  (14)      6 :  0.0951  0.8308  0.0040  0.0701  
 92       92   (9)      7 :  0.1702  0.8118  0.0090  0.0090  
 93       93  (16)      7 :  0.1640  0.8200  0.0100  0.0060  
 94       94  (24)      7 :  0.0020  0.8252  0.1708  0.0020  
 95       95   (6)      7 :  0.1608  0.8292  0.0050  0.0050  
 96       96  (33)      7 :  0.0819  0.8581  0.0579  0.0020  
 97       97  (21)      7 :  0.1100  0.8550  0.0080  0.0270  
 98       98  (11)      7 :  0.1720  0.8240  0.0020  0.0020  
 99       99  (17)      7 :  0.1570  0.8360  0.0030  0.0040  
100      100  (15)      7 :  0.0390  0.8220  0.1260  0.0130  
101      101  (55)      7 :  0.1120  0.8340  0.0420  0.0120  
102      102  (12)      7 :  0.1540  0.8260  0.0090  0.0110  
103      103  (14)      7 :  0.1520  0.8360  0.0050  0.0070  
104      104  (17)      7 :  0.1489  0.8462  0.0020  0.0030  
105      105  (14)      7 :  0.1718  0.8142  0.0080  0.0060  
