  1        1  (16)      1 :  0.3790  0.3670  0.2540  
  2        2   (7)      1 :  0.2880  0.3290  0.3830  
  3        3  (16)      1 :  0.2600  0.4080  0.3320  
  4        4  (10)      1 :  0.2760  0.2920  0.4320  
  5        5  (71)      1 :  0.2452  0.3994  0.3554  
  6        6  (17)      1 :  0.2840  0.3900  0.3260  
  7        7  (18)      1 :  0.3017  0.3347  0.3636  
  8        8  (32)      1 :  0.2790  0.2830  0.4380  
  9        9  (20)      1 :  0.2260  0.4280  0.3460  
 10       10  (26)      1 :  0.2400  0.4190  0.3410  
 11       11  (22)      1 :  0.2242  0.3804  0.3954  
 12       12  (22)      1 :  0.2660  0.4920  0.2420  
 13       13   (6)      1 :  0.3170  0.3440  0.3390  
 14       14  (46)      1 :  0.2590  0.3700  0.3710  
 15       15  (12)      1 :  0.3153  0.3423  0.3423  
 16       16  (13)      2 :  0.2797  0.3666  0.3536  
 17       17  (11)      2 :  0.2570  0.3950  0.3480  
 18       18   (9)      2 :  0.2580  0.2720  0.4700  
 19       19  (11)      2 :  0.2600  0.3660  0.3740  
 20       20   (6)      2 :  0.3143  0.3624  0.3233  
 21       21  (27)      2 :  0.2520  0.3600  0.3880  
 22       22   (8)      2 :  0.3380  0.2880  0.3740  
 23       23   (9)      2 :  0.3013  0.3624  0.3363  
 24       24  (12)      2 :  0.2950  0.4080  0.2970  
 25       25  (42)      2 :  0.2890  0.3070  0.4040  
 26       26  (11)      2 :  0.2707  0.3367  0.3926  
 27       27  (26)      2 :  0.2990  0.4360  0.2650  
 28       28  (15)      2 :  0.3163  0.2933  0.3904  
 29       29  (27)      2 :  0.2210  0.3310  0.4480  
 30       30  (14)      2 :  0.2523  0.3704  0.3774  
 31       31   (6)      2 :  0.2810  0.4050  0.3140  
 32       32  (28)      3 :  0.2520  0.3630  0.3850  
 33       33   (8)      3 :  0.2860  0.2690  0.4450  
 34       34  (27)      3 :  0.2850  0.2910  0.4240  
 35       35  (10)      3 :  0.3007  0.3117  0.3876  
 36       36  (18)      3 :  0.2790  0.3020  0.4190  
 37       37  (51)      3 :  0.2890  0.5210  0.1900  
 38       38  (38)      3 :  0.2420  0.3980  0.3600  
 39       39  (23)      3 :  0.2677  0.2927  0.4396  
 40       40  (10)      3 :  0.2100  0.4550  0.3350  
 41       41  (17)      3 :  0.2770  0.4460  0.2770  
 42       42  (61)      3 :  0.2820  0.3140  0.4040  
 43       43  (11)      3 :  0.2860  0.3550  0.3590  
 44       44  (20)      3 :  0.2670  0.3830  0.3500  
 45       45  (15)      3 :  0.2420  0.3820  0.3760  
 46       46  (19)      3 :  0.3470  0.2920  0.3610  
 47       47   (9)      4 :  0.2590  0.3070  0.4340  
 48       48   (8)      4 :  0.3063  0.3133  0.3804  
 49       49   (7)      4 :  0.3023  0.3353  0.3624  
 50       50  (23)      4 :  0.2610  0.4010  0.3380  
 51       51   (6)      4 :  0.3210  0.3300  0.3490  
 52       52   (5)      4 :  0.3100  0.3140  0.3760  
 53       53  (40)      4 :  0.2630  0.5060  0.2310  
 54       54  (15)      4 :  0.2960  0.4240  0.2800  
 55       55  (14)      4 :  0.2970  0.4400  0.2630  
 56       56   (6)      4 :  0.3130  0.3610  0.3260  
 57       57  (14)      4 :  0.2943  0.3684  0.3373  
 58       58   (8)      4 :  0.3173  0.3323  0.3504  
 59       59  (12)      4 :  0.2840  0.3920  0.3240  
 60       60   (7)      4 :  0.3223  0.3213  0.3564  
 61       61  (30)      5 :  0.2600  0.3490  0.3910  
 62       62  (11)      5 :  0.2900  0.4050  0.3050  
 63       63  (48)      5 :  0.2390  0.4750  0.2860  
 64       64  (18)      5 :  0.2910  0.3970  0.3120  
 65       65  (23)      5 :  0.3150  0.2590  0.4260  
 66       66  (13)      5 :  0.2480  0.3720  0.3800  
 67       67   (8)      5 :  0.3090  0.3330  0.3580  
 68       68   (5)      5 :  0.2987  0.2807  0.4206  
 69       69  (36)      5 :  0.2760  0.3720  0.3520  
 70       70  (14)      5 :  0.2680  0.3660  0.3660  
 71       71  (23)      5 :  0.2683  0.3554  0.3764  
 72       72  (47)      5 :  0.2730  0.2810  0.4460  
 73       73  (17)      5 :  0.2700  0.3210  0.4090  
 74       74   (9)      5 :  0.2560  0.3740  0.3700  
 75       75  (13)      5 :  0.3143  0.3283  0.3574  
 76       76  (18)      6 :  0.2780  0.3460  0.3760  
 77       77   (8)      6 :  0.2753  0.3423  0.3824  
 78       78  (16)      6 :  0.3554  0.3113  0.3333  
 79       79  (11)      6 :  0.2653  0.3033  0.4314  
 80       80  (16)      6 :  0.2810  0.2840  0.4350  
 81       81   (7)      6 :  0.2583  0.3844  0.3574  
 82       82  (20)      6 :  0.3030  0.3560  0.3410  
 83       83  (11)      6 :  0.3140  0.3680  0.3180  
 84       84  (13)      6 :  0.3130  0.3660  0.3210  
 85       85   (7)      6 :  0.2640  0.2590  0.4770  
 86       86  (19)      6 :  0.2880  0.2310  0.4810  
 87       87  (43)      6 :  0.2887  0.4316  0.2797  
 88       88  (21)      6 :  0.2410  0.4570  0.3020  
 89       89  (11)      6 :  0.3043  0.3864  0.3093  
 90       90  (20)      6 :  0.2130  0.3650  0.4220  
 91       91  (14)      6 :  0.2790  0.3270  0.3940  
 92       92   (9)      7 :  0.3020  0.3450  0.3530  
 93       93  (16)      7 :  0.3030  0.2270  0.4700  
 94       94  (24)      7 :  0.2030  0.5830  0.2140  
 95       95   (6)      7 :  0.2833  0.3514  0.3654  
 96       96  (33)      7 :  0.2693  0.3403  0.3904  
 97       97  (21)      7 :  0.2883  0.2923  0.4194  
 98       98  (11)      7 :  0.3390  0.2870  0.3740  
 99       99  (17)      7 :  0.3160  0.3540  0.3300  
100      100  (15)      7 :  0.3003  0.3804  0.3193  
101      101  (55)      7 :  0.2272  0.2923  0.4805  
102      102  (12)      7 :  0.2633  0.3263  0.4104  
103      103  (14)      7 :  0.3253  0.3053  0.3694  
104      104  (17)      7 :  0.2750  0.3980  0.3270  
105      105  (14)      7 :  0.3177  0.2837  0.3986  
