  1        1  (16)      1 :  0.0110  0.2420  0.7470  
  2        2   (7)      1 :  0.0220  0.1640  0.8140  
  3        3  (16)      1 :  0.0090  0.1620  0.8290  
  4        4  (10)      1 :  0.0140  0.1900  0.7960  
  5        5  (71)      1 :  0.0090  0.1390  0.8520  
  6        6  (17)      1 :  0.0260  0.1540  0.8200  
  7        7  (18)      1 :  0.2170  0.0030  0.7800  
  8        8  (32)      1 :  0.0120  0.1120  0.8760  
  9        9  (20)      1 :  0.0220  0.1370  0.8410  
 10       10  (26)      1 :  0.0030  0.1670  0.8300  
 11       11  (22)      1 :  0.0170  0.1310  0.8520  
 12       12  (22)      1 :  0.0060  0.1390  0.8550  
 13       13   (6)      1 :  0.0110  0.1900  0.7990  
 14       14  (46)      1 :  0.0220  0.1040  0.8740  
 15       15  (12)      1 :  0.0030  0.2160  0.7810  
 16       16  (13)      2 :  0.0050  0.1690  0.8260  
 17       17  (11)      2 :  0.0170  0.1469  0.8362  
 18       18   (9)      2 :  0.0480  0.1390  0.8130  
 19       19  (11)      2 :  0.0250  0.1381  0.8368  
 20       20   (6)      2 :  0.0110  0.1840  0.8050  
 21       21  (27)      2 :  0.0620  0.1140  0.8240  
 22       22   (8)      2 :  0.0050  0.1820  0.8130  
 23       23   (9)      2 :  0.0110  0.1840  0.8050  
 24       24  (12)      2 :  0.0651  0.1331  0.8018  
 25       25  (42)      2 :  0.1640  0.0130  0.8230  
 26       26  (11)      2 :  0.0050  0.1570  0.8380  
 27       27  (26)      2 :  0.0110  0.1530  0.8360  
 28       28  (15)      2 :  0.0710  0.1320  0.7970  
 29       29  (27)      2 :  0.0150  0.1340  0.8510  
 30       30  (14)      2 :  0.0520  0.1120  0.8360  
 31       31   (6)      2 :  0.0100  0.1580  0.8320  
 32       32  (28)      3 :  0.0060  0.1580  0.8360  
 33       33   (8)      3 :  0.0050  0.1480  0.8470  
 34       34  (27)      3 :  0.0070  0.1668  0.8262  
 35       35  (10)      3 :  0.0170  0.1780  0.8050  
 36       36  (18)      3 :  0.0120  0.1660  0.8220  
 37       37  (51)      3 :  0.1882  0.0040  0.8078  
 38       38  (38)      3 :  0.0030  0.1490  0.8480  
 39       39  (23)      3 :  0.0120  0.1860  0.8020  
 40       40  (10)      3 :  0.0340  0.1190  0.8470  
 41       41  (17)      3 :  0.0030  0.1622  0.8348  
 42       42  (61)      3 :  0.0180  0.1648  0.8172  
 43       43  (11)      3 :  0.0120  0.1550  0.8330  
 44       44  (20)      3 :  0.0200  0.1640  0.8160  
 45       45  (15)      3 :  0.0110  0.1540  0.8350  
 46       46  (19)      3 :  0.0040  0.2000  0.7960  
 47       47   (9)      4 :  0.0240  0.1450  0.8310  
 48       48   (8)      4 :  0.0030  0.1750  0.8220  
 49       49   (7)      4 :  0.0120  0.1722  0.8158  
 50       50  (23)      4 :  0.0070  0.1930  0.8000  
 51       51   (6)      4 :  0.0040  0.2040  0.7920  
 52       52   (5)      4 :  0.0130  0.1630  0.8240  
 53       53  (40)      4 :  0.2370  0.0030  0.7600  
 54       54  (15)      4 :  0.1070  0.0920  0.8010  
 55       55  (14)      4 :  0.0160  0.1670  0.8170  
 56       56   (6)      4 :  0.0040  0.1660  0.8300  
 57       57  (14)      4 :  0.2280  0.0050  0.7670  
 58       58   (8)      4 :  0.0070  0.1580  0.8350  
 59       59  (12)      4 :  0.0340  0.1518  0.8142  
 60       60   (7)      4 :  0.0070  0.1760  0.8170  
 61       61  (30)      5 :  0.0110  0.1240  0.8650  
 62       62  (11)      5 :  0.0030  0.1660  0.8310  
 63       63  (48)      5 :  0.0180  0.1230  0.8590  
 64       64  (18)      5 :  0.0540  0.1380  0.8080  
 65       65  (23)      5 :  0.0030  0.1940  0.8030  
 66       66  (13)      5 :  0.0110  0.1580  0.8310  
 67       67   (8)      5 :  0.0050  0.1952  0.7998  
 68       68   (5)      5 :  0.0200  0.1820  0.7980  
 69       69  (36)      5 :  0.0110  0.1500  0.8390  
 70       70  (14)      5 :  0.0030  0.1380  0.8590  
 71       71  (23)      5 :  0.0060  0.1740  0.8200  
 72       72  (47)      5 :  0.0400  0.1290  0.8310  
 73       73  (17)      5 :  0.0090  0.1680  0.8230  
 74       74   (9)      5 :  0.0050  0.1652  0.8298  
 75       75  (13)      5 :  0.1460  0.0650  0.7890  
 76       76  (18)      6 :  0.0020  0.1812  0.8168  
 77       77   (8)      6 :  0.0040  0.1670  0.8290  
 78       78  (16)      6 :  0.0050  0.2198  0.7752  
 79       79  (11)      6 :  0.0080  0.1690  0.8230  
 80       80  (16)      6 :  0.0200  0.1570  0.8230  
 81       81   (7)      6 :  0.0030  0.1820  0.8150  
 82       82  (20)      6 :  0.0040  0.2030  0.7930  
 83       83  (11)      6 :  0.0120  0.1750  0.8130  
 84       84  (13)      6 :  0.0070  0.1810  0.8120  
 85       85   (7)      6 :  0.0040  0.1660  0.8300  
 86       86  (19)      6 :  0.1030  0.0750  0.8220  
 87       87  (43)      6 :  0.0200  0.1538  0.8262  
 88       88  (21)      6 :  0.0689  0.0689  0.8621  
 89       89  (11)      6 :  0.0070  0.1870  0.8060  
 90       90  (20)      6 :  0.0150  0.1540  0.8310  
 91       91  (14)      6 :  0.0150  0.1400  0.8450  
 92       92   (9)      7 :  0.0190  0.1450  0.8360  
 93       93  (16)      7 :  0.0070  0.1650  0.8280  
 94       94  (24)      7 :  0.1200  0.0330  0.8470  
 95       95   (6)      7 :  0.0070  0.1860  0.8070  
 96       96  (33)      7 :  0.0240  0.1200  0.8560  
 97       97  (21)      7 :  0.0570  0.1190  0.8240  
 98       98  (11)      7 :  0.0040  0.1880  0.8080  
 99       99  (17)      7 :  0.0470  0.1259  0.8272  
100      100  (15)      7 :  0.1860  0.0320  0.7820  
101      101  (55)      7 :  0.0230  0.1630  0.8140  
102      102  (12)      7 :  0.0060  0.1490  0.8450  
103      103  (14)      7 :  0.0090  0.1868  0.8042  
104      104  (17)      7 :  0.0070  0.1440  0.8490  
105      105  (14)      7 :  0.0070  0.1658  0.8272  
