  1        1  (16)      1 :  0.2110  0.7890  
  2        2   (7)      1 :  0.1680  0.8320  
  3        3  (16)      1 :  0.1600  0.8400  
  4        4  (10)      1 :  0.1690  0.8310  
  5        5  (71)      1 :  0.1570  0.8430  
  6        6  (17)      1 :  0.1700  0.8300  
  7        7  (18)      1 :  0.2080  0.7920  
  8        8  (32)      1 :  0.1430  0.8570  
  9        9  (20)      1 :  0.1430  0.8570  
 10       10  (26)      1 :  0.1720  0.8280  
 11       11  (22)      1 :  0.1500  0.8500  
 12       12  (22)      1 :  0.1630  0.8370  
 13       13   (6)      1 :  0.1790  0.8210  
 14       14  (46)      1 :  0.1680  0.8320  
 15       15  (12)      1 :  0.2090  0.7910  
 16       16  (13)      2 :  0.1650  0.8350  
 17       17  (11)      2 :  0.1510  0.8490  
 18       18   (9)      2 :  0.1800  0.8200  
 19       19  (11)      2 :  0.1620  0.8380  
 20       20   (6)      2 :  0.1750  0.8250  
 21       21  (27)      2 :  0.1670  0.8330  
 22       22   (8)      2 :  0.1980  0.8020  
 23       23   (9)      2 :  0.1870  0.8130  
 24       24  (12)      2 :  0.1850  0.8150  
 25       25  (42)      2 :  0.1640  0.8360  
 26       26  (11)      2 :  0.1750  0.8250  
 27       27  (26)      2 :  0.1850  0.8150  
 28       28  (15)      2 :  0.1780  0.8220  
 29       29  (27)      2 :  0.1460  0.8540  
 30       30  (14)      2 :  0.1920  0.8080  
 31       31   (6)      2 :  0.1810  0.8190  
 32       32  (28)      3 :  0.1470  0.8530  
 33       33   (8)      3 :  0.1530  0.8470  
 34       34  (27)      3 :  0.1850  0.8150  
 35       35  (10)      3 :  0.2140  0.7860  
 36       36  (18)      3 :  0.1740  0.8260  
 37       37  (51)      3 :  0.1710  0.8290  
 38       38  (38)      3 :  0.1420  0.8580  
 39       39  (23)      3 :  0.1800  0.8200  
 40       40  (10)      3 :  0.1490  0.8510  
 41       41  (17)      3 :  0.1750  0.8250  
 42       42  (61)      3 :  0.1790  0.8210  
 43       43  (11)      3 :  0.1550  0.8450  
 44       44  (20)      3 :  0.1570  0.8430  
 45       45  (15)      3 :  0.1800  0.8200  
 46       46  (19)      3 :  0.1920  0.8080  
 47       47   (9)      4 :  0.1830  0.8170  
 48       48   (8)      4 :  0.1800  0.8200  
 49       49   (7)      4 :  0.1910  0.8090  
 50       50  (23)      4 :  0.1730  0.8270  
 51       51   (6)      4 :  0.2010  0.7990  
 52       52   (5)      4 :  0.1900  0.8100  
 53       53  (40)      4 :  0.1600  0.8400  
 54       54  (15)      4 :  0.1570  0.8430  
 55       55  (14)      4 :  0.1770  0.8230  
 56       56   (6)      4 :  0.1970  0.8030  
 57       57  (14)      4 :  0.1910  0.8090  
 58       58   (8)      4 :  0.1790  0.8210  
 59       59  (12)      4 :  0.1840  0.8160  
 60       60   (7)      4 :  0.2070  0.7930  
 61       61  (30)      5 :  0.1410  0.8590  
 62       62  (11)      5 :  0.1610  0.8390  
 63       63  (48)      5 :  0.1360  0.8640  
 64       64  (18)      5 :  0.1600  0.8400  
 65       65  (23)      5 :  0.1970  0.8030  
 66       66  (13)      5 :  0.1710  0.8290  
 67       67   (8)      5 :  0.2150  0.7850  
 68       68   (5)      5 :  0.1940  0.8060  
 69       69  (36)      5 :  0.1570  0.8430  
 70       70  (14)      5 :  0.1680  0.8320  
 71       71  (23)      5 :  0.1530  0.8470  
 72       72  (47)      5 :  0.1570  0.8430  
 73       73  (17)      5 :  0.1620  0.8380  
 74       74   (9)      5 :  0.1710  0.8290  
 75       75  (13)      5 :  0.2020  0.7980  
 76       76  (18)      6 :  0.1780  0.8220  
 77       77   (8)      6 :  0.1830  0.8170  
 78       78  (16)      6 :  0.2080  0.7920  
 79       79  (11)      6 :  0.1680  0.8320  
 80       80  (16)      6 :  0.1920  0.8080  
 81       81   (7)      6 :  0.1850  0.8150  
 82       82  (20)      6 :  0.1620  0.8380  
 83       83  (11)      6 :  0.2030  0.7970  
 84       84  (13)      6 :  0.1680  0.8320  
 85       85   (7)      6 :  0.1450  0.8550  
 86       86  (19)      6 :  0.1650  0.8350  
 87       87  (43)      6 :  0.1860  0.8140  
 88       88  (21)      6 :  0.1450  0.8550  
 89       89  (11)      6 :  0.1900  0.8100  
 90       90  (20)      6 :  0.1290  0.8710  
 91       91  (14)      6 :  0.1820  0.8180  
 92       92   (9)      7 :  0.1810  0.8190  
 93       93  (16)      7 :  0.1870  0.8130  
 94       94  (24)      7 :  0.1570  0.8430  
 95       95   (6)      7 :  0.1720  0.8280  
 96       96  (33)      7 :  0.1600  0.8400  
 97       97  (21)      7 :  0.1620  0.8380  
 98       98  (11)      7 :  0.1800  0.8200  
 99       99  (17)      7 :  0.1670  0.8330  
100      100  (15)      7 :  0.1660  0.8340  
101      101  (55)      7 :  0.1590  0.8410  
102      102  (12)      7 :  0.1660  0.8340  
103      103  (14)      7 :  0.1990  0.8010  
104      104  (17)      7 :  0.1480  0.8520  
105      105  (14)      7 :  0.1680  0.8320  
