  1        1  (16)      1 :  0.0100  0.1722  0.8178  
  2        2   (7)      1 :  0.0100  0.1658  0.8242  
  3        3  (16)      1 :  0.0040  0.1720  0.8240  
  4        4  (10)      1 :  0.0020  0.2002  0.7978  
  5        5  (71)      1 :  0.0060  0.1620  0.8320  
  6        6  (17)      1 :  0.0030  0.1700  0.8270  
  7        7  (18)      1 :  0.2008  0.0040  0.7952  
  8        8  (32)      1 :  0.0230  0.1090  0.8680  
  9        9  (20)      1 :  0.0160  0.1440  0.8400  
 10       10  (26)      1 :  0.0080  0.1728  0.8192  
 11       11  (22)      1 :  0.0070  0.1161  0.8769  
 12       12  (22)      1 :  0.0020  0.1460  0.8520  
 13       13   (6)      1 :  0.0350  0.1800  0.7850  
 14       14  (46)      1 :  0.0050  0.1239  0.8711  
 15       15  (12)      1 :  0.0100  0.2200  0.7700  
 16       16  (13)      2 :  0.0050  0.1842  0.8108  
 17       17  (11)      2 :  0.0070  0.1540  0.8390  
 18       18   (9)      2 :  0.0590  0.1160  0.8250  
 19       19  (11)      2 :  0.0090  0.1341  0.8569  
 20       20   (6)      2 :  0.0430  0.1510  0.8060  
 21       21  (27)      2 :  0.0140  0.1490  0.8370  
 22       22   (8)      2 :  0.0200  0.1700  0.8100  
 23       23   (9)      2 :  0.0030  0.1600  0.8370  
 24       24  (12)      2 :  0.0240  0.1400  0.8360  
 25       25  (42)      2 :  0.0980  0.0530  0.8490  
 26       26  (11)      2 :  0.0060  0.1690  0.8250  
 27       27  (26)      2 :  0.0030  0.1830  0.8140  
 28       28  (15)      2 :  0.0110  0.1620  0.8270  
 29       29  (27)      2 :  0.0120  0.1291  0.8589  
 30       30  (14)      2 :  0.0040  0.1750  0.8210  
 31       31   (6)      2 :  0.0500  0.1270  0.8230  
 32       32  (28)      3 :  0.0100  0.1808  0.8092  
 33       33   (8)      3 :  0.0030  0.1630  0.8340  
 34       34  (27)      3 :  0.0110  0.1431  0.8458  
 35       35  (10)      3 :  0.0110  0.1620  0.8270  
 36       36  (18)      3 :  0.0080  0.1590  0.8330  
 37       37  (51)      3 :  0.1910  0.0030  0.8060  
 38       38  (38)      3 :  0.0040  0.1750  0.8210  
 39       39  (23)      3 :  0.0190  0.1800  0.8010  
 40       40  (10)      3 :  0.0080  0.1309  0.8611  
 41       41  (17)      3 :  0.0360  0.1360  0.8280  
 42       42  (61)      3 :  0.0250  0.1300  0.8450  
 43       43  (11)      3 :  0.0680  0.1070  0.8250  
 44       44  (20)      3 :  0.0560  0.1160  0.8280  
 45       45  (15)      3 :  0.0130  0.1638  0.8232  
 46       46  (19)      3 :  0.1930  0.0080  0.7990  
 47       47   (9)      4 :  0.0140  0.1630  0.8230  
 48       48   (8)      4 :  0.0040  0.1530  0.8430  
 49       49   (7)      4 :  0.0070  0.1900  0.8030  
 50       50  (23)      4 :  0.0100  0.1491  0.8408  
 51       51   (6)      4 :  0.0030  0.1820  0.8150  
 52       52   (5)      4 :  0.0120  0.1790  0.8090  
 53       53  (40)      4 :  0.2350  0.0020  0.7630  
 54       54  (15)      4 :  0.0170  0.1710  0.8120  
 55       55  (14)      4 :  0.0230  0.1360  0.8410  
 56       56   (6)      4 :  0.0100  0.1658  0.8242  
 57       57  (14)      4 :  0.2360  0.0040  0.7600  
 58       58   (8)      4 :  0.0020  0.1670  0.8310  
 59       59  (12)      4 :  0.0110  0.1628  0.8262  
 60       60   (7)      4 :  0.0180  0.1880  0.7940  
 61       61  (30)      5 :  0.0060  0.1320  0.8620  
 62       62  (11)      5 :  0.0040  0.1500  0.8460  
 63       63  (48)      5 :  0.0140  0.1290  0.8570  
 64       64  (18)      5 :  0.0090  0.1512  0.8398  
 65       65  (23)      5 :  0.0030  0.1640  0.8330  
 66       66  (13)      5 :  0.0430  0.1280  0.8290  
 67       67   (8)      5 :  0.0050  0.1672  0.8278  
 68       68   (5)      5 :  0.0230  0.1790  0.7980  
 69       69  (36)      5 :  0.0080  0.1300  0.8620  
 70       70  (14)      5 :  0.0030  0.1461  0.8509  
 71       71  (23)      5 :  0.0240  0.1320  0.8440  
 72       72  (47)      5 :  0.0160  0.1662  0.8178  
 73       73  (17)      5 :  0.0730  0.1190  0.8080  
 74       74   (9)      5 :  0.0040  0.1340  0.8620  
 75       75  (13)      5 :  0.0240  0.1770  0.7990  
 76       76  (18)      6 :  0.0060  0.1800  0.8140  
 77       77   (8)      6 :  0.0040  0.1590  0.8370  
 78       78  (16)      6 :  0.0120  0.1810  0.8070  
 79       79  (11)      6 :  0.0040  0.1600  0.8360  
 80       80  (16)      6 :  0.0030  0.1790  0.8180  
 81       81   (7)      6 :  0.0040  0.1902  0.8058  
 82       82  (20)      6 :  0.0080  0.1640  0.8280  
 83       83  (11)      6 :  0.0700  0.1510  0.7790  
 84       84  (13)      6 :  0.0210  0.1390  0.8400  
 85       85   (7)      6 :  0.0040  0.1580  0.8380  
 86       86  (19)      6 :  0.1000  0.0570  0.8430  
 87       87  (43)      6 :  0.0070  0.1790  0.8140  
 88       88  (21)      6 :  0.0180  0.1230  0.8590  
 89       89  (11)      6 :  0.0030  0.1552  0.8418  
 90       90  (20)      6 :  0.0090  0.1370  0.8540  
 91       91  (14)      6 :  0.0030  0.1512  0.8458  
 92       92   (9)      7 :  0.0040  0.1640  0.8320  
 93       93  (16)      7 :  0.0260  0.1540  0.8200  
 94       94  (24)      7 :  0.1480  0.0200  0.8320  
 95       95   (6)      7 :  0.0030  0.1720  0.8250  
 96       96  (33)      7 :  0.0200  0.1240  0.8560  
 97       97  (21)      7 :  0.0700  0.0950  0.8350  
 98       98  (11)      7 :  0.0050  0.1880  0.8070  
 99       99  (17)      7 :  0.0440  0.1301  0.8258  
100      100  (15)      7 :  0.0500  0.1390  0.8110  
101      101  (55)      7 :  0.0150  0.1260  0.8590  
102      102  (12)      7 :  0.0040  0.1411  0.8549  
103      103  (14)      7 :  0.0190  0.1400  0.8410  
104      104  (17)      7 :  0.0030  0.1500  0.8470  
105      105  (14)      7 :  0.0060  0.1660  0.8280  
