  1        1  (16)      1 :  0.2540  0.0220  0.7240  
  2        2   (7)      1 :  0.0070  0.1440  0.8490  
  3        3  (16)      1 :  0.0270  0.1450  0.8280  
  4        4  (10)      1 :  0.0050  0.1610  0.8340  
  5        5  (71)      1 :  0.0120  0.1630  0.8250  
  6        6  (17)      1 :  0.0110  0.1570  0.8320  
  7        7  (18)      1 :  0.2040  0.0060  0.7900  
  8        8  (32)      1 :  0.0060  0.1390  0.8550  
  9        9  (20)      1 :  0.0090  0.1540  0.8370  
 10       10  (26)      1 :  0.0050  0.1680  0.8270  
 11       11  (22)      1 :  0.0040  0.1190  0.8770  
 12       12  (22)      1 :  0.1650  0.0320  0.8030  
 13       13   (6)      1 :  0.0170  0.1760  0.8070  
 14       14  (46)      1 :  0.0050  0.1410  0.8540  
 15       15  (12)      1 :  0.0110  0.2000  0.7890  
 16       16  (13)      2 :  0.0040  0.1550  0.8410  
 17       17  (11)      2 :  0.0090  0.1530  0.8380  
 18       18   (9)      2 :  0.0250  0.1481  0.8268  
 19       19  (11)      2 :  0.0050  0.1560  0.8390  
 20       20   (6)      2 :  0.0070  0.1640  0.8290  
 21       21  (27)      2 :  0.0200  0.1200  0.8600  
 22       22   (8)      2 :  0.0070  0.1790  0.8140  
 23       23   (9)      2 :  0.0070  0.1650  0.8280  
 24       24  (12)      2 :  0.0700  0.1040  0.8260  
 25       25  (42)      2 :  0.0830  0.0770  0.8400  
 26       26  (11)      2 :  0.0050  0.1640  0.8310  
 27       27  (26)      2 :  0.0540  0.1290  0.8170  
 28       28  (15)      2 :  0.0060  0.1840  0.8100  
 29       29  (27)      2 :  0.0060  0.1380  0.8560  
 30       30  (14)      2 :  0.0830  0.1130  0.8040  
 31       31   (6)      2 :  0.0060  0.1738  0.8202  
 32       32  (28)      3 :  0.0330  0.1000  0.8670  
 33       33   (8)      3 :  0.0040  0.1772  0.8188  
 34       34  (27)      3 :  0.0090  0.1650  0.8260  
 35       35  (10)      3 :  0.0330  0.1680  0.7990  
 36       36  (18)      3 :  0.0090  0.1760  0.8150  
 37       37  (51)      3 :  0.2330  0.0080  0.7590  
 38       38  (38)      3 :  0.0060  0.1580  0.8360  
 39       39  (23)      3 :  0.0080  0.2080  0.7840  
 40       40  (10)      3 :  0.0470  0.1161  0.8368  
 41       41  (17)      3 :  0.0330  0.1590  0.8080  
 42       42  (61)      3 :  0.0880  0.1320  0.7800  
 43       43  (11)      3 :  0.0700  0.1160  0.8140  
 44       44  (20)      3 :  0.0070  0.1660  0.8270  
 45       45  (15)      3 :  0.0410  0.1390  0.8200  
 46       46  (19)      3 :  0.0350  0.1650  0.8000  
 47       47   (9)      4 :  0.0110  0.1620  0.8270  
 48       48   (8)      4 :  0.0170  0.1610  0.8220  
 49       49   (7)      4 :  0.0040  0.2390  0.7570  
 50       50  (23)      4 :  0.0090  0.1550  0.8360  
 51       51   (6)      4 :  0.0030  0.1868  0.8102  
 52       52   (5)      4 :  0.0080  0.1762  0.8158  
 53       53  (40)      4 :  0.2380  0.0030  0.7590  
 54       54  (15)      4 :  0.0130  0.1530  0.8340  
 55       55  (14)      4 :  0.0150  0.1650  0.8200  
 56       56   (6)      4 :  0.0050  0.1640  0.8310  
 57       57  (14)      4 :  0.1502  0.0591  0.7908  
 58       58   (8)      4 :  0.0280  0.1640  0.8080  
 59       59  (12)      4 :  0.0080  0.1570  0.8350  
 60       60   (7)      4 :  0.0080  0.1900  0.8020  
 61       61  (30)      5 :  0.0080  0.1270  0.8650  
 62       62  (11)      5 :  0.0020  0.1742  0.8238  
 63       63  (48)      5 :  0.0110  0.1210  0.8680  
 64       64  (18)      5 :  0.1240  0.0610  0.8150  
 65       65  (23)      5 :  0.0040  0.1950  0.8010  
 66       66  (13)      5 :  0.0120  0.1640  0.8240  
 67       67   (8)      5 :  0.0360  0.1620  0.8020  
 68       68   (5)      5 :  0.0080  0.1860  0.8060  
 69       69  (36)      5 :  0.0180  0.1290  0.8530  
 70       70  (14)      5 :  0.0050  0.1490  0.8460  
 71       71  (23)      5 :  0.0080  0.1688  0.8232  
 72       72  (47)      5 :  0.0300  0.1510  0.8190  
 73       73  (17)      5 :  0.0560  0.1190  0.8250  
 74       74   (9)      5 :  0.0090  0.1500  0.8410  
 75       75  (13)      5 :  0.1379  0.0579  0.8042  
 76       76  (18)      6 :  0.0030  0.1940  0.8030  
 77       77   (8)      6 :  0.0030  0.1782  0.8188  
 78       78  (16)      6 :  0.0500  0.1390  0.8110  
 79       79  (11)      6 :  0.0030  0.1620  0.8350  
 80       80  (16)      6 :  0.0080  0.1670  0.8250  
 81       81   (7)      6 :  0.0170  0.1528  0.8302  
 82       82  (20)      6 :  0.0050  0.1798  0.8152  
 83       83  (11)      6 :  0.0090  0.1840  0.8070  
 84       84  (13)      6 :  0.0130  0.1880  0.7990  
 85       85   (7)      6 :  0.0430  0.1179  0.8392  
 86       86  (19)      6 :  0.1590  0.0060  0.8350  
 87       87  (43)      6 :  0.0070  0.1550  0.8380  
 88       88  (21)      6 :  0.0250  0.1190  0.8560  
 89       89  (11)      6 :  0.0210  0.1620  0.8170  
 90       90  (20)      6 :  0.0250  0.1330  0.8420  
 91       91  (14)      6 :  0.0050  0.1470  0.8480  
 92       92   (9)      7 :  0.0130  0.1590  0.8280  
 93       93  (16)      7 :  0.0070  0.1670  0.8260  
 94       94  (24)      7 :  0.0910  0.0480  0.8610  
 95       95   (6)      7 :  0.0070  0.1720  0.8210  
 96       96  (33)      7 :  0.0310  0.1380  0.8310  
 97       97  (21)      7 :  0.0110  0.1490  0.8400  
 98       98  (11)      7 :  0.0190  0.1812  0.7998  
 99       99  (17)      7 :  0.0100  0.1790  0.8110  
100      100  (15)      7 :  0.1842  0.0110  0.8048  
101      101  (55)      7 :  0.0060  0.1730  0.8210  
102      102  (12)      7 :  0.0060  0.1481  0.8458  
103      103  (14)      7 :  0.0900  0.1100  0.8000  
104      104  (17)      7 :  0.0040  0.1578  0.8382  
105      105  (14)      7 :  0.0110  0.1758  0.8132  
