  1        1  (16)      1 :  0.0100  0.8058  0.0040  0.1802  
  2        2   (7)      1 :  0.1710  0.8200  0.0030  0.0060  
  3        3  (16)      1 :  0.1720  0.8200  0.0020  0.0060  
  4        4  (10)      1 :  0.1992  0.7938  0.0010  0.0060  
  5        5  (71)      1 :  0.1110  0.8270  0.0030  0.0590  
  6        6  (17)      1 :  0.1120  0.8210  0.0010  0.0660  
  7        7  (18)      1 :  0.0110  0.7950  0.1800  0.0140  
  8        8  (32)      1 :  0.1040  0.8640  0.0060  0.0260  
  9        9  (20)      1 :  0.1420  0.8340  0.0060  0.0180  
 10       10  (26)      1 :  0.1260  0.8140  0.0030  0.0570  
 11       11  (22)      1 :  0.1010  0.8710  0.0020  0.0260  
 12       12  (22)      1 :  0.0180  0.8440  0.0010  0.1370  
 13       13   (6)      1 :  0.1960  0.7820  0.0100  0.0120  
 14       14  (46)      1 :  0.1121  0.8659  0.0040  0.0180  
 15       15  (12)      1 :  0.0050  0.7550  0.0020  0.2380  
 16       16  (13)      2 :  0.1900  0.8040  0.0020  0.0040  
 17       17  (11)      2 :  0.0360  0.8330  0.0030  0.1280  
 18       18   (9)      2 :  0.1390  0.8220  0.0310  0.0080  
 19       19  (11)      2 :  0.1350  0.8500  0.0100  0.0050  
 20       20   (6)      2 :  0.0950  0.8000  0.0130  0.0920  
 21       21  (27)      2 :  0.0140  0.8318  0.0050  0.1491  
 22       22   (8)      2 :  0.1420  0.8050  0.0020  0.0510  
 23       23   (9)      2 :  0.1578  0.8322  0.0020  0.0080  
 24       24  (12)      2 :  0.1410  0.8320  0.0070  0.0200  
 25       25  (42)      2 :  0.0020  0.8368  0.1592  0.0020  
 26       26  (11)      2 :  0.1720  0.8200  0.0010  0.0070  
 27       27  (26)      2 :  0.0090  0.7992  0.0020  0.1898  
 28       28  (15)      2 :  0.1618  0.8222  0.0050  0.0110  
 29       29  (27)      2 :  0.1300  0.8550  0.0030  0.0120  
 30       30  (14)      2 :  0.0200  0.8120  0.0020  0.1660  
 31       31   (6)      2 :  0.1290  0.8220  0.0040  0.0450  
 32       32  (28)      3 :  0.1830  0.8030  0.0080  0.0060  
 33       33   (8)      3 :  0.1560  0.8280  0.0020  0.0140  
 34       34  (27)      3 :  0.1370  0.8400  0.0130  0.0100  
 35       35  (10)      3 :  0.1572  0.8218  0.0030  0.0180  
 36       36  (18)      3 :  0.0530  0.8280  0.0050  0.1140  
 37       37  (51)      3 :  0.0030  0.7988  0.1952  0.0030  
 38       38  (38)      3 :  0.1460  0.8150  0.0020  0.0370  
 39       39  (23)      3 :  0.1910  0.7960  0.0050  0.0080  
 40       40  (10)      3 :  0.1170  0.8550  0.0050  0.0230  
 41       41  (17)      3 :  0.1409  0.8242  0.0210  0.0140  
 42       42  (61)      3 :  0.0580  0.8400  0.0150  0.0870  
 43       43  (11)      3 :  0.1361  0.8258  0.0110  0.0270  
 44       44  (20)      3 :  0.0470  0.8240  0.0080  0.1210  
 45       45  (15)      3 :  0.0839  0.8162  0.0070  0.0929  
 46       46  (19)      3 :  0.0180  0.8020  0.0350  0.1450  
 47       47   (9)      4 :  0.1740  0.8180  0.0040  0.0040  
 48       48   (8)      4 :  0.0950  0.8350  0.0020  0.0680  
 49       49   (7)      4 :  0.1870  0.7970  0.0030  0.0130  
 50       50  (23)      4 :  0.1070  0.8350  0.0040  0.0540  
 51       51   (6)      4 :  0.0250  0.8060  0.0010  0.1680  
 52       52   (5)      4 :  0.1830  0.8060  0.0080  0.0030  
 53       53  (40)      4 :  0.0010  0.7558  0.2422  0.0010  
 54       54  (15)      4 :  0.1860  0.8060  0.0040  0.0040  
 55       55  (14)      4 :  0.0060  0.8320  0.0050  0.1570  
 56       56   (6)      4 :  0.0560  0.8180  0.0070  0.1190  
 57       57  (14)      4 :  0.0060  0.7590  0.2250  0.0100  
 58       58   (8)      4 :  0.1680  0.8270  0.0010  0.0040  
 59       59  (12)      4 :  0.1140  0.8200  0.0040  0.0620  
 60       60   (7)      4 :  0.2020  0.7910  0.0030  0.0040  
 61       61  (30)      5 :  0.1080  0.8570  0.0030  0.0320  
 62       62  (11)      5 :  0.1520  0.8400  0.0040  0.0040  
 63       63  (48)      5 :  0.1270  0.8510  0.0080  0.0140  
 64       64  (18)      5 :  0.1440  0.8350  0.0150  0.0060  
 65       65  (23)      5 :  0.1239  0.8272  0.0030  0.0460  
 66       66  (13)      5 :  0.1560  0.8250  0.0130  0.0060  
 67       67   (8)      5 :  0.1562  0.8228  0.0070  0.0140  
 68       68   (5)      5 :  0.1910  0.7930  0.0140  0.0020  
 69       69  (36)      5 :  0.0060  0.8510  0.0020  0.1410  
 70       70  (14)      5 :  0.1051  0.8438  0.0010  0.0501  
 71       71  (23)      5 :  0.1430  0.8390  0.0080  0.0100  
 72       72  (47)      5 :  0.1630  0.8140  0.0090  0.0140  
 73       73  (17)      5 :  0.0390  0.8040  0.0300  0.1270  
 74       74   (9)      5 :  0.0420  0.8569  0.0010  0.1001  
 75       75  (13)      5 :  0.1200  0.7920  0.0270  0.0610  
 76       76  (18)      6 :  0.1040  0.8090  0.0020  0.0850  
 77       77   (8)      6 :  0.1610  0.8320  0.0020  0.0050  
 78       78  (16)      6 :  0.0390  0.8000  0.0030  0.1580  
 79       79  (11)      6 :  0.1620  0.8330  0.0010  0.0040  
 80       80  (16)      6 :  0.1820  0.8120  0.0020  0.0040  
 81       81   (7)      6 :  0.1940  0.8000  0.0020  0.0040  
 82       82  (20)      6 :  0.1642  0.8238  0.0020  0.0100  
 83       83  (11)      6 :  0.0590  0.7750  0.0190  0.1470  
 84       84  (13)      6 :  0.0920  0.8360  0.0160  0.0560  
 85       85   (7)      6 :  0.1560  0.8330  0.0030  0.0080  
 86       86  (19)      6 :  0.0660  0.8410  0.0730  0.0200  
 87       87  (43)      6 :  0.1760  0.8080  0.0030  0.0130  
 88       88  (21)      6 :  0.0220  0.8550  0.0320  0.0910  
 89       89  (11)      6 :  0.1570  0.8360  0.0020  0.0050  
 90       90  (20)      6 :  0.1090  0.8490  0.0050  0.0370  
 91       91  (14)      6 :  0.0090  0.8372  0.0030  0.1508  
 92       92   (9)      7 :  0.1381  0.8268  0.0010  0.0340  
 93       93  (16)      7 :  0.1730  0.8160  0.0060  0.0050  
 94       94  (24)      7 :  0.0080  0.8300  0.0120  0.1500  
 95       95   (6)      7 :  0.1740  0.8180  0.0010  0.0070  
 96       96  (33)      7 :  0.1340  0.8540  0.0080  0.0040  
 97       97  (21)      7 :  0.1051  0.8348  0.0110  0.0490  
 98       98  (11)      7 :  0.1618  0.8012  0.0020  0.0350  
 99       99  (17)      7 :  0.1439  0.8212  0.0230  0.0120  
100      100  (15)      7 :  0.1658  0.8102  0.0190  0.0050  
101      101  (55)      7 :  0.0660  0.8540  0.0100  0.0700  
102      102  (12)      7 :  0.0310  0.8440  0.0010  0.1240  
103      103  (14)      7 :  0.1340  0.8370  0.0090  0.0200  
104      104  (17)      7 :  0.1419  0.8442  0.0020  0.0120  
105      105  (14)      7 :  0.1590  0.8220  0.0050  0.0140  
