  1        1  (16)      1 :  0.2190  0.0060  0.7750  
  2        2   (7)      1 :  0.0030  0.1680  0.8290  
  3        3  (16)      1 :  0.0140  0.1620  0.8240  
  4        4  (10)      1 :  0.0040  0.1700  0.8260  
  5        5  (71)      1 :  0.0390  0.1190  0.8420  
  6        6  (17)      1 :  0.0070  0.1740  0.8190  
  7        7  (18)      1 :  0.1888  0.0070  0.8042  
  8        8  (32)      1 :  0.0120  0.1260  0.8620  
  9        9  (20)      1 :  0.0100  0.1479  0.8422  
 10       10  (26)      1 :  0.0270  0.1350  0.8380  
 11       11  (22)      1 :  0.0200  0.1140  0.8660  
 12       12  (22)      1 :  0.0060  0.1510  0.8430  
 13       13   (6)      1 :  0.0090  0.2042  0.7868  
 14       14  (46)      1 :  0.0080  0.1290  0.8630  
 15       15  (12)      1 :  0.0130  0.2230  0.7640  
 16       16  (13)      2 :  0.0090  0.1540  0.8370  
 17       17  (11)      2 :  0.0070  0.1608  0.8322  
 18       18   (9)      2 :  0.0240  0.1530  0.8230  
 19       19  (11)      2 :  0.0120  0.1690  0.8190  
 20       20   (6)      2 :  0.0050  0.1842  0.8108  
 21       21  (27)      2 :  0.0320  0.1240  0.8440  
 22       22   (8)      2 :  0.0040  0.1660  0.8300  
 23       23   (9)      2 :  0.0030  0.1650  0.8320  
 24       24  (12)      2 :  0.1141  0.0921  0.7938  
 25       25  (42)      2 :  0.1790  0.0030  0.8180  
 26       26  (11)      2 :  0.0100  0.1840  0.8060  
 27       27  (26)      2 :  0.0100  0.1938  0.7962  
 28       28  (15)      2 :  0.0200  0.1798  0.8002  
 29       29  (27)      2 :  0.0050  0.1369  0.8581  
 30       30  (14)      2 :  0.0250  0.1768  0.7982  
 31       31   (6)      2 :  0.0050  0.1752  0.8198  
 32       32  (28)      3 :  0.0140  0.1380  0.8480  
 33       33   (8)      3 :  0.0040  0.1702  0.8258  
 34       34  (27)      3 :  0.0230  0.1678  0.8092  
 35       35  (10)      3 :  0.0600  0.1290  0.8110  
 36       36  (18)      3 :  0.0640  0.1070  0.8290  
 37       37  (51)      3 :  0.2308  0.0080  0.7612  
 38       38  (38)      3 :  0.0060  0.1542  0.8398  
 39       39  (23)      3 :  0.0050  0.1908  0.8042  
 40       40  (10)      3 :  0.0540  0.1000  0.8460  
 41       41  (17)      3 :  0.0060  0.1812  0.8128  
 42       42  (61)      3 :  0.0270  0.1470  0.8260  
 43       43  (11)      3 :  0.0140  0.1700  0.8160  
 44       44  (20)      3 :  0.0130  0.1560  0.8310  
 45       45  (15)      3 :  0.0040  0.1560  0.8400  
 46       46  (19)      3 :  0.0140  0.2230  0.7630  
 47       47   (9)      4 :  0.0030  0.1960  0.8010  
 48       48   (8)      4 :  0.0070  0.1860  0.8070  
 49       49   (7)      4 :  0.0080  0.1818  0.8102  
 50       50  (23)      4 :  0.0610  0.1370  0.8020  
 51       51   (6)      4 :  0.0730  0.1160  0.8110  
 52       52   (5)      4 :  0.0190  0.1690  0.8120  
 53       53  (40)      4 :  0.1020  0.0720  0.8260  
 54       54  (15)      4 :  0.0040  0.1750  0.8210  
 55       55  (14)      4 :  0.1420  0.0440  0.8140  
 56       56   (6)      4 :  0.0080  0.1860  0.8060  
 57       57  (14)      4 :  0.2160  0.0040  0.7800  
 58       58   (8)      4 :  0.0050  0.1722  0.8228  
 59       59  (12)      4 :  0.0100  0.1810  0.8090  
 60       60   (7)      4 :  0.0140  0.1788  0.8072  
 61       61  (30)      5 :  0.0090  0.1630  0.8280  
 62       62  (11)      5 :  0.0030  0.1692  0.8278  
 63       63  (48)      5 :  0.0150  0.1121  0.8729  
 64       64  (18)      5 :  0.1850  0.0120  0.8030  
 65       65  (23)      5 :  0.0040  0.1920  0.8040  
 66       66  (13)      5 :  0.0090  0.1910  0.8000  
 67       67   (8)      5 :  0.0100  0.1790  0.8110  
 68       68   (5)      5 :  0.0130  0.1670  0.8200  
 69       69  (36)      5 :  0.0060  0.1249  0.8691  
 70       70  (14)      5 :  0.0040  0.1600  0.8360  
 71       71  (23)      5 :  0.0330  0.1440  0.8230  
 72       72  (47)      5 :  0.0310  0.1480  0.8210  
 73       73  (17)      5 :  0.0880  0.0810  0.8310  
 74       74   (9)      5 :  0.0070  0.1670  0.8260  
 75       75  (13)      5 :  0.0960  0.1270  0.7770  
 76       76  (18)      6 :  0.0100  0.1950  0.7950  
 77       77   (8)      6 :  0.0030  0.1880  0.8090  
 78       78  (16)      6 :  0.0040  0.1900  0.8060  
 79       79  (11)      6 :  0.0370  0.1320  0.8310  
 80       80  (16)      6 :  0.0070  0.1690  0.8240  
 81       81   (7)      6 :  0.0050  0.1880  0.8070  
 82       82  (20)      6 :  0.0040  0.1760  0.8200  
 83       83  (11)      6 :  0.0860  0.1110  0.8030  
 84       84  (13)      6 :  0.0230  0.1620  0.8150  
 85       85   (7)      6 :  0.0390  0.1381  0.8228  
 86       86  (19)      6 :  0.1760  0.0070  0.8170  
 87       87  (43)      6 :  0.0110  0.1329  0.8561  
 88       88  (21)      6 :  0.1080  0.0440  0.8480  
 89       89  (11)      6 :  0.0070  0.1890  0.8040  
 90       90  (20)      6 :  0.0060  0.1552  0.8388  
 91       91  (14)      6 :  0.0070  0.1600  0.8330  
 92       92   (9)      7 :  0.0360  0.1620  0.8020  
 93       93  (16)      7 :  0.0420  0.1230  0.8350  
 94       94  (24)      7 :  0.0530  0.0950  0.8520  
 95       95   (6)      7 :  0.0050  0.1958  0.7992  
 96       96  (33)      7 :  0.0390  0.1200  0.8410  
 97       97  (21)      7 :  0.0390  0.1070  0.8540  
 98       98  (11)      7 :  0.0250  0.1612  0.8138  
 99       99  (17)      7 :  0.0130  0.1880  0.7990  
100      100  (15)      7 :  0.0590  0.1420  0.7990  
101      101  (55)      7 :  0.0180  0.1530  0.8290  
102      102  (12)      7 :  0.0050  0.1680  0.8270  
103      103  (14)      7 :  0.0230  0.1359  0.8412  
104      104  (17)      7 :  0.0030  0.1441  0.8529  
105      105  (14)      7 :  0.0110  0.1578  0.8312  
