  1        1  (16)      1 :  0.0040  0.7370  0.0020  0.2570  
  2        2   (7)      1 :  0.1758  0.8182  0.0050  0.0010  
  3        3  (16)      1 :  0.1510  0.8430  0.0020  0.0040  
  4        4  (10)      1 :  0.1620  0.8300  0.0020  0.0060  
  5        5  (71)      1 :  0.1230  0.8680  0.0050  0.0040  
  6        6  (17)      1 :  0.1630  0.8220  0.0130  0.0020  
  7        7  (18)      1 :  0.0020  0.7940  0.1990  0.0050  
  8        8  (32)      1 :  0.1590  0.8380  0.0020  0.0010  
  9        9  (20)      1 :  0.1291  0.8689  0.0010  0.0010  
 10       10  (26)      1 :  0.1300  0.8670  0.0010  0.0020  
 11       11  (22)      1 :  0.1281  0.8689  0.0020  0.0010  
 12       12  (22)      1 :  0.0210  0.8200  0.1520  0.0070  
 13       13   (6)      1 :  0.1850  0.8070  0.0060  0.0020  
 14       14  (46)      1 :  0.1370  0.8510  0.0100  0.0020  
 15       15  (12)      1 :  0.1892  0.8088  0.0010  0.0010  
 16       16  (13)      2 :  0.1642  0.8318  0.0030  0.0010  
 17       17  (11)      2 :  0.1450  0.8480  0.0040  0.0030  
 18       18   (9)      2 :  0.1350  0.8430  0.0030  0.0190  
 19       19  (11)      2 :  0.1499  0.8462  0.0020  0.0020  
 20       20   (6)      2 :  0.1740  0.8080  0.0030  0.0150  
 21       21  (27)      2 :  0.1320  0.8560  0.0040  0.0080  
 22       22   (8)      2 :  0.2002  0.7938  0.0050  0.0010  
 23       23   (9)      2 :  0.1778  0.8172  0.0040  0.0010  
 24       24  (12)      2 :  0.1181  0.8108  0.0661  0.0050  
 25       25  (42)      2 :  0.0010  0.7672  0.0010  0.2308  
 26       26  (11)      2 :  0.1570  0.8360  0.0060  0.0010  
 27       27  (26)      2 :  0.1360  0.8150  0.0070  0.0420  
 28       28  (15)      2 :  0.1780  0.8080  0.0010  0.0130  
 29       29  (27)      2 :  0.1000  0.8760  0.0220  0.0020  
 30       30  (14)      2 :  0.0940  0.8480  0.0030  0.0550  
 31       31   (6)      2 :  0.0580  0.8140  0.1270  0.0010  
 32       32  (28)      3 :  0.1409  0.8501  0.0050  0.0040  
 33       33   (8)      3 :  0.1460  0.8380  0.0070  0.0090  
 34       34  (27)      3 :  0.1620  0.8330  0.0020  0.0030  
 35       35  (10)      3 :  0.1548  0.8172  0.0180  0.0100  
 36       36  (18)      3 :  0.1339  0.8382  0.0040  0.0240  
 37       37  (51)      3 :  0.0020  0.7948  0.2022  0.0010  
 38       38  (38)      3 :  0.1369  0.8581  0.0030  0.0020  
 39       39  (23)      3 :  0.1590  0.8370  0.0020  0.0020  
 40       40  (10)      3 :  0.1081  0.8789  0.0090  0.0040  
 41       41  (17)      3 :  0.1020  0.8300  0.0440  0.0240  
 42       42  (61)      3 :  0.1460  0.8310  0.0130  0.0100  
 43       43  (11)      3 :  0.1100  0.8270  0.0080  0.0550  
 44       44  (20)      3 :  0.1500  0.8370  0.0050  0.0080  
 45       45  (15)      3 :  0.1370  0.8580  0.0020  0.0030  
 46       46  (19)      3 :  0.0090  0.7680  0.2220  0.0010  
 47       47   (9)      4 :  0.1480  0.8450  0.0010  0.0060  
 48       48   (8)      4 :  0.1760  0.8200  0.0010  0.0030  
 49       49   (7)      4 :  0.1770  0.8190  0.0020  0.0020  
 50       50  (23)      4 :  0.1250  0.8410  0.0040  0.0300  
 51       51   (6)      4 :  0.1900  0.8070  0.0010  0.0020  
 52       52   (5)      4 :  0.1828  0.8092  0.0060  0.0020  
 53       53  (40)      4 :  0.0020  0.8020  0.1950  0.0010  
 54       54  (15)      4 :  0.0040  0.7920  0.2020  0.0020  
 55       55  (14)      4 :  0.1730  0.8070  0.0160  0.0040  
 56       56   (6)      4 :  0.1850  0.8110  0.0020  0.0020  
 57       57  (14)      4 :  0.0030  0.8050  0.0020  0.1900  
 58       58   (8)      4 :  0.1808  0.8102  0.0020  0.0070  
 59       59  (12)      4 :  0.1650  0.8320  0.0020  0.0010  
 60       60   (7)      4 :  0.1630  0.8070  0.0240  0.0060  
 61       61  (30)      5 :  0.1430  0.8450  0.0070  0.0050  
 62       62  (11)      5 :  0.1700  0.8230  0.0060  0.0010  
 63       63  (48)      5 :  0.1180  0.8670  0.0120  0.0030  
 64       64  (18)      5 :  0.1540  0.8260  0.0040  0.0160  
 65       65  (23)      5 :  0.1870  0.8100  0.0020  0.0010  
 66       66  (13)      5 :  0.1400  0.8500  0.0040  0.0060  
 67       67   (8)      5 :  0.1600  0.8110  0.0050  0.0240  
 68       68   (5)      5 :  0.1800  0.8160  0.0030  0.0010  
 69       69  (36)      5 :  0.1490  0.8410  0.0080  0.0020  
 70       70  (14)      5 :  0.1530  0.8360  0.0100  0.0010  
 71       71  (23)      5 :  0.1460  0.8430  0.0080  0.0030  
 72       72  (47)      5 :  0.1590  0.8330  0.0040  0.0040  
 73       73  (17)      5 :  0.1469  0.8352  0.0090  0.0090  
 74       74   (9)      5 :  0.1490  0.8470  0.0010  0.0030  
 75       75  (13)      5 :  0.1159  0.8002  0.0250  0.0589  
 76       76  (18)      6 :  0.1702  0.8268  0.0020  0.0010  
 77       77   (8)      6 :  0.1590  0.8370  0.0010  0.0030  
 78       78  (16)      6 :  0.2160  0.7810  0.0020  0.0010  
 79       79  (11)      6 :  0.1522  0.8438  0.0010  0.0030  
 80       80  (16)      6 :  0.1610  0.8340  0.0020  0.0030  
 81       81   (7)      6 :  0.1430  0.8480  0.0080  0.0010  
 82       82  (20)      6 :  0.1800  0.8080  0.0100  0.0020  
 83       83  (11)      6 :  0.1770  0.8150  0.0060  0.0020  
 84       84  (13)      6 :  0.1830  0.8110  0.0020  0.0040  
 85       85   (7)      6 :  0.1500  0.8460  0.0020  0.0020  
 86       86  (19)      6 :  0.0530  0.8170  0.0070  0.1230  
 87       87  (43)      6 :  0.1280  0.8180  0.0500  0.0040  
 88       88  (21)      6 :  0.0661  0.8519  0.0170  0.0651  
 89       89  (11)      6 :  0.1782  0.8108  0.0100  0.0010  
 90       90  (20)      6 :  0.1140  0.8810  0.0040  0.0010  
 91       91  (14)      6 :  0.1560  0.8320  0.0020  0.0100  
 92       92   (9)      7 :  0.1690  0.8170  0.0010  0.0130  
 93       93  (16)      7 :  0.1710  0.8240  0.0030  0.0020  
 94       94  (24)      7 :  0.0540  0.8700  0.0210  0.0550  
 95       95   (6)      7 :  0.1648  0.8292  0.0020  0.0040  
 96       96  (33)      7 :  0.1400  0.8420  0.0030  0.0150  
 97       97  (21)      7 :  0.1518  0.8242  0.0140  0.0100  
 98       98  (11)      7 :  0.1932  0.7978  0.0010  0.0080  
 99       99  (17)      7 :  0.1570  0.8040  0.0330  0.0060  
100      100  (15)      7 :  0.0961  0.8028  0.0180  0.0831  
101      101  (55)      7 :  0.1190  0.8740  0.0050  0.0020  
102      102  (12)      7 :  0.1500  0.8460  0.0020  0.0020  
103      103  (14)      7 :  0.1812  0.8058  0.0110  0.0020  
104      104  (17)      7 :  0.1658  0.8292  0.0030  0.0020  
105      105  (14)      7 :  0.1890  0.8050  0.0040  0.0020  
