  1        1  (16)      1 :  0.0030  0.7750  0.0020  0.2200  
  2        2   (7)      1 :  0.1660  0.8240  0.0010  0.0090  
  3        3  (16)      1 :  0.1710  0.8180  0.0050  0.0060  
  4        4  (10)      1 :  0.1700  0.8230  0.0040  0.0030  
  5        5  (71)      1 :  0.0649  0.8332  0.0040  0.0979  
  6        6  (17)      1 :  0.1760  0.8130  0.0010  0.0100  
  7        7  (18)      1 :  0.0050  0.8090  0.0140  0.1720  
  8        8  (32)      1 :  0.0581  0.8549  0.0020  0.0851  
  9        9  (20)      1 :  0.1522  0.8398  0.0060  0.0020  
 10       10  (26)      1 :  0.0200  0.8290  0.0010  0.1500  
 11       11  (22)      1 :  0.1200  0.8640  0.0060  0.0100  
 12       12  (22)      1 :  0.1401  0.8408  0.0020  0.0170  
 13       13   (6)      1 :  0.2050  0.7820  0.0100  0.0030  
 14       14  (46)      1 :  0.1300  0.8610  0.0020  0.0070  
 15       15  (12)      1 :  0.0050  0.7490  0.0010  0.2450  
 16       16  (13)      2 :  0.1340  0.8320  0.0150  0.0190  
 17       17  (11)      2 :  0.1500  0.8270  0.0050  0.0180  
 18       18   (9)      2 :  0.1610  0.8190  0.0160  0.0040  
 19       19  (11)      2 :  0.1520  0.8150  0.0290  0.0040  
 20       20   (6)      2 :  0.1070  0.8020  0.0030  0.0880  
 21       21  (27)      2 :  0.1350  0.8390  0.0190  0.0070  
 22       22   (8)      2 :  0.1630  0.8260  0.0010  0.0100  
 23       23   (9)      2 :  0.1652  0.8288  0.0030  0.0030  
 24       24  (12)      2 :  0.1021  0.7868  0.0521  0.0591  
 25       25  (42)      2 :  0.0010  0.7940  0.2040  0.0010  
 26       26  (11)      2 :  0.1770  0.8030  0.0020  0.0180  
 27       27  (26)      2 :  0.1958  0.7932  0.0050  0.0060  
 28       28  (15)      2 :  0.1720  0.7970  0.0130  0.0180  
 29       29  (27)      2 :  0.1390  0.8550  0.0020  0.0040  
 30       30  (14)      2 :  0.1658  0.7932  0.0250  0.0160  
 31       31   (6)      2 :  0.1798  0.8142  0.0030  0.0030  
 32       32  (28)      3 :  0.1200  0.8430  0.0030  0.0340  
 33       33   (8)      3 :  0.1708  0.8212  0.0030  0.0050  
 34       34  (27)      3 :  0.1600  0.8060  0.0040  0.0300  
 35       35  (10)      3 :  0.1260  0.8070  0.0070  0.0600  
 36       36  (18)      3 :  0.1070  0.8260  0.0210  0.0460  
 37       37  (51)      3 :  0.0050  0.7433  0.2498  0.0020  
 38       38  (38)      3 :  0.1510  0.8340  0.0040  0.0110  
 39       39  (23)      3 :  0.1960  0.7990  0.0020  0.0030  
 40       40  (10)      3 :  0.0330  0.8420  0.0010  0.1240  
 41       41  (17)      3 :  0.1620  0.8060  0.0020  0.0300  
 42       42  (61)      3 :  0.0709  0.8182  0.0310  0.0799  
 43       43  (11)      3 :  0.1758  0.8122  0.0030  0.0090  
 44       44  (20)      3 :  0.1021  0.8258  0.0040  0.0681  
 45       45  (15)      3 :  0.1590  0.8350  0.0010  0.0050  
 46       46  (19)      3 :  0.1990  0.7570  0.0020  0.0420  
 47       47   (9)      4 :  0.1990  0.7950  0.0030  0.0030  
 48       48   (8)      4 :  0.1690  0.8030  0.0020  0.0260  
 49       49   (7)      4 :  0.1838  0.8072  0.0020  0.0070  
 50       50  (23)      4 :  0.0780  0.7960  0.0320  0.0940  
 51       51   (6)      4 :  0.0260  0.8040  0.0060  0.1640  
 52       52   (5)      4 :  0.1590  0.8080  0.0040  0.0290  
 53       53  (40)      4 :  0.0030  0.7992  0.1968  0.0010  
 54       54  (15)      4 :  0.1790  0.8130  0.0060  0.0020  
 55       55  (14)      4 :  0.0070  0.8140  0.0020  0.1770  
 56       56   (6)      4 :  0.1720  0.8010  0.0100  0.0170  
 57       57  (14)      4 :  0.0020  0.7650  0.2300  0.0030  
 58       58   (8)      4 :  0.1480  0.8180  0.0020  0.0320  
 59       59  (12)      4 :  0.1860  0.8030  0.0030  0.0080  
 60       60   (7)      4 :  0.1840  0.8040  0.0080  0.0040  
 61       61  (30)      5 :  0.1668  0.8222  0.0040  0.0070  
 62       62  (11)      5 :  0.1690  0.8230  0.0020  0.0060  
 63       63  (48)      5 :  0.1020  0.8700  0.0060  0.0220  
 64       64  (18)      5 :  0.0060  0.8050  0.0420  0.1470  
 65       65  (23)      5 :  0.1950  0.8000  0.0020  0.0030  
 66       66  (13)      5 :  0.1888  0.7922  0.0020  0.0170  
 67       67   (8)      5 :  0.1840  0.8080  0.0020  0.0060  
 68       68   (5)      5 :  0.1690  0.8170  0.0040  0.0100  
 69       69  (36)      5 :  0.1220  0.8680  0.0020  0.0080  
 70       70  (14)      5 :  0.1640  0.8320  0.0010  0.0030  
 71       71  (23)      5 :  0.0230  0.8150  0.0030  0.1590  
 72       72  (47)      5 :  0.1640  0.8200  0.0040  0.0120  
 73       73  (17)      5 :  0.0100  0.8250  0.0030  0.1620  
 74       74   (9)      5 :  0.1630  0.8230  0.0010  0.0130  
 75       75  (13)      5 :  0.1682  0.7778  0.0460  0.0080  
 76       76  (18)      6 :  0.1281  0.7908  0.0010  0.0801  
 77       77   (8)      6 :  0.1902  0.8058  0.0020  0.0020  
 78       78  (16)      6 :  0.1920  0.8010  0.0040  0.0030  
 79       79  (11)      6 :  0.0100  0.8230  0.0010  0.1660  
 80       80  (16)      6 :  0.1740  0.8210  0.0010  0.0040  
 81       81   (7)      6 :  0.1662  0.8018  0.0010  0.0310  
 82       82  (20)      6 :  0.1780  0.8140  0.0010  0.0070  
 83       83  (11)      6 :  0.0460  0.7930  0.0650  0.0960  
 84       84  (13)      6 :  0.1752  0.8118  0.0090  0.0040  
 85       85   (7)      6 :  0.0970  0.8200  0.0040  0.0790  
 86       86  (19)      6 :  0.0110  0.8160  0.0920  0.0810  
 87       87  (43)      6 :  0.0490  0.8480  0.0020  0.1010  
 88       88  (21)      6 :  0.0110  0.8440  0.0120  0.1330  
 89       89  (11)      6 :  0.1950  0.8010  0.0010  0.0030  
 90       90  (20)      6 :  0.1548  0.8342  0.0060  0.0050  
 91       91  (14)      6 :  0.1582  0.8298  0.0090  0.0030  
 92       92   (9)      7 :  0.1790  0.7990  0.0160  0.0060  
 93       93  (16)      7 :  0.1250  0.8340  0.0190  0.0220  
 94       94  (24)      7 :  0.0881  0.8478  0.0531  0.0110  
 95       95   (6)      7 :  0.1990  0.7950  0.0020  0.0040  
 96       96  (33)      7 :  0.0210  0.8310  0.0090  0.1390  
 97       97  (21)      7 :  0.0220  0.8490  0.0020  0.1270  
 98       98  (11)      7 :  0.1558  0.8102  0.0070  0.0270  
 99       99  (17)      7 :  0.1612  0.7938  0.0410  0.0040  
100      100  (15)      7 :  0.1698  0.7972  0.0090  0.0240  
101      101  (55)      7 :  0.0930  0.8220  0.0050  0.0800  
102      102  (12)      7 :  0.1720  0.8230  0.0010  0.0040  
103      103  (14)      7 :  0.1300  0.8390  0.0020  0.0290  
104      104  (17)      7 :  0.1500  0.8470  0.0010  0.0020  
105      105  (14)      7 :  0.1630  0.8290  0.0050  0.0030  
