  1        1  (16)      1 :  0.2210  0.7790  
  2        2   (7)      1 :  0.1780  0.8220  
  3        3  (16)      1 :  0.1570  0.8430  
  4        4  (10)      1 :  0.1710  0.8290  
  5        5  (71)      1 :  0.1310  0.8690  
  6        6  (17)      1 :  0.1780  0.8220  
  7        7  (18)      1 :  0.1760  0.8240  
  8        8  (32)      1 :  0.1610  0.8390  
  9        9  (20)      1 :  0.1310  0.8690  
 10       10  (26)      1 :  0.1340  0.8660  
 11       11  (22)      1 :  0.1300  0.8700  
 12       12  (22)      1 :  0.1600  0.8400  
 13       13   (6)      1 :  0.1900  0.8100  
 14       14  (46)      1 :  0.1460  0.8540  
 15       15  (12)      1 :  0.1920  0.8080  
 16       16  (13)      2 :  0.1670  0.8330  
 17       17  (11)      2 :  0.1500  0.8500  
 18       18   (9)      2 :  0.1540  0.8460  
 19       19  (11)      2 :  0.1520  0.8480  
 20       20   (6)      2 :  0.1880  0.8120  
 21       21  (27)      2 :  0.1440  0.8560  
 22       22   (8)      2 :  0.2050  0.7950  
 23       23   (9)      2 :  0.1790  0.8210  
 24       24  (12)      2 :  0.1790  0.8210  
 25       25  (42)      2 :  0.1670  0.8330  
 26       26  (11)      2 :  0.1630  0.8370  
 27       27  (26)      2 :  0.1810  0.8190  
 28       28  (15)      2 :  0.1910  0.8090  
 29       29  (27)      2 :  0.1230  0.8770  
 30       30  (14)      2 :  0.1460  0.8540  
 31       31   (6)      2 :  0.1690  0.8310  
 32       32  (28)      3 :  0.1460  0.8540  
 33       33   (8)      3 :  0.1600  0.8400  
 34       34  (27)      3 :  0.1670  0.8330  
 35       35  (10)      3 :  0.1780  0.8220  
 36       36  (18)      3 :  0.1560  0.8440  
 37       37  (51)      3 :  0.1810  0.8190  
 38       38  (38)      3 :  0.1420  0.8580  
 39       39  (23)      3 :  0.1650  0.8350  
 40       40  (10)      3 :  0.1190  0.8810  
 41       41  (17)      3 :  0.1630  0.8370  
 42       42  (61)      3 :  0.1690  0.8310  
 43       43  (11)      3 :  0.1700  0.8300  
 44       44  (20)      3 :  0.1590  0.8410  
 45       45  (15)      3 :  0.1390  0.8610  
 46       46  (19)      3 :  0.2030  0.7970  
 47       47   (9)      4 :  0.1520  0.8480  
 48       48   (8)      4 :  0.1790  0.8210  
 49       49   (7)      4 :  0.1790  0.8210  
 50       50  (23)      4 :  0.1560  0.8440  
 51       51   (6)      4 :  0.1910  0.8090  
 52       52   (5)      4 :  0.1910  0.8090  
 53       53  (40)      4 :  0.1620  0.8380  
 54       54  (15)      4 :  0.1790  0.8210  
 55       55  (14)      4 :  0.1860  0.8140  
 56       56   (6)      4 :  0.1860  0.8140  
 57       57  (14)      4 :  0.1740  0.8260  
 58       58   (8)      4 :  0.1890  0.8110  
 59       59  (12)      4 :  0.1670  0.8330  
 60       60   (7)      4 :  0.1880  0.8120  
 61       61  (30)      5 :  0.1540  0.8460  
 62       62  (11)      5 :  0.1730  0.8270  
 63       63  (48)      5 :  0.1340  0.8660  
 64       64  (18)      5 :  0.1700  0.8300  
 65       65  (23)      5 :  0.1890  0.8110  
 66       66  (13)      5 :  0.1480  0.8520  
 67       67   (8)      5 :  0.1860  0.8140  
 68       68   (5)      5 :  0.1810  0.8190  
 69       69  (36)      5 :  0.1580  0.8420  
 70       70  (14)      5 :  0.1620  0.8380  
 71       71  (23)      5 :  0.1560  0.8440  
 72       72  (47)      5 :  0.1650  0.8350  
 73       73  (17)      5 :  0.1650  0.8350  
 74       74   (9)      5 :  0.1520  0.8480  
 75       75  (13)      5 :  0.1900  0.8100  
 76       76  (18)      6 :  0.1730  0.8270  
 77       77   (8)      6 :  0.1630  0.8370  
 78       78  (16)      6 :  0.2190  0.7810  
 79       79  (11)      6 :  0.1570  0.8430  
 80       80  (16)      6 :  0.1650  0.8350  
 81       81   (7)      6 :  0.1500  0.8500  
 82       82  (20)      6 :  0.1890  0.8110  
 83       83  (11)      6 :  0.1850  0.8150  
 84       84  (13)      6 :  0.1850  0.8150  
 85       85   (7)      6 :  0.1530  0.8470  
 86       86  (19)      6 :  0.1680  0.8320  
 87       87  (43)      6 :  0.1730  0.8270  
 88       88  (21)      6 :  0.1410  0.8590  
 89       89  (11)      6 :  0.1820  0.8180  
 90       90  (20)      6 :  0.1180  0.8820  
 91       91  (14)      6 :  0.1630  0.8370  
 92       92   (9)      7 :  0.1810  0.8190  
 93       93  (16)      7 :  0.1760  0.8240  
 94       94  (24)      7 :  0.1190  0.8810  
 95       95   (6)      7 :  0.1700  0.8300  
 96       96  (33)      7 :  0.1550  0.8450  
 97       97  (21)      7 :  0.1700  0.8300  
 98       98  (11)      7 :  0.2020  0.7980  
 99       99  (17)      7 :  0.1900  0.8100  
100      100  (15)      7 :  0.1850  0.8150  
101      101  (55)      7 :  0.1280  0.8720  
102      102  (12)      7 :  0.1510  0.8490  
103      103  (14)      7 :  0.1920  0.8080  
104      104  (17)      7 :  0.1660  0.8340  
105      105  (14)      7 :  0.1920  0.8080  
