  1        1  (16)      1 :  0.3360  0.3580  0.3060  
  2        2   (7)      1 :  0.2690  0.3460  0.3850  
  3        3  (16)      1 :  0.2587  0.3756  0.3656  
  4        4  (10)      1 :  0.3130  0.2490  0.4380  
  5        5  (71)      1 :  0.2660  0.3240  0.4100  
  6        6  (17)      1 :  0.2887  0.3806  0.3307  
  7        7  (18)      1 :  0.2630  0.2920  0.4450  
  8        8  (32)      1 :  0.2382  0.4404  0.3213  
  9        9  (20)      1 :  0.2830  0.3710  0.3460  
 10       10  (26)      1 :  0.2520  0.3970  0.3510  
 11       11  (22)      1 :  0.2510  0.2860  0.4630  
 12       12  (22)      1 :  0.2770  0.3270  0.3960  
 13       13   (6)      1 :  0.3220  0.3420  0.3360  
 14       14  (46)      1 :  0.2430  0.3700  0.3870  
 15       15  (12)      1 :  0.3510  0.3030  0.3460  
 16       16  (13)      2 :  0.2820  0.2930  0.4250  
 17       17  (11)      2 :  0.2870  0.4090  0.3040  
 18       18   (9)      2 :  0.2890  0.3550  0.3560  
 19       19  (11)      2 :  0.2750  0.3010  0.4240  
 20       20   (6)      2 :  0.2900  0.3780  0.3320  
 21       21  (27)      2 :  0.2350  0.3950  0.3700  
 22       22   (8)      2 :  0.3150  0.2820  0.4030  
 23       23   (9)      2 :  0.2673  0.3213  0.4114  
 24       24  (12)      2 :  0.2547  0.3666  0.3786  
 25       25  (42)      2 :  0.2520  0.3930  0.3550  
 26       26  (11)      2 :  0.3110  0.2990  0.3900  
 27       27  (26)      2 :  0.2643  0.4084  0.3273  
 28       28  (15)      2 :  0.2910  0.2650  0.4440  
 29       29  (27)      2 :  0.1910  0.4150  0.3940  
 30       30  (14)      2 :  0.2917  0.3826  0.3257  
 31       31   (6)      2 :  0.2590  0.3930  0.3480  
 32       32  (28)      3 :  0.2670  0.2780  0.4550  
 33       33   (8)      3 :  0.2820  0.3540  0.3640  
 34       34  (27)      3 :  0.2510  0.3310  0.4180  
 35       35  (10)      3 :  0.2917  0.3057  0.4026  
 36       36  (18)      3 :  0.2797  0.2797  0.4406  
 37       37  (51)      3 :  0.3230  0.3670  0.3100  
 38       38  (38)      3 :  0.2600  0.3840  0.3560  
 39       39  (23)      3 :  0.3330  0.3210  0.3460  
 40       40  (10)      3 :  0.2320  0.3290  0.4390  
 41       41  (17)      3 :  0.2820  0.3200  0.3980  
 42       42  (61)      3 :  0.3050  0.2740  0.4210  
 43       43  (11)      3 :  0.2610  0.3560  0.3830  
 44       44  (20)      3 :  0.2880  0.3510  0.3610  
 45       45  (15)      3 :  0.2587  0.4436  0.2977  
 46       46  (19)      3 :  0.3047  0.3377  0.3576  
 47       47   (9)      4 :  0.2730  0.3210  0.4060  
 48       48   (8)      4 :  0.2900  0.3520  0.3580  
 49       49   (7)      4 :  0.3250  0.3430  0.3320  
 50       50  (23)      4 :  0.3020  0.3240  0.3740  
 51       51   (6)      4 :  0.3033  0.3463  0.3504  
 52       52   (5)      4 :  0.3220  0.3060  0.3720  
 53       53  (40)      4 :  0.2740  0.3900  0.3360  
 54       54  (15)      4 :  0.2893  0.4094  0.3013  
 55       55  (14)      4 :  0.2670  0.3700  0.3630  
 56       56   (6)      4 :  0.2630  0.3390  0.3980  
 57       57  (14)      4 :  0.3040  0.3870  0.3090  
 58       58   (8)      4 :  0.3120  0.3090  0.3790  
 59       59  (12)      4 :  0.2910  0.3750  0.3340  
 60       60   (7)      4 :  0.3420  0.3270  0.3310  
 61       61  (30)      5 :  0.2498  0.2747  0.4755  
 62       62  (11)      5 :  0.2880  0.3690  0.3430  
 63       63  (48)      5 :  0.2350  0.3390  0.4260  
 64       64  (18)      5 :  0.2310  0.3190  0.4500  
 65       65  (23)      5 :  0.2747  0.2637  0.4615  
 66       66  (13)      5 :  0.2400  0.3850  0.3750  
 67       67   (8)      5 :  0.2770  0.3410  0.3820  
 68       68   (5)      5 :  0.3150  0.3580  0.3270  
 69       69  (36)      5 :  0.2600  0.3860  0.3540  
 70       70  (14)      5 :  0.2910  0.3610  0.3480  
 71       71  (23)      5 :  0.2470  0.3970  0.3560  
 72       72  (47)      5 :  0.2990  0.3100  0.3910  
 73       73  (17)      5 :  0.3067  0.4176  0.2757  
 74       74   (9)      5 :  0.2520  0.3890  0.3590  
 75       75  (13)      5 :  0.2960  0.3180  0.3860  
 76       76  (18)      6 :  0.2580  0.4090  0.3330  
 77       77   (8)      6 :  0.2590  0.4050  0.3360  
 78       78  (16)      6 :  0.3317  0.3447  0.3237  
 79       79  (11)      6 :  0.2372  0.3644  0.3984  
 80       80  (16)      6 :  0.2358  0.3736  0.3906  
 81       81   (7)      6 :  0.3060  0.3500  0.3440  
 82       82  (20)      6 :  0.2683  0.3934  0.3383  
 83       83  (11)      6 :  0.3020  0.3870  0.3110  
 84       84  (13)      6 :  0.3143  0.3854  0.3003  
 85       85   (7)      6 :  0.2500  0.2880  0.4620  
 86       86  (19)      6 :  0.2663  0.3173  0.4164  
 87       87  (43)      6 :  0.2700  0.4320  0.2980  
 88       88  (21)      6 :  0.2428  0.3017  0.4555  
 89       89  (11)      6 :  0.2600  0.3820  0.3580  
 90       90  (20)      6 :  0.2510  0.3410  0.4080  
 91       91  (14)      6 :  0.2590  0.2980  0.4430  
 92       92   (9)      7 :  0.2927  0.3217  0.3856  
 93       93  (16)      7 :  0.2990  0.3300  0.3710  
 94       94  (24)      7 :  0.2200  0.5830  0.1970  
 95       95   (6)      7 :  0.2400  0.3590  0.4010  
 96       96  (33)      7 :  0.2553  0.4745  0.2703  
 97       97  (21)      7 :  0.2412  0.3413  0.4174  
 98       98  (11)      7 :  0.2990  0.3050  0.3960  
 99       99  (17)      7 :  0.2910  0.3110  0.3980  
100      100  (15)      7 :  0.3310  0.3940  0.2750  
101      101  (55)      7 :  0.2412  0.3514  0.4074  
102      102  (12)      7 :  0.2840  0.4110  0.3050  
103      103  (14)      7 :  0.2930  0.3360  0.3710  
104      104  (17)      7 :  0.2747  0.3447  0.3806  
105      105  (14)      7 :  0.2637  0.3037  0.4326  
