  1        1  (16)      1 :  0.0110  0.7750  0.0020  0.2120  
  2        2   (7)      1 :  0.1662  0.8248  0.0020  0.0070  
  3        3  (16)      1 :  0.1570  0.8320  0.0050  0.0060  
  4        4  (10)      1 :  0.1170  0.8270  0.0150  0.0410  
  5        5  (71)      1 :  0.0510  0.8340  0.0020  0.1130  
  6        6  (17)      1 :  0.0821  0.8218  0.0020  0.0941  
  7        7  (18)      1 :  0.0040  0.7542  0.2348  0.0070  
  8        8  (32)      1 :  0.0250  0.8480  0.0030  0.1240  
  9        9  (20)      1 :  0.1320  0.8470  0.0170  0.0040  
 10       10  (26)      1 :  0.0080  0.8170  0.0010  0.1740  
 11       11  (22)      1 :  0.1360  0.8440  0.0010  0.0190  
 12       12  (22)      1 :  0.0480  0.8230  0.0020  0.1270  
 13       13   (6)      1 :  0.1420  0.8110  0.0360  0.0110  
 14       14  (46)      1 :  0.1640  0.8270  0.0050  0.0040  
 15       15  (12)      1 :  0.0630  0.7790  0.0010  0.1570  
 16       16  (13)      2 :  0.0300  0.8200  0.0020  0.1480  
 17       17  (11)      2 :  0.1361  0.8408  0.0120  0.0110  
 18       18   (9)      2 :  0.1598  0.8092  0.0260  0.0050  
 19       19  (11)      2 :  0.1542  0.8298  0.0010  0.0150  
 20       20   (6)      2 :  0.1560  0.8170  0.0030  0.0240  
 21       21  (27)      2 :  0.1190  0.8250  0.0200  0.0360  
 22       22   (8)      2 :  0.0220  0.7900  0.0050  0.1830  
 23       23   (9)      2 :  0.1868  0.8072  0.0030  0.0030  
 24       24  (12)      2 :  0.1808  0.8062  0.0060  0.0070  
 25       25  (42)      2 :  0.1011  0.8308  0.0020  0.0661  
 26       26  (11)      2 :  0.0790  0.8160  0.0010  0.1040  
 27       27  (26)      2 :  0.0950  0.8070  0.0120  0.0860  
 28       28  (15)      2 :  0.1449  0.8112  0.0370  0.0070  
 29       29  (27)      2 :  0.0250  0.8432  0.0070  0.1249  
 30       30  (14)      2 :  0.1040  0.7980  0.0350  0.0630  
 31       31   (6)      2 :  0.1710  0.8110  0.0130  0.0050  
 32       32  (28)      3 :  0.0910  0.8470  0.0030  0.0590  
 33       33   (8)      3 :  0.1460  0.8420  0.0020  0.0100  
 34       34  (27)      3 :  0.1339  0.8042  0.0040  0.0579  
 35       35  (10)      3 :  0.1170  0.7790  0.0310  0.0730  
 36       36  (18)      3 :  0.0380  0.8150  0.0080  0.1390  
 37       37  (51)      3 :  0.0020  0.7860  0.2100  0.0020  
 38       38  (38)      3 :  0.0820  0.8530  0.0030  0.0620  
 39       39  (23)      3 :  0.1099  0.8112  0.0120  0.0669  
 40       40  (10)      3 :  0.0340  0.8420  0.0050  0.1190  
 41       41  (17)      3 :  0.1240  0.8150  0.0380  0.0230  
 42       42  (61)      3 :  0.1658  0.8152  0.0100  0.0090  
 43       43  (11)      3 :  0.0460  0.8340  0.0270  0.0930  
 44       44  (20)      3 :  0.0150  0.8330  0.0060  0.1460  
 45       45  (15)      3 :  0.1720  0.8110  0.0020  0.0150  
 46       46  (19)      3 :  0.0040  0.7928  0.0010  0.2022  
 47       47   (9)      4 :  0.1090  0.8090  0.0050  0.0770  
 48       48   (8)      4 :  0.1778  0.8132  0.0020  0.0070  
 49       49   (7)      4 :  0.0190  0.7950  0.0010  0.1850  
 50       50  (23)      4 :  0.1031  0.8198  0.0010  0.0761  
 51       51   (6)      4 :  0.1240  0.7900  0.0020  0.0840  
 52       52   (5)      4 :  0.1370  0.8020  0.0030  0.0580  
 53       53  (40)      4 :  0.0030  0.8110  0.1840  0.0020  
 54       54  (15)      4 :  0.1260  0.8370  0.0020  0.0350  
 55       55  (14)      4 :  0.0130  0.8060  0.0030  0.1780  
 56       56   (6)      4 :  0.1980  0.7960  0.0020  0.0040  
 57       57  (14)      4 :  0.0170  0.7840  0.1860  0.0130  
 58       58   (8)      4 :  0.1690  0.8170  0.0010  0.0130  
 59       59  (12)      4 :  0.1738  0.8072  0.0080  0.0110  
 60       60   (7)      4 :  0.2080  0.7850  0.0030  0.0040  
 61       61  (30)      5 :  0.1359  0.8531  0.0040  0.0070  
 62       62  (11)      5 :  0.1550  0.8300  0.0020  0.0130  
 63       63  (48)      5 :  0.0980  0.8530  0.0070  0.0420  
 64       64  (18)      5 :  0.1169  0.8302  0.0140  0.0390  
 65       65  (23)      5 :  0.1960  0.7980  0.0010  0.0050  
 66       66  (13)      5 :  0.1648  0.8222  0.0050  0.0080  
 67       67   (8)      5 :  0.2102  0.7788  0.0020  0.0090  
 68       68   (5)      5 :  0.1932  0.7988  0.0040  0.0040  
 69       69  (36)      5 :  0.0971  0.8358  0.0010  0.0661  
 70       70  (14)      5 :  0.1690  0.8260  0.0020  0.0030  
 71       71  (23)      5 :  0.1250  0.8390  0.0010  0.0350  
 72       72  (47)      5 :  0.1430  0.8350  0.0140  0.0080  
 73       73  (17)      5 :  0.1001  0.8308  0.0050  0.0641  
 74       74   (9)      5 :  0.0630  0.8210  0.0030  0.1130  
 75       75  (13)      5 :  0.1411  0.7908  0.0410  0.0270  
 76       76  (18)      6 :  0.0110  0.8098  0.0010  0.1782  
 77       77   (8)      6 :  0.1850  0.8090  0.0010  0.0050  
 78       78  (16)      6 :  0.1269  0.7812  0.0030  0.0889  
 79       79  (11)      6 :  0.1680  0.8250  0.0010  0.0060  
 80       80  (16)      6 :  0.1838  0.7992  0.0040  0.0130  
 81       81   (7)      6 :  0.1612  0.8088  0.0020  0.0280  
 82       82  (20)      6 :  0.1590  0.8330  0.0020  0.0060  
 83       83  (11)      6 :  0.1930  0.7890  0.0080  0.0100  
 84       84  (13)      6 :  0.1680  0.8240  0.0020  0.0060  
 85       85   (7)      6 :  0.1420  0.8500  0.0020  0.0060  
 86       86  (19)      6 :  0.0360  0.8150  0.1410  0.0080  
 87       87  (43)      6 :  0.0500  0.8000  0.0020  0.1480  
 88       88  (21)      6 :  0.0390  0.8480  0.0110  0.1020  
 89       89  (11)      6 :  0.1900  0.7990  0.0030  0.0080  
 90       90  (20)      6 :  0.1240  0.8650  0.0060  0.0050  
 91       91  (14)      6 :  0.1100  0.8100  0.0010  0.0790  
 92       92   (9)      7 :  0.1732  0.8128  0.0040  0.0100  
 93       93  (16)      7 :  0.0060  0.7990  0.0090  0.1860  
 94       94  (24)      7 :  0.0110  0.8320  0.1510  0.0060  
 95       95   (6)      7 :  0.1690  0.8210  0.0030  0.0070  
 96       96  (33)      7 :  0.1562  0.8298  0.0100  0.0040  
 97       97  (21)      7 :  0.0250  0.8210  0.0350  0.1190  
 98       98  (11)      7 :  0.0560  0.8090  0.0030  0.1320  
 99       99  (17)      7 :  0.1390  0.8250  0.0140  0.0220  
100      100  (15)      7 :  0.0809  0.8192  0.0519  0.0480  
101      101  (55)      7 :  0.0490  0.8308  0.0010  0.1191  
102      102  (12)      7 :  0.0780  0.8250  0.0030  0.0940  
103      103  (14)      7 :  0.1920  0.7920  0.0040  0.0120  
104      104  (17)      7 :  0.1300  0.8470  0.0010  0.0220  
105      105  (14)      7 :  0.1662  0.8258  0.0050  0.0030  
