  1        1  (16)      1 :  0.2500  0.7500  
  2        2   (7)      1 :  0.1500  0.8500  
  3        3  (16)      1 :  0.1660  0.8340  
  4        4  (10)      1 :  0.1630  0.8370  
  5        5  (71)      1 :  0.1750  0.8250  
  6        6  (17)      1 :  0.1650  0.8350  
  7        7  (18)      1 :  0.1870  0.8130  
  8        8  (32)      1 :  0.1400  0.8600  
  9        9  (20)      1 :  0.1570  0.8430  
 10       10  (26)      1 :  0.1690  0.8310  
 11       11  (22)      1 :  0.1210  0.8790  
 12       12  (22)      1 :  0.1760  0.8240  
 13       13   (6)      1 :  0.1870  0.8130  
 14       14  (46)      1 :  0.1460  0.8540  
 15       15  (12)      1 :  0.2060  0.7940  
 16       16  (13)      2 :  0.1550  0.8450  
 17       17  (11)      2 :  0.1580  0.8420  
 18       18   (9)      2 :  0.1670  0.8330  
 19       19  (11)      2 :  0.1550  0.8450  
 20       20   (6)      2 :  0.1650  0.8350  
 21       21  (27)      2 :  0.1360  0.8640  
 22       22   (8)      2 :  0.1820  0.8180  
 23       23   (9)      2 :  0.1660  0.8340  
 24       24  (12)      2 :  0.1660  0.8340  
 25       25  (42)      2 :  0.1450  0.8550  
 26       26  (11)      2 :  0.1660  0.8340  
 27       27  (26)      2 :  0.1760  0.8240  
 28       28  (15)      2 :  0.1860  0.8140  
 29       29  (27)      2 :  0.1420  0.8580  
 30       30  (14)      2 :  0.1880  0.8120  
 31       31   (6)      2 :  0.1730  0.8270  
 32       32  (28)      3 :  0.1280  0.8720  
 33       33   (8)      3 :  0.1780  0.8220  
 34       34  (27)      3 :  0.1680  0.8320  
 35       35  (10)      3 :  0.1980  0.8020  
 36       36  (18)      3 :  0.1790  0.8210  
 37       37  (51)      3 :  0.2070  0.7930  
 38       38  (38)      3 :  0.1610  0.8390  
 39       39  (23)      3 :  0.2100  0.7900  
 40       40  (10)      3 :  0.1570  0.8430  
 41       41  (17)      3 :  0.1850  0.8150  
 42       42  (61)      3 :  0.2120  0.7880  
 43       43  (11)      3 :  0.1800  0.8200  
 44       44  (20)      3 :  0.1690  0.8310  
 45       45  (15)      3 :  0.1740  0.8260  
 46       46  (19)      3 :  0.1900  0.8100  
 47       47   (9)      4 :  0.1690  0.8310  
 48       48   (8)      4 :  0.1740  0.8260  
 49       49   (7)      4 :  0.2360  0.7640  
 50       50  (23)      4 :  0.1580  0.8420  
 51       51   (6)      4 :  0.1850  0.8150  
 52       52   (5)      4 :  0.1820  0.8180  
 53       53  (40)      4 :  0.2090  0.7910  
 54       54  (15)      4 :  0.1610  0.8390  
 55       55  (14)      4 :  0.1770  0.8230  
 56       56   (6)      4 :  0.1670  0.8330  
 57       57  (14)      4 :  0.1950  0.8050  
 58       58   (8)      4 :  0.1860  0.8140  
 59       59  (12)      4 :  0.1620  0.8380  
 60       60   (7)      4 :  0.1930  0.8070  
 61       61  (30)      5 :  0.1340  0.8660  
 62       62  (11)      5 :  0.1730  0.8270  
 63       63  (48)      5 :  0.1290  0.8710  
 64       64  (18)      5 :  0.1700  0.8300  
 65       65  (23)      5 :  0.1950  0.8050  
 66       66  (13)      5 :  0.1720  0.8280  
 67       67   (8)      5 :  0.1910  0.8090  
 68       68   (5)      5 :  0.1880  0.8120  
 69       69  (36)      5 :  0.1450  0.8550  
 70       70  (14)      5 :  0.1500  0.8500  
 71       71  (23)      5 :  0.1720  0.8280  
 72       72  (47)      5 :  0.1740  0.8260  
 73       73  (17)      5 :  0.1690  0.8310  
 74       74   (9)      5 :  0.1550  0.8450  
 75       75  (13)      5 :  0.1810  0.8190  
 76       76  (18)      6 :  0.1920  0.8080  
 77       77   (8)      6 :  0.1780  0.8220  
 78       78  (16)      6 :  0.1840  0.8160  
 79       79  (11)      6 :  0.1630  0.8370  
 80       80  (16)      6 :  0.1700  0.8300  
 81       81   (7)      6 :  0.1660  0.8340  
 82       82  (20)      6 :  0.1800  0.8200  
 83       83  (11)      6 :  0.1880  0.8120  
 84       84  (13)      6 :  0.1950  0.8050  
 85       85   (7)      6 :  0.1550  0.8450  
 86       86  (19)      6 :  0.1520  0.8480  
 87       87  (43)      6 :  0.1580  0.8420  
 88       88  (21)      6 :  0.1370  0.8630  
 89       89  (11)      6 :  0.1780  0.8220  
 90       90  (20)      6 :  0.1530  0.8470  
 91       91  (14)      6 :  0.1470  0.8530  
 92       92   (9)      7 :  0.1690  0.8310  
 93       93  (16)      7 :  0.1690  0.8310  
 94       94  (24)      7 :  0.1320  0.8680  
 95       95   (6)      7 :  0.1750  0.8250  
 96       96  (33)      7 :  0.1630  0.8370  
 97       97  (21)      7 :  0.1550  0.8450  
 98       98  (11)      7 :  0.1940  0.8060  
 99       99  (17)      7 :  0.1830  0.8170  
100      100  (15)      7 :  0.1750  0.8250  
101      101  (55)      7 :  0.1780  0.8220  
102      102  (12)      7 :  0.1490  0.8510  
103      103  (14)      7 :  0.1900  0.8100  
104      104  (17)      7 :  0.1560  0.8440  
105      105  (14)      7 :  0.1810  0.8190  
