  1        1  (16)      1 :  0.2983  0.1952  0.1421  0.3644  
  2        2   (7)      1 :  0.2428  0.2228  0.3017  0.2328  
  3        3  (16)      1 :  0.2610  0.2580  0.2290  0.2520  
  4        4  (10)      1 :  0.2643  0.3243  0.1722  0.2392  
  5        5  (71)      1 :  0.2328  0.2767  0.2537  0.2368  
  6        6  (17)      1 :  0.2440  0.2090  0.3360  0.2110  
  7        7  (18)      1 :  0.2620  0.3640  0.2240  0.1500  
  8        8  (32)      1 :  0.2420  0.3170  0.1610  0.2800  
  9        9  (20)      1 :  0.1980  0.2590  0.2130  0.3300  
 10       10  (26)      1 :  0.2400  0.3050  0.2480  0.2070  
 11       11  (22)      1 :  0.2322  0.3493  0.1732  0.2452  
 12       12  (22)      1 :  0.2010  0.1700  0.3020  0.3270  
 13       13   (6)      1 :  0.2480  0.2670  0.2220  0.2630  
 14       14  (46)      1 :  0.2152  0.3183  0.3323  0.1341  
 15       15  (12)      1 :  0.2560  0.2400  0.2580  0.2460  
 16       16  (13)      2 :  0.1990  0.2590  0.2510  0.2910  
 17       17  (11)      2 :  0.2780  0.3220  0.1610  0.2390  
 18       18   (9)      2 :  0.2590  0.3110  0.1860  0.2440  
 19       19  (11)      2 :  0.2080  0.2760  0.2660  0.2500  
 20       20   (6)      2 :  0.2362  0.2382  0.2062  0.3193  
 21       21  (27)      2 :  0.2128  0.2378  0.2378  0.3117  
 22       22   (8)      2 :  0.2647  0.2527  0.2278  0.2547  
 23       23   (9)      2 :  0.2570  0.2420  0.2230  0.2780  
 24       24  (12)      2 :  0.2088  0.2448  0.3566  0.1898  
 25       25  (42)      2 :  0.2450  0.3060  0.2240  0.2250  
 26       26  (11)      2 :  0.2670  0.2870  0.2800  0.1660  
 27       27  (26)      2 :  0.2440  0.2040  0.2890  0.2630  
 28       28  (15)      2 :  0.2620  0.2610  0.1960  0.2810  
 29       29  (27)      2 :  0.2050  0.2820  0.2850  0.2280  
 30       30  (14)      2 :  0.2372  0.2482  0.2663  0.2482  
 31       31   (6)      2 :  0.2230  0.2530  0.3150  0.2090  
 32       32  (28)      3 :  0.2220  0.2870  0.3030  0.1880  
 33       33   (8)      3 :  0.2620  0.2880  0.2250  0.2250  
 34       34  (27)      3 :  0.2527  0.3077  0.2488  0.1908  
 35       35  (10)      3 :  0.2210  0.1630  0.2820  0.3340  
 36       36  (18)      3 :  0.2180  0.3010  0.2360  0.2450  
 37       37  (51)      3 :  0.2142  0.1892  0.1652  0.4314  
 38       38  (38)      3 :  0.2560  0.3170  0.1900  0.2370  
 39       39  (23)      3 :  0.2960  0.2940  0.2240  0.1860  
 40       40  (10)      3 :  0.2170  0.3020  0.3160  0.1650  
 41       41  (17)      3 :  0.2677  0.3976  0.1878  0.1469  
 42       42  (61)      3 :  0.2228  0.2727  0.2228  0.2817  
 43       43  (11)      3 :  0.2610  0.2000  0.2130  0.3260  
 44       44  (20)      3 :  0.2650  0.2880  0.2340  0.2130  
 45       45  (15)      3 :  0.2002  0.2422  0.2833  0.2743  
 46       46  (19)      3 :  0.2600  0.2330  0.2720  0.2350  
 47       47   (9)      4 :  0.2800  0.2790  0.2110  0.2300  
 48       48   (8)      4 :  0.2500  0.3150  0.2150  0.2200  
 49       49   (7)      4 :  0.2370  0.2480  0.1990  0.3160  
 50       50  (23)      4 :  0.2480  0.3130  0.2140  0.2250  
 51       51   (6)      4 :  0.2557  0.1898  0.2398  0.3147  
 52       52   (5)      4 :  0.2640  0.3410  0.1690  0.2260  
 53       53  (40)      4 :  0.1260  0.0650  0.7580  0.0510  
 54       54  (15)      4 :  0.2418  0.2597  0.2717  0.2268  
 55       55  (14)      4 :  0.2380  0.2580  0.2950  0.2090  
 56       56   (6)      4 :  0.2560  0.2350  0.2430  0.2660  
 57       57  (14)      4 :  0.2160  0.1480  0.2680  0.3680  
 58       58   (8)      4 :  0.2880  0.2710  0.2050  0.2360  
 59       59  (12)      4 :  0.2218  0.2877  0.2218  0.2687  
 60       60   (7)      4 :  0.2593  0.2162  0.2212  0.3033  
 61       61  (30)      5 :  0.1820  0.3630  0.2280  0.2270  
 62       62  (11)      5 :  0.2540  0.2840  0.2440  0.2180  
 63       63  (48)      5 :  0.2170  0.3620  0.2310  0.1900  
 64       64  (18)      5 :  0.2180  0.1890  0.2740  0.3190  
 65       65  (23)      5 :  0.3103  0.3073  0.2012  0.1812  
 66       66  (13)      5 :  0.2730  0.3060  0.2270  0.1940  
 67       67   (8)      5 :  0.2750  0.2400  0.2110  0.2740  
 68       68   (5)      5 :  0.2400  0.1750  0.3370  0.2480  
 69       69  (36)      5 :  0.2170  0.2850  0.2110  0.2870  
 70       70  (14)      5 :  0.2380  0.3680  0.2050  0.1890  
 71       71  (23)      5 :  0.2200  0.3510  0.1650  0.2640  
 72       72  (47)      5 :  0.2560  0.2940  0.2300  0.2200  
 73       73  (17)      5 :  0.2280  0.2770  0.2090  0.2860  
 74       74   (9)      5 :  0.2573  0.3063  0.2212  0.2152  
 75       75  (13)      5 :  0.2603  0.2673  0.2352  0.2372  
 76       76  (18)      6 :  0.2540  0.2660  0.1910  0.2890  
 77       77   (8)      6 :  0.2252  0.3143  0.2613  0.1992  
 78       78  (16)      6 :  0.2643  0.2553  0.3353  0.1451  
 79       79  (11)      6 :  0.2442  0.3353  0.1832  0.2372  
 80       80  (16)      6 :  0.2567  0.2817  0.1928  0.2687  
 81       81   (7)      6 :  0.2478  0.2378  0.2637  0.2507  
 82       82  (20)      6 :  0.2350  0.2960  0.2300  0.2390  
 83       83  (11)      6 :  0.2660  0.2070  0.2670  0.2600  
 84       84  (13)      6 :  0.2847  0.2448  0.2667  0.2038  
 85       85   (7)      6 :  0.2290  0.3070  0.2720  0.1920  
 86       86  (19)      6 :  0.2358  0.2847  0.2098  0.2697  
 87       87  (43)      6 :  0.2192  0.2713  0.2543  0.2553  
 88       88  (21)      6 :  0.2290  0.3640  0.1980  0.2090  
 89       89  (11)      6 :  0.2260  0.2290  0.3430  0.2020  
 90       90  (20)      6 :  0.1870  0.3460  0.2460  0.2210  
 91       91  (14)      6 :  0.2350  0.3110  0.2220  0.2320  
 92       92   (9)      7 :  0.2228  0.2717  0.2927  0.2128  
 93       93  (16)      7 :  0.2172  0.2613  0.3283  0.1932  
 94       94  (24)      7 :  0.1130  0.1410  0.2100  0.5360  
 95       95   (6)      7 :  0.2630  0.2980  0.2210  0.2180  
 96       96  (33)      7 :  0.1592  0.3203  0.2042  0.3163  
 97       97  (21)      7 :  0.2128  0.2647  0.2398  0.2827  
 98       98  (11)      7 :  0.2527  0.2717  0.1668  0.3087  
 99       99  (17)      7 :  0.2402  0.2492  0.2793  0.2312  
100      100  (15)      7 :  0.2957  0.2258  0.2867  0.1918  
101      101  (55)      7 :  0.2088  0.3936  0.1908  0.2068  
102      102  (12)      7 :  0.2238  0.2118  0.1808  0.3836  
103      103  (14)      7 :  0.2198  0.1968  0.2288  0.3546  
104      104  (17)      7 :  0.2550  0.2730  0.2660  0.2060  
105      105  (14)      7 :  0.2537  0.3327  0.2547  0.1588  
