  1        1  (16)      1 :  0.0060  0.0080  0.0010  0.9850  
  2        2   (7)      1 :  0.9089  0.0511  0.0050  0.0350  
  3        3  (16)      1 :  0.1200  0.3500  0.0050  0.5250  
  4        4  (10)      1 :  0.0110  0.9440  0.0010  0.0440  
  5        5  (71)      1 :  0.0960  0.5370  0.0280  0.3390  
  6        6  (17)      1 :  0.9760  0.0120  0.0030  0.0090  
  7        7  (18)      1 :  0.0050  0.0050  0.9850  0.0050  
  8        8  (32)      1 :  0.0450  0.0760  0.0400  0.8390  
  9        9  (20)      1 :  0.0080  0.9420  0.0030  0.0470  
 10       10  (26)      1 :  0.0110  0.0590  0.0060  0.9240  
 11       11  (22)      1 :  0.0130  0.9630  0.0030  0.0210  
 12       12  (22)      1 :  0.0090  0.0060  0.0070  0.9780  
 13       13   (6)      1 :  0.0420  0.9349  0.0040  0.0190  
 14       14  (46)      1 :  0.9690  0.0170  0.0080  0.0060  
 15       15  (12)      1 :  0.0040  0.0040  0.0040  0.9880  
 16       16  (13)      2 :  0.0060  0.9760  0.0060  0.0120  
 17       17  (11)      2 :  0.0170  0.0160  0.0050  0.9620  
 18       18   (9)      2 :  0.0120  0.9140  0.0620  0.0120  
 19       19  (11)      2 :  0.9160  0.0460  0.0050  0.0330  
 20       20   (6)      2 :  0.0440  0.0130  0.0030  0.9401  
 21       21  (27)      2 :  0.0340  0.9230  0.0050  0.0380  
 22       22   (8)      2 :  0.0290  0.9580  0.0050  0.0080  
 23       23   (9)      2 :  0.9800  0.0130  0.0040  0.0030  
 24       24  (12)      2 :  0.0230  0.7632  0.1309  0.0829  
 25       25  (42)      2 :  0.0230  0.9680  0.0030  0.0060  
 26       26  (11)      2 :  0.1620  0.8270  0.0030  0.0080  
 27       27  (26)      2 :  0.0160  0.0200  0.0450  0.9189  
 28       28  (15)      2 :  0.0860  0.8990  0.0050  0.0100  
 29       29  (27)      2 :  0.0751  0.7548  0.0370  0.1331  
 30       30  (14)      2 :  0.0160  0.7437  0.0150  0.2252  
 31       31   (6)      2 :  0.9800  0.0040  0.0070  0.0090  
 32       32  (28)      3 :  0.0180  0.9590  0.0190  0.0040  
 33       33   (8)      3 :  0.9220  0.0140  0.0020  0.0620  
 34       34  (27)      3 :  0.0200  0.8870  0.0020  0.0910  
 35       35  (10)      3 :  0.1500  0.8320  0.0100  0.0080  
 36       36  (18)      3 :  0.3377  0.6264  0.0070  0.0290  
 37       37  (51)      3 :  0.0030  0.0030  0.9880  0.0060  
 38       38  (38)      3 :  0.0180  0.9500  0.0050  0.0270  
 39       39  (23)      3 :  0.0710  0.8950  0.0070  0.0270  
 40       40  (10)      3 :  0.3053  0.6066  0.0150  0.0731  
 41       41  (17)      3 :  0.7690  0.0230  0.2060  0.0020  
 42       42  (61)      3 :  0.2930  0.6080  0.0110  0.0880  
 43       43  (11)      3 :  0.0140  0.2700  0.0270  0.6890  
 44       44  (20)      3 :  0.1300  0.2980  0.0030  0.5690  
 45       45  (15)      3 :  0.2200  0.5960  0.0110  0.1730  
 46       46  (19)      3 :  0.0110  0.0230  0.0060  0.9600  
 47       47   (9)      4 :  0.0670  0.9130  0.0040  0.0160  
 48       48   (8)      4 :  0.1590  0.6700  0.0070  0.1640  
 49       49   (7)      4 :  0.0690  0.8830  0.0180  0.0300  
 50       50  (23)      4 :  0.0290  0.8100  0.0070  0.1540  
 51       51   (6)      4 :  0.0579  0.2298  0.0020  0.7103  
 52       52   (5)      4 :  0.1130  0.8060  0.0100  0.0710  
 53       53  (40)      4 :  0.0020  0.0020  0.9940  0.0020  
 54       54  (15)      4 :  0.9870  0.0060  0.0020  0.0050  
 55       55  (14)      4 :  0.0569  0.0999  0.0509  0.7922  
 56       56   (6)      4 :  0.0040  0.9870  0.0040  0.0050  
 57       57  (14)      4 :  0.0070  0.9800  0.0040  0.0090  
 58       58   (8)      4 :  0.9520  0.0150  0.0030  0.0300  
 59       59  (12)      4 :  0.1850  0.7290  0.0020  0.0840  
 60       60   (7)      4 :  0.0520  0.9350  0.0080  0.0050  
 61       61  (30)      5 :  0.9001  0.0799  0.0040  0.0160  
 62       62  (11)      5 :  0.8250  0.1630  0.0020  0.0100  
 63       63  (48)      5 :  0.9210  0.0240  0.0290  0.0260  
 64       64  (18)      5 :  0.0110  0.9391  0.0300  0.0200  
 65       65  (23)      5 :  0.9800  0.0110  0.0030  0.0060  
 66       66  (13)      5 :  0.9660  0.0170  0.0030  0.0140  
 67       67   (8)      5 :  0.2600  0.3870  0.0210  0.3320  
 68       68   (5)      5 :  0.6507  0.2783  0.0601  0.0110  
 69       69  (36)      5 :  0.0170  0.1540  0.0020  0.8270  
 70       70  (14)      5 :  0.8550  0.0140  0.0200  0.1110  
 71       71  (23)      5 :  0.6430  0.0290  0.0020  0.3260  
 72       72  (47)      5 :  0.0130  0.9580  0.0240  0.0050  
 73       73  (17)      5 :  0.0500  0.2500  0.0160  0.6840  
 74       74   (9)      5 :  0.4690  0.0080  0.0020  0.5210  
 75       75  (13)      5 :  0.0680  0.8600  0.0500  0.0220  
 76       76  (18)      6 :  0.0180  0.0290  0.0190  0.9340  
 77       77   (8)      6 :  0.9250  0.0630  0.0020  0.0100  
 78       78  (16)      6 :  0.9320  0.0100  0.0190  0.0390  
 79       79  (11)      6 :  0.9710  0.0140  0.0020  0.0130  
 80       80  (16)      6 :  0.0631  0.8999  0.0050  0.0320  
 81       81   (7)      6 :  0.0829  0.8452  0.0509  0.0210  
 82       82  (20)      6 :  0.9171  0.0450  0.0030  0.0350  
 83       83  (11)      6 :  0.0450  0.6140  0.0120  0.3290  
 84       84  (13)      6 :  0.9570  0.0080  0.0300  0.0050  
 85       85   (7)      6 :  0.0541  0.9239  0.0060  0.0160  
 86       86  (19)      6 :  0.0040  0.9270  0.0110  0.0580  
 87       87  (43)      6 :  0.0120  0.0940  0.0130  0.8810  
 88       88  (21)      6 :  0.0430  0.8260  0.0130  0.1180  
 89       89  (11)      6 :  0.9310  0.0250  0.0220  0.0220  
 90       90  (20)      6 :  0.0210  0.7130  0.0030  0.2630  
 91       91  (14)      6 :  0.0450  0.9451  0.0030  0.0070  
 92       92   (9)      7 :  0.0230  0.9600  0.0030  0.0140  
 93       93  (16)      7 :  0.9260  0.0410  0.0140  0.0190  
 94       94  (24)      7 :  0.0040  0.0180  0.0020  0.9760  
 95       95   (6)      7 :  0.0580  0.9280  0.0030  0.0110  
 96       96  (33)      7 :  0.0620  0.1170  0.0170  0.8040  
 97       97  (21)      7 :  0.0060  0.0270  0.0030  0.9640  
 98       98  (11)      7 :  0.1740  0.4460  0.0020  0.3780  
 99       99  (17)      7 :  0.0150  0.9530  0.0210  0.0110  
100      100  (15)      7 :  0.0420  0.2018  0.7203  0.0360  
101      101  (55)      7 :  0.0260  0.6306  0.0020  0.3413  
102      102  (12)      7 :  0.0350  0.0310  0.0030  0.9311  
103      103  (14)      7 :  0.0130  0.9690  0.0030  0.0150  
104      104  (17)      7 :  0.9470  0.0440  0.0030  0.0060  
105      105  (14)      7 :  0.0250  0.9620  0.0080  0.0050  
