  1        1  (16)      1 :  0.3790  0.3120  0.3090  
  2        2   (7)      1 :  0.2940  0.3530  0.3530  
  3        3  (16)      1 :  0.2940  0.2960  0.4100  
  4        4  (10)      1 :  0.2813  0.2472  0.4715  
  5        5  (71)      1 :  0.2820  0.4240  0.2940  
  6        6  (17)      1 :  0.2650  0.4690  0.2660  
  7        7  (18)      1 :  0.2870  0.3930  0.3200  
  8        8  (32)      1 :  0.2740  0.3110  0.4150  
  9        9  (20)      1 :  0.2573  0.3834  0.3594  
 10       10  (26)      1 :  0.2900  0.3400  0.3700  
 11       11  (22)      1 :  0.2560  0.3070  0.4370  
 12       12  (22)      1 :  0.2630  0.4790  0.2580  
 13       13   (6)      1 :  0.2950  0.3090  0.3960  
 14       14  (46)      1 :  0.2623  0.3514  0.3864  
 15       15  (12)      1 :  0.3073  0.3914  0.3013  
 16       16  (13)      2 :  0.2560  0.4000  0.3440  
 17       17  (11)      2 :  0.2973  0.3614  0.3413  
 18       18   (9)      2 :  0.2900  0.2890  0.4210  
 19       19  (11)      2 :  0.2543  0.3644  0.3814  
 20       20   (6)      2 :  0.2920  0.3800  0.3280  
 21       21  (27)      2 :  0.2630  0.3690  0.3680  
 22       22   (8)      2 :  0.3090  0.3850  0.3060  
 23       23   (9)      2 :  0.2900  0.3490  0.3610  
 24       24  (12)      2 :  0.2760  0.3730  0.3510  
 25       25  (42)      2 :  0.2830  0.2640  0.4530  
 26       26  (11)      2 :  0.3060  0.3230  0.3710  
 27       27  (26)      2 :  0.2880  0.4220  0.2900  
 28       28  (15)      2 :  0.3150  0.3640  0.3210  
 29       29  (27)      2 :  0.2430  0.3880  0.3690  
 30       30  (14)      2 :  0.3043  0.3854  0.3103  
 31       31   (6)      2 :  0.2710  0.3750  0.3540  
 32       32  (28)      3 :  0.2797  0.3337  0.3866  
 33       33   (8)      3 :  0.2920  0.3470  0.3610  
 34       34  (27)      3 :  0.2940  0.2760  0.4300  
 35       35  (10)      3 :  0.2920  0.3970  0.3110  
 36       36  (18)      3 :  0.2627  0.3397  0.3976  
 37       37  (51)      3 :  0.2790  0.5180  0.2030  
 38       38  (38)      3 :  0.3110  0.3570  0.3320  
 39       39  (23)      3 :  0.3417  0.2587  0.3996  
 40       40  (10)      3 :  0.2530  0.4380  0.3090  
 41       41  (17)      3 :  0.2747  0.3007  0.4246  
 42       42  (61)      3 :  0.2640  0.3440  0.3920  
 43       43  (11)      3 :  0.3147  0.3297  0.3556  
 44       44  (20)      3 :  0.3020  0.3230  0.3750  
 45       45  (15)      3 :  0.2600  0.4150  0.3250  
 46       46  (19)      3 :  0.3130  0.3500  0.3370  
 47       47   (9)      4 :  0.3250  0.3260  0.3490  
 48       48   (8)      4 :  0.2840  0.3480  0.3680  
 49       49   (7)      4 :  0.3040  0.3670  0.3290  
 50       50  (23)      4 :  0.2590  0.4490  0.2920  
 51       51   (6)      4 :  0.3010  0.3070  0.3920  
 52       52   (5)      4 :  0.2847  0.3826  0.3327  
 53       53  (40)      4 :  0.3490  0.3550  0.2960  
 54       54  (15)      4 :  0.2900  0.3850  0.3250  
 55       55  (14)      4 :  0.2843  0.3854  0.3303  
 56       56   (6)      4 :  0.2830  0.3690  0.3480  
 57       57  (14)      4 :  0.3160  0.2940  0.3900  
 58       58   (8)      4 :  0.3160  0.3280  0.3560  
 59       59  (12)      4 :  0.2700  0.3490  0.3810  
 60       60   (7)      4 :  0.3150  0.3270  0.3580  
 61       61  (30)      5 :  0.2090  0.4250  0.3660  
 62       62  (11)      5 :  0.2850  0.4010  0.3140  
 63       63  (48)      5 :  0.2360  0.3140  0.4500  
 64       64  (18)      5 :  0.2630  0.4380  0.2990  
 65       65  (23)      5 :  0.3093  0.1862  0.5045  
 66       66  (13)      5 :  0.3040  0.3510  0.3450  
 67       67   (8)      5 :  0.3150  0.3810  0.3040  
 68       68   (5)      5 :  0.3053  0.3133  0.3814  
 69       69  (36)      5 :  0.2727  0.3556  0.3716  
 70       70  (14)      5 :  0.2570  0.4070  0.3360  
 71       71  (23)      5 :  0.2550  0.3740  0.3710  
 72       72  (47)      5 :  0.2920  0.3330  0.3750  
 73       73  (17)      5 :  0.2667  0.3437  0.3896  
 74       74   (9)      5 :  0.2843  0.3834  0.3323  
 75       75  (13)      5 :  0.3060  0.3390  0.3550  
 76       76  (18)      6 :  0.2870  0.3310  0.3820  
 77       77   (8)      6 :  0.2720  0.3820  0.3460  
 78       78  (16)      6 :  0.2950  0.3230  0.3820  
 79       79  (11)      6 :  0.2610  0.3630  0.3760  
 80       80  (16)      6 :  0.2810  0.3430  0.3760  
 81       81   (7)      6 :  0.2900  0.3250  0.3850  
 82       82  (20)      6 :  0.2630  0.3980  0.3390  
 83       83  (11)      6 :  0.3257  0.3516  0.3227  
 84       84  (13)      6 :  0.3320  0.3400  0.3280  
 85       85   (7)      6 :  0.2700  0.3290  0.4010  
 86       86  (19)      6 :  0.2900  0.3410  0.3690  
 87       87  (43)      6 :  0.2740  0.3720  0.3540  
 88       88  (21)      6 :  0.2550  0.3850  0.3600  
 89       89  (11)      6 :  0.2730  0.3930  0.3340  
 90       90  (20)      6 :  0.2150  0.4210  0.3640  
 91       91  (14)      6 :  0.2640  0.3240  0.4120  
 92       92   (9)      7 :  0.2670  0.4340  0.2990  
 93       93  (16)      7 :  0.2680  0.3180  0.4140  
 94       94  (24)      7 :  0.2240  0.3600  0.4160  
 95       95   (6)      7 :  0.2950  0.3790  0.3260  
 96       96  (33)      7 :  0.2210  0.3450  0.4340  
 97       97  (21)      7 :  0.2640  0.3980  0.3380  
 98       98  (11)      7 :  0.3030  0.3230  0.3740  
 99       99  (17)      7 :  0.2880  0.3390  0.3730  
100      100  (15)      7 :  0.3290  0.3420  0.3290  
101      101  (55)      7 :  0.2510  0.3650  0.3840  
102      102  (12)      7 :  0.2760  0.3670  0.3570  
103      103  (14)      7 :  0.2827  0.3457  0.3716  
104      104  (17)      7 :  0.2890  0.3440  0.3670  
105      105  (14)      7 :  0.2820  0.3300  0.3880  
