  1        1  (16)      1 :  0.0531  0.1882  0.7588  
  2        2   (7)      1 :  0.0030  0.1530  0.8440  
  3        3  (16)      1 :  0.0080  0.1758  0.8162  
  4        4  (10)      1 :  0.0040  0.1580  0.8380  
  5        5  (71)      1 :  0.0220  0.1770  0.8010  
  6        6  (17)      1 :  0.0050  0.1848  0.8102  
  7        7  (18)      1 :  0.2040  0.0050  0.7910  
  8        8  (32)      1 :  0.0040  0.1180  0.8780  
  9        9  (20)      1 :  0.0080  0.1650  0.8270  
 10       10  (26)      1 :  0.0080  0.1470  0.8450  
 11       11  (22)      1 :  0.0040  0.1251  0.8709  
 12       12  (22)      1 :  0.0030  0.1670  0.8300  
 13       13   (6)      1 :  0.0770  0.1400  0.7830  
 14       14  (46)      1 :  0.0180  0.1351  0.8468  
 15       15  (12)      1 :  0.0100  0.1830  0.8070  
 16       16  (13)      2 :  0.0290  0.1618  0.8092  
 17       17  (11)      2 :  0.0040  0.1680  0.8280  
 18       18   (9)      2 :  0.0150  0.1670  0.8180  
 19       19  (11)      2 :  0.0070  0.1500  0.8430  
 20       20   (6)      2 :  0.0070  0.1830  0.8100  
 21       21  (27)      2 :  0.0230  0.1420  0.8350  
 22       22   (8)      2 :  0.0040  0.1890  0.8070  
 23       23   (9)      2 :  0.0030  0.1590  0.8380  
 24       24  (12)      2 :  0.0370  0.1508  0.8122  
 25       25  (42)      2 :  0.2270  0.0040  0.7690  
 26       26  (11)      2 :  0.0040  0.1862  0.8098  
 27       27  (26)      2 :  0.0300  0.1620  0.8080  
 28       28  (15)      2 :  0.0390  0.1460  0.8150  
 29       29  (27)      2 :  0.0360  0.1050  0.8590  
 30       30  (14)      2 :  0.0500  0.1210  0.8290  
 31       31   (6)      2 :  0.0070  0.1790  0.8140  
 32       32  (28)      3 :  0.0430  0.1040  0.8530  
 33       33   (8)      3 :  0.0030  0.1632  0.8338  
 34       34  (27)      3 :  0.0370  0.1479  0.8152  
 35       35  (10)      3 :  0.0080  0.1800  0.8120  
 36       36  (18)      3 :  0.0590  0.1110  0.8300  
 37       37  (51)      3 :  0.1780  0.0050  0.8170  
 38       38  (38)      3 :  0.0050  0.1450  0.8500  
 39       39  (23)      3 :  0.0040  0.1700  0.8260  
 40       40  (10)      3 :  0.0200  0.1350  0.8450  
 41       41  (17)      3 :  0.0090  0.1450  0.8460  
 42       42  (61)      3 :  0.0230  0.1890  0.7880  
 43       43  (11)      3 :  0.0210  0.1750  0.8040  
 44       44  (20)      3 :  0.0440  0.1330  0.8230  
 45       45  (15)      3 :  0.0040  0.1450  0.8510  
 46       46  (19)      3 :  0.1379  0.0639  0.7982  
 47       47   (9)      4 :  0.0080  0.1890  0.8030  
 48       48   (8)      4 :  0.0030  0.1940  0.8030  
 49       49   (7)      4 :  0.0090  0.2082  0.7828  
 50       50  (23)      4 :  0.0150  0.2030  0.7820  
 51       51   (6)      4 :  0.0240  0.1730  0.8030  
 52       52   (5)      4 :  0.0380  0.1650  0.7970  
 53       53  (40)      4 :  0.2260  0.0030  0.7710  
 54       54  (15)      4 :  0.0450  0.1420  0.8130  
 55       55  (14)      4 :  0.1502  0.0601  0.7898  
 56       56   (6)      4 :  0.0160  0.1470  0.8370  
 57       57  (14)      4 :  0.2068  0.0060  0.7872  
 58       58   (8)      4 :  0.0030  0.1810  0.8160  
 59       59  (12)      4 :  0.0050  0.1652  0.8298  
 60       60   (7)      4 :  0.0080  0.1968  0.7952  
 61       61  (30)      5 :  0.0070  0.1510  0.8420  
 62       62  (11)      5 :  0.0060  0.1700  0.8240  
 63       63  (48)      5 :  0.0120  0.1209  0.8671  
 64       64  (18)      5 :  0.1431  0.0551  0.8018  
 65       65  (23)      5 :  0.0040  0.1940  0.8020  
 66       66  (13)      5 :  0.0360  0.1460  0.8180  
 67       67   (8)      5 :  0.0120  0.1760  0.8120  
 68       68   (5)      5 :  0.0390  0.1640  0.7970  
 69       69  (36)      5 :  0.0220  0.1630  0.8150  
 70       70  (14)      5 :  0.0040  0.1530  0.8430  
 71       71  (23)      5 :  0.0090  0.1590  0.8320  
 72       72  (47)      5 :  0.0629  0.1029  0.8342  
 73       73  (17)      5 :  0.0480  0.1180  0.8340  
 74       74   (9)      5 :  0.0030  0.1540  0.8430  
 75       75  (13)      5 :  0.1020  0.1070  0.7910  
 76       76  (18)      6 :  0.0070  0.1520  0.8410  
 77       77   (8)      6 :  0.0070  0.1450  0.8480  
 78       78  (16)      6 :  0.0080  0.1822  0.8098  
 79       79  (11)      6 :  0.0080  0.1502  0.8418  
 80       80  (16)      6 :  0.0040  0.1540  0.8420  
 81       81   (7)      6 :  0.0050  0.1880  0.8070  
 82       82  (20)      6 :  0.0060  0.1760  0.8180  
 83       83  (11)      6 :  0.0160  0.1792  0.8048  
 84       84  (13)      6 :  0.0080  0.1890  0.8030  
 85       85   (7)      6 :  0.0140  0.1610  0.8250  
 86       86  (19)      6 :  0.1870  0.0050  0.8080  
 87       87  (43)      6 :  0.0300  0.1210  0.8490  
 88       88  (21)      6 :  0.0539  0.1079  0.8382  
 89       89  (11)      6 :  0.0040  0.1700  0.8260  
 90       90  (20)      6 :  0.0370  0.1341  0.8288  
 91       91  (14)      6 :  0.0090  0.1770  0.8140  
 92       92   (9)      7 :  0.0060  0.1822  0.8118  
 93       93  (16)      7 :  0.0260  0.1520  0.8220  
 94       94  (24)      7 :  0.0120  0.1290  0.8590  
 95       95   (6)      7 :  0.0040  0.1568  0.8392  
 96       96  (33)      7 :  0.0080  0.1189  0.8731  
 97       97  (21)      7 :  0.0460  0.1199  0.8342  
 98       98  (11)      7 :  0.0060  0.2060  0.7880  
 99       99  (17)      7 :  0.0760  0.0750  0.8490  
100      100  (15)      7 :  0.0870  0.1150  0.7980  
101      101  (55)      7 :  0.0270  0.1510  0.8220  
102      102  (12)      7 :  0.0100  0.1320  0.8580  
103      103  (14)      7 :  0.0190  0.1660  0.8150  
104      104  (17)      7 :  0.0040  0.1640  0.8320  
105      105  (14)      7 :  0.0410  0.1870  0.7720  
