  1        1  (16)      1 :  0.0700  0.7480  0.0030  0.1790  
  2        2   (7)      1 :  0.1410  0.8170  0.0170  0.0250  
  3        3  (16)      1 :  0.1610  0.8320  0.0030  0.0040  
  4        4  (10)      1 :  0.0830  0.7960  0.0030  0.1180  
  5        5  (71)      1 :  0.0831  0.8549  0.0030  0.0591  
  6        6  (17)      1 :  0.0060  0.8230  0.0030  0.1680  
  7        7  (18)      1 :  0.0030  0.7910  0.1980  0.0080  
  8        8  (32)      1 :  0.0030  0.8750  0.0020  0.1200  
  9        9  (20)      1 :  0.1370  0.8460  0.0090  0.0080  
 10       10  (26)      1 :  0.1031  0.8328  0.0010  0.0631  
 11       11  (22)      1 :  0.1310  0.8570  0.0040  0.0080  
 12       12  (22)      1 :  0.0790  0.8580  0.0010  0.0620  
 13       13   (6)      1 :  0.1932  0.8018  0.0020  0.0030  
 14       14  (46)      1 :  0.1090  0.8770  0.0040  0.0100  
 15       15  (12)      1 :  0.0110  0.7732  0.0010  0.2148  
 16       16  (13)      2 :  0.0830  0.8260  0.0010  0.0900  
 17       17  (11)      2 :  0.1409  0.8412  0.0120  0.0060  
 18       18   (9)      2 :  0.1550  0.8170  0.0220  0.0060  
 19       19  (11)      2 :  0.1460  0.8420  0.0040  0.0080  
 20       20   (6)      2 :  0.1740  0.8080  0.0030  0.0150  
 21       21  (27)      2 :  0.1010  0.8290  0.0460  0.0240  
 22       22   (8)      2 :  0.0080  0.8110  0.0030  0.1780  
 23       23   (9)      2 :  0.1838  0.8082  0.0050  0.0030  
 24       24  (12)      2 :  0.1740  0.8110  0.0090  0.0060  
 25       25  (42)      2 :  0.0760  0.8460  0.0030  0.0750  
 26       26  (11)      2 :  0.0130  0.8398  0.0010  0.1461  
 27       27  (26)      2 :  0.1512  0.8388  0.0020  0.0080  
 28       28  (15)      2 :  0.1460  0.8030  0.0460  0.0050  
 29       29  (27)      2 :  0.0050  0.8482  0.0040  0.1429  
 30       30  (14)      2 :  0.1261  0.8428  0.0280  0.0030  
 31       31   (6)      2 :  0.0510  0.8370  0.0050  0.1070  
 32       32  (28)      3 :  0.1540  0.8400  0.0020  0.0040  
 33       33   (8)      3 :  0.1000  0.8480  0.0040  0.0480  
 34       34  (27)      3 :  0.1310  0.8290  0.0020  0.0380  
 35       35  (10)      3 :  0.0680  0.8060  0.0030  0.1230  
 36       36  (18)      3 :  0.0130  0.8240  0.0040  0.1590  
 37       37  (51)      3 :  0.0040  0.8178  0.1742  0.0040  
 38       38  (38)      3 :  0.0971  0.8519  0.0010  0.0501  
 39       39  (23)      3 :  0.1419  0.8042  0.0040  0.0500  
 40       40  (10)      3 :  0.1300  0.8520  0.0100  0.0080  
 41       41  (17)      3 :  0.1532  0.8378  0.0010  0.0080  
 42       42  (61)      3 :  0.1588  0.8212  0.0070  0.0130  
 43       43  (11)      3 :  0.1471  0.8368  0.0040  0.0120  
 44       44  (20)      3 :  0.1562  0.8208  0.0100  0.0130  
 45       45  (15)      3 :  0.1359  0.8392  0.0090  0.0160  
 46       46  (19)      3 :  0.0040  0.7910  0.0010  0.2040  
 47       47   (9)      4 :  0.0360  0.8280  0.0230  0.1130  
 48       48   (8)      4 :  0.1640  0.8250  0.0010  0.0100  
 49       49   (7)      4 :  0.0080  0.8150  0.0110  0.1660  
 50       50  (23)      4 :  0.1900  0.8040  0.0020  0.0040  
 51       51   (6)      4 :  0.1970  0.7950  0.0010  0.0070  
 52       52   (5)      4 :  0.1658  0.8272  0.0020  0.0050  
 53       53  (40)      4 :  0.0040  0.7682  0.2248  0.0030  
 54       54  (15)      4 :  0.1680  0.8150  0.0070  0.0100  
 55       55  (14)      4 :  0.1648  0.8212  0.0050  0.0090  
 56       56   (6)      4 :  0.1580  0.8330  0.0020  0.0070  
 57       57  (14)      4 :  0.0180  0.7820  0.1900  0.0100  
 58       58   (8)      4 :  0.1370  0.8390  0.0020  0.0220  
 59       59  (12)      4 :  0.0130  0.8148  0.0100  0.1622  
 60       60   (7)      4 :  0.1662  0.8218  0.0020  0.0100  
 61       61  (30)      5 :  0.1229  0.8671  0.0050  0.0050  
 62       62  (11)      5 :  0.1270  0.8320  0.0010  0.0400  
 63       63  (48)      5 :  0.1110  0.8610  0.0080  0.0200  
 64       64  (18)      5 :  0.1360  0.8160  0.0170  0.0310  
 65       65  (23)      5 :  0.0060  0.7998  0.0010  0.1932  
 66       66  (13)      5 :  0.1131  0.8348  0.0020  0.0501  
 67       67   (8)      5 :  0.1740  0.8010  0.0020  0.0230  
 68       68   (5)      5 :  0.1860  0.8040  0.0060  0.0040  
 69       69  (36)      5 :  0.0661  0.8418  0.0030  0.0891  
 70       70  (14)      5 :  0.1360  0.8610  0.0010  0.0020  
 71       71  (23)      5 :  0.1690  0.8220  0.0020  0.0070  
 72       72  (47)      5 :  0.1451  0.8378  0.0130  0.0040  
 73       73  (17)      5 :  0.1330  0.8250  0.0030  0.0390  
 74       74   (9)      5 :  0.0400  0.8320  0.0020  0.1260  
 75       75  (13)      5 :  0.1250  0.8010  0.0690  0.0050  
 76       76  (18)      6 :  0.0090  0.8138  0.0010  0.1762  
 77       77   (8)      6 :  0.1570  0.8330  0.0020  0.0080  
 78       78  (16)      6 :  0.0150  0.7770  0.0040  0.2040  
 79       79  (11)      6 :  0.1580  0.8260  0.0030  0.0130  
 80       80  (16)      6 :  0.1668  0.8272  0.0030  0.0030  
 81       81   (7)      6 :  0.1070  0.8160  0.0020  0.0750  
 82       82  (20)      6 :  0.1958  0.7952  0.0020  0.0070  
 83       83  (11)      6 :  0.1738  0.8152  0.0060  0.0050  
 84       84  (13)      6 :  0.1742  0.8178  0.0030  0.0050  
 85       85   (7)      6 :  0.1470  0.8330  0.0010  0.0190  
 86       86  (19)      6 :  0.1040  0.8320  0.0600  0.0040  
 87       87  (43)      6 :  0.1610  0.8310  0.0040  0.0040  
 88       88  (21)      6 :  0.0981  0.8729  0.0190  0.0100  
 89       89  (11)      6 :  0.1850  0.8090  0.0030  0.0030  
 90       90  (20)      6 :  0.1560  0.8340  0.0060  0.0040  
 91       91  (14)      6 :  0.1370  0.8470  0.0020  0.0140  
 92       92   (9)      7 :  0.1530  0.8380  0.0050  0.0040  
 93       93  (16)      7 :  0.0090  0.8248  0.0030  0.1632  
 94       94  (24)      7 :  0.0190  0.8560  0.0920  0.0330  
 95       95   (6)      7 :  0.1532  0.8098  0.0020  0.0350  
 96       96  (33)      7 :  0.1190  0.8610  0.0130  0.0070  
 97       97  (21)      7 :  0.0140  0.8272  0.0100  0.1489  
 98       98  (11)      7 :  0.0320  0.8070  0.0030  0.1580  
 99       99  (17)      7 :  0.1041  0.8328  0.0170  0.0460  
100      100  (15)      7 :  0.0270  0.7920  0.1520  0.0290  
101      101  (55)      7 :  0.1500  0.8180  0.0090  0.0230  
102      102  (12)      7 :  0.1420  0.8470  0.0020  0.0090  
103      103  (14)      7 :  0.1782  0.8098  0.0020  0.0100  
104      104  (17)      7 :  0.1251  0.8529  0.0020  0.0200  
105      105  (14)      7 :  0.1630  0.8320  0.0030  0.0020  
