  1        1  (16)      1 :  0.9730  0.0120  0.0030  0.0120  
  2        2   (7)      1 :  0.0180  0.9760  0.0020  0.0040  
  3        3  (16)      1 :  0.2148  0.7582  0.0040  0.0230  
  4        4  (10)      1 :  0.8000  0.1370  0.0010  0.0620  
  5        5  (71)      1 :  0.1350  0.8130  0.0080  0.0440  
  6        6  (17)      1 :  0.9530  0.0120  0.0330  0.0020  
  7        7  (18)      1 :  0.1750  0.0560  0.7620  0.0070  
  8        8  (32)      1 :  0.8500  0.1290  0.0030  0.0180  
  9        9  (20)      1 :  0.0070  0.9510  0.0020  0.0400  
 10       10  (26)      1 :  0.9860  0.0080  0.0020  0.0040  
 11       11  (22)      1 :  0.5280  0.4590  0.0040  0.0090  
 12       12  (22)      1 :  0.9880  0.0060  0.0040  0.0020  
 13       13   (6)      1 :  0.8230  0.0970  0.0040  0.0760  
 14       14  (46)      1 :  0.0070  0.9740  0.0110  0.0080  
 15       15  (12)      1 :  0.9700  0.0180  0.0100  0.0020  
 16       16  (13)      2 :  0.1902  0.4635  0.0160  0.3303  
 17       17  (11)      2 :  0.4715  0.5165  0.0060  0.0060  
 18       18   (9)      2 :  0.0240  0.9140  0.0110  0.0510  
 19       19  (11)      2 :  0.7850  0.1910  0.0030  0.0210  
 20       20   (6)      2 :  0.3820  0.5880  0.0020  0.0280  
 21       21  (27)      2 :  0.0330  0.8899  0.0060  0.0711  
 22       22   (8)      2 :  0.8771  0.1169  0.0030  0.0030  
 23       23   (9)      2 :  0.0130  0.9800  0.0060  0.0010  
 24       24  (12)      2 :  0.7403  0.0120  0.0130  0.2348  
 25       25  (42)      2 :  0.0030  0.0030  0.0020  0.9920  
 26       26  (11)      2 :  0.0100  0.9810  0.0030  0.0060  
 27       27  (26)      2 :  0.9760  0.0090  0.0100  0.0050  
 28       28  (15)      2 :  0.3890  0.5690  0.0050  0.0370  
 29       29  (27)      2 :  0.0240  0.8991  0.0360  0.0410  
 30       30  (14)      2 :  0.1562  0.7407  0.0991  0.0040  
 31       31   (6)      2 :  0.1440  0.8370  0.0060  0.0130  
 32       32  (28)      3 :  0.0110  0.9580  0.0200  0.0110  
 33       33   (8)      3 :  0.7910  0.2040  0.0020  0.0030  
 34       34  (27)      3 :  0.0150  0.9250  0.0120  0.0480  
 35       35  (10)      3 :  0.0180  0.9730  0.0040  0.0050  
 36       36  (18)      3 :  0.9470  0.0130  0.0210  0.0190  
 37       37  (51)      3 :  0.0010  0.0020  0.9960  0.0010  
 38       38  (38)      3 :  0.8180  0.0910  0.0030  0.0880  
 39       39  (23)      3 :  0.0090  0.9830  0.0040  0.0040  
 40       40  (10)      3 :  0.9450  0.0310  0.0190  0.0050  
 41       41  (17)      3 :  0.9560  0.0290  0.0100  0.0050  
 42       42  (61)      3 :  0.3580  0.5290  0.0020  0.1110  
 43       43  (11)      3 :  0.4665  0.0270  0.0020  0.5045  
 44       44  (20)      3 :  0.7390  0.2170  0.0190  0.0250  
 45       45  (15)      3 :  0.0100  0.9850  0.0020  0.0030  
 46       46  (19)      3 :  0.6260  0.3550  0.0030  0.0160  
 47       47   (9)      4 :  0.0430  0.9360  0.0070  0.0140  
 48       48   (8)      4 :  0.1430  0.8440  0.0080  0.0050  
 49       49   (7)      4 :  0.9059  0.0831  0.0040  0.0070  
 50       50  (23)      4 :  0.9780  0.0120  0.0040  0.0060  
 51       51   (6)      4 :  0.5680  0.4150  0.0130  0.0040  
 52       52   (5)      4 :  0.0370  0.9410  0.0110  0.0110  
 53       53  (40)      4 :  0.0040  0.0020  0.9920  0.0020  
 54       54  (15)      4 :  0.6500  0.3080  0.0090  0.0330  
 55       55  (14)      4 :  0.0150  0.7120  0.2690  0.0040  
 56       56   (6)      4 :  0.0120  0.9390  0.0020  0.0470  
 57       57  (14)      4 :  0.0080  0.0060  0.0060  0.9800  
 58       58   (8)      4 :  0.9840  0.0120  0.0020  0.0020  
 59       59  (12)      4 :  0.0470  0.9480  0.0020  0.0030  
 60       60   (7)      4 :  0.0190  0.7900  0.0010  0.1900  
 61       61  (30)      5 :  0.3310  0.6550  0.0070  0.0070  
 62       62  (11)      5 :  0.0130  0.9610  0.0020  0.0240  
 63       63  (48)      5 :  0.9331  0.0539  0.0060  0.0070  
 64       64  (18)      5 :  0.3660  0.0290  0.2060  0.3990  
 65       65  (23)      5 :  0.0020  0.0060  0.0010  0.9910  
 66       66  (13)      5 :  0.8790  0.0900  0.0160  0.0150  
 67       67   (8)      5 :  0.8669  0.0821  0.0040  0.0470  
 68       68   (5)      5 :  0.0080  0.9590  0.0050  0.0280  
 69       69  (36)      5 :  0.9770  0.0120  0.0040  0.0070  
 70       70  (14)      5 :  0.4910  0.4980  0.0100  0.0010  
 71       71  (23)      5 :  0.9460  0.0170  0.0030  0.0340  
 72       72  (47)      5 :  0.1050  0.6120  0.2580  0.0250  
 73       73  (17)      5 :  0.8350  0.1520  0.0040  0.0090  
 74       74   (9)      5 :  0.7320  0.2590  0.0020  0.0070  
 75       75  (13)      5 :  0.7898  0.0120  0.1532  0.0450  
 76       76  (18)      6 :  0.9700  0.0230  0.0020  0.0050  
 77       77   (8)      6 :  0.0080  0.9860  0.0040  0.0020  
 78       78  (16)      6 :  0.0200  0.9610  0.0150  0.0040  
 79       79  (11)      6 :  0.3530  0.6420  0.0020  0.0030  
 80       80  (16)      6 :  0.0591  0.9339  0.0030  0.0040  
 81       81   (7)      6 :  0.3220  0.6610  0.0080  0.0090  
 82       82  (20)      6 :  0.0530  0.9420  0.0020  0.0030  
 83       83  (11)      6 :  0.0240  0.8570  0.0050  0.1140  
 84       84  (13)      6 :  0.0090  0.9740  0.0150  0.0020  
 85       85   (7)      6 :  0.3580  0.6000  0.0040  0.0380  
 86       86  (19)      6 :  0.0070  0.0070  0.1740  0.8120  
 87       87  (43)      6 :  0.8631  0.1059  0.0070  0.0240  
 88       88  (21)      6 :  0.9610  0.0160  0.0110  0.0120  
 89       89  (11)      6 :  0.0140  0.9630  0.0190  0.0040  
 90       90  (20)      6 :  0.9110  0.0430  0.0430  0.0030  
 91       91  (14)      6 :  0.9320  0.0080  0.0030  0.0570  
 92       92   (9)      7 :  0.0120  0.7562  0.0070  0.2248  
 93       93  (16)      7 :  0.4190  0.5610  0.0050  0.0150  
 94       94  (24)      7 :  0.0080  0.0050  0.0020  0.9850  
 95       95   (6)      7 :  0.3353  0.6607  0.0020  0.0020  
 96       96  (33)      7 :  0.5165  0.4575  0.0110  0.0150  
 97       97  (21)      7 :  0.9190  0.0410  0.0060  0.0340  
 98       98  (11)      7 :  0.8372  0.1489  0.0030  0.0110  
 99       99  (17)      7 :  0.1100  0.8480  0.0240  0.0180  
100      100  (15)      7 :  0.5806  0.0290  0.3834  0.0070  
101      101  (55)      7 :  0.0280  0.9630  0.0040  0.0050  
102      102  (12)      7 :  0.2863  0.6557  0.0030  0.0551  
103      103  (14)      7 :  0.3880  0.5940  0.0120  0.0060  
104      104  (17)      7 :  0.4725  0.5205  0.0020  0.0050  
105      105  (14)      7 :  0.0160  0.9211  0.0050  0.0579  
