  1        1  (16)      1 :  0.2490  0.7510  
  2        2   (7)      1 :  0.1840  0.8160  
  3        3  (16)      1 :  0.1690  0.8310  
  4        4  (10)      1 :  0.2040  0.7960  
  5        5  (71)      1 :  0.1480  0.8520  
  6        6  (17)      1 :  0.1750  0.8250  
  7        7  (18)      1 :  0.1920  0.8080  
  8        8  (32)      1 :  0.1220  0.8780  
  9        9  (20)      1 :  0.1560  0.8440  
 10       10  (26)      1 :  0.1690  0.8310  
 11       11  (22)      1 :  0.1450  0.8550  
 12       12  (22)      1 :  0.1410  0.8590  
 13       13   (6)      1 :  0.2000  0.8000  
 14       14  (46)      1 :  0.1270  0.8730  
 15       15  (12)      1 :  0.2190  0.7810  
 16       16  (13)      2 :  0.1730  0.8270  
 17       17  (11)      2 :  0.1620  0.8380  
 18       18   (9)      2 :  0.1820  0.8180  
 19       19  (11)      2 :  0.1600  0.8400  
 20       20   (6)      2 :  0.1940  0.8060  
 21       21  (27)      2 :  0.1730  0.8270  
 22       22   (8)      2 :  0.1860  0.8140  
 23       23   (9)      2 :  0.1920  0.8080  
 24       24  (12)      2 :  0.1880  0.8120  
 25       25  (42)      2 :  0.1570  0.8430  
 26       26  (11)      2 :  0.1600  0.8400  
 27       27  (26)      2 :  0.1630  0.8370  
 28       28  (15)      2 :  0.1950  0.8050  
 29       29  (27)      2 :  0.1470  0.8530  
 30       30  (14)      2 :  0.1570  0.8430  
 31       31   (6)      2 :  0.1630  0.8370  
 32       32  (28)      3 :  0.1610  0.8390  
 33       33   (8)      3 :  0.1530  0.8470  
 34       34  (27)      3 :  0.1720  0.8280  
 35       35  (10)      3 :  0.1920  0.8080  
 36       36  (18)      3 :  0.1750  0.8250  
 37       37  (51)      3 :  0.1620  0.8380  
 38       38  (38)      3 :  0.1510  0.8490  
 39       39  (23)      3 :  0.1960  0.8040  
 40       40  (10)      3 :  0.1490  0.8510  
 41       41  (17)      3 :  0.1640  0.8360  
 42       42  (61)      3 :  0.1800  0.8200  
 43       43  (11)      3 :  0.1640  0.8360  
 44       44  (20)      3 :  0.1800  0.8200  
 45       45  (15)      3 :  0.1630  0.8370  
 46       46  (19)      3 :  0.2020  0.7980  
 47       47   (9)      4 :  0.1680  0.8320  
 48       48   (8)      4 :  0.1770  0.8230  
 49       49   (7)      4 :  0.1820  0.8180  
 50       50  (23)      4 :  0.1980  0.8020  
 51       51   (6)      4 :  0.2060  0.7940  
 52       52   (5)      4 :  0.1750  0.8250  
 53       53  (40)      4 :  0.2030  0.7970  
 54       54  (15)      4 :  0.1870  0.8130  
 55       55  (14)      4 :  0.1790  0.8210  
 56       56   (6)      4 :  0.1680  0.8320  
 57       57  (14)      4 :  0.2130  0.7870  
 58       58   (8)      4 :  0.1640  0.8360  
 59       59  (12)      4 :  0.1830  0.8170  
 60       60   (7)      4 :  0.1810  0.8190  
 61       61  (30)      5 :  0.1330  0.8670  
 62       62  (11)      5 :  0.1670  0.8330  
 63       63  (48)      5 :  0.1380  0.8620  
 64       64  (18)      5 :  0.1830  0.8170  
 65       65  (23)      5 :  0.1950  0.8050  
 66       66  (13)      5 :  0.1660  0.8340  
 67       67   (8)      5 :  0.1980  0.8020  
 68       68   (5)      5 :  0.1990  0.8010  
 69       69  (36)      5 :  0.1570  0.8430  
 70       70  (14)      5 :  0.1400  0.8600  
 71       71  (23)      5 :  0.1780  0.8220  
 72       72  (47)      5 :  0.1630  0.8370  
 73       73  (17)      5 :  0.1780  0.8220  
 74       74   (9)      5 :  0.1680  0.8320  
 75       75  (13)      5 :  0.2010  0.7990  
 76       76  (18)      6 :  0.1850  0.8150  
 77       77   (8)      6 :  0.1680  0.8320  
 78       78  (16)      6 :  0.2200  0.7800  
 79       79  (11)      6 :  0.1760  0.8240  
 80       80  (16)      6 :  0.1750  0.8250  
 81       81   (7)      6 :  0.1840  0.8160  
 82       82  (20)      6 :  0.2060  0.7940  
 83       83  (11)      6 :  0.1850  0.8150  
 84       84  (13)      6 :  0.1860  0.8140  
 85       85   (7)      6 :  0.1690  0.8310  
 86       86  (19)      6 :  0.1650  0.8350  
 87       87  (43)      6 :  0.1700  0.8300  
 88       88  (21)      6 :  0.1310  0.8690  
 89       89  (11)      6 :  0.1910  0.8090  
 90       90  (20)      6 :  0.1680  0.8320  
 91       91  (14)      6 :  0.1540  0.8460  
 92       92   (9)      7 :  0.1620  0.8380  
 93       93  (16)      7 :  0.1720  0.8280  
 94       94  (24)      7 :  0.1440  0.8560  
 95       95   (6)      7 :  0.1920  0.8080  
 96       96  (33)      7 :  0.1410  0.8590  
 97       97  (21)      7 :  0.1710  0.8290  
 98       98  (11)      7 :  0.1920  0.8080  
 99       99  (17)      7 :  0.1680  0.8320  
100      100  (15)      7 :  0.1940  0.8060  
101      101  (55)      7 :  0.1860  0.8140  
102      102  (12)      7 :  0.1540  0.8460  
103      103  (14)      7 :  0.1940  0.8060  
104      104  (17)      7 :  0.1500  0.8500  
105      105  (14)      7 :  0.1690  0.8310  
