2	54
2	55
2	57
2	58
2	69
9	2
9	17
9	42
9	43
9	73
11	7
11	19
11	22
11	38
11	58
11	64
17	10
17	30
17	53
17	67
17	69
18	3
22	47
22	48
22	80
25	6
25	13
25	22
25	68
25	74
26	3
26	26
26	27
26	31
26	37
26	44
26	49
26	73
26	74
26	76
27	40
27	45
27	47
28	23
28	29
33	15
33	77
35	2
35	7
35	12
35	16
35	65
36	37
36	53
36	72
36	80
42	8
45	3
45	71
45	72
45	74
45	77
47	2
47	43
47	50
47	56
47	72
50	9
50	24
50	31
50	49
50	51
50	71
51	41
51	59
53	76
57	39
57	72
59	3
59	36
59	38
59	48
59	50
64	71
64	72
74	12
74	23
74	26
74	31
74	40
74	55
82	64
83	5
83	12
83	16
83	35
83	66
83	77
84	37
84	62
86	64
86	68
87	24
87	45
87	64
95	7
95	24
95	26
95	79
96	23
96	62
97	15
97	17
98	9
98	11
98	44
98	63
98	65
98	74
100	2
100	27
100	70
102	9
102	25
102	27
102	33
102	35
102	62
102	75
104	7
104	11
104	16
104	26
104	49
104	55
104	72
105	62
105	67
105	78
106	34
106	43
113	11
113	45
113	50
113	53
116	5
116	8
116	21
116	22
119	3
119	7
119	27
119	30
119	36
119	37
119	54
119	57
119	75
120	15
120	25
120	31
120	32
120	41
121	14
121	78
123	35
123	40
123	53
123	69
130	11
130	42
130	55
130	71
133	1
133	5
133	6
133	15
133	56
133	65
133	67
133	78
144	66
145	6
145	14
145	17
145	26
145	37
145	48
145	49
145	54
145	74
145	80
149	18
149	50
149	57
149	65
149	68
152	62
164	20
164	56
166	5
166	7
166	35
166	41
166	54
166	70
167	17
169	5
169	6
169	14
169	25
169	29
169	36
169	46
169	57
169	69
169	73
175	2
175	17
175	23
175	31
175	39
175	46
175	52
175	55
175	56
175	57
175	58
179	13
179	23
179	54
180	15
180	30
180	65
189	30
189	31
189	37
197	19
197	26
197	61
198	16
198	33
198	50
200	42
201	2
201	12
201	64
204	7
204	34
204	70
204	75
210	1
210	8
210	10
210	44
210	53
210	56
212	1
212	80
216	3
216	25
216	47
216	51
218	67
218	78
219	41
225	2
225	18
225	59
225	80
229	55
231	34
231	43
231	55
231	75
232	51
233	2
233	12
239	56
242	19
243	51
245	6
245	16
245	23
245	24
245	37
245	58
249	64
251	20
251	50
253	39
253	65
253	71
254	5
254	23
254	55
255	37
256	6
256	12
256	45
256	57
258	36
258	45
258	66
259	29
259	69
262	3
262	9
266	67
266	72
266	74
271	16
271	23
272	28
284	78
285	37
285	40
285	77
286	30
287	42
288	6
288	10
288	11
288	17
288	22
288	30
288	38
288	45
289	46
289	69
289	71
289	79
295	18
295	47
295	60
297	57
299	18
311	20
311	23
311	36
313	24
313	31
313	59
315	47
315	54
317	3
317	11
317	33
317	45
317	46
317	76
317	80
319	26
319	28
320	25
321	5
321	16
321	43
321	62
323	3
323	72
324	26
324	64
326	7
326	23
326	31
326	58
327	2
327	14
327	19
327	29
327	44
331	33
333	4
333	45
334	42
334	64
337	63
340	58
350	7
350	13
350	23
350	41
350	45
352	11
352	23
352	46
352	65
358	12
358	77
359	36
359	48
360	7
360	29
360	33
360	34
360	65
360	66
362	13
362	55
362	73
362	74
368	25
368	46
368	56
368	60
368	80
378	37
378	56
378	59
378	61
380	21
380	39
380	46
380	54
380	59
380	73
381	29
381	45
381	60
381	70
382	50
385	18
385	35
385	36
385	45
385	48
385	56
385	63
386	9
386	24
386	44
390	5
390	41
390	62
391	11
391	13
391	27
391	50
393	44
393	51
398	55
400	10
400	15
400	29
400	31
400	62
400	80
401	14
401	23
401	34
401	48
401	66
401	76
402	29
405	19
407	6
407	15
407	52
407	67
407	68
407	78
412	6
412	31
412	51
412	53
412	71
412	72
413	13
413	37
413	50
413	51
414	56
415	4
415	5
415	10
415	17
415	20
415	23
415	25
415	39
415	48
415	62
415	73
415	74
418	10
418	12
418	52
418	66
418	67
418	69
418	75
418	79
422	12
422	14
424	8
424	24
424	44
424	69
425	69
432	4
432	18
432	24
432	38
432	52
432	57
432	71
432	75
441	41
441	65
443	33
443	49
445	10
445	21
445	42
445	48
446	6
446	22
449	2
449	22
449	24
449	33
449	40
449	66
449	76
451	33
452	42
452	65
456	25
456	52
456	65
456	67
456	68
456	72
456	76
457	3
457	51
457	74
457	80
459	10
459	16
459	20
459	22
459	34
459	47
459	67
460	17
460	21
460	24
460	42
460	53
461	80
463	37
463	38
465	19
467	11
467	47
470	17
470	48
470	55
470	61
470	76
471	11
472	19
472	61
476	22
477	5
477	22
479	49
479	51
479	52
480	20
480	39
483	15
483	18
483	33
483	35
483	55
483	64
483	79
492	7
492	10
492	14
492	31
492	35
492	43
492	61
492	68
496	11
496	32
496	56
496	72
499	13
499	14
501	4
501	7
501	17
501	18
501	29
501	39
501	44
501	47
501	77
509	4
509	12
509	33
509	35
509	67
515	7
520	57
523	18
523	74
526	2
526	3
526	23
532	34
532	37
532	39
535	30
535	34
535	39
535	59
535	68
538	8
538	23
538	29
538	32
538	52
541	19
541	40
541	42
541	71
542	17
542	30
542	49
542	55
542	73
543	1
543	16
544	4
544	10
544	18
544	22
544	40
544	65
546	34
546	45
547	41
550	3
550	4
561	34
561	76
562	24
562	25
562	28
562	42
562	48
562	70
565	17
565	33
565	49
565	55
568	1
568	3
568	9
568	10
570	59
570	68
570	79
572	18
572	37
577	36
577	65
583	14
583	18
583	61
583	70
588	9
588	30
588	35
588	41
588	58
588	71
590	2
590	9
590	24
590	29
590	33
591	16
591	30
592	9
592	56
592	64
592	70
592	71
594	38
594	39
594	54
594	62
594	77
596	44
596	46
596	64
596	74
597	1
597	7
597	22
597	52
597	58
597	59
599	8
599	24
599	74
599	78
599	80
603	3
603	20
603	31
603	65
605	11
605	59
606	7
606	16
606	63
606	64
606	69
606	72
606	79
607	20
607	21
607	23
607	45
607	51
607	59
607	60
609	50
613	4
613	12
613	28
613	36
613	39
613	41
613	64
613	72
613	79
613	80
616	6
616	16
616	17
616	41
616	54
616	57
616	70
621	69
621	80
622	52
622	64
622	67
626	35
626	59
626	76
627	29
632	25
632	55
632	74
633	11
633	16
633	30
633	33
633	34
633	35
633	42
633	45
633	49
636	71
639	4
639	9
639	14
639	31
639	68
639	69
639	78
639	80
640	35
640	72
643	7
643	12
643	36
643	38
643	41
643	63
644	18
644	60
644	64
644	65
644	70
652	7
652	32
652	53
652	68
655	14
655	21
655	50
655	62
655	71
655	74
656	7
656	9
656	18
656	63
657	19
657	30
657	32
657	66
659	7
659	12
659	17
659	30
659	73
659	74
659	80
662	9
662	28
662	29
662	45
662	66
662	77
663	64
664	75
666	14
666	25
666	62
666	69
666	72
667	33
667	51
667	63
668	67
669	52
669	53
670	20
670	49
670	51
670	59
670	79
671	16
671	18
671	24
671	25
671	39
671	61
672	15
672	58
672	62
672	67
673	4
673	20
673	41
673	74
676	54
676	56
680	20
680	58
683	7
683	13
683	16
683	24
683	50
690	3
690	28
690	39
690	61
690	66
690	68
690	78
696	19
696	56
700	40
700	51
700	70
703	38
708	31
708	51
708	53
708	60
710	45
716	13
718	45
718	65
720	7
720	20
720	44
720	48
720	69
720	74
722	14
722	32
722	58
722	62
722	65
726	34
726	40
726	74
735	16
736	6
736	9
736	23
736	58
736	63
736	75
743	21
743	51
743	55
743	56
743	71
744	5
744	14
744	27
744	47
744	59
744	67
746	53
746	54
746	60
746	61
746	64
746	75
748	12
748	59
748	64
750	10
750	16
750	45
750	69
750	74
751	26
751	46
751	65
751	67
751	74
751	76
753	4
753	13
753	25
753	34
753	44
753	54
753	58
753	61
753	78
753	80
754	3
754	14
754	17
754	41
754	42
754	45
754	67
754	74
755	40
755	64
755	74
756	1
756	32
761	2
761	4
761	5
761	14
761	23
761	24
761	30
761	33
761	35
761	46
761	63
761	77
765	62
765	71
766	11
766	24
766	62
772	38
773	7
773	28
773	36
773	39
773	47
773	51
773	57
773	64
780	23
780	39
780	43
780	59
780	60
783	12
783	15
783	48
783	56
783	69
783	77
785	3
785	12
785	19
785	36
785	64
785	71
786	8
786	16
786	25
791	26
791	44
791	80
792	39
792	70
792	73
795	61
802	31
802	37
802	58
802	71
802	74
803	20
803	26
803	53
805	15
805	25
806	11
806	17
818	51
818	73
822	11
822	23
823	36
823	44
823	56
823	80
828	53
838	13
838	28
838	53
841	10
841	17
842	13
845	40
845	65
846	26
847	48
847	52
847	68
847	72
850	40
850	45
850	68
856	36
856	47
861	5
861	57
861	59
862	1
862	9
862	18
862	22
862	68
862	71
863	78
871	8
871	25
874	12
874	17
874	26
874	32
874	70
874	71
874	78
876	39
876	66
876	67
876	76
887	13
887	72
894	78
894	79
894	80
899	32
899	42
899	43
899	63
903	80
905	55
911	6
911	37
911	74
914	36
914	39
914	52
914	70
915	2
915	62
918	63
920	22
920	24
923	16
923	20
923	53
923	63
928	14
928	28
928	40
928	49
928	67
929	58
933	19
933	42
933	49
942	34
942	80
944	34
944	59
948	4
948	79
949	3
949	21
949	64
951	3
951	33
951	39
951	74
952	75
952	77
957	9
957	44
959	12
959	21
959	31
959	34
959	44
959	75
962	14
962	38
962	50
962	66
962	71
963	24
963	34
963	40
963	50
963	69
963	72
966	3
966	21
966	37
966	49
966	70
968	3
968	9
968	20
968	27
968	33
968	38
968	50
968	55
968	77
971	22
974	18
974	22
976	31
976	74
981	15
981	44
981	64
981	67
983	25
984	10
984	30
984	80
985	70
987	23
987	26
987	37
987	38
987	45
987	49
987	68
990	4
990	11
990	24
990	35
990	39
990	69
991	4
991	25
991	34
991	52
991	62
991	71
991	73
995	19
995	64
995	76
995	80
998	19
998	26
998	53
998	57
998	80
1004	52
1004	60
1006	50
1006	68
1006	76
1009	21
1009	35
1009	46
1009	74
1013	11
1013	24
1013	35
1013	45
1013	74
1013	77
1016	13
1016	19
1016	28
1016	31
1016	32
1016	45
1016	49
1016	65
1021	31
1021	60
1023	5
1023	13
1023	24
1023	25
1023	27
1023	38
1023	49
1023	76
1024	3
1024	61
1027	39
1027	49
1029	6
1029	63
1032	7
1032	9
1032	53
1034	6
1034	66
1034	69
1034	71
1040	42
1041	5
1041	29
1041	63
1041	65
1041	79
1043	9
1043	14
1043	19
1043	37
1043	57
1043	63
1043	74
1044	40
1044	71
1045	38
1045	40
1045	63
1048	6
1048	13
1048	36
1048	52
1048	59
1048	72
1048	79
1049	22
1049	28
1049	33
1049	68
1051	3
1051	27
1051	31
1051	42
1051	57
1051	78
1055	29
1055	31
1055	34
1055	52
1061	7
1061	60
1064	41
1064	64
1068	40
1068	52
1074	7
1074	19
1074	26
1074	29
1074	39
1074	50
1074	72
1074	75
1074	76
1076	18
1076	23
1076	61
1077	29
1077	30
1077	39
1077	59
1077	72
1078	20
1078	74
1078	80
1080	44
1080	50
1082	3
1082	56
1082	76
1083	8
1083	42
1083	77
1083	79
1086	15
1086	42
1086	58
1086	73
1086	75
1086	80
1093	1
1093	13
1094	1
1095	31
1095	63
1099	34
1106	2
1106	57
1107	5
1107	6
1107	8
1107	14
1107	38
1107	39
1107	40
1107	48
1109	48
1109	63
1114	71
1120	40
1126	35
1126	72
1126	78
1128	24
1128	41
1128	48
1128	50
1128	57
1128	59
1130	70
1130	77
1131	50
1131	65
1132	11
1132	20
1132	26
1132	40
1132	53
1132	60
1132	63
1132	66
1134	14
1134	33
1137	4
1137	28
1137	52
1137	57
1137	79
1139	3
1139	13
1139	14
1139	26
1139	32
1139	47
1139	50
1139	77
1140	28
1140	37
1140	38
1140	41
1140	46
1140	60
1140	73
1143	8
1143	12
1143	16
1143	28
1143	37
1143	58
1143	59
1143	64
1143	73
1145	42
1146	21
1146	44
1146	65
1146	80
1147	6
1147	16
1147	64
1151	28
1151	32
1151	56
1155	8
1155	18
1155	23
1155	28
1155	40
1155	52
1155	80
1156	8
1156	11
1156	26
1157	2
1157	15
1157	30
1157	38
1157	45
1157	67
1159	55
1159	70
1162	25
1164	5
1164	11
1164	12
1164	25
1164	69
1170	7
1170	20
1170	63
1170	75
1170	79
1182	21
1182	36
1182	44
1185	39
1185	41
1185	42
1185	45
1187	34
1187	66
1187	71
1187	74
1189	9
1191	18
1191	24
1191	55
1191	65
1206	31
1208	26
1208	42
1208	54
1215	54
1218	1
1218	36
1218	44
1218	60
1226	23
1226	34
1226	42
1226	48
1226	62
1226	80
1228	4
1228	6
1228	14
1228	23
1228	27
1228	31
1228	56
1228	75
1231	18
1231	51
1231	52
1231	66
1231	69
1231	72
1236	3
1236	7
1236	79
1238	29
1240	30
1240	72
1246	23
1246	25
1246	35
1246	44
1246	46
1246	47
1246	58
1246	62
1247	3
1247	61
1247	68
1248	33
1260	19
1260	32
1260	64
1261	6
1261	9
1261	44
1261	59
1261	61
1267	11
1267	29
1267	30
1267	32
1267	50
1267	58
1267	61
1267	74
1267	78
1270	12
1270	15
1270	26
1270	50
1270	51
1271	43
1274	16
1274	46
1274	47
1274	61
1290	25
1290	35
1290	37
1292	6
1292	11
1292	15
1300	60
1310	46
1310	77
1311	49
1311	79
1312	5
1312	27
1312	39
1316	22
1316	38
1316	43
1316	48
1316	54
1322	76
1323	57
1324	26
1324	30
1324	59
1324	80
1334	33
1334	73
1335	47
1335	48
1335	50
1335	67
1338	19
1338	65
1344	6
1344	9
1344	25
1344	36
1344	45
1344	58
1346	37
1346	38
1351	9
1352	29
1356	45
1356	80
1362	16
1362	19
1362	20
1363	27
1363	42
1365	59
1370	5
1370	37
1370	41
1370	46
1370	52
1370	61
1372	10
1372	13
1372	25
1372	33
1372	45
1372	49
1372	63
1373	28
1373	36
1373	47
1373	58
1373	59
1373	69
1374	18
1374	29
1378	44
1378	54
1378	55
1379	10
1379	34
1379	62
1390	4
1390	8
1390	35
1390	55
1390	57
1390	61
1392	40
1396	14
1396	51
1396	60
1396	71
1396	72
1398	39
1398	66
1398	75
1398	76
1412	1
1412	35
1412	48
1412	50
1413	38
1413	74
1417	6
1417	11
1417	42
1417	45
1417	51
1417	57
1419	30
1419	32
1419	47
1419	79
1421	44
1422	6
1422	14
1422	53
1422	68
1437	11
1437	21
1437	48
1437	71
1443	13
1443	40
1443	52
1443	79
1443	80
1444	8
1444	44
1453	10
1453	57
1453	62
1453	79
1455	10
1455	11
1455	41
1455	49
1455	52
1455	61
1461	12
1461	42
1461	49
1461	66
1461	69
1461	74
1461	77
1461	78
1462	4
1462	37
1469	5
1469	41
1469	43
1471	61
1471	65
1471	77
1472	2
1472	3
1472	49
1472	50
1472	61
1476	74
1481	1
1481	4
1481	38
1481	52
1481	55
1481	59
1481	65
1492	2
1492	33
1492	65
1492	74
1495	63
1501	7
1501	38
1501	71
1504	24
1504	38
1504	66
1512	20
1512	30
1512	41
1512	80
1514	7
1514	48
1514	80
1521	1
1521	32
1521	34
1521	79
1521	80
1524	11
1524	36
1524	43
1525	24
1533	71
1537	31
1547	7
1547	61
1553	45
1555	14
1555	34
1555	42
1558	2
1558	8
1558	57
1558	62
1559	14
1559	21
1559	32
1559	43
1559	44
1560	9
1560	21
1560	33
1560	35
1560	42
1560	70
1565	27
1565	41
1565	52
1565	65
1565	76
1573	3
1573	5
1573	6
1573	7
1573	27
1573	33
1573	34
1573	35
1573	38
1573	44
1573	74
1573	79
1574	19
1577	9
1577	33
1577	37
1578	13
1578	14
1578	28
1578	29
1578	42
1580	21
1580	58
1582	2
1582	6
1582	19
1582	55
1582	61
1582	72
1588	37
1588	70
1592	76
1596	27
1596	31
1596	48
1596	50
1596	55
1596	58
1596	60
1596	62
1596	63
1596	64
1596	67
1596	72
1596	75
1596	77
1597	2
1597	36
1597	64
1602	3
1602	16
1602	17
1602	44
1602	48
1602	75
1607	14
1607	61
1608	23
1608	27
1608	28
1608	59
1608	72
1610	8
1610	24
1610	46
1610	56
1610	60
1610	63
1610	76
1611	57
1613	45
1618	9
1618	72
1619	13
1619	40
1619	48
1619	49
1619	72
1621	63
1621	65
1621	78
1623	68
1624	17
1624	34
1627	8
1627	20
1627	76
1629	35
1629	45
1629	57
1629	79
1633	77
1635	19
1638	23
1638	26
1638	27
1638	32
1638	35
1638	36
1638	37
1644	3
1644	32
1646	16
1646	36
1646	53
1646	62
1646	63
1649	11
1649	17
1649	62
1649	70
1649	75
1649	79
1651	4
1651	44
1651	45
1651	49
1651	62
1651	79
1662	3
1662	25
1662	46
1662	67
1662	70
1662	72
1664	18
1664	31
1664	35
1676	2
1676	14
1676	16
1676	31
1676	79
1676	80
1684	4
1684	13
1685	15
1685	26
1685	44
1685	57
1685	71
1686	17
1686	33
1686	60
1691	59
1704	30
1704	32
1704	36
1704	43
1711	33
1711	43
1711	55
1711	59
1711	66
1711	74
1714	6
1714	54
1719	32
1722	2
1722	8
1722	11
1722	42
1722	44
1722	54
1722	63
1722	79
1723	63
1730	19
1732	13
1732	49
1732	53
1732	54
1732	65
1732	69
1732	72
1734	38
1737	13
1737	23
1737	76
1744	20
1744	21
1744	34
1746	10
1746	20
1746	78
1747	17
1747	27
1747	29
1747	30
1747	48
1747	55
1747	60
1747	70
1747	73
1750	47
1750	55
1750	63
1754	22
1754	37
1757	18
1757	19
1757	24
1757	25
1762	2
1762	16
1762	51
1762	62
1767	2
1767	35
1769	27
1769	35
1769	39
1769	52
1769	60
1774	3
1774	32
1774	37
1774	52
1774	58
1787	19
1787	59
1788	7
1797	4
1797	6
1797	10
1797	52
1806	14
1806	26
1810	5
1810	48
1810	55
1810	57
1810	74
1810	80
1811	31
1812	7
1812	51
1812	56
1813	2
1813	23
1813	29
1813	60
1814	3
1816	13
1816	42
1823	8
1824	40
1824	56
1824	79
1825	21
1825	24
1825	41
1826	2
1832	6
1832	22
1832	36
1832	47
1832	54
1832	71
1836	44
1836	55
1836	65
1836	78
1838	8
1838	60
1839	22
1839	47
1839	48
1839	66
1839	68
1848	5
1848	32
1848	58
1850	22
1851	17
1851	41
1851	51
1851	65
1857	14
1857	18
1857	26
1857	61
1860	2
1860	20
1860	37
1860	54
1863	1
1863	14
1863	32
1863	49
1866	40
1868	24
1868	25
1868	33
1869	3
1869	26
1869	56
1869	74
1878	4
1878	12
1878	41
1878	57
1879	17
1879	24
1879	66
1880	46
1880	49
1882	6
1882	61
1883	5
1883	30
1883	32
1883	35
1883	73
1883	77
1884	21
1884	31
1884	38
1885	69
1885	75
1888	11
1888	28
1888	31
1888	59
1888	61
1888	67
1888	75
1889	73
1890	41
1890	50
1904	16
1904	17
1904	23
1906	10
1909	3
1909	4
1917	61
1920	3
1920	36
1943	34
1943	35
1943	60
1947	14
1947	27
1947	44
1947	46
1947	47
1947	48
1948	18
1948	19
1949	23
1949	45
1949	53
1949	77
1951	16
1951	22
1951	33
1951	50
1951	53
1951	58
1951	76
1951	79
1951	80
1963	5
1963	12
1963	52
1963	58
1967	48
1967	50
1967	62
1967	63
1967	69
1967	79
1968	33
1968	35
1968	42
1968	47
1971	27
1973	7
1977	14
1977	21
1977	30
1977	31
1977	32
1977	76
1980	2
1980	36
1980	64
1983	10
1983	31
1983	48
1986	36
1986	50
1986	63
1986	65
1986	66
1986	77
1992	9
1992	36
1993	1
1993	11
1993	12
1993	39
1993	53
1993	62
1993	76
1995	13
1995	27
1995	28
1995	38
1995	39
1995	43
1995	44
1998	37
1998	50
1998	60
1999	24
1999	38
1999	52
2000	39
2000	45
2000	65
2000	66
2000	75
2002	5
2002	7
2002	38
2003	4
2003	7
2003	9
2003	12
2003	23
2003	24
2003	25
2003	26
2003	31
2003	61
2007	5
2007	45
2007	61
2007	78
2008	72
2011	10
2011	64
2011	70
2015	19
2015	26
2015	34
2015	80
2018	62
2021	42
2023	40
2023	43
2025	29
2031	22
2032	9
2032	51
2032	58
2032	68
2032	69
2043	11
2043	24
2043	63
2043	64
2043	65
2043	76
2043	78
2046	7
2046	16
2046	22
2046	61
2054	15
2054	17
2054	53
2059	7
2059	35
2059	42
2061	37
2061	69
2061	71
2061	75
2065	12
2065	48
2065	56
2065	68
2069	24
2069	37
2069	70
2074	22
2074	36
2074	48
2083	16
2083	51
2083	52
2085	1
2085	8
2085	25
2085	35
2085	62
2085	78
2088	39
2088	59
2088	61
2093	14
2093	22
2093	45
2095	10
2095	13
2105	44
2105	47
2105	51
2105	59
2114	46
2114	53
2117	65
2117	79
2118	12
2118	79
2124	3
2124	6
2124	10
2124	30
2124	41
2124	45
2124	56
2124	62
2124	71
2124	72
2124	74
2128	29
2128	41
2128	66
2134	4
2134	11
2134	17
2134	62
2134	75
2139	5
2139	16
2139	31
2139	39
2139	55
2139	60
2139	61
2139	66
2142	66
2147	21
2147	47
2147	50
2148	34
2148	35
2148	46
2148	74
2154	78
2162	16
2162	25
2162	69
2162	72
2165	13
2165	19
2165	38
2170	5
2170	39
2170	42
2176	6
2176	16
2176	18
2176	20
2176	37
2176	50
2176	54
2176	69
2176	71
2181	29
2181	49
2181	57
2181	59
2183	64
2184	11
2184	29
2184	56
2186	7
2188	2
2188	47
2188	75
2190	49
2191	76
2196	11
2196	24
2196	28
2196	29
2196	64
2198	35
2198	79
2214	14
2214	55
2214	60
2215	41
2221	42
2221	47
2221	49
2221	59
2225	5
2225	10
2225	23
2226	3
2226	58
2233	69
2234	14
2234	30
2234	69
2236	3
2236	33
2236	72
2239	36
2239	37
2239	48
2239	78
2239	79
2240	55
2242	29
2242	75
2245	13
2245	17
2245	78
2246	2
2246	9
2246	18
2246	64
2249	20
2249	23
2249	38
2251	46
2251	56
2251	73
2259	1
2259	3
2259	8
2259	9
2259	18
2259	27
2259	31
2259	32
2259	49
2259	50
2268	8
2272	29
2272	46
2272	74
2272	77
2274	14
2274	66
2285	15
2285	17
2285	35
2285	50
2292	6
2292	23
2292	40
2293	15
2294	10
2294	12
2294	13
2294	15
2294	18
2294	19
2294	45
2294	49
2295	29
2295	67
2295	80
2296	64
2296	69
2297	19
2297	20
2297	56
2297	65
2297	70
2303	3
2303	69
2305	23
2305	56
2307	40
2307	41
2307	68
2308	48
2314	34
2314	37
2314	68
2319	4
2319	5
2319	27
2319	33
2319	38
2319	49
2319	52
2319	57
2319	66
2319	69
2319	71
2320	42
2322	2
2322	71
2325	9
2325	37
2325	39
2330	8
2330	23
2344	3
2344	10
2344	30
2344	33
2344	34
2344	47
2344	61
2344	62
2344	75
2348	19
2348	26
2348	27
2348	38
2348	70
2356	15
2359	50
2359	64
2368	12
2368	35
2368	48
2368	60
2368	75
2369	9
2369	49
2378	3
2378	33
2378	65
2383	46
2383	72
2390	10
2390	31
2390	38
2390	43
2392	2
2392	28
2392	73
2392	75
2392	80
2395	21
2395	22
2395	32
2395	46
2396	50
2396	56
2402	44
2402	72
2408	8
2408	30
2408	55
2408	68
2409	38
2409	45
2409	56
2409	57
2409	63
2410	7
2410	40
2410	56
2410	77
2412	24
2414	2
2414	15
2414	22
2414	28
2414	35
2414	74
2414	77
2414	78
2415	19
2415	56
2416	34
2416	41
2416	42
2416	66
2424	35
2424	68
2428	5
2428	42
2429	10
2429	29
2429	77
2431	26
2431	36
2431	54
2431	55
2435	52
2435	62
2449	20
2449	25
2449	34
2451	18
2451	19
2451	26
2451	32
2451	74
2455	48
2455	62
2455	76
2458	3
2458	42
2458	46
2458	62
2458	80
2473	65
2473	67
2476	37
2476	39
2476	46
2477	10
2477	33
2477	47
2477	60
2478	26
2478	36
2478	42
2478	48
2478	49
2478	53
2478	62
2478	69
2478	71
2485	9
2485	18
2485	27
2485	41
2485	60
2485	71
2485	80
2486	16
2486	22
2486	55
2486	80
2489	37
2489	53
2489	55
2492	65
2500	12
2500	21
2500	22
2500	45
2500	48
2506	63
2506	67
2507	50
2507	51
2509	67
2513	70
2514	8
2514	29
2514	53
2516	7
2516	12
2516	14
2517	40
2520	5
2520	8
2520	10
2520	12
2520	28
2520	40
2520	63
2520	79
2521	3
2521	59
2521	63
2528	13
2528	23
2528	30
2528	37
2528	66
2532	20
2532	23
2532	42
2532	46
2532	47
2534	2
2534	3
2534	50
2540	6
2540	21
2540	22
2540	29
2540	41
2544	13
2544	16
2544	61
2544	62
2545	28
2545	48
2545	78
2547	15
2547	35
2547	58
2547	59
2547	62
2547	78
2551	12
2551	27
2551	30
2551	35
2551	50
2551	69
2551	78
2551	80
2553	26
2553	37
2553	79
2558	2
2558	67
2559	11
2559	24
2559	67
2560	9
2560	20
2560	25
2560	31
2560	32
2560	60
2560	61
2560	63
2560	80
2562	21
2562	33
2562	37
2562	46
2562	47
2562	60
2562	64
2563	32
2563	53
2563	72
2563	79
2565	62
2565	72
2568	51
2577	8
2577	23
2577	24
2577	31
2577	34
2577	37
2577	38
2577	39
2577	52
2578	5
2578	48
2579	52
2579	78
2579	79
2592	17
2592	27
2595	57
2595	62
2595	64
2595	68
2595	71
2599	1
2599	6
2599	75
2603	13
2603	53
2603	67
2608	4
2608	20
2608	36
2612	66
2612	73
2613	14
2613	20
2613	78
2623	69
2627	7
2632	6
2632	17
2632	34
2632	36
2632	49
2632	63
2632	64
2632	65
2632	66
2632	72
2638	17
2638	31
2638	39
2638	41
2638	42
2638	53
2641	24
2641	42
2641	46
2641	50
2641	51
2641	59
2648	33
2648	63
2654	52
2654	55
2655	73
2658	11
2658	54
2662	79
2662	80
2663	41
2663	67
2666	51
2668	6
2668	7
2668	23
2668	26
2668	28
2668	42
2668	75
2668	77
2668	78
2669	62
2670	14
2670	32
2670	43
2670	49
2670	79
2675	48
2677	3
2677	21
2677	23
2677	30
2677	31
2677	56
2677	65
2677	74
2680	4
2680	5
2680	46
2680	64
2680	77
2683	4
2683	11
2683	22
2683	31
2683	42
2683	74
2685	5
2685	10
2685	67
2686	30
2691	54
2691	55
2693	55
2694	4
2694	12
2694	14
2694	15
2694	20
2694	32
2694	33
2694	41
2694	56
2694	63
2694	64
2694	65
2694	77
2699	11
2699	47
2699	49
2699	65
2708	12
2708	37
2708	43
2708	75
2712	27
2712	55
2712	60
2720	17
2720	28
2720	36
2720	61
2720	69
2720	75
2729	1
2729	14
2729	29
2729	40
2729	42
2729	47
2729	57
2729	66
2733	14
2733	23
2733	43
2735	12
2735	17
2735	20
2735	27
2735	47
2735	49
2735	59
2735	61
2735	69
2735	74
2736	45
2736	48
2736	55
2736	65
2736	69
2743	38
2743	45
2743	67
2744	61
2744	65
2749	4
2749	15
2749	21
2749	22
2749	65
2751	20
2751	69
2754	53
2755	66
2755	68
2755	75
2757	65
2763	42
2763	77
2768	6
2768	21
2768	27
2768	38
2768	44
2768	55
2768	69
2768	78
2769	74
2775	9
2778	4
2778	38
2778	59
2779	11
2779	17
2779	75
2783	2
2783	40
2783	76
2785	6
2789	63
2789	78
2795	32
2798	23
2798	27
2798	43
2798	49
2798	65
2798	78
2798	79
2800	21
2800	37
2800	52
2800	71
2804	12
2804	16
2804	36
2804	50
2805	8
2805	14
2805	16
2805	32
2805	50
2807	53
2807	61
2807	68
2807	71
2809	23
2813	67
2815	13
2815	79
2818	18
2818	62
2819	22
2819	34
2819	44
2821	26
2821	29
2821	30
2821	36
2821	47
2821	60
2821	66
2821	67
2824	21
2824	22
2824	24
2824	57
2825	3
2825	22
2825	34
2825	44
2825	48
2825	54
2825	60
2831	3
2831	14
2831	21
2831	41
2831	49
2832	4
2832	6
2832	12
2834	45
2834	56
2834	69
2834	74
2838	16
2838	18
2838	70
2838	79
2843	42
2843	49
2843	52
2843	76
2844	21
2844	63
2845	65
2848	2
2848	49
2848	53
2848	78
2850	62
2851	18
2851	19
2851	20
2851	21
2851	23
2851	28
2851	71
2853	18
2853	41
2853	69
2857	4
2857	24
2857	25
2857	55
2857	75
2857	80
2858	6
2858	65
2864	72
2866	39
2872	10
2872	14
2872	16
2872	42
2872	53
2876	50
2876	73
2878	15
2879	56
2880	12
2881	7
2881	25
2881	53
2881	63
2888	23
2888	30
2888	34
2890	53
2892	12
2892	20
2892	21
2892	36
2892	47
2893	12
2893	16
2893	24
2893	39
2894	4
2894	39
2896	47
2896	75
2901	12
2901	13
2901	24
2901	29
2901	74
2904	79
2907	6
2907	17
2907	24
2907	25
2907	39
2907	42
2907	53
2907	54
2907	57
2907	63
2907	64
2907	71
2914	78
2916	29
2916	30
2916	45
2916	70
2920	8
2920	65
2920	74
2923	58
2923	80
2927	41
2928	17
2930	20
2930	21
2930	30
2930	56
2930	57
2931	23
2931	25
2931	33
2931	35
2931	56
2931	63
2931	69
2932	20
2932	39
2932	56
2932	76
2933	24
2933	56
2933	58
2937	21
2937	42
2937	53
2937	55
2937	70
2942	10
2942	11
2942	30
2942	34
2942	40
2942	47
2942	62
2943	79
2944	4
2944	34
2944	76
2947	80
2950	3
2950	51
2950	62
2950	79
2951	10
2951	16
2951	22
2951	25
2951	26
2951	30
2951	35
2951	41
2951	63
2953	5
2953	17
2953	21
2953	36
2955	20
2955	25
2955	31
2955	38
2955	56
2955	60
2959	23
2959	24
2959	41
2959	51
2959	77
2963	40
2971	22
2971	53
2971	58
2971	67
2973	57
2979	31
2979	46
2979	49
2979	75
2981	10
2981	55
2981	64
2981	66
2981	73
2982	10
2982	23
2982	26
2982	33
2982	39
2982	71
2984	25
2984	47
2984	56
2984	66
2984	70
2985	2
2985	8
2985	44
2985	71
2989	12
2989	61
2991	4
2991	13
2991	14
2991	20
2991	33
2991	45
2991	47
2991	73
2999	40
2999	42
2999	44
2999	67
3000	59
3005	28
3005	49
3005	66
3006	11
3006	32
3006	41
3008	30
3008	74
3008	79
3010	58
3013	57
3019	13
3019	19
3019	28
3019	40
3019	79
3021	9
3021	29
3021	42
3021	63
3023	12
3023	51
3032	7
3032	61
3032	62
3039	56
3039	78
3042	43
3051	77
3053	15
3053	22
3053	36
3054	33
3054	38
3058	19
3058	33
3058	50
3058	59
3060	49
3061	5
3066	17
3066	31
3068	14
3068	17
3068	29
3068	71
3068	75
3068	77
3072	2
3072	36
3072	42
3072	46
3072	73
3073	2
3073	28
3083	19
3083	27
3083	28
3083	58
3083	68
3085	60
3085	74
3085	75
3087	35
3094	35
3094	78
3096	22
3096	24
3096	36
3096	48
3101	7
3103	14
3103	23
3104	28
3104	65
3104	75
3104	78
3107	3
3107	28
3107	36
3107	52
3107	60
3109	8
3109	16
3109	18
3109	29
3109	33
3109	39
3113	7
3113	16
3113	23
3113	29
3113	61
3113	68
3113	74
3117	1
3117	65
3118	1
3118	24
3120	42
3120	61
3124	9
3126	9
3126	23
3126	53
3126	60
3126	63
3127	7
3127	28
3127	35
3127	37
3127	41
3127	47
3127	49
3127	52
3127	57
3127	73
3129	43
3129	50
3129	51
3131	14
3131	24
3131	28
3131	46
3131	49
3131	53
3131	59
3131	60
3131	64
3131	74
3139	1
3139	20
3139	41
3139	60
3140	30
3141	3
3141	20
3141	43
3142	25
3142	59
3148	26
3148	44
3148	67
3153	59
3153	77
3155	11
3155	24
3155	26
3155	29
3155	33
3155	37
3155	59
3155	65
3155	69
3155	70
3155	71
3155	76
3158	23
3158	36
3158	78
3159	21
3159	36
3159	38
3159	46
3159	60
3159	75
3162	40
3162	42
3170	53
3170	61
3175	44
3175	58
3180	39
3181	20
3181	29
3186	55
3187	13
3187	38
3187	42
3187	43
3187	45
3187	52
3188	42
3188	65
3190	43
3190	51
3190	58
3193	57
3201	5
3201	33
3201	34
3201	48
3201	49
3201	69
3201	77
3206	38
3206	39
3206	41
3206	43
3210	14
3210	45
3210	69
3210	75
3212	65
3213	6
3213	57
3215	13
3215	77
3216	50
3216	54
3216	55
3224	65
3228	9
3228	69
3229	25
3229	63
3233	46
3233	67
3233	78
3234	9
3234	21
3239	25
3239	56
3240	42
3240	68
3241	5
3241	17
3241	27
3241	38
3243	71
3244	11
3244	67
3244	77
3250	23
3250	50
3251	48
3251	51
3251	65
3253	37
3254	28
3254	49
3254	70
3256	6
3256	18
3256	33
3256	39
3256	60
3256	63
3256	74
3257	14
3257	20
3257	21
3257	53
3257	79
3260	8
3260	66
3260	68
3266	38
3274	9
3274	40
3276	75
3278	54
3279	2
3279	26
3279	29
3279	72
3279	73
3283	4
3283	53
3284	4
3284	57
3285	41
3285	46
3285	54
3285	78
3298	9
3298	30
3298	40
3298	41
3298	51
3298	62
3298	75
3301	30
3301	31
3301	33
3301	77
3302	8
3302	9
3302	28
3302	80
3304	17
3305	31
3313	11
3313	20
3315	4
3315	26
3315	50
3315	51
3321	1
3321	32
3321	53
3325	17
3325	25
3328	20
3328	32
3328	59
3331	9
3331	80
3333	6
3333	28
3333	49
3335	49
3342	56
3342	63
3342	76
3344	26
3344	32
3344	57
3344	58
3344	70
3345	3
3345	23
3345	40
3349	41
3349	44
3349	74
3349	80
3350	8
3350	15
3350	29
3350	33
3350	62
3356	17
3356	29
3357	47
3363	24
3363	28
3363	30
3363	54
3363	61
3363	62
3363	72
3363	80
3366	3
3366	10
3366	13
3366	26
3368	49
3368	65
3368	70
3368	71
3368	78
3369	30
3369	38
3369	39
3369	55
3369	78
3375	56
3378	3
3378	35
3378	47
3378	48
3379	30
3379	37
3380	61
3380	70
3383	41
3383	52
3385	17
3387	42
3387	48
3387	53
3387	55
3387	70
3387	74
3392	9
3392	12
3392	34
3392	50
3392	58
3392	77
3395	6
3395	15
3395	27
3395	63
3395	64
3397	24
3397	64
3397	77
3403	4
3416	18
3416	23
3416	64
3416	72
3418	2
3419	19
3419	23
3419	40
3419	44
3419	59
3419	72
3419	75
3419	80
3420	28
3420	57
3420	68
3422	27
3422	40
3422	51
3422	77
3424	29
3424	32
3424	37
3424	62
3425	15
3425	19
3425	34
3425	47
3425	74
3425	79
3436	14
3436	17
3436	21
3436	27
3436	30
3436	38
3436	44
3436	54
3436	75
3436	76
3440	4
3440	48
3440	58
3444	14
3444	25
3444	44
3444	57
3452	25
3452	28
3456	10
3456	13
3456	18
3456	22
3456	79
3464	28
3464	52
3464	76
3468	23
3468	63
3469	57
3470	29
3470	67
3470	68
3470	74
3474	5
3474	6
3474	8
3474	24
3474	34
3474	75
3477	15
3477	43
3477	66
3477	68
3481	7
3481	65
3481	71
3482	20
3482	21
3482	22
3482	30
3482	33
3482	73
3485	3
3485	24
3485	39
3485	46
3485	49
3485	78
3486	21
3486	43
3501	17
3501	52
3501	77
3506	1
3506	17
3507	12
3507	29
3514	60
3516	20
3516	54
3516	64
3516	65
3516	67
3519	8
3519	15
3519	32
3519	72
3519	74
3525	21
3525	74
3527	12
3527	45
3527	51
3527	61
3527	63
3529	6
3529	22
3529	28
3529	63
3534	3
3534	7
3534	14
3534	36
3534	44
3534	45
3534	53
3534	57
3534	58
3540	10
3540	45
3540	52
3544	6
3544	12
3544	20
3544	41
3544	42
3544	73
3544	74
3549	19
3549	54
3549	58
3549	70
3549	71
3551	16
3551	62
3551	74
3555	25
3555	74
3555	76
3561	38
3561	54
3569	19
3569	79
3576	44
3577	19
3577	22
3577	46
3577	66
3581	38
3581	47
3581	66
3586	67
3586	76
3594	16
3594	35
3594	42
3594	64
3594	76
3602	12
3602	67
3608	5
3608	31
3609	2
3609	65
3612	4
3612	22
3612	49
3612	63
3612	80
3614	5
3614	14
3614	40
3614	54
3614	75
3615	5
3620	19
3620	31
3620	34
3620	49
3620	52
3622	28
3622	56
3622	58
3624	19
3624	36
3624	53
3628	6
3628	9
3628	36
3629	8
3629	35
3629	36
3629	72
3633	19
3633	78
3641	65
3643	25
3643	55
3643	60
3645	2
3645	29
3646	65
3648	17
3648	24
3648	41
3648	53
3648	66
3650	5
3650	72
3650	78
3654	41
3654	49
3655	6
3655	21
3655	25
3655	61
3655	80
3657	54
3658	2
3658	18
3658	24
3658	29
3658	30
3658	37
3660	28
3660	57
3660	61
3660	79
3664	11
3664	35
3664	53
3664	69
3667	15
3667	36
3667	63
3670	2
3670	9
3670	17
3670	39
3672	1
3672	35
3672	72
3675	9
3675	35
3675	66
3680	17
3680	64
3680	66
3682	4
3682	26
3682	61
3685	40
3685	52
3685	57
3685	74
3687	14
3687	20
3687	71
3692	5
3692	75
3693	18
3693	19
3693	20
3693	22
3693	37
3693	53
3693	56
3693	59
3693	70
3693	73
3695	2
3695	10
3695	42
3695	47
3695	50
3695	52
3695	54
3695	63
3696	26
3696	28
3696	29
3696	41
3696	72
3696	75
3697	68
3697	77
3700	8
3700	9
3700	26
3702	3
3702	8
3702	35
3702	51
3702	55
3702	76
3707	7
3707	27
3707	39
3707	43
3707	48
3707	56
3707	74
3710	39
3710	51
3710	54
3710	73
3710	74
3710	78
3712	5
3712	32
3712	44
3712	45
3714	20
3714	22
3714	24
3714	51
3716	32
3716	33
3719	1
3719	27
3723	8
3723	12
3723	45
3725	2
3725	74
3726	4
3726	8
3726	28
3726	47
3726	78
3728	6
3728	37
3728	38
3728	41
3730	10
3730	57
3730	61
3730	68
3731	34
3731	44
3731	47
3731	48
3731	58
3731	61
3731	72
3736	1
3736	5
3736	7
3736	60
3736	77
3739	48
3741	4
3741	14
3741	21
3741	26
3741	34
3741	76
3742	9
3742	13
3742	18
3742	37
3742	44
3742	61
3748	1
3748	12
3748	13
3748	48
3748	50
3753	56
3753	58
3753	64
3753	69
3756	10
3756	19
3756	55
3761	47
3761	57
3761	66
3761	73
3764	28
3764	32
3764	63
3776	28
3776	49
3776	51
3779	19
3779	30
3779	54
3779	61
3783	22
3788	8
3788	11
3788	17
3788	19
3788	22
3788	36
3788	69
3794	2
3794	38
3796	18
3796	34
3799	56
3801	2
3801	16
3801	22
3801	23
3801	33
3803	16
3808	69
3809	46
3809	52
3809	63
3809	64
3816	75
3818	17
3818	23
3818	43
3818	62
3820	31
3820	36
3820	44
3820	71
3820	73
3820	74
3820	77
3824	17
3824	32
3831	6
3831	49
3831	78
3832	10
3832	58
3832	74
3833	7
3833	31
3834	13
3834	20
3834	26
3834	27
3834	51
3837	35
3837	57
3839	2
3839	31
3839	66
3842	6
3852	26
3853	33
3853	50
3853	54
3866	10
3866	19
3872	33
3872	48
3872	55
3874	66
3880	12
3880	34
3880	54
3880	59
3880	60
3880	68
3880	79
3885	5
3885	38
3885	44
3888	9
3888	36
3888	49
3888	54
3889	7
3895	14
3895	28
3895	44
3901	28
3901	51
3901	65
3908	15
3908	25
3908	48
3912	10
3912	19
3912	54
3912	60
3913	8
3913	42
3914	8
3914	21
3914	34
3916	12
3916	78
3917	24
3917	35
3917	39
3917	57
3920	9
3920	26
3920	76
3920	78
3921	53
3922	3
3922	58
3923	40
3923	46
3923	54
3923	56
3929	5
3929	26
3929	68
3931	1
3931	45
3932	19
3932	29
3932	67
3932	73
3933	29
3933	30
3933	66
3934	13
3934	53
3934	57
3934	73
3939	15
3939	17
3939	30
3939	44
3939	52
3939	60
3939	73
3939	75
3940	36
3940	80
3941	5
3941	27
3941	54
3950	34
3954	10
3954	15
3954	25
3954	40
3954	58
3955	16
3955	17
3955	62
3955	68
3957	16
3957	19
3957	58
3957	75
3959	21
3959	23
3959	34
3959	40
3960	40
3963	32
3963	75
3963	79
3969	12
3969	16
3969	68
3972	34
3972	43
3972	64
3977	25
3977	60
3977	62
3977	63
3977	66
3984	6
3984	22
3984	36
3984	41
3984	69
3985	41
3990	38
3990	59
3990	66
3990	72
3997	16
3997	66
3997	68
4005	1
4005	54
4011	11
4011	15
4011	18
4011	51
4011	63
4011	68
4011	79
4014	3
4014	20
4014	23
4014	41
4014	51
4014	72
4019	31
4019	38
4019	49
4019	68
4019	76
4020	13
4020	25
4020	54
4020	55
4022	9
4022	24
4022	74
4024	47
4024	58
4024	68
4026	8
4026	36
4026	76
4030	10
4030	13
4030	23
4030	24
4030	34
4030	42
4030	61
4030	74
4032	60
4032	72
4040	23
4040	32
4040	33
4040	50
4040	57
4040	73
4042	10
4042	52
4042	66
4042	78
4052	12
4052	18
4052	21
4052	37
4052	60
4052	68
4056	18
4056	33
4056	52
4056	63
4059	1
4059	13
4059	14
4059	16
4059	46
4059	54
4060	17
4060	19
4060	28
4060	30
4060	31
4060	48
4060	75
4062	31
4062	74
4066	6
4066	11
4066	29
4066	41
4066	44
4066	51
4066	60
4066	62
4066	70
4076	19
4080	47
4081	6
4081	25
4081	33
4081	36
4081	55
4081	69
4081	70
4088	41
4088	65
4092	64
4092	78
4094	23
4100	48
4101	60
4106	34
4106	53
4106	67
4108	11
4108	74
4111	46
4114	39
4117	12
4117	35
4117	53
4117	56
4117	76
4118	4
4118	39
4121	13
4121	14
4126	14
4126	17
4126	25
4126	42
4126	51
4126	52
4126	61
4126	65
4126	74
4131	4
4131	8
4131	20
4131	22
4131	59
4142	24
4142	34
4142	49
4142	50
4142	56
4142	57
4142	66
4149	12
4149	61
4149	63
4149	70
4155	47
4155	75
4160	10
4160	18
4160	22
4160	59
4160	76
4160	79
4162	5
4162	50
4162	53
4162	54
4162	62
4162	70
4162	76
4173	28
4173	36
4173	67
4185	20
4185	64
4187	69
4188	52
4188	61
4188	63
4189	12
4189	14
4189	37
4189	41
4189	58
4189	60
4189	64
4189	65
4192	6
4192	14
4192	33
4192	37
4193	8
4198	25
4198	54
4201	74
4208	59
4209	28
4209	70
4213	20
4213	32
4215	40
4215	78
4216	30
4216	38
4216	40
4216	79
4217	21
4217	26
4217	37
4220	47
4222	71
4222	75
4227	15
4227	25
4227	47
4227	80
4228	7
4228	9
4228	11
4228	34
4228	36
4228	37
4228	50
4228	74
4229	6
4229	13
4229	35
4229	72
4236	13
4236	40
4236	43
4236	71
4239	28
4239	31
4239	33
4239	75
4249	24
4249	58
4249	59
4253	65
4255	21
4255	30
4255	37
4255	60
4255	65
4255	70
4268	2
4268	14
4268	15
4268	39
4268	45
4268	74
4270	10
4270	12
4270	19
4270	20
4270	38
4270	47
4271	2
4271	7
4271	12
4271	23
4271	46
4271	48
4274	5
4274	25
4274	26
4274	68
4274	70
4274	73
4276	28
4276	29
4276	34
4276	35
4276	57
4276	65
4279	33
4279	39
4279	70
4282	77
4283	6
4283	39
4283	51
4283	62
4288	19
4288	40
4292	3
4292	13
4292	45
4292	61
4294	61
4298	19
4303	3
4303	12
4303	44
4303	54
4303	67
4313	1
4313	6
4313	10
4313	22
4318	50
4322	12
4322	59
4333	7
4333	41
4333	53
4333	56
4338	42
4338	56
4338	76
4340	5
4340	11
4340	17
4340	45
4347	12
4347	45
4347	59
4347	64
4347	67
4353	6
4353	36
4353	50
4353	65
4353	66
4353	71
4355	4
4355	14
4355	69
4356	31
4356	62
4358	35
4358	50
4358	61
4364	12
4364	38
4364	41
4364	50
4364	52
4364	61
4367	78
4371	19
4372	20
4372	33
4372	35
4374	4
4374	14
4374	39
4374	40
4374	41
4375	2
4377	28
4377	49
4377	78
4377	79
4378	3
4378	21
4378	32
4378	48
4378	66
4378	71
4382	76
4386	63
4405	12
4409	44
4409	47
4415	1
4415	20
4415	30
4415	66
4415	70
4415	74
4416	48
4416	56
4416	78
4424	16
4425	69
4429	38
4440	22
4440	29
4440	77
4446	3
4446	10
4446	49
4454	2
4454	28
4454	74
4460	36
4460	48
4460	54
4460	63
4462	8
4462	24
4462	26
4462	57
4462	60
4462	63
4464	7
4464	45
4464	47
4464	49
4473	36
4473	52
4473	63
4476	3
4476	31
4476	33
4476	75
4476	80
4477	78
4479	3
4479	5
4479	14
4479	58
4480	10
4480	13
4480	17
4480	25
4480	32
4480	57
4485	16
4485	31
4485	51
4485	57
4485	59
4485	60
4485	77
4488	7
4488	33
4488	42
4488	48
4488	52
4488	56
4488	72
4490	1
4490	31
4490	48
4490	64
4490	69
4491	18
4491	24
4491	39
4491	73
4502	8
4502	11
4502	20
4502	22
4502	23
4502	33
4502	36
4502	40
4502	51
4505	32
4505	35
4505	58
4510	4
4510	14
4510	38
4510	49
4511	37
4511	47
4511	80
4513	19
4513	43
4513	65
4516	68
4516	76
4518	42
4519	45
4519	56
4522	21
4522	43
4522	49
4522	64
4523	59
4523	60
4523	66
4523	69
4523	80
4524	17
4524	29
4528	8
4528	37
4528	61
4528	77
4528	79
4531	5
4531	6
4531	28
4531	30
4531	69
4535	49
4535	55
4536	35
4536	36
4536	65
4542	53
4549	46
4549	51
4549	52
4549	61
4557	3
4557	44
4557	59
4557	65
4561	6
4564	47
4564	64
4568	9
4568	18
4568	37
4568	41
4568	64
4568	76
4568	80
4572	2
4581	22
4581	54
4584	11
4584	75
4585	5
4585	37
4585	49
4585	57
4588	61
4588	69
4589	7
4589	75
4589	76
4592	5
4592	14
4592	16
4592	18
4592	36
4597	72
4604	11
4604	18
4604	32
4604	33
4604	34
4607	79
4615	29
4615	35
4615	48
4615	51
4619	18
4620	30
4620	46
4620	54
4621	5
4621	16
4621	19
4621	22
4621	24
4621	73
4621	74
4625	26
4625	29
4625	46
4625	53
4625	55
4625	58
4625	60
4629	28
4632	2
4632	51
4632	56
4632	65
4632	76
4635	30
4635	36
4636	6
4636	25
4636	29
4639	41
4639	47
4639	63
4639	74
4642	7
4642	15
4642	47
4642	51
4643	27
4643	34
4643	38
4643	39
4643	76
4645	1
4645	24
4645	32
4645	33
4645	49
4649	31
4649	33
4649	35
4649	40
4649	58
4652	38
4654	40
4654	66
4656	4
4656	17
4656	45
4656	46
4656	69
4656	78
4657	3
4657	43
4657	65
4659	12
4659	16
4659	29
4659	33
4659	55
4660	7
4660	17
4660	69
4664	53
4666	35
4667	45
4669	47
4669	59
4671	11
4671	48
4676	61
4683	21
4683	77
4685	42
4696	65
4699	1
4699	5
4699	6
4699	23
4699	79
4700	28
4700	39
4700	48
4706	29
4706	36
4706	48
4706	66
4709	2
4709	10
4709	24
4709	26
4709	47
4709	52
4709	75
4716	53
4716	56
4717	5
4717	55
4719	53
4719	56
4719	80
4722	8
4722	11
4722	27
4722	31
4722	63
4723	13
4723	14
4723	22
4723	25
4723	31
4723	55
4730	7
4730	31
4730	34
4730	42
4730	47
4730	59
4730	74
4732	18
4732	32
4732	50
4734	8
4734	12
4734	15
4734	63
4736	6
4739	10
4739	35
4739	55
4739	68
4742	47
4744	28
4744	47
4744	52
4744	56
4748	3
4748	18
4748	51
4751	28
4753	9
4753	11
4753	12
4753	13
4753	16
4753	24
4753	38
4753	49
4753	62
4753	67
4753	69
4760	71
4760	78
4765	4
4765	11
4765	17
4765	20
4765	44
4765	62
4766	7
4766	11
4766	23
4766	33
4766	60
4767	4
4767	7
4767	11
4767	35
4767	38
4767	42
4767	59
4767	61
4767	65
4767	66
4767	67
4767	75
4769	17
4769	18
4769	29
4769	62
4769	64
4770	2
4770	11
4770	22
4770	37
4770	56
4770	61
4770	63
4770	70
4772	5
4772	6
4772	56
4773	61
4774	41
4775	3
4775	10
4775	65
4779	1
4779	8
4779	31
4779	53
4781	5
4781	15
4781	16
4781	18
4781	48
4783	10
4783	11
4783	28
4783	30
4783	32
4783	35
4783	41
4783	46
4783	50
4783	57
4783	74
4790	5
4790	19
4790	33
4790	58
4790	66
4790	69
4799	1
4799	46
4799	50
4799	52
4799	58
4799	79
4799	80
4811	3
4811	11
4811	25
4811	37
4811	39
4811	41
4811	72
4811	75
4817	38
4817	58
4817	70
4820	69
4820	79
4822	12
4822	21
4822	29
4822	49
4822	50
4822	53
4822	64
4824	22
4824	34
4826	1
4826	73
4826	79
4827	23
4827	24
4827	27
4827	38
4827	75
4830	12
4830	22
4830	29
4830	34
4830	44
4830	50
4830	64
4830	77
4841	20
4841	45
4841	55
4843	70
4844	16
4844	56
4848	23
4848	24
4848	40
4848	43
4851	54
4857	62
4860	13
4860	37
4862	8
4862	9
4862	19
4862	21
4862	28
4862	65
4862	76
4868	36
4868	48
4868	54
4868	69
4871	28
4871	44
4872	18
4872	51
4872	80
4873	41
4873	54
4883	3
4883	10
4883	40
4892	3
4892	36
4892	49
4892	59
4892	68
4894	6
4894	16
4894	19
4894	33
4894	55
4894	76
4898	32
4898	46
4898	68
4898	77
4900	32
4900	73
4901	10
4902	3
4902	44
4910	20
4910	33
4910	80
4913	9
4913	20
4913	21
4913	41
4913	43
4913	48
4913	70
4916	27
4919	33
4919	40
4921	25
4921	59
4921	65
4926	55
4926	57
4926	77
4930	4
4933	40
4933	52
4934	33
4934	51
4935	26
4935	27
4935	37
4935	40
4935	42
4935	66
4937	17
4937	68
4939	11
4939	31
4939	47
4940	14
4940	38
4940	68
4940	72
4944	10
4944	18
4944	42
4944	61
4944	66
4944	73
4951	13
4951	33
4951	34
4951	38
4951	72
4954	10
4954	20
4954	29
4954	74
4960	1
4960	3
4960	23
4960	47
4960	48
4960	72
4960	79
4966	44
4966	51
4966	52
4966	54
4966	59
4967	7
4967	22
4967	76
4968	27
4969	10
4969	12
4969	37
4969	43
4969	47
4969	52
4970	14
4978	24
4978	31
4978	58
4978	73
4980	31
4980	63
4980	67
4980	70
4981	45
4981	64
4987	8
4987	41
4987	45
4987	49
4987	61
4987	67
4987	80
4989	56
4993	21
4993	60
4993	61
4996	2
4996	35
4999	8
4999	25
4999	49
4999	56
5000	18
5000	20
5000	33
5000	35
5000	53
5000	79
5001	8
5001	21
5001	34
5001	60
5004	2
5004	3
5004	36
5004	41
5004	50
5004	62
5004	64
5004	69
5017	66
5017	70
5017	71
5021	5
5021	12
5021	14
5021	29
5021	30
5021	37
5021	39
5021	40
5021	41
5021	42
5021	47
5021	54
5021	62
5021	64
5022	21
5022	35
5022	46
5022	48
5022	59
5022	71
5023	38
5023	46
5023	78
5032	26
5032	32
5034	17
5034	67
5038	13
5038	31
5043	16
5043	19
5043	49
5043	59
5054	16
5054	30
5059	9
5059	56
5059	61
5059	63
5060	5
5060	37
5060	45
5060	47
5060	48
5060	62
5062	72
5066	2
5066	3
5069	27
5069	28
5069	35
5069	49
5069	55
5069	68
5069	76
5072	1
5072	22
5072	33
5072	43
5072	75
5075	72
5076	20
5076	49
5076	63
5076	76
5076	77
5076	78
5077	22
5077	31
5077	46
5077	52
5077	69
5079	14
5079	34
5079	38
5079	43
5079	58
5080	7
5080	14
5080	20
5080	26
5080	54
5084	3
5084	38
5085	42
5085	50
5085	71
5085	72
5085	80
5086	22
5086	45
5088	23
5088	43
5088	66
5088	73
5088	79
5095	12
5095	57
5097	2
5097	12
5097	14
5097	38
5097	39
5097	53
5097	65
5099	54
5099	69
5103	16
5103	42
5105	2
5105	14
5105	21
5105	29
5105	45
5105	50
5105	52
5105	53
5105	57
5105	58
5105	59
5105	63
5107	3
5107	24
5107	60
5110	39
5110	43
5110	63
5113	23
5113	39
5113	40
5113	55
5113	62
5113	71
5114	2
5114	59
5114	75
5118	1
5118	13
5118	15
5118	27
5118	46
5118	64
5118	67
5118	69
5118	74
5118	76
5120	6
5120	8
5120	19
5120	29
5120	30
5120	32
5120	38
5120	47
5120	59
5128	50
5128	65
5128	68
5133	27
5136	47
5136	66
5136	71
5137	3
5137	4
5137	32
5137	34
5137	45
5137	57
5137	61
5144	44
5144	59
5144	78
5146	32
5148	24
5152	20
5152	45
5152	61
5155	5
5155	18
5155	63
5156	17
5156	24
5156	34
5159	17
5159	19
5159	33
5159	41
5159	62
5159	72
5159	74
5159	78
5163	11
5163	29
5163	35
5163	55
5166	2
5166	58
5177	58
5180	52
5183	51
5187	14
5187	35
5187	46
5190	2
5190	42
5190	75
5190	77
5197	23
5197	29
5197	65
5198	2
5198	13
5198	32
5202	17
5202	36
5203	7
5203	15
5203	16
5203	78
5204	8
5204	14
5204	52
5220	16
5220	62
5220	69
5220	73
5226	5
5226	11
5228	4
5228	5
5228	7
5228	11
5228	14
5228	32
5229	25
5231	13
5231	52
5235	9
5235	32
5235	38
5235	45
5235	48
5235	71
5236	11
5236	40
5236	60
5236	79
5238	54
5238	73
5239	57
5243	40
5243	64
5244	6
5244	8
5244	13
5244	40
5245	10
5245	39
5245	42
5245	66
5245	67
5248	8
5248	20
5248	76
5253	10
5253	11
5253	40
5254	11
5254	52
5254	56
5254	57
5254	74
5254	80
5255	48
5255	56
5255	60
5255	79
5257	8
5262	15
5262	41
5262	46
5262	49
5262	62
5262	80
5264	11
5264	42
5266	66
5266	71
5267	27
5267	30
5267	40
5267	57
5267	75
5268	7
5268	23
5268	27
5268	51
5268	53
5268	59
5268	75
5270	45
5275	15
5280	1
5280	4
5280	6
5280	27
5282	39
5283	9
5283	20
5283	35
5283	68
5283	70
5283	73
5283	74
5283	77
5284	15
5284	56
5290	11
5290	31
5290	51
5290	59
5294	24
5294	26
5294	58
5294	59
5299	36
5301	53
5301	54
5307	20
5307	23
5307	51
5307	64
5307	74
5308	12
5308	13
5308	19
5308	21
5308	39
5308	59
5308	63
5310	6
5310	24
5312	41
5312	63
5315	22
5315	51
5315	58
5315	74
5316	14
5320	11
5320	24
5320	48
5320	62
5320	65
5320	67
5324	11
5324	12
5324	15
5324	32
5324	33
5324	42
5324	47
5324	48
5324	51
5324	69
5324	74
5327	4
5327	52
5329	20
5329	59
5329	79
5337	21
5337	24
5337	29
5337	31
5337	35
5341	25
5341	30
5348	2
5348	8
5348	33
5348	49
5348	66
5348	69
5351	41
5351	45
5351	47
5351	64
5366	8
5367	16
5367	23
5367	49
5367	50
5367	57
5367	73
5370	19
5370	77
5371	31
5373	51
5373	69
5377	55
5377	76
5377	78
5379	52
5379	60
5381	20
5381	23
5381	42
5381	59
5381	72
5382	76
5386	7
5386	52
5386	73
5386	76
5394	11
5394	44
5394	61
5394	66
5394	69
5398	8
5400	13
5400	25
5400	26
5400	38
5400	40
5400	45
5400	71
5400	79
5405	3
5405	20
5407	24
5407	38
5407	40
5407	41
5407	66
5416	39
5416	65
5417	6
5417	62
5420	20
5420	36
5420	40
5420	71
5426	37
5426	47
5426	61
5430	45
5431	28
5431	56
5431	78
5433	2
5433	4
5433	15
5433	20
5433	41
5433	43
5433	57
5433	74
5437	15
5437	33
5437	61
5437	64
5437	79
5438	33
5438	61
5451	18
5451	78
5454	19
5456	47
5456	59
5465	2
5465	16
5465	67
5466	23
5466	30
5466	33
5466	55
5466	59
5466	64
5466	66
5470	2
5470	16
5470	33
5470	58
5470	63
5474	14
5474	20
5474	37
5474	40
5474	69
5477	5
5477	22
5477	29
5480	31
5480	34
5480	55
5481	14
5485	4
5485	79
5488	3
5488	17
5488	24
5488	62
5488	72
5492	42
5493	19
5493	31
5493	61
5493	72
5496	22
5497	17
5497	42
5497	53
5522	47
5522	70
5522	78
5523	37
5523	45
5523	50
5523	54
5523	74
5524	1
5524	27
5524	50
5524	54
5525	27
5525	58
5526	3
5526	6
5526	17
5526	44
5526	67
5526	76
5531	59
5531	71
5533	17
5533	31
5533	40
5533	60
5533	67
5533	73
5535	30
5535	32
5535	60
5535	61
5537	10
5540	27
5540	29
5540	34
5540	39
5541	11
5541	12
5541	38
5541	40
5541	60
5541	68
5541	77
5543	52
5544	15
5544	71
5549	39
5549	49
5549	80
5550	77
5552	2
5552	4
5552	10
5552	11
5552	13
5552	19
5552	35
5555	39
5555	58
5561	23
5561	38
5561	53
5561	68
5562	69
5563	6
5563	16
5563	33
5569	9
5569	35
5575	15
5575	31
5575	37
5575	53
5575	75
5580	5
5580	15
5582	37
5583	36
5583	44
5583	79
5586	7
5586	36
5588	3
5588	13
5588	15
5588	16
5588	18
5588	25
5588	36
5588	50
5588	61
5588	69
5588	70
5592	21
5592	23
5592	61
5592	64
5592	69
5594	2
5594	15
5594	50
5594	74
5595	6
5595	7
5595	21
5595	56
5595	58
5595	61
5597	60
5597	64
5597	75
5598	1
5598	13
5598	58
5598	59
5599	6
5599	10
5599	19
5599	36
5599	41
5599	68
5599	70
5602	74
5616	5
5616	14
5616	48
5616	49
5621	50
5629	24
5629	40
5639	12
5639	17
5639	42
5639	49
5639	54
5639	70
5639	79
5643	37
5643	75
5643	79
5644	3
5644	59
5644	79
5645	18
5646	5
5646	33
5646	34
5646	66
5646	78
5646	80
5647	1
5647	38
5647	47
5647	63
5647	64
5649	8
5649	33
5649	43
5649	45
5654	24
5654	32
5656	15
5656	20
5656	77
5657	4
5657	5
5657	12
5657	13
5657	14
5657	28
5657	37
5657	40
5657	57
5657	59
5657	79
5666	6
5666	12
5666	24
5666	60
5666	74
5666	75
5667	25
5667	36
5669	53
5669	57
5669	77
5669	80
5670	7
5670	17
5670	41
5673	41
5673	42
5673	52
5677	18
5677	37
5682	9
5682	27
5682	30
5682	31
5682	58
5682	61
5685	6
5685	24
5685	36
5685	41
5685	54
5685	63
5693	27
5693	38
5693	54
5696	27
5696	28
5696	73
5696	74
5696	76
5697	31
5697	52
5697	57
5697	78
5698	12
5698	58
5698	77
5702	10
5702	71
5704	10
5704	63
5713	20
5713	72
5715	57
5715	68
5715	77
5715	78
5717	6
5717	52
5718	40
5721	33
5721	73
5722	66
5724	25
5724	30
5724	37
5724	40
5724	52
5725	40
5725	59
5728	15
5728	25
5728	41
5737	42
5737	76
5740	14
5740	16
5740	29
5740	49
5740	50
5741	4
5741	13
5742	4
5742	10
5742	40
5742	66
5748	35
5748	37
5748	50
5749	15
5749	74
5755	46
5755	65
5756	25
5756	36
5756	49
5756	60
5756	80
5757	31
5757	60
5766	9
5766	11
5766	13
5766	31
5766	40
5766	41
5766	44
5766	46
5766	55
5769	65
5781	21
5781	44
5786	30
5786	35
5799	26
5801	9
5801	48
5802	17
5802	29
5802	36
5802	52
5802	53
5802	55
5802	63
5802	77
5802	79
5808	15
5808	24
5808	26
5808	30
5809	10
5809	16
5809	20
5809	24
5809	71
5812	6
5812	13
5812	43
5812	57
5812	69
5812	71
5815	36
5819	32
5821	60
5826	16
5827	76
5828	14
5828	27
5828	57
5831	5
5831	59
5841	58
5842	21
5842	34
5843	11
5843	23
5843	28
5844	63
5851	58
5851	65
5854	12
5855	6
5856	3
5856	78
5858	2
5858	8
5858	24
5858	41
5858	71
5859	2
5859	15
5859	22
5859	30
5859	49
5859	55
5862	1
5862	59
5871	3
5871	32
5871	33
5871	36
5871	59
5872	10
5872	12
5872	39
5872	62
5872	75
5872	76
5872	77
5874	20
5874	29
5874	75
5877	4
5877	38
5877	40
5877	43
5877	57
5877	59
5877	60
5877	74
5884	46
5884	80
5898	25
5898	34
5898	52
5900	59
5900	80
5901	6
5901	9
5901	55
5904	7
5904	41
5904	42
5904	72
5904	79
5911	18
5912	51
5912	53
5912	71
5917	34
5917	69
5919	39
5922	18
5922	22
5922	26
5922	52
5922	57
5922	63
5922	71
5924	13
5924	27
5928	12
5928	18
5928	29
5928	30
5928	32
5928	35
5928	36
5928	38
5928	59
5928	66
5928	72
5933	4
5933	19
5933	24
5933	29
5933	31
5933	32
5933	50
5933	56
5935	22
5935	52
5939	33
5939	34
5939	44
5939	50
5939	64
5941	3
5941	11
5941	35
5941	36
5941	37
5941	55
5941	64
5941	76
5942	18
5942	36
5942	44
5942	48
5942	77
5945	2
5945	11
5945	12
5945	41
5945	48
5945	67
5951	36
5954	15
5954	18
5954	23
5954	24
5954	25
5954	38
5955	1
5955	11
5955	44
5955	80
5956	4
5956	14
5956	18
5956	37
5956	38
5956	39
5956	48
5956	54
5956	58
5956	63
5956	69
5956	76
5957	30
5958	4
5958	74
5958	77
5958	79
5959	27
5959	49
5960	7
5960	19
5961	45
5961	67
5962	41
5963	47
5965	9
5965	63
5965	77
5973	51
5974	13
5974	69
5981	38
5984	8
5984	29
5984	40
6001	64
6001	73
6006	36
6006	56
6012	21
6012	24
6012	44
6013	9
6013	13
6013	37
6013	40
6013	51
6013	66
6013	70
6013	75
6013	77
6017	4
6022	4
6022	22
6022	69
6022	75
6023	30
6023	32
6023	46
6030	70
6035	20
6038	40
6047	3
6047	13
6047	40
6047	50
6047	53
6047	72
6052	5
6052	7
6052	12
6052	26
6052	30
6052	32
6052	34
6064	61
6064	67
6065	23
6065	39
6068	3
6068	6
6068	31
6068	36
6068	38
6068	70
6070	4
6070	30
6070	45
6070	50
6070	56
6070	68
6072	6
6072	9
6072	20
6072	21
6072	31
6072	77
6082	2
6086	77
6086	78
6087	24
6087	25
6092	30
6093	24
6093	48
6093	52
6100	24
6100	35
6100	36
6100	69
6102	9
6102	48
6102	52
6102	69
6102	75
6105	28
6105	57
6117	2
6117	24
6117	31
6117	36
6117	39
6117	71
6120	8
6120	80
6126	10
6126	69
6129	27
6129	55
6133	35
6134	1
6134	10
6134	28
6134	62
6134	68
6135	30
6135	31
6135	62
6135	63
6135	75
6135	80
6140	20
6140	40
6140	48
6140	61
6140	78
6141	10
6141	35
6141	47
6141	58
6141	73
6144	43
6144	71
6153	78
6157	41
6157	42
6157	48
6157	50
6157	51
6157	56
6161	48
6161	73
6163	9
6163	23
6163	46
6163	50
6163	54
6164	11
6164	14
6164	23
6164	36
6164	39
6164	41
6164	66
6164	70
6165	23
6165	35
6165	44
6165	53
6167	3
6167	18
6167	19
6167	29
6167	30
6167	39
6168	76
6168	78
6169	1
6169	19
6169	28
6169	70
6173	10
6173	75
6174	11
6174	12
6174	24
6174	50
6175	18
6175	20
6175	26
6175	40
6175	78
6179	28
6179	38
6179	53
6179	55
6179	74
6185	15
6185	17
6185	18
6185	24
6185	53
6187	9
6187	68
6187	71
6194	31
6195	6
6195	13
6195	57
6195	68
6195	71
6197	2
6197	6
6197	8
6197	13
6197	36
6197	45
6197	58
6197	72
6201	5
6201	35
6202	11
6202	15
6202	25
6202	44
6202	51
6202	60
6202	69
6202	70
6202	73
6202	77
6202	79
6210	54
6210	70
6210	76
6216	71
6216	72
6219	44
6219	59
6225	12
6225	30
6225	47
6226	6
6226	69
6226	72
6227	13
6227	23
6228	3
6228	7
6228	26
6228	51
6228	63
6229	17
6229	49
6229	67
6229	80
6231	38
6232	9
6232	28
6232	33
6232	42
6232	54
6246	44
6249	10
6249	53
6249	59
6249	79
6252	3
6252	8
6252	26
6252	27
6252	50
6252	51
6252	53
6252	59
6254	4
6254	25
6254	27
6254	30
6254	52
6254	69
6254	79
6255	43
6255	50
6255	51
6255	60
6255	76
6256	12
6260	7
6260	9
6263	1
6263	11
6263	28
6263	32
6266	28
6277	15
6277	34
6279	8
6279	66
6281	14
6281	23
6281	55
6281	60
6286	13
6286	51
6287	14
6287	35
6288	66
6293	14
6293	15
6293	16
6293	26
6293	72
6294	20
6294	24
6294	39
6294	53
6295	16
6295	26
6295	66
6295	71
6297	10
6297	32
6297	47
6298	50
6298	70
6299	2
6299	12
6299	44
6299	45
6299	80
6303	16
6303	17
6303	44
6303	65
6309	4
6309	12
6309	60
6310	4
6310	48
6310	76
6317	30
6319	3
6319	10
6319	22
6319	29
6319	48
6319	59
6337	17
6337	19
6337	21
6337	47
6337	74
6337	75
6337	76
6340	9
6340	52
6340	66
6341	46
6342	25
6342	42
6342	76
6346	40
6346	41
6346	55
6346	59
6347	40
6347	58
6347	64
6347	75
6350	16
6350	41
6350	64
6350	67
6350	69
6354	16
6354	30
6354	65
6356	8
6356	36
6356	43
6356	49
6356	62
6356	72
6356	78
6359	64
6360	26
6360	29
6360	32
6360	38
6360	42
6360	60
6362	13
6362	41
6362	43
6362	45
6362	47
6362	72
6362	74
6362	76
6362	77
6367	58
6370	13
6370	30
6370	36
6370	46
6370	57
6370	66
6375	14
6375	25
6375	34
6375	68
6378	10
6378	11
6378	17
6378	19
6378	20
6378	23
6378	24
6378	42
6382	47
6382	50
6382	52
6382	55
6382	57
6382	58
6382	59
6382	60
6382	78
6383	16
6383	41
6383	44
6383	59
6383	78
6385	32
6386	13
6386	33
6386	37
6387	3
6387	22
6387	31
6387	57
6387	67
6389	24
6389	55
6389	57
6391	7
6391	13
6391	26
6394	5
6394	21
6394	60
6395	3
6395	6
6395	10
6395	56
6396	26
6396	48
6403	58
6403	69
6403	71
6405	40
6405	66
6418	44
6418	78
6420	40
6420	43
6421	1
6421	2
6421	24
6424	64
6427	2
6427	68
6430	11
6430	42
6430	57
6430	64
6433	19
6436	73
6436	78
6440	6
6442	42
6442	43
6442	46
6442	72
6451	12
6457	46
6459	24
6459	30
6459	42
6460	72
6462	29
6464	4
6464	10
6464	20
6464	41
6464	48
6470	7
6470	18
6470	47
6474	9
6474	24
6474	27
6474	61
6476	19
6476	64
6480	15
6480	66
6480	75
6481	5
6481	16
6483	6
6483	24
6483	68
6486	8
6488	2
6488	5
6488	8
6488	39
6488	68
6488	78
6490	26
6490	30
6490	39
6490	42
6490	44
6494	12
6494	43
6494	46
6498	26
6498	70
6498	73
6501	11
6501	40
6501	42
6501	53
6501	60
6501	70
6508	26
6508	74
6511	37
6511	70
6518	45
6518	51
6518	53
6518	71
6521	61
6521	64
6521	65
6521	77
6521	80
6523	28
6523	46
6523	70
6526	15
6526	45
6526	58
6526	64
6526	71
6526	78
6526	79
6530	6
6530	12
6530	13
6530	42
6530	56
6533	1
6533	4
6533	22
6534	21
6534	24
6534	26
6534	46
6534	49
6534	56
6536	27
6536	37
6536	39
6536	44
6536	45
6536	56
6538	77
6546	12
6546	17
6546	24
6546	30
6546	71
6550	38
6550	52
6550	57
6550	58
6550	59
6550	66
6550	73
6551	19
6551	65
6555	25
6557	2
6557	19
6557	20
6557	23
6557	41
6557	45
6557	75
6557	76
6557	80
6558	36
6558	53
6560	40
6561	43
6561	52
6561	58
6561	71
6562	25
6562	34
6562	54
6562	76
6566	11
6566	19
6571	33
6572	41
6572	51
6574	3
6574	14
6574	76
6575	39
6575	62
6575	64
6575	69
6575	78
6579	3
6579	23
6579	63
6579	80
6580	27
6580	61
6580	67
6580	70
6586	24
6586	61
6586	67
6587	20
6587	60
6587	62
6587	79
6594	8
6594	79
6597	5
6597	11
6597	18
6597	25
6597	44
6597	49
6597	50
6597	73
6597	75
6597	79
6599	41
6599	44
6600	18
6600	30
6600	33
6600	48
6601	1
6601	15
6601	31
6601	35
6601	41
6601	43
6603	39
6603	65
6604	3
6604	10
6604	32
6604	34
6604	36
6604	49
6604	51
6604	57
6604	65
6604	73
6604	77
6604	78
6617	14
6617	23
6617	62
6625	64
6625	71
6632	5
6632	59
6632	63
6632	70
6633	46
6633	51
6633	62
6633	67
6633	78
6635	3
6635	24
6635	26
6635	29
6635	46
6635	55
6637	5
6637	28
6637	33
6637	36
6637	39
6638	65
6638	78
6641	32
6641	35
6641	52
6641	55
6641	58
6645	68
6646	8
6646	44
6646	53
6646	72
6646	79
6654	40
6654	48
6654	70
6654	79
6656	15
6656	40
6657	5
6657	14
6657	25
6657	47
6667	36
6667	67
6667	74
6669	5
6669	29
6669	42
6669	57
6670	20
6670	26
6670	36
6670	73
6670	75
6670	76
6670	80
6671	3
6671	30
6675	31
6680	53
6688	45
6688	54
6690	4
6691	18
6691	19
6691	48
6691	53
6695	17
6695	47
6695	53
6695	79
6706	18
6706	45
6706	54
6706	58
6706	66
6714	8
6714	29
6714	47
6714	54
6714	68
6716	17
6716	27
6716	34
6717	18
6717	67
6724	40
6724	47
6725	6
6725	41
6725	71
6736	12
6736	21
6736	36
6736	56
6736	66
6745	3
6745	30
6745	69
6745	72
6745	73
6747	37
6747	40
6747	68
6752	36
6752	50
6752	52
6752	55
6752	77
6756	22
6756	23
6756	24
6756	61
6756	77
6759	19
6761	52
6766	25
6766	61
6773	6
6773	20
6773	24
6774	3
6774	8
6774	25
6774	29
6774	39
6774	41
6774	73
6774	79
6779	6
6779	31
6779	32
6779	68
6784	3
6784	7
6784	18
6784	25
6784	30
6787	51
6788	3
6788	32
6788	65
6788	79
6794	13
6794	43
6796	11
6796	13
6796	17
6796	29
6796	62
6798	22
6798	41
6798	52
6809	14
6809	70
6810	5
6810	22
6813	12
6814	38
6814	41
6814	42
6829	30
6829	31
6829	70
6829	71
6831	3
6831	50
6831	59
6831	62
6831	63
6835	27
6835	35
6841	19
6841	27
6841	53
6855	23
6855	42
6855	43
6855	49
6855	59
6855	65
6858	6
6858	17
6858	23
6858	35
6858	78
6860	11
6860	77
6862	18
6862	55
6863	3
6863	8
6863	20
6863	35
6864	23
6864	40
6864	65
6867	31
6870	32
6870	33
6870	47
6870	48
6870	61
6875	5
6875	12
6875	33
6875	37
6875	52
6875	54
6875	71
6881	3
6881	6
6881	30
6881	49
6881	50
6881	53
6882	3
6882	20
6882	30
6882	50
6882	51
6882	56
6883	1
6883	43
6886	15
6886	69
6889	14
6889	18
6889	33
6889	56
6892	30
6899	25
6899	28
6899	54
6899	72
6905	14
6905	15
6905	31
6908	29
6908	31
6908	35
6908	57
6908	61
6908	65
6908	77
6912	47
6915	26
6915	29
6920	14
6920	59
6920	79
6920	80
6921	33
6921	60
6923	11
6923	45
6923	52
6923	71
6924	15
6925	23
6925	24
6925	59
6926	31
6926	72
6928	47
6928	68
6930	17
6930	26
6930	30
6930	46
6930	47
6930	69
6931	60
6932	17
6932	34
6932	35
6932	57
6940	51
6945	60
6945	63
6957	5
6957	60
6957	78
6962	29
6962	35
6963	39
6967	2
6967	14
6967	61
6967	79
6969	14
6969	37
6969	72
6970	66
6970	69
6976	1
6982	16
6982	35
6982	49
6982	55
6982	65
6982	68
6986	75
6988	10
6988	22
6988	24
6988	45
6988	54
6988	63
6988	79
6992	64
6992	66
6994	42
6994	79
6996	14
6996	37
6996	38
6996	61
7004	41
7010	12
7010	22
7010	63
7016	20
7016	37
7016	49
7018	64
7018	68
7023	8
7023	20
7023	62
7023	69
7025	7
7025	19
7025	70
7025	79
7026	5
7026	24
7026	25
7026	40
7026	43
7026	48
7026	71
7026	78
7028	3
7028	31
7034	4
7034	11
7034	12
7034	20
7034	64
7035	63
7037	7
7037	21
7037	41
7037	46
7037	65
7038	5
7038	44
7038	45
7039	23
7039	70
7042	44
7042	51
7042	62
7042	76
7047	3
7047	15
7047	26
7047	48
7047	55
7054	36
7054	64
7057	3
7057	5
7057	6
7059	18
7059	27
7059	33
7059	36
7059	52
7059	58
7068	27
7068	54
7077	3
7077	4
7077	72
7077	73
7080	1
7080	19
7080	21
7080	46
7080	60
7080	69
7081	10
7081	23
7081	79
7083	50
7083	68
7084	5
7084	55
7084	65
7088	26
7088	48
7088	61
7091	21
7092	7
7092	22
7092	31
7092	74
7092	80
7095	73
7098	18
7098	48
7098	51
7098	69
7105	7
7105	33
7105	42
7105	62
7105	67
7105	76
7106	3
7106	14
7106	38
7106	52
7106	76
7113	4
7113	28
7113	62
7118	24
7118	55
7120	26
7120	35
7120	42
7120	54
7120	70
7120	79
7121	14
7121	17
7121	31
7121	35
7121	52
7121	66
7123	60
7125	12
7125	27
7125	56
7128	2
7128	4
7128	25
7128	68
7128	78
7130	37
7130	42
7130	52
7136	7
7136	54
7141	47
7144	20
7147	34
7147	36
7147	71
7150	7
7150	26
7150	41
7151	13
7151	14
7151	22
7151	30
7151	35
7151	45
7151	53
7156	4
7156	5
7156	16
7156	20
7156	45
7156	52
7159	45
7168	2
7168	3
7168	45
7168	50
7168	55
7168	68
7168	74
7168	79
7170	26
7170	49
7170	80
7177	7
7177	10
7177	28
7177	30
7177	43
7177	48
7177	72
7178	25
7178	45
7179	9
7179	22
7179	40
7180	23
7180	78
7181	21
7181	35
7185	54
7185	62
7186	17
7186	51
7186	52
7186	65
7201	5
7201	31
7201	64
7201	71
7201	75
7202	6
7202	9
7202	63
7202	64
7202	80
7209	54
7209	69
7211	65
7211	78
7215	10
7215	21
7215	56
7215	64
7216	11
7216	15
7216	23
7216	64
7221	63
7223	37
7223	46
7223	51
7223	65
7224	25
7224	38
7224	79
7230	7
7230	15
7230	31
7230	33
7230	56
7230	58
7230	61
7231	4
7231	62
7233	30
7233	60
7233	64
7233	67
7233	76
7234	7
7234	18
7234	26
7234	44
7235	13
7235	53
7235	67
7236	9
7236	28
7236	31
7236	42
7236	43
7236	60
7236	70
7237	26
7237	62
7237	63
7237	66
7238	4
7238	27
7238	66
7240	72
7245	3
7245	22
7245	28
7245	31
7245	48
7245	49
7246	11
7246	62
7251	8
7251	19
7251	20
7251	27
7251	45
7251	54
7251	60
7253	54
7253	69
7257	48
7257	80
7258	13
7258	22
7258	25
7258	29
7258	31
7262	6
7262	16
7267	6
7267	7
7267	11
7267	25
7267	38
7267	40
7267	61
7267	63
7267	75
7267	76
7267	80
7270	48
7270	68
7270	70
7273	27
7273	30
7273	32
7273	33
7273	34
7273	42
7273	73
7275	15
7275	22
7275	57
7275	68
7275	72
7275	77
7280	11
7280	35
7284	44
7284	45
7284	65
7286	2
7286	26
7286	36
7286	43
7286	66
7289	20
7289	44
7289	63
7289	71
7289	80
7298	11
7298	18
7302	26
7302	65
7310	10
7310	40
7319	30
7321	2
7321	9
7321	42
7324	2
7325	13
7325	25
7325	41
7325	47
7325	56
7325	66
7325	69
7329	6
7329	22
7329	56
7329	64
7329	66
7329	67
7333	2
7333	33
7333	72
7333	78
7334	32
7338	64
7340	26
7340	27
7340	35
7340	65
7344	62
7344	74
7347	14
7351	6
7351	40
7357	8
7357	23
7357	34
7357	54
7357	71
7357	76
7360	3
7360	19
7360	48
7360	58
7360	59
7360	78
7364	17
7367	4
7367	38
7367	72
7376	24
7376	34
7376	38
7376	63
7379	35
7379	49
7379	53
7379	72
7379	73
7389	20
7389	58
7389	62
7389	63
7389	64
7389	65
7390	69
7392	5
7392	6
7392	9
7392	17
7392	21
7392	23
7392	30
7392	31
7392	51
7392	77
7403	50
7403	65
7403	78
7411	32
7411	45
7417	3
7417	31
7417	65
7419	3
7419	7
7419	46
7419	68
7419	80
7421	16
7421	33
7421	39
7421	66
7421	72
7421	79
7424	46
7425	41
7425	56
7425	62
7425	63
7425	64
7425	65
7425	76
7430	41
7430	78
7431	78
7434	5
7443	39
7443	67
7443	73
7451	78
7453	13
7453	39
7453	68
7458	32
7458	46
7458	61
7458	78
7464	20
7464	32
7464	41
7464	57
7464	71
7471	68
7471	79
7475	62
7476	6
7476	9
7476	27
7479	4
7493	18
7493	23
7493	26
7493	32
7493	33
7493	40
7493	43
7493	56
7493	73
7494	5
7494	20
7494	47
7494	69
7494	71
7494	74
7495	4
7495	80
7498	47
7498	54
7498	65
7498	73
7498	80
7504	3
7504	6
7504	9
7504	17
7504	23
7504	62
7504	66
7504	70
7506	24
7506	38
7506	63
7516	8
7516	46
7516	54
7517	79
7520	9
7520	44
7522	40
7522	71
7528	17
7528	66
7531	7
7531	10
7536	43
7540	14
7540	63
7542	33
7547	20
7547	35
7547	36
7547	38
7547	44
7547	52
7551	1
7555	13
7555	48
7558	18
7561	9
7561	23
7561	47
7561	49
7561	52
7561	58
7561	71
7565	12
7568	22
7568	24
7568	40
7568	48
7568	69
7568	80
7569	18
7569	57
7569	62
7569	71
7569	72
7572	38
7577	53
7577	66
7579	11
7582	54
7582	64
7582	71
7584	8
7584	15
7584	18
7584	29
7584	57
7587	18
7587	38
7587	64
7587	68
7588	14
7588	27
7588	56
7588	57
7589	2
