1470544708
1470544708
1470544708
1470544708
1470544708
1470544708
1470544708
1470544708
1470544708
1470544708
1470549046
1470549046
1470549046
1470549046
1470549046
1470549046
1470549046
1470549046
1470549046
1470549046
1470553589
1470553589
1470553589
1470553589
1470553589
1470553589
1470553589
1470553589
1470553589
1470553589
1470558733
1470558733
1470558733
1470558733
1470558733
1470558733
1470558733
1470558733
1470558733
1470558733
1470565375
1470565375
1470565375
1470565375
1470565375
1470565375
1470565375
1470565375
1470565375
1470565375
1470572904
1470572904
1470572904
1470572904
1470572904
1470572904
1470572904
1470572904
1470572904
1470572904
