10
20
30
52
94
156
208
250
277
303
403
426
442
462
478
516
527
529
564
604
660
675
764
788
796
813
815
817
857
893
925
936
980
1008
1053
1129
1158
1178
1307
1358
1366
1376
1380
1386
1465
1490
1507
1534
1544
1545
1561
1594
1652
1669
1670
1699
1731
1733
1755
1764
1768
1789
1795
1821
1827
1830
1873
1894
1990
2030
2034
2036
2084
2155
2179
2194
2199
2202
2218
2255
2261
2315
2336
2338
2350
2351
2360
2393
2434
2450
2462
2497
2498
2502
2510
2564
2628
2637
2690
2900
2974
2977
3022
3076
3199
3223
3311
3317
3365
3367
3434
3441
3449
3483
3492
3560
3600
3607
3623
3673
3677
3757
3784
3800
3812
3829
3870
3926
3953
3965
3967
4077
4097
4102
4122
4196
4203
4254
4275
4284
4359
4368
4406
4421
4431
4538
4539
4556
4580
4637
4661
4674
4705
4715
4729
4746
4749
4838
4852
4880
4948
4995
5089
5111
5153
5184
5213
5215
5219
5271
5306
5361
5380
5397
5427
5472
5479
5487
5490
5615
5619
5623
5630
5700
5731
5758
5782
5870
6010
6015
6048
6095
6156
6184
6253
6296
6300
6307
6311
6369
6496
6524
6545
6595
6610
6627
6647
6673
6678
6702
6707
6783
6800
6803
6817
6904
6917
6987
7019
7021
7097
7099
7101
7163
7175
7241
7252
7322
7362
7393
7407
7433
7439
7470
7477
7486
7505
7573
