1001
1007
1008
101
1015
1028
1039
1047
1053
1075
1088
1102
111
1119
1129
1136
1149
115
1163
1165
1166
1168
1169
118
1204
1205
1210
1213
1217
1219
122
1227
1242
1252
1257
1258
1259
1266
1296
1297
1298
1302
1307
1325
1328
1332
1336
1339
1348
1354
1357
136
1361
1366
1376
1380
1387
1395
1401
1402
1403
1404
1410
1414
1435
1442
1448
1449
1451
1454
1457
146
1463
1466
1468
1473
1494
1496
1499
15
1510
1511
1515
1517
1519
1527
1529
1535
154
1549
1550
1551
1562
1563
1576
1585
1591
1604
161
1616
1622
1625
1631
1632
1634
1637
1645
1647
165
1652
1653
1655
1660
1667
1669
1679
1688
1696
1702
1709
171
1710
1717
1720
1729
1731
1736
1738
174
1740
1742
1749
1751
1752
1756
1758
1759
1760
1768
177
1795
1801
1821
1827
1833
1843
1844
1845
1847
1854
1856
1858
1867
187
188
1893
1894
1899
1905
191
1915
1924
1928
1929
1933
1936
195
1953
1955
1959
1966
1984
1988
199
1990
1994
2012
2014
2030
2034
2036
2039
2045
2047
2048
2053
206
2063
2064
2067
2071
2076
2084
21
2102
2110
2111
2112
2131
2136
2151
2153
2156
2158
2168
2169
2199
2200
2202
2203
2205
2228
223
2232
224
2257
2264
2269
2275
2277
2278
228
2282
2288
230
2300
2301
2310
2321
2326
2328
2329
2338
2349
2350
2351
2361
2365
237
2370
2382
2386
2388
2393
2397
2404
2413
2418
2437
2439
2443
2445
2447
2450
246
2461
2462
2467
2470
2474
2484
2490
2497
2499
250
2505
2522
2529
2531
2543
2556
2557
2566
257
2576
2588
2589
2594
2609
2635
2637
2643
2651
2656
2660
2664
2673
2695
2697
2700
2704
2707
2710
2714
2723
2726
2737
274
2747
2753
2759
2760
2770
278
2780
2792
2796
2816
2828
283
2842
2849
2870
2882
2889
2898
29
2906
291
2911
2919
2925
2934
294
2940
2946
2949
2964
2967
2977
2990
2995
30
301
3027
303
3031
3036
3044
3052
3064
3065
307
3076
3077
3078
3080
3084
3086
3098
310
3136
3160
3161
3166
3167
3173
3177
3179
3183
3199
32
3200
3217
3218
3245
3268
3272
3273
3277
328
3281
3287
3299
3303
3311
3312
3317
332
3324
3329
3336
3337
3339
3340
3365
338
3386
339
3394
3402
3408
3409
341
3412
3414
3415
3437
3448
3462
3467
3473
3484
3489
3494
3497
3517
3520
3522
3535
3537
3538
3542
3543
3546
3552
3554
356
3560
3571
3573
3584
3585
3591
3592
3600
3607
3623
3625
3632
3634
3644
3652
3656
367
3671
3673
3684
371
3717
3722
3738
3743
3747
3757
3758
3762
3763
3772
3780
3786
3787
379
3791
3792
38
3800
3806
3823
3841
3845
3847
3851
3855
3858
3860
3862
3863
3870
3876
3886
3890
3898
3900
3903
3905
3911
3919
3930
3958
3961
3967
397
3976
3980
3989
4003
4006
4016
4027
403
4037
4039
4041
4045
4047
4058
4063
4067
4068
4073
409
4090
4091
4096
4097
4098
4113
4116
4120
4122
4123
4124
4132
4135
4148
4159
4167
4169
4174
4176
4177
4194
4204
4214
4223
4224
4233
4237
4241
4242
4258
4266
4269
427
4275
4280
4286
4291
4296
43
4307
4309
4324
4331
4334
4335
4348
4350
4359
4369
438
4384
4387
4394
4398
4400
4419
4421
4428
4430
4431
4434
4447
4471
4475
4482
4484
4489
4496
4520
4529
453
454
4540
4552
4556
4559
4562
4567
4570
4571
4573
4577
4580
4582
4587
4596
4600
4611
4612
4613
4618
462
4624
4630
4637
4644
4651
4663
4673
4674
4680
4686
4690
4693
4695
4697
4720
4727
4729
4735
4746
4747
475
4793
4794
4795
4796
4798
4804
4807
4810
4821
4835
4842
4847
4849
4858
4865
487
4870
4878
4879
489
4890
4899
4906
4908
4922
4924
4928
4949
4955
4956
4958
4984
4991
4998
5002
5009
5010
5013
5019
502
5020
5024
5025
5028
5033
5037
5053
5064
507
5074
5089
5091
5094
5116
5121
5124
5132
5135
5138
5139
5142
5143
5150
516
5170
5172
5176
5184
5185
5188
5189
5192
5196
52
5213
5214
5218
5219
5227
5258
5261
5269
5271
5272
5288
529
5295
530
5304
5319
5321
5323
5325
5330
5331
5332
5334
5342
5347
5359
5361
5362
5383
5393
5396
5397
5443
5446
5450
5463
5467
5479
5489
5494
5499
5501
5502
5503
5505
5509
5532
5534
554
5542
5545
5546
5553
5556
5565
5566
5567
5573
5593
560
5610
5611
5612
5619
5620
5635
5650
5653
5662
5663
5672
5684
5699
5700
5707
5710
5720
5729
5731
5733
5751
5753
5759
576
5762
5770
5772
5776
578
5790
5793
5804
581
5811
5813
5823
5835
5846
5849
5865
5882
5883
5889
5893
5905
5906
5914
5929
593
5931
5932
5934
5937
5968
5971
5972
5976
598
5986
5987
5991
5992
6003
6020
6036
6037
6048
6063
608
6085
6096
6098
6101
6106
6108
6125
6139
6143
6151
6162
617
6171
619
6193
6196
6206
6207
6215
6221
6234
6238
6239
6248
6253
6271
6275
6285
6289
6296
6300
6304
6312
6320
6323
6325
6328
6329
6333
6334
6351
6352
6355
6368
6371
6372
6377
638
6380
6381
6384
6388
6406
6412
6416
6426
6438
6441
6449
646
6466
6467
6469
647
6475
648
6482
6491
6492
6495
6496
6500
651
6522
6524
6532
6541
658
6583
6585
660
6608
6610
6612
6616
6651
6661
6664
6665
6672
6673
6684
6689
6697
6701
6710
6711
6712
6713
6719
6727
6728
6731
6735
6739
675
6751
6754
6760
678
6783
6786
6790
6800
6803
681
6816
6818
6820
6821
6832
6836
6837
6840
6842
6844
6850
6856
6857
6872
6874
6877
6884
6885
6888
6890
6896
69
691
6918
6919
693
6935
6942
6948
695
6950
6960
6978
6980
6989
6993
6997
7007
7012
7019
7021
7024
7031
7036
704
7048
7055
7056
706
7073
7075
7099
71
7100
7122
7126
7131
7133
7143
7163
7176
7183
7188
7196
7197
7227
7228
7232
724
7249
7252
7255
728
7296
731
7312
7318
7322
7323
7326
7339
7342
7353
7355
7362
7365
7374
7380
7384
7396
7402
7404
7426
7433
7437
7448
7449
7477
7480
7491
7502
7508
7513
752
7527
7537
7541
7557
7578
7580
7591
76
77
771
793
794
796
812
813
814
815
817
820
821
824
826
827
830
835
837
844
849
85
855
860
866
878
888
891
893
897
901
909
930
939
940
946
961
965
972
973
979
988
989
