1	13
6	5
7	56
19	34
30	10
31	27
45	55
47	73
49	63
55	37
56	7
63	22
75	46
77	32
91	58
95	60
98	33
101	48
102	4
103	73
108	66
117	70
153	60
154	41
156	35
157	71
161	61
173	70
185	26
186	49
195	30
208	3
209	19
212	10
229	63
231	31
241	74
247	39
249	51
250	18
251	39
256	24
264	64
274	64
278	7
283	24
284	28
289	43
294	44
297	43
317	43
332	16
335	71
339	70
343	72
350	23
357	71
361	5
368	54
369	16
376	73
382	24
383	67
386	64
389	71
395	18
399	60
408	51
416	5
420	62
427	4
441	73
445	72
448	50
460	8
487	29
490	18
505	31
511	58
514	38
521	58
522	68
551	52
554	38
560	41
561	10
564	34
565	32
568	13
590	47
597	65
615	13
617	40
619	71
636	68
643	20
651	50
669	27
674	75
675	75
678	44
688	18
692	12
703	56
727	53
740	20
741	70
755	52
759	5
768	58
774	19
794	7
799	49
826	43
831	10
838	47
840	46
854	31
856	16
861	23
867	72
881	35
888	47
889	56
894	33
902	73
912	29
919	63
922	40
929	57
932	18
936	22
947	41
953	13
958	20
962	5
975	55
980	27
985	66
988	58
993	64
1001	60
1004	39
1023	58
1029	49
1039	31
1044	14
1048	26
1065	44
1073	49
1074	6
1081	38
1086	6
1093	57
1101	6
1117	2
1127	69
1134	71
1144	61
1153	44
1188	41
1199	22
1202	63
1208	70
1221	26
1226	41
1262	31
1276	55
1287	16
1305	7
1338	2
1346	62
1356	21
1364	33
1367	61
1376	61
1387	22
1397	12
1398	33
1403	5
1412	54
1414	10
1417	29
1430	26
1435	68
1437	5
1449	31
1461	71
1481	40
1485	40
1486	31
1497	74
1526	37
1542	45
1546	59
1547	33
1549	38
1555	14
1564	20
1566	13
1590	11
1591	2
1595	66
1612	63
1629	69
1632	1
1635	22
1646	43
1657	56
1670	71
1672	22
1677	36
1691	35
1713	47
1718	16
1725	25
1727	64
1734	32
1739	73
1743	12
1744	22
1747	13
1765	56
1768	36
1772	15
1774	4
1776	42
1784	10
1787	55
1795	43
1803	40
1805	11
1812	8
1813	57
1821	67
1831	58
1846	35
1851	1
1855	11
1868	59
1883	19
1909	59
1928	72
1944	56
1952	56
1960	58
1962	57
1984	10
2009	65
2021	75
2026	73
2031	52
2035	38
2048	28
2053	73
2072	37
2095	32
2100	2
2101	36
2105	73
2106	32
2115	9
2123	28
2128	55
2130	40
2137	67
2143	73
2145	4
2146	44
2156	64
2163	17
2165	6
2171	33
2173	75
2178	41
2205	31
2206	2
2212	52
2221	25
2222	57
2230	41
2238	15
2242	30
2250	62
2257	32
2263	36
2277	50
2282	18
2283	23
2295	67
2320	20
2321	44
2327	57
2333	44
2335	38
2349	28
2358	59
2372	66
2373	51
2385	19
2386	55
2392	1
2397	68
2402	28
2413	59
2415	61
2417	2
2423	23
2427	66
2429	32
2431	56
2436	13
2444	50
2450	63
2452	53
2457	58
2477	52
2507	11
2510	33
2529	75
2530	71
2532	60
2536	25
2539	15
2550	51
2562	18
2564	74
2576	55
2578	7
2579	7
2590	45
2601	46
2607	5
2608	40
2611	51
2613	24
2616	68
2619	59
2628	40
2634	28
2635	59
2650	56
2655	22
2656	6
2660	49
2662	27
2687	41
2689	22
2690	11
2695	48
2714	32
2725	50
2742	33
2751	20
2757	62
2760	7
2776	42
2793	30
2799	2
2800	51
2805	51
2821	42
2823	66
2837	46
2840	48
2846	22
2850	52
2853	28
2873	56
2876	28
2879	46
2882	57
2901	58
2903	21
2905	5
2910	69
2914	58
2927	16
2930	9
2934	26
2935	29
2946	33
2947	32
2951	59
2963	17
2968	57
2974	62
2976	1
2984	25
2986	4
2993	29
2998	71
3004	30
3024	40
3033	6
3039	10
3041	58
3044	64
3056	7
3057	69
3062	40
3068	69
3069	64
3075	72
3085	43
3086	55
3087	59
3098	68
3102	28
3107	56
3111	51
3115	38
3120	64
3122	28
3124	50
3144	69
3146	61
3147	5
3150	43
3153	12
3154	8
3168	60
3174	57
3180	62
3181	40
3191	64
3205	46
3209	26
3217	48
3227	3
3238	22
3253	54
3254	69
3259	4
3264	23
3265	63
3268	21
3272	10
3273	9
3275	33
3279	23
3289	71
3296	11
3301	8
3312	73
3317	58
3321	2
3334	35
3346	2
3351	41
3362	20
3368	51
3384	72
3397	11
3399	62
3400	47
3405	51
3411	20
3415	39
3433	2
3440	40
3444	61
3447	57
3453	65
3467	2
3482	27
3485	71
3498	24
3521	15
3522	75
3523	52
3524	59
3527	51
3533	66
3540	52
3550	52
3556	26
3576	40
3591	52
3594	5
3597	69
3598	65
3599	58
3600	26
3602	42
3606	67
3616	5
3626	47
3629	74
3641	41
3646	16
3666	24
3673	38
3694	2
3695	67
3698	6
3701	5
3720	8
3735	7
3736	6
3748	46
3769	72
3771	60
3777	21
3786	60
3787	56
3792	11
3794	75
3799	9
3801	30
3819	24
3836	7
3837	57
3838	75
3850	58
3854	56
3858	4
3864	38
3868	65
3883	15
3896	45
3899	14
3901	12
3919	61
3927	57
3931	23
3940	2
3950	53
3955	19
3961	35
3966	64
3987	31
3994	58
4001	4
4003	37
4005	39
4011	71
4018	13
4023	69
4026	42
4031	25
4035	19
4038	55
4050	28
4052	22
4063	51
4065	70
4071	73
4072	14
4073	9
4077	61
4082	27
4117	52
4131	72
4165	17
4166	71
4171	41
4179	56
4180	55
4181	48
4182	19
4185	75
4197	71
4200	34
4201	8
4210	62
4212	1
4215	66
4217	43
4223	20
4236	68
4247	62
4248	32
4257	71
4259	41
4263	8
4265	1
4282	39
4285	35
4296	53
4299	65
4303	56
4307	66
4341	2
4342	2
4346	21
4348	28
4353	25
4357	17
4367	5
4368	63
4370	65
4373	33
4374	36
4378	17
4379	29
4385	29
4403	42
4407	53
4416	69
4423	17
4427	63
4431	19
4443	35
4447	40
4450	54
4452	12
4455	11
4456	32
4468	72
4471	29
4482	29
4484	25
4518	66
4529	31
4538	9
4547	23
4561	57
4571	38
4572	26
4577	25
4582	68
4607	9
4611	13
4614	7
4616	72
4620	2
4626	49
4656	38
4659	32
4666	68
4673	19
4676	48
4682	64
4696	60
4704	2
4705	20
4710	16
4713	8
4714	32
4716	25
4717	4
4727	45
4730	59
4734	20
4736	69
4739	4
4748	44
4751	70
4765	61
4766	25
4767	63
4772	70
4776	62
4791	71
4800	75
4805	53
4807	62
4808	47
4817	27
4822	73
4828	24
4858	31
4862	41
4866	30
4894	70
4901	14
4910	24
4917	58
4931	64
4934	52
4937	55
4940	37
4944	19
4947	65
4955	70
4968	48
4970	22
4971	63
4984	19
4987	8
5004	25
5014	57
5022	23
5025	20
5027	30
5033	51
5040	56
5051	40
5055	52
5061	14
5062	28
5064	69
5066	44
5078	71
5092	43
5095	8
5102	59
5106	74
5111	45
5115	31
5119	17
5140	9
5151	27
5156	39
5161	40
5166	57
5174	45
5182	66
5198	8
5205	1
5214	3
5216	60
5236	16
5253	38
5260	25
5271	38
5278	33
5282	62
5283	17
5313	20
5322	43
5330	35
5332	70
5336	14
5345	51
5347	50
5349	57
5353	17
5355	43
5381	15
5388	59
5398	20
5401	18
5410	54
5411	50
5419	41
5420	48
5431	35
5433	30
5434	60
5435	41
5439	64
5445	4
5451	53
5458	72
5473	18
5476	40
5480	69
5493	37
5494	18
5495	32
5498	8
5516	33
5534	13
5537	36
5543	41
5546	11
5548	19
5550	62
5553	40
5559	28
5576	47
5577	48
5582	12
5584	62
5587	48
5593	32
5597	6
5620	70
5624	2
5640	33
5644	43
5654	43
5656	69
5658	70
5673	71
5692	37
5694	74
5725	60
5748	35
5752	75
5757	41
5763	47
5782	54
5788	16
5805	6
5812	8
5820	5
5846	17
5854	39
5865	16
5867	28
5875	19
5878	9
5880	9
5890	60
5902	34
5903	39
5905	20
5906	58
5910	66
5929	50
5931	37
5936	35
5949	67
5952	67
5961	7
5963	50
5964	32
5968	58
5972	46
5976	16
5991	59
5995	36
5996	31
6006	62
6011	56
6017	2
6025	18
6039	25
6045	16
6064	40
6095	27
6103	36
6109	52
6112	61
6119	46
6125	62
6129	47
6132	7
6153	31
6157	75
6168	10
6175	57
6202	54
6210	67
6222	28
6227	12
6231	68
6238	29
6254	54
6256	31
6257	18
6264	56
6269	63
6276	65
6282	57
6284	68
6287	50
6288	58
6295	53
6298	48
6300	60
6301	31
6309	69
6316	20
6323	60
6328	24
6330	29
6331	46
6335	47
6338	29
6342	52
6356	18
6361	73
6362	27
6401	73
6405	5
6407	34
6413	22
6418	39
6419	7
6426	67
6427	53
6436	54
6444	15
6447	43
6470	29
6483	62
6491	62
6499	58
6502	10
6510	41
6517	18
6521	36
6525	23
6527	36
6538	42
6539	55
6558	30
6561	38
6563	42
6566	17
6570	64
6574	26
6579	27
6580	36
6591	52
6594	17
6604	74
6607	47
6617	75
6631	7
6636	23
6637	43
6643	64
6654	21
6660	3
6670	65
6677	43
6683	27
6684	22
6690	18
6694	23
6701	49
6706	29
6710	44
6711	40
6728	31
6759	27
6771	40
6793	75
6795	43
6807	74
6810	37
6819	23
6824	56
6826	23
6829	36
6835	68
6836	25
6841	54
6842	20
6846	2
6856	71
6857	6
6872	29
6876	49
6879	11
6882	14
6905	6
6919	37
6926	23
6929	53
6942	18
6945	19
6947	19
6953	33
6974	34
6987	65
6994	3
6999	58
7006	35
7012	66
7026	38
7036	70
7051	35
7065	18
7068	19
7071	10
7076	34
7077	37
7093	31
7097	37
7109	28
7115	57
7126	45
7129	73
7133	59
7134	28
7136	14
7137	15
7144	36
7153	44
7161	69
7163	39
7166	23
7167	64
7194	57
7198	65
7211	74
7213	72
7220	64
7230	42
7243	63
7247	72
7264	67
7277	15
7279	32
7288	69
7300	29
7308	23
7313	33
7315	26
7318	4
7329	47
7343	51
7367	61
7376	18
7382	38
7389	63
7390	43
7395	7
7408	66
7410	35
7417	58
7427	48
7428	74
7431	11
7446	75
7449	7
7471	10
7472	59
7476	39
7512	13
7529	72
7536	36
7543	15
7550	25
7554	3
7562	16
7567	60
7572	19
7573	17
7579	69
7581	62
7591	64
7605	1
7606	59
7607	34
7610	54
7614	25
7652	24
7657	12
7666	68
7667	53
7674	31
7688	28
7694	4
7699	26
7708	38
7709	9
7723	47
7726	68
7729	41
7730	42
7731	50
7732	39
7734	8
7745	63
7766	52
7777	46
7790	38
7791	21
7800	46
7803	75
7806	71
7814	10
7820	21
7825	1
7826	11
7847	65
7859	8
7870	48
7875	23
7876	25
7881	34
7921	46
7922	58
7924	49
7928	64
7942	32
7945	64
7952	29
7977	22
7989	21
7997	64
8018	52
8019	46
8025	65
8043	69
8058	26
8082	65
8087	43
8088	35
8102	27
8108	64
8114	44
8116	6
8117	71
8137	68
8153	35
8167	44
8192	73
8203	12
8215	58
8233	50
8254	64
8256	70
8267	56
8269	11
8279	14
8295	35
8310	69
8319	42
8322	24
8332	62
8334	10
8344	60
8357	60
8361	8
8371	12
8372	14
8374	6
8382	15
8398	37
8399	13
8403	74
8412	7
8415	43
8466	16
8472	18
8479	28
8482	28
8493	17
8501	75
8503	43
8524	20
8527	62
8541	35
8546	29
8552	53
8553	12
8556	12
8559	25
8585	53
8591	32
8596	45
8608	16
8613	67
8621	32
8623	61
8627	54
8631	27
8648	66
8658	29
8683	22
8690	2
8691	43
8708	64
8732	46
8751	4
8754	41
8755	63
8767	75
8768	75
8769	6
8770	39
8784	45
8791	47
8800	54
8840	66
8841	47
8846	4
8857	6
8897	15
8899	52
8902	75
8903	46
8912	3
8929	41
8938	36
8942	64
8943	73
8950	54
8952	44
8959	47
8960	64
8972	15
8975	23
8983	3
8991	8
8992	13
8998	52
9001	8
9005	34
9017	75
9035	58
9038	22
9043	53
9049	75
9071	4
9074	30
9081	53
9083	65
9087	50
9088	46
9103	42
9127	12
9145	63
9150	55
9158	41
9169	45
9188	23
9200	69
9206	57
9222	43
9229	28
9244	48
9254	39
9256	16
9259	9
9272	39
9276	65
9280	53
9282	49
9289	61
9302	5
9304	6
9311	3
9317	31
9332	54
9348	30
9350	32
9361	51
9364	42
9365	70
9366	6
9369	35
9374	32
9382	51
9383	73
9384	47
9389	33
9396	58
9398	8
9411	70
9424	60
9436	11
9440	54
9445	42
9446	40
9448	75
9472	4
9476	73
9477	19
9486	6
9489	4
9496	15
9497	26
9501	19
9511	74
9517	65
9521	68
9526	7
9544	51
9546	45
9567	11
9570	16
9577	14
9590	66
9612	50
9613	31
9614	73
9616	59
9625	9
9626	27
9634	2
9662	49
9664	14
9672	70
9678	57
9685	15
9694	12
9703	13
9717	16
9718	74
9723	7
9724	13
9733	75
9751	17
9754	70
9771	21
9773	20
9779	8
9793	17
9794	15
9796	49
9800	33
9812	75
9813	57
9819	23
9826	2
9839	43
9840	4
9845	27
9856	24
9860	4
9861	25
9869	72
9873	60
9874	60
9892	29
9893	28
9894	68
9904	35
9915	44
9918	73
9919	39
9928	41
9930	47
9932	31
9952	30
9971	12
9979	14
9981	10
9992	61
9996	28
10004	72
10012	15
10024	43
10027	29
10029	43
10030	19
10032	2
10038	18
10041	9
10042	52
10049	73
10051	24
10053	70
10068	61
10073	75
10100	72
10112	74
10115	58
10134	38
10140	29
10147	46
10155	51
10168	47
10172	5
10173	51
10183	6
10186	35
10199	35
10201	42
10203	8
10206	29
10210	49
10233	1
10236	62
10240	52
10241	3
10245	18
10250	8
10255	15
10256	48
10270	37
10287	40
10289	10
10324	57
10335	10
10340	60
10343	38
10344	65
10345	28
10349	26
10360	62
10384	19
10390	29
10391	52
10411	64
10421	8
10446	20
10459	62
10475	56
10479	1
10492	28
10494	35
10495	37
10499	23
10509	15
10537	31
10539	11
10540	18
10543	66
10552	39
10562	63
10572	68
10582	30
10586	25
10609	8
10613	72
10638	30
10639	72
10651	13
10665	69
10668	62
10698	59
10701	56
10706	30
10708	25
10711	1
10728	48
10731	63
10732	4
10740	72
10757	35
10760	38
10778	72
10784	42
10789	61
10804	24
10814	74
10816	8
10825	20
10836	50
10878	51
10890	39
10895	34
10898	74
10907	63
10913	34
10915	43
10921	29
10945	8
10947	12
10948	69
10968	41
10972	7
11000	62
11016	59
11030	18
11034	50
11035	37
11038	4
11046	6
11049	42
11055	24
11063	32
11065	39
11067	70
11071	25
11073	55
11088	26
11089	48
11103	58
11104	46
11110	11
11115	40
11131	71
11139	61
11173	17
11178	60
11185	36
11186	19
11197	48
11213	14
11231	4
11238	17
11239	5
11251	73
11259	43
11273	59
11287	72
11292	72
11298	12
11313	26
11314	1
11328	69
11331	26
11334	67
11338	25
11339	19
11340	43
11346	9
11383	34
11389	44
11392	51
11394	46
11400	75
11405	74
11406	70
11412	22
11424	48
11429	41
11436	74
11437	48
11439	9
11445	30
11450	29
11453	19
11459	10
11465	40
11468	21
11480	42
11483	54
11484	7
11491	8
11493	57
11508	21
11513	37
11529	25
11531	34
11545	75
11570	40
11577	41
11584	15
11593	69
11594	23
11602	39
11610	37
11626	27
11646	48
11655	3
11658	47
11667	18
11679	67
11688	41
11693	31
11706	44
11733	36
11735	23
11738	8
11747	74
11752	18
11755	41
11756	1
11757	33
11758	3
11762	51
11763	54
11768	73
11780	24
11785	64
11815	38
11823	10
11836	27
11842	43
11845	5
11846	59
11856	58
11857	25
11861	18
11862	42
11866	68
11868	39
11886	43
11888	7
11895	60
11905	65
11919	19
11921	15
11935	31
11946	63
11959	7
11972	1
11976	9
11987	4
12002	38
12014	69
12015	17
12022	12
12040	28
12059	14
12065	13
12070	73
12073	36
12083	71
12085	16
12106	14
12112	35
12113	38
12114	62
12118	68
12123	16
12124	28
