 1        1   (8)      1 :  0.9980  0.0020  
 2        2   (9)      1 :  0.8920  0.1080  
 3        3   (9)      1 :  0.8850  0.1150  
 4        4  (18)      1 :  0.8340  0.1660  
 5        5  (22)      1 :  0.9950  0.0050  
 6        6   (9)      1 :  0.3040  0.6960  
 7        7  (13)      1 :  0.9550  0.0450  
 8        8  (14)      1 :  0.8170  0.1830  
 9        9   (5)      1 :  0.7660  0.2340  
10       10  (10)      1 :  0.9070  0.0930  
11       11  (21)      1 :  0.3520  0.6480  
12       12   (7)      1 :  0.3900  0.6100  
13       13  (26)      1 :  0.9950  0.0050  
14       14   (8)      2 :  0.0060  0.9940  
15       15   (7)      2 :  0.1050  0.8950  
16       16   (7)      2 :  0.0080  0.9920  
17       17   (8)      2 :  0.2300  0.7700  
18       18  (13)      2 :  0.2000  0.8000  
19       19  (15)      2 :  0.0810  0.9190  
20       20   (6)      2 :  0.0100  0.9900  
21       21   (6)      2 :  0.0030  0.9970  
22       22   (8)      2 :  0.0840  0.9160  
23       23   (5)      2 :  0.0330  0.9670  
24       24  (13)      2 :  0.0050  0.9950  
25       25  (10)      2 :  0.0080  0.9920  
26       26   (9)      2 :  0.0020  0.9980  
27       27  (49)      2 :  0.0140  0.9860  
28       28  (20)      2 :  0.0880  0.9120  
29       29   (9)      3 :  0.9890  0.0110  
30       30   (8)      3 :  0.9980  0.0020  
31       31  (18)      3 :  0.9620  0.0380  
32       32  (13)      3 :  0.7270  0.2730  
33       33   (6)      3 :  0.9930  0.0070  
34       34  (10)      3 :  0.8670  0.1330  
35       35   (4)      3 :  0.6590  0.3410  
36       36  (17)      3 :  0.9960  0.0040  
37       37   (8)      3 :  0.7800  0.2200  
38       38   (9)      3 :  0.9200  0.0800  
39       39  (14)      3 :  0.8550  0.1450  
40       40  (15)      3 :  0.9890  0.0110  
41       41   (5)      4 :  0.0070  0.9930  
42       42   (8)      4 :  0.0040  0.9960  
43       43  (17)      4 :  0.0160  0.9840  
44       44  (33)      4 :  0.1620  0.8380  
45       45  (17)      4 :  0.0060  0.9940  
46       46  (14)      4 :  0.3530  0.6470  
47       47   (5)      4 :  0.0030  0.9970  
48       48  (24)      4 :  0.0250  0.9750  
49       49  (32)      4 :  0.0170  0.9830  
50       50  (24)      4 :  0.0090  0.9910  
51       51  (17)      4 :  0.0450  0.9550  
52       52   (5)      4 :  0.1810  0.8190  
53       53  (10)      4 :  0.0080  0.9920  
54       54   (9)      4 :  0.2060  0.7940  
55       55  (27)      5 :  0.3190  0.6810  
56       56  (15)      5 :  0.7930  0.2070  
57       57  (15)      5 :  0.7970  0.2030  
58       58   (5)      5 :  0.9990  0.0010  
59       59   (7)      5 :  0.6490  0.3510  
60       60   (9)      5 :  0.8480  0.1520  
61       61  (17)      5 :  0.5980  0.4020  
62       62  (10)      5 :  0.8410  0.1590  
63       63  (12)      5 :  0.6220  0.3780  
64       64  (16)      5 :  0.6480  0.3520  
65       65  (17)      5 :  0.6120  0.3880  
66       66  (15)      5 :  0.7550  0.2450  
67       67  (12)      5 :  0.6930  0.3070  
68       68   (8)      5 :  0.6470  0.3530  
69       69  (13)      5 :  0.7390  0.2610  
70       70   (8)      5 :  0.6230  0.3770  
71       71  (20)      6 :  0.0050  0.9950  
72       72   (6)      6 :  0.0020  0.9980  
73       73  (40)      6 :  0.0080  0.9920  
74       74  (25)      6 :  0.0030  0.9970  
75       75  (15)      6 :  0.0090  0.9910  
76       76  (36)      6 :  0.1530  0.8470  
77       77   (8)      6 :  0.0070  0.9930  
78       78   (9)      6 :  0.0040  0.9960  
79       79   (8)      6 :  0.0140  0.9860  
80       80   (8)      6 :  0.1740  0.8260  
81       81   (8)      6 :  0.0990  0.9010  
82       82   (9)      6 :  0.0030  0.9970  
83       83   (9)      5 :  0.6600  0.3400  
