 1        1   (8)      1 :  0.9970  0.0030  
 2        2   (9)      1 :  0.8800  0.1200  
 3        3   (9)      1 :  0.8780  0.1220  
 4        4  (18)      1 :  0.8500  0.1500  
 5        5  (22)      1 :  0.9960  0.0040  
 6        6   (9)      1 :  0.2990  0.7010  
 7        7  (13)      1 :  0.9750  0.0250  
 8        8  (14)      1 :  0.8030  0.1970  
 9        9   (5)      1 :  0.7820  0.2180  
10       10  (10)      1 :  0.9230  0.0770  
11       11  (21)      1 :  0.3560  0.6440  
12       12   (7)      1 :  0.3700  0.6300  
13       13  (26)      1 :  0.9940  0.0060  
14       14   (8)      2 :  0.0080  0.9920  
15       15   (7)      2 :  0.0770  0.9230  
16       16   (7)      2 :  0.0090  0.9910  
17       17   (8)      2 :  0.2420  0.7580  
18       18  (13)      2 :  0.1850  0.8150  
19       19  (15)      2 :  0.0610  0.9390  
20       20   (6)      2 :  0.0100  0.9900  
21       21   (6)      2 :  0.0030  0.9970  
22       22   (8)      2 :  0.1310  0.8690  
23       23   (5)      2 :  0.0440  0.9560  
24       24  (13)      2 :  0.0050  0.9950  
25       25  (10)      2 :  0.0100  0.9900  
26       26   (9)      2 :  0.0020  0.9980  
27       27  (49)      2 :  0.0130  0.9870  
28       28  (20)      2 :  0.0930  0.9070  
29       29   (9)      3 :  0.9930  0.0070  
30       30   (8)      3 :  0.9980  0.0020  
31       31  (18)      3 :  0.9800  0.0200  
32       32  (13)      3 :  0.7310  0.2690  
33       33   (6)      3 :  0.9960  0.0040  
34       34  (10)      3 :  0.8710  0.1290  
35       35   (4)      3 :  0.6810  0.3190  
36       36  (17)      3 :  0.9950  0.0050  
37       37   (8)      3 :  0.7750  0.2250  
38       38   (9)      3 :  0.9260  0.0740  
39       39  (14)      3 :  0.8600  0.1400  
40       40  (15)      3 :  0.9910  0.0090  
41       41   (5)      4 :  0.0050  0.9950  
42       42   (8)      4 :  0.0040  0.9960  
43       43  (17)      4 :  0.0120  0.9880  
44       44  (33)      4 :  0.1630  0.8370  
45       45  (17)      4 :  0.0060  0.9940  
46       46  (14)      4 :  0.3310  0.6690  
47       47   (5)      4 :  0.0030  0.9970  
48       48  (24)      4 :  0.0120  0.9880  
49       49  (32)      4 :  0.0100  0.9900  
50       50  (24)      4 :  0.0070  0.9930  
51       51  (17)      4 :  0.0550  0.9450  
52       52   (5)      4 :  0.1610  0.8390  
53       53  (10)      4 :  0.0100  0.9900  
54       54   (9)      4 :  0.1590  0.8410  
55       55  (27)      5 :  0.3100  0.6900  
56       56  (15)      5 :  0.8480  0.1520  
57       57  (15)      5 :  0.8340  0.1660  
58       58   (5)      5 :  0.9990  0.0010  
59       59   (7)      5 :  0.6450  0.3550  
60       60   (9)      5 :  0.8550  0.1450  
61       61  (17)      5 :  0.6350  0.3650  
62       62  (10)      5 :  0.8520  0.1480  
63       63  (12)      5 :  0.6190  0.3810  
64       64  (16)      5 :  0.6620  0.3380  
65       65  (17)      5 :  0.6340  0.3660  
66       66  (15)      5 :  0.7510  0.2490  
67       67  (12)      5 :  0.7030  0.2970  
68       68   (8)      5 :  0.6620  0.3380  
69       69  (13)      5 :  0.7390  0.2610  
70       70   (8)      5 :  0.6630  0.3370  
71       71  (20)      6 :  0.0060  0.9940  
72       72   (6)      6 :  0.0020  0.9980  
73       73  (40)      6 :  0.0120  0.9880  
74       74  (25)      6 :  0.0030  0.9970  
75       75  (15)      6 :  0.0070  0.9930  
76       76  (36)      6 :  0.1500  0.8500  
77       77   (8)      6 :  0.0050  0.9950  
78       78   (9)      6 :  0.0040  0.9960  
79       79   (8)      6 :  0.0120  0.9880  
80       80   (8)      6 :  0.1710  0.8290  
81       81   (8)      6 :  0.0820  0.9180  
82       82   (9)      6 :  0.0040  0.9960  
83       83   (9)      5 :  0.6800  0.3200  
