 1        1   (8)      1 :  0.9970  0.0030  
 2        2   (9)      1 :  0.8960  0.1040  
 3        3   (9)      1 :  0.9140  0.0860  
 4        4  (18)      1 :  0.8560  0.1440  
 5        5  (22)      1 :  0.9960  0.0040  
 6        6   (9)      1 :  0.2860  0.7140  
 7        7  (13)      1 :  0.9670  0.0330  
 8        8  (14)      1 :  0.7940  0.2060  
 9        9   (5)      1 :  0.7870  0.2130  
10       10  (10)      1 :  0.9380  0.0620  
11       11  (21)      1 :  0.3830  0.6170  
12       12   (7)      1 :  0.4020  0.5980  
13       13  (26)      1 :  0.9950  0.0050  
14       14   (8)      2 :  0.0070  0.9930  
15       15   (7)      2 :  0.0780  0.9220  
16       16   (7)      2 :  0.0130  0.9870  
17       17   (8)      2 :  0.2250  0.7750  
18       18  (13)      2 :  0.2030  0.7970  
19       19  (15)      2 :  0.1140  0.8860  
20       20   (6)      2 :  0.0080  0.9920  
21       21   (6)      2 :  0.0030  0.9970  
22       22   (8)      2 :  0.1410  0.8590  
23       23   (5)      2 :  0.0450  0.9550  
24       24  (13)      2 :  0.0050  0.9950  
25       25  (10)      2 :  0.0090  0.9910  
26       26   (9)      2 :  0.0020  0.9980  
27       27  (49)      2 :  0.0120  0.9880  
28       28  (20)      2 :  0.1180  0.8820  
29       29   (9)      3 :  0.9930  0.0070  
30       30   (8)      3 :  0.9980  0.0020  
31       31  (18)      3 :  0.9810  0.0190  
32       32  (13)      3 :  0.7470  0.2530  
33       33   (6)      3 :  0.9960  0.0040  
34       34  (10)      3 :  0.8860  0.1140  
35       35   (4)      3 :  0.6970  0.3030  
36       36  (17)      3 :  0.9960  0.0040  
37       37   (8)      3 :  0.7700  0.2300  
38       38   (9)      3 :  0.9210  0.0790  
39       39  (14)      3 :  0.8580  0.1420  
40       40  (15)      3 :  0.9890  0.0110  
41       41   (5)      4 :  0.0060  0.9940  
42       42   (8)      4 :  0.0050  0.9950  
43       43  (17)      4 :  0.0130  0.9870  
44       44  (33)      4 :  0.1780  0.8220  
45       45  (17)      4 :  0.0080  0.9920  
46       46  (14)      4 :  0.3290  0.6710  
47       47   (5)      4 :  0.0030  0.9970  
48       48  (24)      4 :  0.0140  0.9860  
49       49  (32)      4 :  0.0150  0.9850  
50       50  (24)      4 :  0.0080  0.9920  
51       51  (17)      4 :  0.0630  0.9370  
52       52   (5)      4 :  0.1710  0.8290  
53       53  (10)      4 :  0.0090  0.9910  
54       54   (9)      4 :  0.1820  0.8180  
55       55  (27)      5 :  0.3150  0.6850  
56       56  (15)      5 :  0.8040  0.1960  
57       57  (15)      5 :  0.8630  0.1370  
58       58   (5)      5 :  0.9990  0.0010  
59       59   (7)      5 :  0.6820  0.3180  
60       60   (9)      5 :  0.8470  0.1530  
61       61  (17)      5 :  0.6130  0.3870  
62       62  (10)      5 :  0.8500  0.1500  
63       63  (12)      5 :  0.6260  0.3740  
64       64  (16)      5 :  0.6440  0.3560  
65       65  (17)      5 :  0.6750  0.3250  
66       66  (15)      5 :  0.7570  0.2430  
67       67  (12)      5 :  0.7320  0.2680  
68       68   (8)      5 :  0.6600  0.3400  
69       69  (13)      5 :  0.7430  0.2570  
70       70   (8)      5 :  0.6870  0.3130  
71       71  (20)      6 :  0.0060  0.9940  
72       72   (6)      6 :  0.0020  0.9980  
73       73  (40)      6 :  0.0130  0.9870  
74       74  (25)      6 :  0.0030  0.9970  
75       75  (15)      6 :  0.0100  0.9900  
76       76  (36)      6 :  0.1540  0.8460  
77       77   (8)      6 :  0.0060  0.9940  
78       78   (9)      6 :  0.0040  0.9960  
79       79   (8)      6 :  0.0120  0.9880  
80       80   (8)      6 :  0.1730  0.8270  
81       81   (8)      6 :  0.0900  0.9100  
82       82   (9)      6 :  0.0040  0.9960  
83       83   (9)      5 :  0.6900  0.3100  
