 1        1   (8)      1 :  0.9970  0.0030  
 2        2   (9)      1 :  0.8650  0.1350  
 3        3   (9)      1 :  0.8790  0.1210  
 4        4  (18)      1 :  0.8440  0.1560  
 5        5  (22)      1 :  0.9960  0.0040  
 6        6   (9)      1 :  0.3020  0.6980  
 7        7  (13)      1 :  0.9720  0.0280  
 8        8  (14)      1 :  0.7850  0.2150  
 9        9   (5)      1 :  0.7860  0.2140  
10       10  (10)      1 :  0.9090  0.0910  
11       11  (21)      1 :  0.3620  0.6380  
12       12   (7)      1 :  0.3920  0.6080  
13       13  (26)      1 :  0.9940  0.0060  
14       14   (8)      2 :  0.0110  0.9890  
15       15   (7)      2 :  0.0960  0.9040  
16       16   (7)      2 :  0.0110  0.9890  
17       17   (8)      2 :  0.2470  0.7530  
18       18  (13)      2 :  0.1870  0.8130  
19       19  (15)      2 :  0.0720  0.9280  
20       20   (6)      2 :  0.0100  0.9900  
21       21   (6)      2 :  0.0040  0.9960  
22       22   (8)      2 :  0.1500  0.8500  
23       23   (5)      2 :  0.0510  0.9490  
24       24  (13)      2 :  0.0050  0.9950  
25       25  (10)      2 :  0.0080  0.9920  
26       26   (9)      2 :  0.0020  0.9980  
27       27  (49)      2 :  0.0150  0.9850  
28       28  (20)      2 :  0.1170  0.8830  
29       29   (9)      3 :  0.9930  0.0070  
30       30   (8)      3 :  0.9980  0.0020  
31       31  (18)      3 :  0.9400  0.0600  
32       32  (13)      3 :  0.7400  0.2600  
33       33   (6)      3 :  0.9950  0.0050  
34       34  (10)      3 :  0.8550  0.1450  
35       35   (4)      3 :  0.6730  0.3270  
36       36  (17)      3 :  0.9950  0.0050  
37       37   (8)      3 :  0.7630  0.2370  
38       38   (9)      3 :  0.9180  0.0820  
39       39  (14)      3 :  0.8570  0.1430  
40       40  (15)      3 :  0.9910  0.0090  
41       41   (5)      4 :  0.0050  0.9950  
42       42   (8)      4 :  0.0040  0.9960  
43       43  (17)      4 :  0.0110  0.9890  
44       44  (33)      4 :  0.1470  0.8530  
45       45  (17)      4 :  0.0060  0.9940  
46       46  (14)      4 :  0.3230  0.6770  
47       47   (5)      4 :  0.0030  0.9970  
48       48  (24)      4 :  0.0150  0.9850  
49       49  (32)      4 :  0.0130  0.9870  
50       50  (24)      4 :  0.0070  0.9930  
51       51  (17)      4 :  0.0840  0.9160  
52       52   (5)      4 :  0.1540  0.8460  
53       53  (10)      4 :  0.0080  0.9920  
54       54   (9)      4 :  0.1630  0.8370  
55       55  (27)      5 :  0.3450  0.6550  
56       56  (15)      5 :  0.7620  0.2380  
57       57  (15)      5 :  0.8190  0.1810  
58       58   (5)      5 :  0.9980  0.0020  
59       59   (7)      5 :  0.6370  0.3630  
60       60   (9)      5 :  0.8720  0.1280  
61       61  (17)      5 :  0.5780  0.4220  
62       62  (10)      5 :  0.8410  0.1590  
63       63  (12)      5 :  0.6270  0.3730  
64       64  (16)      5 :  0.6610  0.3390  
65       65  (17)      5 :  0.6270  0.3730  
66       66  (15)      5 :  0.7530  0.2470  
67       67  (12)      5 :  0.7050  0.2950  
68       68   (8)      5 :  0.6560  0.3440  
69       69  (13)      5 :  0.7400  0.2600  
70       70   (8)      5 :  0.6570  0.3430  
71       71  (20)      6 :  0.0060  0.9940  
72       72   (6)      6 :  0.0020  0.9980  
73       73  (40)      6 :  0.0080  0.9920  
74       74  (25)      6 :  0.0030  0.9970  
75       75  (15)      6 :  0.0080  0.9920  
76       76  (36)      6 :  0.1630  0.8370  
77       77   (8)      6 :  0.0050  0.9950  
78       78   (9)      6 :  0.0040  0.9960  
79       79   (8)      6 :  0.0120  0.9880  
80       80   (8)      6 :  0.1790  0.8210  
81       81   (8)      6 :  0.0690  0.9310  
82       82   (9)      6 :  0.0030  0.9970  
83       83   (9)      5 :  0.6610  0.3390  
