 1        1   (8)      1 :  0.9980  0.0020  
 2        2   (9)      1 :  0.8670  0.1330  
 3        3   (9)      1 :  0.9030  0.0970  
 4        4  (18)      1 :  0.8310  0.1690  
 5        5  (22)      1 :  0.9950  0.0050  
 6        6   (9)      1 :  0.3050  0.6950  
 7        7  (13)      1 :  0.9690  0.0310  
 8        8  (14)      1 :  0.7900  0.2100  
 9        9   (5)      1 :  0.7770  0.2230  
10       10  (10)      1 :  0.9220  0.0780  
11       11  (21)      1 :  0.3720  0.6280  
12       12   (7)      1 :  0.3690  0.6310  
13       13  (26)      1 :  0.9950  0.0050  
14       14   (8)      2 :  0.0060  0.9940  
15       15   (7)      2 :  0.0980  0.9020  
16       16   (7)      2 :  0.0110  0.9890  
17       17   (8)      2 :  0.2200  0.7800  
18       18  (13)      2 :  0.2180  0.7820  
19       19  (15)      2 :  0.1080  0.8920  
20       20   (6)      2 :  0.0110  0.9890  
21       21   (6)      2 :  0.0030  0.9970  
22       22   (8)      2 :  0.1180  0.8820  
23       23   (5)      2 :  0.0400  0.9600  
24       24  (13)      2 :  0.0050  0.9950  
25       25  (10)      2 :  0.0090  0.9910  
26       26   (9)      2 :  0.0020  0.9980  
27       27  (49)      2 :  0.0180  0.9820  
28       28  (20)      2 :  0.0600  0.9400  
29       29   (9)      3 :  0.9930  0.0070  
30       30   (8)      3 :  0.9980  0.0020  
31       31  (18)      3 :  0.9790  0.0210  
32       32  (13)      3 :  0.7430  0.2570  
33       33   (6)      3 :  0.9940  0.0060  
34       34  (10)      3 :  0.8700  0.1300  
35       35   (4)      3 :  0.6580  0.3420  
36       36  (17)      3 :  0.9950  0.0050  
37       37   (8)      3 :  0.7800  0.2200  
38       38   (9)      3 :  0.9170  0.0830  
39       39  (14)      3 :  0.8740  0.1260  
40       40  (15)      3 :  0.9870  0.0130  
41       41   (5)      4 :  0.0060  0.9940  
42       42   (8)      4 :  0.0040  0.9960  
43       43  (17)      4 :  0.0180  0.9820  
44       44  (33)      4 :  0.1830  0.8170  
45       45  (17)      4 :  0.0060  0.9940  
46       46  (14)      4 :  0.3470  0.6530  
47       47   (5)      4 :  0.0030  0.9970  
48       48  (24)      4 :  0.0120  0.9880  
49       49  (32)      4 :  0.0150  0.9850  
50       50  (24)      4 :  0.0070  0.9930  
51       51  (17)      4 :  0.0550  0.9450  
52       52   (5)      4 :  0.1540  0.8460  
53       53  (10)      4 :  0.0090  0.9910  
54       54   (9)      4 :  0.1660  0.8340  
55       55  (27)      5 :  0.3380  0.6620  
56       56  (15)      5 :  0.7660  0.2340  
57       57  (15)      5 :  0.8310  0.1690  
58       58   (5)      5 :  0.9990  0.0010  
59       59   (7)      5 :  0.6540  0.3460  
60       60   (9)      5 :  0.8690  0.1310  
61       61  (17)      5 :  0.6020  0.3980  
62       62  (10)      5 :  0.8350  0.1650  
63       63  (12)      5 :  0.6270  0.3730  
64       64  (16)      5 :  0.6590  0.3410  
65       65  (17)      5 :  0.6550  0.3450  
66       66  (15)      5 :  0.7580  0.2420  
67       67  (12)      5 :  0.7030  0.2970  
68       68   (8)      5 :  0.6720  0.3280  
69       69  (13)      5 :  0.7360  0.2640  
70       70   (8)      5 :  0.6560  0.3440  
71       71  (20)      6 :  0.0050  0.9950  
72       72   (6)      6 :  0.0020  0.9980  
73       73  (40)      6 :  0.0080  0.9920  
74       74  (25)      6 :  0.0030  0.9970  
75       75  (15)      6 :  0.0070  0.9930  
76       76  (36)      6 :  0.1760  0.8240  
77       77   (8)      6 :  0.0050  0.9950  
78       78   (9)      6 :  0.0030  0.9970  
79       79   (8)      6 :  0.0120  0.9880  
80       80   (8)      6 :  0.1820  0.8180  
81       81   (8)      6 :  0.0740  0.9260  
82       82   (9)      6 :  0.0030  0.9970  
83       83   (9)      5 :  0.6680  0.3320  
