 1        1   (8)      1 :  0.9970  0.0030  
 2        2   (9)      1 :  0.9120  0.0880  
 3        3   (9)      1 :  0.9010  0.0990  
 4        4  (18)      1 :  0.8410  0.1590  
 5        5  (22)      1 :  0.9950  0.0050  
 6        6   (9)      1 :  0.2880  0.7120  
 7        7  (13)      1 :  0.9540  0.0460  
 8        8  (14)      1 :  0.8050  0.1950  
 9        9   (5)      1 :  0.7810  0.2190  
10       10  (10)      1 :  0.9050  0.0950  
11       11  (21)      1 :  0.3610  0.6390  
12       12   (7)      1 :  0.3700  0.6300  
13       13  (26)      1 :  0.9950  0.0050  
14       14   (8)      2 :  0.0100  0.9900  
15       15   (7)      2 :  0.1030  0.8970  
16       16   (7)      2 :  0.0130  0.9870  
17       17   (8)      2 :  0.2220  0.7780  
18       18  (13)      2 :  0.2020  0.7980  
19       19  (15)      2 :  0.0480  0.9520  
20       20   (6)      2 :  0.0090  0.9910  
21       21   (6)      2 :  0.0030  0.9970  
22       22   (8)      2 :  0.1140  0.8860  
23       23   (5)      2 :  0.0270  0.9730  
24       24  (13)      2 :  0.0040  0.9960  
25       25  (10)      2 :  0.0080  0.9920  
26       26   (9)      2 :  0.0020  0.9980  
27       27  (49)      2 :  0.0150  0.9850  
28       28  (20)      2 :  0.1260  0.8740  
29       29   (9)      3 :  0.9930  0.0070  
30       30   (8)      3 :  0.9980  0.0020  
31       31  (18)      3 :  0.9740  0.0260  
32       32  (13)      3 :  0.7390  0.2610  
33       33   (6)      3 :  0.9950  0.0050  
34       34  (10)      3 :  0.8720  0.1280  
35       35   (4)      3 :  0.6680  0.3320  
36       36  (17)      3 :  0.9950  0.0050  
37       37   (8)      3 :  0.7630  0.2370  
38       38   (9)      3 :  0.9350  0.0650  
39       39  (14)      3 :  0.8710  0.1290  
40       40  (15)      3 :  0.9860  0.0140  
41       41   (5)      4 :  0.0080  0.9920  
42       42   (8)      4 :  0.0040  0.9960  
43       43  (17)      4 :  0.0120  0.9880  
44       44  (33)      4 :  0.1320  0.8680  
45       45  (17)      4 :  0.0050  0.9950  
46       46  (14)      4 :  0.3370  0.6630  
47       47   (5)      4 :  0.0030  0.9970  
48       48  (24)      4 :  0.0120  0.9880  
49       49  (32)      4 :  0.0110  0.9890  
50       50  (24)      4 :  0.0080  0.9920  
51       51  (17)      4 :  0.0520  0.9480  
52       52   (5)      4 :  0.1540  0.8460  
53       53  (10)      4 :  0.0070  0.9930  
54       54   (9)      4 :  0.1960  0.8040  
55       55  (27)      5 :  0.3060  0.6940  
56       56  (15)      5 :  0.8110  0.1890  
57       57  (15)      5 :  0.8360  0.1640  
58       58   (5)      5 :  0.9980  0.0020  
59       59   (7)      5 :  0.6620  0.3380  
60       60   (9)      5 :  0.8520  0.1480  
61       61  (17)      5 :  0.6140  0.3860  
62       62  (10)      5 :  0.8330  0.1670  
63       63  (12)      5 :  0.6190  0.3810  
64       64  (16)      5 :  0.6510  0.3490  
65       65  (17)      5 :  0.6110  0.3890  
66       66  (15)      5 :  0.7640  0.2360  
67       67  (12)      5 :  0.7100  0.2900  
68       68   (8)      5 :  0.6500  0.3500  
69       69  (13)      5 :  0.7300  0.2700  
70       70   (8)      5 :  0.6650  0.3350  
71       71  (20)      6 :  0.0060  0.9940  
72       72   (6)      6 :  0.0020  0.9980  
73       73  (40)      6 :  0.0110  0.9890  
74       74  (25)      6 :  0.0030  0.9970  
75       75  (15)      6 :  0.0070  0.9930  
76       76  (36)      6 :  0.1510  0.8490  
77       77   (8)      6 :  0.0050  0.9950  
78       78   (9)      6 :  0.0040  0.9960  
79       79   (8)      6 :  0.0140  0.9860  
80       80   (8)      6 :  0.1780  0.8220  
81       81   (8)      6 :  0.1040  0.8960  
82       82   (9)      6 :  0.0030  0.9970  
83       83   (9)      5 :  0.6720  0.3280  
