 1        1   (8)      1 :  0.9970  0.0030  
 2        2   (9)      1 :  0.8830  0.1170  
 3        3   (9)      1 :  0.9100  0.0900  
 4        4  (18)      1 :  0.8490  0.1510  
 5        5  (22)      1 :  0.9960  0.0040  
 6        6   (9)      1 :  0.3050  0.6950  
 7        7  (13)      1 :  0.9510  0.0490  
 8        8  (14)      1 :  0.7780  0.2220  
 9        9   (5)      1 :  0.7650  0.2350  
10       10  (10)      1 :  0.8970  0.1030  
11       11  (21)      1 :  0.3740  0.6260  
12       12   (7)      1 :  0.3930  0.6070  
13       13  (26)      1 :  0.9950  0.0050  
14       14   (8)      2 :  0.0090  0.9910  
15       15   (7)      2 :  0.0580  0.9420  
16       16   (7)      2 :  0.0100  0.9900  
17       17   (8)      2 :  0.2390  0.7610  
18       18  (13)      2 :  0.2110  0.7890  
19       19  (15)      2 :  0.0850  0.9150  
20       20   (6)      2 :  0.0100  0.9900  
21       21   (6)      2 :  0.0030  0.9970  
22       22   (8)      2 :  0.1330  0.8670  
23       23   (5)      2 :  0.0400  0.9600  
24       24  (13)      2 :  0.0040  0.9960  
25       25  (10)      2 :  0.0090  0.9910  
26       26   (9)      2 :  0.0020  0.9980  
27       27  (49)      2 :  0.0150  0.9850  
28       28  (20)      2 :  0.0990  0.9010  
29       29   (9)      3 :  0.9930  0.0070  
30       30   (8)      3 :  0.9980  0.0020  
31       31  (18)      3 :  0.9560  0.0440  
32       32  (13)      3 :  0.7240  0.2760  
33       33   (6)      3 :  0.9960  0.0040  
34       34  (10)      3 :  0.8780  0.1220  
35       35   (4)      3 :  0.6750  0.3250  
36       36  (17)      3 :  0.9950  0.0050  
37       37   (8)      3 :  0.7670  0.2330  
38       38   (9)      3 :  0.9290  0.0710  
39       39  (14)      3 :  0.8580  0.1420  
40       40  (15)      3 :  0.9910  0.0090  
41       41   (5)      4 :  0.0040  0.9960  
42       42   (8)      4 :  0.0050  0.9950  
43       43  (17)      4 :  0.0130  0.9870  
44       44  (33)      4 :  0.1490  0.8510  
45       45  (17)      4 :  0.0070  0.9930  
46       46  (14)      4 :  0.3260  0.6740  
47       47   (5)      4 :  0.0030  0.9970  
48       48  (24)      4 :  0.0110  0.9890  
49       49  (32)      4 :  0.0150  0.9850  
50       50  (24)      4 :  0.0080  0.9920  
51       51  (17)      4 :  0.0680  0.9320  
52       52   (5)      4 :  0.1870  0.8130  
53       53  (10)      4 :  0.0090  0.9910  
54       54   (9)      4 :  0.1690  0.8310  
55       55  (27)      5 :  0.3040  0.6960  
56       56  (15)      5 :  0.8230  0.1770  
57       57  (15)      5 :  0.8300  0.1700  
58       58   (5)      5 :  0.9980  0.0020  
59       59   (7)      5 :  0.6360  0.3640  
60       60   (9)      5 :  0.8590  0.1410  
61       61  (17)      5 :  0.5730  0.4270  
62       62  (10)      5 :  0.8340  0.1660  
63       63  (12)      5 :  0.6320  0.3680  
64       64  (16)      5 :  0.6520  0.3480  
65       65  (17)      5 :  0.6370  0.3630  
66       66  (15)      5 :  0.7590  0.2410  
67       67  (12)      5 :  0.7110  0.2890  
68       68   (8)      5 :  0.6570  0.3430  
69       69  (13)      5 :  0.7290  0.2710  
70       70   (8)      5 :  0.6620  0.3380  
71       71  (20)      6 :  0.0060  0.9940  
72       72   (6)      6 :  0.0020  0.9980  
73       73  (40)      6 :  0.0130  0.9870  
74       74  (25)      6 :  0.0030  0.9970  
75       75  (15)      6 :  0.0070  0.9930  
76       76  (36)      6 :  0.1540  0.8460  
77       77   (8)      6 :  0.0050  0.9950  
78       78   (9)      6 :  0.0040  0.9960  
79       79   (8)      6 :  0.0120  0.9880  
80       80   (8)      6 :  0.1710  0.8290  
81       81   (8)      6 :  0.0660  0.9340  
82       82   (9)      6 :  0.0040  0.9960  
83       83   (9)      5 :  0.6740  0.3260  
