 1        1   (8)      1 :  0.9970  0.0030  
 2        2   (9)      1 :  0.8700  0.1300  
 3        3   (9)      1 :  0.8850  0.1150  
 4        4  (18)      1 :  0.8260  0.1740  
 5        5  (22)      1 :  0.9960  0.0040  
 6        6   (9)      1 :  0.3040  0.6960  
 7        7  (13)      1 :  0.9490  0.0510  
 8        8  (14)      1 :  0.8170  0.1830  
 9        9   (5)      1 :  0.7520  0.2480  
10       10  (10)      1 :  0.9140  0.0860  
11       11  (21)      1 :  0.3440  0.6560  
12       12   (7)      1 :  0.4080  0.5920  
13       13  (26)      1 :  0.9940  0.0060  
14       14   (8)      2 :  0.0080  0.9920  
15       15   (7)      2 :  0.0590  0.9410  
16       16   (7)      2 :  0.0090  0.9910  
17       17   (8)      2 :  0.2430  0.7570  
18       18  (13)      2 :  0.2060  0.7940  
19       19  (15)      2 :  0.0850  0.9150  
20       20   (6)      2 :  0.0080  0.9920  
21       21   (6)      2 :  0.0030  0.9970  
22       22   (8)      2 :  0.0980  0.9020  
23       23   (5)      2 :  0.0370  0.9630  
24       24  (13)      2 :  0.0040  0.9960  
25       25  (10)      2 :  0.0090  0.9910  
26       26   (9)      2 :  0.0020  0.9980  
27       27  (49)      2 :  0.0140  0.9860  
28       28  (20)      2 :  0.0630  0.9370  
29       29   (9)      3 :  0.9930  0.0070  
30       30   (8)      3 :  0.9980  0.0020  
31       31  (18)      3 :  0.9800  0.0200  
32       32  (13)      3 :  0.7320  0.2680  
33       33   (6)      3 :  0.9960  0.0040  
34       34  (10)      3 :  0.8500  0.1500  
35       35   (4)      3 :  0.6520  0.3480  
36       36  (17)      3 :  0.9950  0.0050  
37       37   (8)      3 :  0.7680  0.2320  
38       38   (9)      3 :  0.9240  0.0760  
39       39  (14)      3 :  0.8540  0.1460  
40       40  (15)      3 :  0.9900  0.0100  
41       41   (5)      4 :  0.0050  0.9950  
42       42   (8)      4 :  0.0060  0.9940  
43       43  (17)      4 :  0.0120  0.9880  
44       44  (33)      4 :  0.1790  0.8210  
45       45  (17)      4 :  0.0060  0.9940  
46       46  (14)      4 :  0.3360  0.6640  
47       47   (5)      4 :  0.0030  0.9970  
48       48  (24)      4 :  0.0180  0.9820  
49       49  (32)      4 :  0.0140  0.9860  
50       50  (24)      4 :  0.0070  0.9930  
51       51  (17)      4 :  0.0550  0.9450  
52       52   (5)      4 :  0.1610  0.8390  
53       53  (10)      4 :  0.0060  0.9940  
54       54   (9)      4 :  0.1740  0.8260  
55       55  (27)      5 :  0.3060  0.6940  
56       56  (15)      5 :  0.7900  0.2100  
57       57  (15)      5 :  0.8310  0.1690  
58       58   (5)      5 :  0.9980  0.0020  
59       59   (7)      5 :  0.6260  0.3740  
60       60   (9)      5 :  0.8530  0.1470  
61       61  (17)      5 :  0.5870  0.4130  
62       62  (10)      5 :  0.8350  0.1650  
63       63  (12)      5 :  0.6190  0.3810  
64       64  (16)      5 :  0.6510  0.3490  
65       65  (17)      5 :  0.6430  0.3570  
66       66  (15)      5 :  0.7580  0.2420  
67       67  (12)      5 :  0.7030  0.2970  
68       68   (8)      5 :  0.6370  0.3630  
69       69  (13)      5 :  0.7220  0.2780  
70       70   (8)      5 :  0.6380  0.3620  
71       71  (20)      6 :  0.0060  0.9940  
72       72   (6)      6 :  0.0020  0.9980  
73       73  (40)      6 :  0.0110  0.9890  
74       74  (25)      6 :  0.0030  0.9970  
75       75  (15)      6 :  0.0080  0.9920  
76       76  (36)      6 :  0.1290  0.8710  
77       77   (8)      6 :  0.0040  0.9960  
78       78   (9)      6 :  0.0040  0.9960  
79       79   (8)      6 :  0.0100  0.9900  
80       80   (8)      6 :  0.1750  0.8250  
81       81   (8)      6 :  0.0730  0.9270  
82       82   (9)      6 :  0.0030  0.9970  
83       83   (9)      5 :  0.6530  0.3470  
