 1        1   (8)      1 :  0.9970  0.0030  
 2        2   (9)      1 :  0.8690  0.1310  
 3        3   (9)      1 :  0.8620  0.1380  
 4        4  (18)      1 :  0.8140  0.1860  
 5        5  (22)      1 :  0.9950  0.0050  
 6        6   (9)      1 :  0.2990  0.7010  
 7        7  (13)      1 :  0.9580  0.0420  
 8        8  (14)      1 :  0.7760  0.2240  
 9        9   (5)      1 :  0.7680  0.2320  
10       10  (10)      1 :  0.8710  0.1290  
11       11  (21)      1 :  0.3630  0.6370  
12       12   (7)      1 :  0.3840  0.6160  
13       13  (26)      1 :  0.9940  0.0060  
14       14   (8)      2 :  0.0080  0.9920  
15       15   (7)      2 :  0.0790  0.9210  
16       16   (7)      2 :  0.0080  0.9920  
17       17   (8)      2 :  0.2130  0.7870  
18       18  (13)      2 :  0.1960  0.8040  
19       19  (15)      2 :  0.0780  0.9220  
20       20   (6)      2 :  0.0080  0.9920  
21       21   (6)      2 :  0.0030  0.9970  
22       22   (8)      2 :  0.1210  0.8790  
23       23   (5)      2 :  0.0440  0.9560  
24       24  (13)      2 :  0.0040  0.9960  
25       25  (10)      2 :  0.0070  0.9930  
26       26   (9)      2 :  0.0020  0.9980  
27       27  (49)      2 :  0.0140  0.9860  
28       28  (20)      2 :  0.0390  0.9610  
29       29   (9)      3 :  0.9940  0.0060  
30       30   (8)      3 :  0.9980  0.0020  
31       31  (18)      3 :  0.9770  0.0230  
32       32  (13)      3 :  0.7170  0.2830  
33       33   (6)      3 :  0.9950  0.0050  
34       34  (10)      3 :  0.8630  0.1370  
35       35   (4)      3 :  0.6620  0.3380  
36       36  (17)      3 :  0.9950  0.0050  
37       37   (8)      3 :  0.7720  0.2280  
38       38   (9)      3 :  0.9140  0.0860  
39       39  (14)      3 :  0.8570  0.1430  
40       40  (15)      3 :  0.9900  0.0100  
41       41   (5)      4 :  0.0050  0.9950  
42       42   (8)      4 :  0.0040  0.9960  
43       43  (17)      4 :  0.0120  0.9880  
44       44  (33)      4 :  0.1580  0.8420  
45       45  (17)      4 :  0.0070  0.9930  
46       46  (14)      4 :  0.3350  0.6650  
47       47   (5)      4 :  0.0030  0.9970  
48       48  (24)      4 :  0.0130  0.9870  
49       49  (32)      4 :  0.0260  0.9740  
50       50  (24)      4 :  0.0070  0.9930  
51       51  (17)      4 :  0.0650  0.9350  
52       52   (5)      4 :  0.1800  0.8200  
53       53  (10)      4 :  0.0090  0.9910  
54       54   (9)      4 :  0.1590  0.8410  
55       55  (27)      5 :  0.3260  0.6740  
56       56  (15)      5 :  0.7930  0.2070  
57       57  (15)      5 :  0.8120  0.1880  
58       58   (5)      5 :  0.9980  0.0020  
59       59   (7)      5 :  0.6170  0.3830  
60       60   (9)      5 :  0.8450  0.1550  
61       61  (17)      5 :  0.5760  0.4240  
62       62  (10)      5 :  0.8450  0.1550  
63       63  (12)      5 :  0.6220  0.3780  
64       64  (16)      5 :  0.6590  0.3410  
65       65  (17)      5 :  0.6600  0.3400  
66       66  (15)      5 :  0.7600  0.2400  
67       67  (12)      5 :  0.7170  0.2830  
68       68   (8)      5 :  0.6450  0.3550  
69       69  (13)      5 :  0.7300  0.2700  
70       70   (8)      5 :  0.6310  0.3690  
71       71  (20)      6 :  0.0040  0.9960  
72       72   (6)      6 :  0.0020  0.9980  
73       73  (40)      6 :  0.0110  0.9890  
74       74  (25)      6 :  0.0030  0.9970  
75       75  (15)      6 :  0.0090  0.9910  
76       76  (36)      6 :  0.1370  0.8630  
77       77   (8)      6 :  0.0050  0.9950  
78       78   (9)      6 :  0.0040  0.9960  
79       79   (8)      6 :  0.0110  0.9890  
80       80   (8)      6 :  0.1660  0.8340  
81       81   (8)      6 :  0.0750  0.9250  
82       82   (9)      6 :  0.0030  0.9970  
83       83   (9)      5 :  0.6620  0.3380  
