 1        1   (8)      1 :  0.9970  0.0030  
 2        2   (9)      1 :  0.8870  0.1130  
 3        3   (9)      1 :  0.8870  0.1130  
 4        4  (18)      1 :  0.8590  0.1410  
 5        5  (22)      1 :  0.9950  0.0050  
 6        6   (9)      1 :  0.3150  0.6850  
 7        7  (13)      1 :  0.9550  0.0450  
 8        8  (14)      1 :  0.8050  0.1950  
 9        9   (5)      1 :  0.8040  0.1960  
10       10  (10)      1 :  0.9030  0.0970  
11       11  (21)      1 :  0.3760  0.6240  
12       12   (7)      1 :  0.4010  0.5990  
13       13  (26)      1 :  0.9940  0.0060  
14       14   (8)      2 :  0.0080  0.9920  
15       15   (7)      2 :  0.1020  0.8980  
16       16   (7)      2 :  0.0120  0.9880  
17       17   (8)      2 :  0.2530  0.7470  
18       18  (13)      2 :  0.1910  0.8090  
19       19  (15)      2 :  0.0670  0.9330  
20       20   (6)      2 :  0.0110  0.9890  
21       21   (6)      2 :  0.0040  0.9960  
22       22   (8)      2 :  0.1360  0.8640  
23       23   (5)      2 :  0.0400  0.9600  
24       24  (13)      2 :  0.0040  0.9960  
25       25  (10)      2 :  0.0090  0.9910  
26       26   (9)      2 :  0.0020  0.9980  
27       27  (49)      2 :  0.0210  0.9790  
28       28  (20)      2 :  0.0810  0.9190  
29       29   (9)      3 :  0.9910  0.0090  
30       30   (8)      3 :  0.9980  0.0020  
31       31  (18)      3 :  0.9510  0.0490  
32       32  (13)      3 :  0.7370  0.2630  
33       33   (6)      3 :  0.9950  0.0050  
34       34  (10)      3 :  0.8530  0.1470  
35       35   (4)      3 :  0.6910  0.3090  
36       36  (17)      3 :  0.9950  0.0050  
37       37   (8)      3 :  0.8160  0.1840  
38       38   (9)      3 :  0.9250  0.0750  
39       39  (14)      3 :  0.8470  0.1530  
40       40  (15)      3 :  0.9920  0.0080  
41       41   (5)      4 :  0.0050  0.9950  
42       42   (8)      4 :  0.0040  0.9960  
43       43  (17)      4 :  0.0190  0.9810  
44       44  (33)      4 :  0.1610  0.8390  
45       45  (17)      4 :  0.0070  0.9930  
46       46  (14)      4 :  0.3430  0.6570  
47       47   (5)      4 :  0.0030  0.9970  
48       48  (24)      4 :  0.0230  0.9770  
49       49  (32)      4 :  0.0170  0.9830  
50       50  (24)      4 :  0.0070  0.9930  
51       51  (17)      4 :  0.0860  0.9140  
52       52   (5)      4 :  0.1890  0.8110  
53       53  (10)      4 :  0.0080  0.9920  
54       54   (9)      4 :  0.1690  0.8310  
55       55  (27)      5 :  0.3320  0.6680  
56       56  (15)      5 :  0.8200  0.1800  
57       57  (15)      5 :  0.8400  0.1600  
58       58   (5)      5 :  0.9980  0.0020  
59       59   (7)      5 :  0.6480  0.3520  
60       60   (9)      5 :  0.8580  0.1420  
61       61  (17)      5 :  0.6480  0.3520  
62       62  (10)      5 :  0.8330  0.1670  
63       63  (12)      5 :  0.6190  0.3810  
64       64  (16)      5 :  0.6690  0.3310  
65       65  (17)      5 :  0.6590  0.3410  
66       66  (15)      5 :  0.7490  0.2510  
67       67  (12)      5 :  0.7220  0.2780  
68       68   (8)      5 :  0.6500  0.3500  
69       69  (13)      5 :  0.7350  0.2650  
70       70   (8)      5 :  0.6700  0.3300  
71       71  (20)      6 :  0.0060  0.9940  
72       72   (6)      6 :  0.0020  0.9980  
73       73  (40)      6 :  0.0090  0.9910  
74       74  (25)      6 :  0.0030  0.9970  
75       75  (15)      6 :  0.0100  0.9900  
76       76  (36)      6 :  0.1470  0.8530  
77       77   (8)      6 :  0.0070  0.9930  
78       78   (9)      6 :  0.0040  0.9960  
79       79   (8)      6 :  0.0150  0.9850  
80       80   (8)      6 :  0.1780  0.8220  
81       81   (8)      6 :  0.0840  0.9160  
82       82   (9)      6 :  0.0040  0.9960  
83       83   (9)      5 :  0.6740  0.3260  
