  1        1  (21)      1 :  0.0040  0.9449  0.0020  0.0020  0.0470  
  2        2   (8)      2 :  0.8849  0.0040  0.1031  0.0030  0.0050  
  3        3  (22)      3 :  0.0030  0.0050  0.0030  0.0030  0.9860  
  4        4  (12)      4 :  0.7493  0.1129  0.0070  0.0130  0.1179  
  5        5  (75)      5 :  0.0180  0.0140  0.9060  0.0120  0.0500  
  6        6  (23)      6 :  0.0090  0.0360  0.0270  0.8889  0.0390  
  7        7  (24)      7 :  0.0080  0.1892  0.7938  0.0060  0.0030  
  8        8  (40)      1 :  0.0130  0.7790  0.1460  0.0160  0.0460  
  9        9  (22)      2 :  0.9660  0.0110  0.0050  0.0140  0.0040  
 10       10  (33)      3 :  0.0080  0.1239  0.0300  0.0180  0.8202  
 11       11  (29)      4 :  0.9760  0.0030  0.0040  0.0030  0.0140  
 12       12  (25)      5 :  0.0030  0.0030  0.9860  0.0020  0.0060  
 13       13   (9)      6 :  0.0020  0.0030  0.0020  0.9890  0.0040  
 14       14  (52)      7 :  0.0110  0.0100  0.9420  0.0100  0.0270  
 15       15  (14)      1 :  0.0030  0.9680  0.0040  0.0220  0.0030  
 16       16  (17)      2 :  0.9500  0.0280  0.0080  0.0090  0.0050  
 17       17  (18)      3 :  0.0020  0.0030  0.0050  0.0030  0.9870  
 18       18  (14)      4 :  0.9800  0.0030  0.0040  0.0110  0.0020  
 19       19  (17)      5 :  0.2750  0.0050  0.7010  0.0120  0.0070  
 20       20   (9)      6 :  0.0571  0.0160  0.0060  0.9169  0.0040  
 21       21  (32)      7 :  0.0200  0.0040  0.8970  0.0420  0.0370  
 22       22  (12)      1 :  0.0030  0.9760  0.0030  0.0120  0.0060  
 23       23  (14)      2 :  0.9620  0.0020  0.0080  0.0040  0.0240  
 24       24  (16)      3 :  0.0280  0.0020  0.2753  0.0100  0.6847  
 25       25  (46)      4 :  0.9810  0.0030  0.0100  0.0030  0.0030  
 26       26  (10)      5 :  0.0230  0.0280  0.9059  0.0030  0.0400  
 27       27  (32)      6 :  0.0080  0.0040  0.0070  0.9680  0.0130  
 28       28  (18)      7 :  0.4200  0.0250  0.5180  0.0310  0.0060  
 29       29  (32)      1 :  0.0350  0.8810  0.0090  0.0410  0.0340  
 30       30  (18)      2 :  0.9211  0.0280  0.0040  0.0380  0.0090  
 31       31   (9)      3 :  0.0330  0.0060  0.0080  0.0180  0.9351  
 32       32  (32)      4 :  0.9269  0.0070  0.0210  0.0130  0.0320  
 33       33  (14)      5 :  0.0110  0.0810  0.7760  0.0200  0.1120  
 34       34  (30)      6 :  0.0180  0.0110  0.0180  0.9490  0.0040  
 35       35  (14)      7 :  0.0549  0.0060  0.9321  0.0030  0.0040  
 36       36  (21)      1 :  0.0080  0.9640  0.0080  0.0100  0.0100  
 37       37  (54)      2 :  0.6840  0.2830  0.0050  0.0050  0.0230  
 38       38  (45)      3 :  0.1480  0.0070  0.0130  0.0080  0.8240  
 39       39  (27)      4 :  0.9560  0.0140  0.0090  0.0080  0.0130  
 40       40  (13)      5 :  0.0080  0.0390  0.8900  0.0530  0.0100  
 41       41  (18)      6 :  0.0180  0.0020  0.0030  0.9730  0.0040  
 42       42  (66)      7 :  0.0600  0.0080  0.8970  0.0310  0.0040  
 43       43  (14)      1 :  0.0060  0.9630  0.0030  0.0050  0.0230  
 44       44  (22)      2 :  0.8268  0.0110  0.0210  0.0100  0.1311  
 45       45  (19)      3 :  0.0040  0.0100  0.0110  0.0090  0.9660  
 46       46  (22)      4 :  0.9579  0.0050  0.0120  0.0080  0.0170  
 47       47  (12)      5 :  0.0200  0.0140  0.9370  0.0170  0.0120  
 48       48  (11)      6 :  0.0370  0.0090  0.0170  0.9200  0.0170  
 49       49   (9)      7 :  0.6290  0.0050  0.2350  0.0680  0.0630  
 50       50  (30)      1 :  0.0060  0.9460  0.0280  0.0160  0.0040  
 51       51   (8)      2 :  0.8559  0.0170  0.0170  0.0090  0.1011  
 52       52   (9)      3 :  0.0100  0.0250  0.1430  0.0140  0.8080  
 53       53  (43)      4 :  0.7290  0.0310  0.0400  0.1350  0.0650  
 54       54  (21)      5 :  0.0020  0.0060  0.9880  0.0020  0.0020  
 55       55  (20)      6 :  0.0020  0.0030  0.0020  0.9920  0.0010  
 56       56   (6)      7 :  0.0050  0.0020  0.9610  0.0070  0.0250  
 57       57  (15)      1 :  0.0060  0.9560  0.0040  0.0030  0.0310  
 58       58   (7)      2 :  0.9730  0.0140  0.0030  0.0030  0.0070  
 59       59  (15)      3 :  0.0080  0.0210  0.0310  0.0150  0.9250  
 60       60   (9)      4 :  0.8740  0.0500  0.0110  0.0610  0.0040  
 61       61  (33)      5 :  0.0050  0.0030  0.9830  0.0020  0.0070  
 62       62  (12)      6 :  0.0080  0.0130  0.4100  0.5640  0.0050  
 63       63  (57)      7 :  0.0080  0.0040  0.9710  0.0120  0.0050  
 64       64  (23)      1 :  0.0040  0.9860  0.0030  0.0040  0.0030  
 65       65  (31)      2 :  0.9870  0.0050  0.0030  0.0020  0.0030  
 66       66  (17)      3 :  0.0070  0.0120  0.0120  0.0060  0.9630  
 67       67  (10)      4 :  0.9250  0.0100  0.0120  0.0070  0.0460  
 68       68   (8)      5 :  0.0310  0.0030  0.9550  0.0090  0.0020  
 69       69  (41)      6 :  0.0170  0.0030  0.0080  0.9430  0.0290  
 70       70  (17)      7 :  0.0190  0.0130  0.8108  0.1471  0.0100  
 71       71  (29)      1 :  0.0280  0.9419  0.0130  0.0080  0.0090  
 72       72  (51)      2 :  0.9600  0.0030  0.0080  0.0030  0.0260  
 73       73  (22)      3 :  0.0690  0.0080  0.0080  0.0040  0.9110  
 74       74  (14)      4 :  0.9179  0.0521  0.0070  0.0100  0.0130  
 75       75  (18)      5 :  0.0100  0.0090  0.9670  0.0120  0.0020  
 76       76  (25)      6 :  0.0050  0.0050  0.0040  0.9830  0.0030  
 77       77  (12)      7 :  0.0090  0.0050  0.9460  0.0060  0.0340  
 78       78  (21)      1 :  0.0030  0.9890  0.0030  0.0030  0.0020  
 79       79  (14)      2 :  0.9289  0.0040  0.0180  0.0370  0.0120  
 80       80  (22)      3 :  0.0680  0.0050  0.0090  0.0090  0.9090  
 81       81  (11)      4 :  0.9590  0.0070  0.0160  0.0110  0.0070  
 82       82  (25)      5 :  0.0070  0.0080  0.9550  0.0070  0.0230  
 83       83  (12)      6 :  0.0980  0.0090  0.0220  0.8580  0.0130  
 84       84  (18)      7 :  0.0050  0.0030  0.9660  0.0190  0.0070  
 85       85   (9)      1 :  0.0110  0.8388  0.0200  0.1251  0.0050  
 86       86  (24)      2 :  0.9720  0.0060  0.0030  0.0170  0.0020  
 87       87  (47)      3 :  0.0160  0.0050  0.0070  0.0070  0.9650  
 88       88  (27)      4 :  0.9270  0.0050  0.0340  0.0060  0.0280  
 89       89  (14)      5 :  0.0090  0.0020  0.9810  0.0030  0.0050  
 90       90  (24)      6 :  0.0150  0.0090  0.0050  0.9580  0.0130  
 91       91  (20)      7 :  0.0050  0.0110  0.9350  0.0450  0.0040  
 92       92  (10)      1 :  0.0040  0.9840  0.0060  0.0040  0.0020  
 93       93  (21)      2 :  0.8090  0.0910  0.0860  0.0120  0.0020  
 94       94  (27)      3 :  0.0040  0.0020  0.0020  0.0010  0.9910  
 95       95   (9)      4 :  0.8010  0.0650  0.0870  0.0140  0.0330  
 96       96  (40)      5 :  0.0090  0.0040  0.9450  0.0310  0.0110  
 97       97  (26)      6 :  0.0120  0.0590  0.0220  0.9030  0.0040  
 98       98  (15)      7 :  0.0430  0.0060  0.5200  0.4210  0.0100  
 99       99  (23)      1 :  0.0200  0.8770  0.0330  0.0250  0.0450  
100      100  (19)      2 :  0.9890  0.0010  0.0060  0.0010  0.0030  
101      101  (60)      3 :  0.0190  0.0170  0.0210  0.3360  0.6070  
102      102  (17)      4 :  0.9610  0.0050  0.0170  0.0110  0.0060  
103      103  (18)      5 :  0.0120  0.0100  0.9409  0.0060  0.0310  
104      104  (23)      6 :  0.0040  0.0040  0.1810  0.7960  0.0150  
105      105  (20)      7 :  0.1982  0.0140  0.7778  0.0040  0.0060  
