  1        1  (21)      1 :  0.9470  0.0530  
  2        2   (8)      2 :  0.0740  0.9260  
  3        3  (22)      3 :  0.0640  0.9360  
  4        4  (12)      4 :  0.0890  0.9110  
  5        5  (75)      5 :  0.3840  0.6160  
  6        6  (23)      6 :  0.8150  0.1850  
  7        7  (24)      7 :  0.9310  0.0690  
  8        8  (40)      1 :  0.9180  0.0820  
  9        9  (22)      2 :  0.0850  0.9150  
 10       10  (33)      3 :  0.7000  0.3000  
 11       11  (29)      4 :  0.0130  0.9870  
 12       12  (25)      5 :  0.9320  0.0680  
 13       13   (9)      6 :  0.9440  0.0560  
 14       14  (52)      7 :  0.2910  0.7090  
 15       15  (14)      1 :  0.9780  0.0220  
 16       16  (17)      2 :  0.0920  0.9080  
 17       17  (18)      3 :  0.0810  0.9190  
 18       18  (14)      4 :  0.0250  0.9750  
 19       19  (17)      5 :  0.5500  0.4500  
 20       20   (9)      6 :  0.4900  0.5100  
 21       21  (32)      7 :  0.1030  0.8970  
 22       22  (12)      1 :  0.9570  0.0430  
 23       23  (14)      2 :  0.0160  0.9840  
 24       24  (16)      3 :  0.0690  0.9310  
 25       25  (46)      4 :  0.0300  0.9700  
 26       26  (10)      5 :  0.9020  0.0980  
 27       27  (32)      6 :  0.4770  0.5230  
 28       28  (18)      7 :  0.0950  0.9050  
 29       29  (32)      1 :  0.9000  0.1000  
 30       30  (18)      2 :  0.1060  0.8940  
 31       31   (9)      3 :  0.0270  0.9730  
 32       32  (32)      4 :  0.0440  0.9560  
 33       33  (14)      5 :  0.8190  0.1810  
 34       34  (30)      6 :  0.8830  0.1170  
 35       35  (14)      7 :  0.1230  0.8770  
 36       36  (21)      1 :  0.9710  0.0290  
 37       37  (54)      2 :  0.1270  0.8730  
 38       38  (45)      3 :  0.0240  0.9760  
 39       39  (27)      4 :  0.1050  0.8950  
 40       40  (13)      5 :  0.9600  0.0400  
 41       41  (18)      6 :  0.3310  0.6690  
 42       42  (66)      7 :  0.4770  0.5230  
 43       43  (14)      1 :  0.9530  0.0470  
 44       44  (22)      2 :  0.1490  0.8510  
 45       45  (19)      3 :  0.0450  0.9550  
 46       46  (22)      4 :  0.0220  0.9780  
 47       47  (12)      5 :  0.7110  0.2890  
 48       48  (11)      6 :  0.3990  0.6010  
 49       49   (9)      7 :  0.0290  0.9710  
 50       50  (30)      1 :  0.9770  0.0230  
 51       51   (8)      2 :  0.0550  0.9450  
 52       52   (9)      3 :  0.3730  0.6270  
 53       53  (43)      4 :  0.2740  0.7260  
 54       54  (21)      5 :  0.9860  0.0140  
 55       55  (20)      6 :  0.9760  0.0240  
 56       56   (6)      7 :  0.0920  0.9080  
 57       57  (15)      1 :  0.9150  0.0850  
 58       58   (7)      2 :  0.0360  0.9640  
 59       59  (15)      3 :  0.2800  0.7200  
 60       60   (9)      4 :  0.1130  0.8870  
 61       61  (33)      5 :  0.7420  0.2580  
 62       62  (12)      6 :  0.9380  0.0620  
 63       63  (57)      7 :  0.8460  0.1540  
 64       64  (23)      1 :  0.9820  0.0180  
 65       65  (31)      2 :  0.0450  0.9550  
 66       66  (17)      3 :  0.1710  0.8290  
 67       67  (10)      4 :  0.0340  0.9660  
 68       68   (8)      5 :  0.6810  0.3190  
 69       69  (41)      6 :  0.1310  0.8690  
 70       70  (17)      7 :  0.1530  0.8470  
 71       71  (29)      1 :  0.9520  0.0480  
 72       72  (51)      2 :  0.0210  0.9790  
 73       73  (22)      3 :  0.0320  0.9680  
 74       74  (14)      4 :  0.1930  0.8070  
 75       75  (18)      5 :  0.9760  0.0240  
 76       76  (25)      6 :  0.9370  0.0630  
 77       77  (12)      7 :  0.1060  0.8940  
 78       78  (21)      1 :  0.9690  0.0310  
 79       79  (14)      2 :  0.0210  0.9790  
 80       80  (22)      3 :  0.0180  0.9820  
 81       81  (11)      4 :  0.1390  0.8610  
 82       82  (25)      5 :  0.7420  0.2580  
 83       83  (12)      6 :  0.2910  0.7090  
 84       84  (18)      7 :  0.0950  0.9050  
 85       85   (9)      1 :  0.9630  0.0370  
 86       86  (24)      2 :  0.0520  0.9480  
 87       87  (47)      3 :  0.0890  0.9110  
 88       88  (27)      4 :  0.0250  0.9750  
 89       89  (14)      5 :  0.8130  0.1870  
 90       90  (24)      6 :  0.8410  0.1590  
 91       91  (20)      7 :  0.3220  0.6780  
 92       92  (10)      1 :  0.9740  0.0260  
 93       93  (21)      2 :  0.5900  0.4100  
 94       94  (27)      3 :  0.0120  0.9880  
 95       95   (9)      4 :  0.1070  0.8930  
 96       96  (40)      5 :  0.9040  0.0960  
 97       97  (26)      6 :  0.9680  0.0320  
 98       98  (15)      7 :  0.1620  0.8380  
 99       99  (23)      1 :  0.9450  0.0550  
100      100  (19)      2 :  0.0130  0.9870  
101      101  (60)      3 :  0.5650  0.4350  
102      102  (17)      4 :  0.0620  0.9380  
103      103  (18)      5 :  0.8220  0.1780  
104      104  (23)      6 :  0.8640  0.1360  
105      105  (20)      7 :  0.1200  0.8800  
