  1        1  (21)      1 :  0.0190  0.9740  0.0070  
  2        2   (8)      2 :  0.8280  0.0630  0.1090  
  3        3  (22)      3 :  0.9580  0.0230  0.0190  
  4        4  (12)      4 :  0.3550  0.0350  0.6100  
  5        5  (75)      5 :  0.1110  0.3990  0.4900  
  6        6  (23)      6 :  0.0240  0.2412  0.7347  
  7        7  (24)      7 :  0.0050  0.0370  0.9580  
  8        8  (40)      1 :  0.0150  0.9070  0.0780  
  9        9  (22)      2 :  0.8248  0.0551  0.1201  
 10       10  (33)      3 :  0.1420  0.8430  0.0150  
 11       11  (29)      4 :  0.2570  0.0050  0.7380  
 12       12  (25)      5 :  0.0550  0.9340  0.0110  
 13       13   (9)      6 :  0.0070  0.0150  0.9780  
 14       14  (52)      7 :  0.8038  0.0961  0.1001  
 15       15  (14)      1 :  0.0060  0.9730  0.0210  
 16       16  (17)      2 :  0.9489  0.0400  0.0110  
 17       17  (18)      3 :  0.9750  0.0080  0.0170  
 18       18  (14)      4 :  0.0160  0.0070  0.9770  
 19       19  (17)      5 :  0.1888  0.7393  0.0719  
 20       20   (9)      6 :  0.0200  0.0150  0.9650  
 21       21  (32)      7 :  0.0180  0.0110  0.9710  
 22       22  (12)      1 :  0.0300  0.9500  0.0200  
 23       23  (14)      2 :  0.9920  0.0030  0.0050  
 24       24  (16)      3 :  0.7600  0.0220  0.2180  
 25       25  (46)      4 :  0.0170  0.0140  0.9690  
 26       26  (10)      5 :  0.0740  0.9120  0.0140  
 27       27  (32)      6 :  0.0270  0.0180  0.9550  
 28       28  (18)      7 :  0.0659  0.0180  0.9161  
 29       29  (32)      1 :  0.4450  0.5100  0.0450  
 30       30  (18)      2 :  0.9490  0.0210  0.0300  
 31       31   (9)      3 :  0.8290  0.0090  0.1620  
 32       32  (32)      4 :  0.0400  0.0090  0.9510  
 33       33  (14)      5 :  0.3000  0.6740  0.0260  
 34       34  (30)      6 :  0.0160  0.0460  0.9380  
 35       35  (14)      7 :  0.0130  0.0190  0.9680  
 36       36  (21)      1 :  0.0290  0.9620  0.0090  
 37       37  (54)      2 :  0.9730  0.0220  0.0050  
 38       38  (45)      3 :  0.9400  0.0150  0.0450  
 39       39  (27)      4 :  0.3530  0.0200  0.6270  
 40       40  (13)      5 :  0.0170  0.9520  0.0310  
 41       41  (18)      6 :  0.1480  0.0070  0.8450  
 42       42  (66)      7 :  0.0100  0.0140  0.9760  
 43       43  (14)      1 :  0.0670  0.9250  0.0080  
 44       44  (22)      2 :  0.9171  0.0619  0.0210  
 45       45  (19)      3 :  0.9100  0.0320  0.0580  
 46       46  (22)      4 :  0.0050  0.0060  0.9890  
 47       47  (12)      5 :  0.0160  0.6643  0.3197  
 48       48  (11)      6 :  0.0529  0.0210  0.9261  
 49       49   (9)      7 :  0.1250  0.0060  0.8690  
 50       50  (30)      1 :  0.0080  0.9820  0.0100  
 51       51   (8)      2 :  0.9720  0.0160  0.0120  
 52       52   (9)      3 :  0.8450  0.1270  0.0280  
 53       53  (43)      4 :  0.0260  0.0580  0.9160  
 54       54  (21)      5 :  0.0080  0.9830  0.0090  
 55       55  (20)      6 :  0.0100  0.0790  0.9110  
 56       56   (6)      7 :  0.0350  0.0150  0.9499  
 57       57  (15)      1 :  0.0760  0.9120  0.0120  
 58       58   (7)      2 :  0.9210  0.0560  0.0230  
 59       59  (15)      3 :  0.7690  0.2110  0.0200  
 60       60   (9)      4 :  0.0090  0.0150  0.9760  
 61       61  (33)      5 :  0.1370  0.8430  0.0200  
 62       62  (12)      6 :  0.0190  0.0840  0.8970  
 63       63  (57)      7 :  0.0200  0.0210  0.9590  
 64       64  (23)      1 :  0.0070  0.9800  0.0130  
 65       65  (31)      2 :  0.9810  0.0080  0.0110  
 66       66  (17)      3 :  0.5574  0.4226  0.0200  
 67       67  (10)      4 :  0.1480  0.0090  0.8430  
 68       68   (8)      5 :  0.0150  0.3570  0.6280  
 69       69  (41)      6 :  0.0720  0.0100  0.9180  
 70       70  (17)      7 :  0.0170  0.0230  0.9600  
 71       71  (29)      1 :  0.0150  0.9730  0.0120  
 72       72  (51)      2 :  0.9690  0.0110  0.0200  
 73       73  (22)      3 :  0.9720  0.0130  0.0150  
 74       74  (14)      4 :  0.0270  0.0300  0.9430  
 75       75  (18)      5 :  0.0070  0.9780  0.0150  
 76       76  (25)      6 :  0.1040  0.1650  0.7310  
 77       77  (12)      7 :  0.1299  0.0639  0.8062  
 78       78  (21)      1 :  0.0080  0.9740  0.0180  
 79       79  (14)      2 :  0.9430  0.0070  0.0500  
 80       80  (22)      3 :  0.9340  0.0110  0.0550  
 81       81  (11)      4 :  0.1160  0.0540  0.8300  
 82       82  (25)      5 :  0.1580  0.7680  0.0740  
 83       83  (12)      6 :  0.0210  0.0310  0.9480  
 84       84  (18)      7 :  0.0260  0.0150  0.9590  
 85       85   (9)      1 :  0.0150  0.9610  0.0240  
 86       86  (24)      2 :  0.5240  0.0160  0.4600  
 87       87  (47)      3 :  0.9670  0.0140  0.0190  
 88       88  (27)      4 :  0.1530  0.0180  0.8290  
 89       89  (14)      5 :  0.1480  0.8250  0.0270  
 90       90  (24)      6 :  0.0180  0.0240  0.9580  
 91       91  (20)      7 :  0.0090  0.0090  0.9820  
 92       92  (10)      1 :  0.0080  0.9840  0.0080  
 93       93  (21)      2 :  0.5760  0.4000  0.0240  
 94       94  (27)      3 :  0.9840  0.0080  0.0080  
 95       95   (9)      4 :  0.0240  0.0070  0.9690  
 96       96  (40)      5 :  0.3157  0.5245  0.1598  
 97       97  (26)      6 :  0.0080  0.2600  0.7320  
 98       98  (15)      7 :  0.0190  0.0090  0.9720  
 99       99  (23)      1 :  0.0290  0.8710  0.1000  
100      100  (19)      2 :  0.9800  0.0070  0.0130  
101      101  (60)      3 :  0.2258  0.1089  0.6653  
102      102  (17)      4 :  0.0180  0.0070  0.9750  
103      103  (18)      5 :  0.2308  0.7383  0.0310  
104      104  (23)      6 :  0.0240  0.0680  0.9080  
105      105  (20)      7 :  0.0080  0.0320  0.9600  
