  1        1  (21)      1 :  0.0040  0.9820  0.0080  0.0060  
  2        2   (8)      2 :  0.1940  0.0060  0.0570  0.7430  
  3        3  (22)      3 :  0.0040  0.0050  0.9730  0.0180  
  4        4  (12)      4 :  0.8328  0.1091  0.0370  0.0210  
  5        5  (75)      5 :  0.3330  0.0740  0.5750  0.0180  
  6        6  (23)      6 :  0.0919  0.8521  0.0509  0.0050  
  7        7  (24)      7 :  0.9031  0.0889  0.0060  0.0020  
  8        8  (40)      1 :  0.0809  0.8322  0.0769  0.0100  
  9        9  (22)      2 :  0.0120  0.0370  0.0060  0.9450  
 10       10  (33)      3 :  0.0050  0.0350  0.9570  0.0030  
 11       11  (29)      4 :  0.9380  0.0040  0.0090  0.0490  
 12       12  (25)      5 :  0.0030  0.0030  0.9920  0.0020  
 13       13   (9)      6 :  0.0060  0.9680  0.0220  0.0040  
 14       14  (52)      7 :  0.0991  0.0240  0.6306  0.2462  
 15       15  (14)      1 :  0.0040  0.9880  0.0040  0.0040  
 16       16  (17)      2 :  0.0100  0.0110  0.0090  0.9700  
 17       17  (18)      3 :  0.0100  0.0060  0.9700  0.0140  
 18       18  (14)      4 :  0.9660  0.0050  0.0060  0.0230  
 19       19  (17)      5 :  0.0400  0.0490  0.8861  0.0250  
 20       20   (9)      6 :  0.0690  0.8840  0.0080  0.0390  
 21       21  (32)      7 :  0.9710  0.0090  0.0130  0.0070  
 22       22  (12)      1 :  0.0040  0.9860  0.0050  0.0050  
 23       23  (14)      2 :  0.0020  0.0020  0.0060  0.9900  
 24       24  (16)      3 :  0.0280  0.0030  0.9550  0.0140  
 25       25  (46)      4 :  0.9860  0.0040  0.0040  0.0060  
 26       26  (10)      5 :  0.0040  0.0110  0.9770  0.0080  
 27       27  (32)      6 :  0.0410  0.9370  0.0070  0.0150  
 28       28  (18)      7 :  0.8630  0.0230  0.0050  0.1090  
 29       29  (32)      1 :  0.0160  0.8090  0.0430  0.1320  
 30       30  (18)      2 :  0.0040  0.0110  0.0070  0.9780  
 31       31   (9)      3 :  0.1130  0.0030  0.8770  0.0070  
 32       32  (32)      4 :  0.9590  0.0080  0.0190  0.0140  
 33       33  (14)      5 :  0.0120  0.0899  0.8691  0.0290  
 34       34  (30)      6 :  0.0510  0.9190  0.0090  0.0210  
 35       35  (14)      7 :  0.9840  0.0040  0.0070  0.0050  
 36       36  (21)      1 :  0.0040  0.9780  0.0070  0.0110  
 37       37  (54)      2 :  0.0030  0.0070  0.0040  0.9860  
 38       38  (45)      3 :  0.0330  0.0050  0.9420  0.0200  
 39       39  (27)      4 :  0.7750  0.0220  0.0250  0.1780  
 40       40  (13)      5 :  0.0080  0.1980  0.7790  0.0150  
 41       41  (18)      6 :  0.0580  0.7460  0.0040  0.1920  
 42       42  (66)      7 :  0.9450  0.0170  0.0250  0.0130  
 43       43  (14)      1 :  0.0040  0.9340  0.0370  0.0250  
 44       44  (22)      2 :  0.0110  0.0080  0.3780  0.6030  
 45       45  (19)      3 :  0.0140  0.0410  0.9281  0.0170  
 46       46  (22)      4 :  0.9900  0.0040  0.0030  0.0030  
 47       47  (12)      5 :  0.2192  0.0330  0.7427  0.0050  
 48       48  (11)      6 :  0.1528  0.7173  0.0240  0.1059  
 49       49   (9)      7 :  0.8520  0.0120  0.0180  0.1180  
 50       50  (30)      1 :  0.0050  0.9650  0.0250  0.0050  
 51       51   (8)      2 :  0.0170  0.0360  0.0550  0.8920  
 52       52   (9)      3 :  0.0120  0.0240  0.9450  0.0190  
 53       53  (43)      4 :  0.6970  0.0520  0.2440  0.0070  
 54       54  (21)      5 :  0.0040  0.0180  0.9760  0.0020  
 55       55  (20)      6 :  0.0070  0.9850  0.0030  0.0050  
 56       56   (6)      7 :  0.9580  0.0050  0.0350  0.0020  
 57       57  (15)      1 :  0.0120  0.9580  0.0160  0.0140  
 58       58   (7)      2 :  0.0100  0.0150  0.0070  0.9680  
 59       59  (15)      3 :  0.0090  0.0120  0.9690  0.0100  
 60       60   (9)      4 :  0.9730  0.0210  0.0030  0.0030  
 61       61  (33)      5 :  0.0050  0.0040  0.9850  0.0060  
 62       62  (12)      6 :  0.0669  0.7323  0.1958  0.0050  
 63       63  (57)      7 :  0.8660  0.0380  0.0740  0.0220  
 64       64  (23)      1 :  0.0040  0.9870  0.0030  0.0060  
 65       65  (31)      2 :  0.0050  0.0050  0.0060  0.9840  
 66       66  (17)      3 :  0.0050  0.0120  0.9810  0.0020  
 67       67  (10)      4 :  0.9590  0.0060  0.0080  0.0270  
 68       68   (8)      5 :  0.4220  0.0080  0.5470  0.0230  
 69       69  (41)      6 :  0.1460  0.4710  0.2310  0.1520  
 70       70  (17)      7 :  0.9049  0.0611  0.0190  0.0150  
 71       71  (29)      1 :  0.0120  0.9710  0.0070  0.0100  
 72       72  (51)      2 :  0.0240  0.0050  0.0370  0.9341  
 73       73  (22)      3 :  0.0200  0.0050  0.7230  0.2520  
 74       74  (14)      4 :  0.9440  0.0340  0.0120  0.0100  
 75       75  (18)      5 :  0.0080  0.1672  0.8178  0.0070  
 76       76  (25)      6 :  0.0170  0.9091  0.0110  0.0629  
 77       77  (12)      7 :  0.9110  0.0100  0.0640  0.0150  
 78       78  (21)      1 :  0.0030  0.9910  0.0030  0.0030  
 79       79  (14)      2 :  0.0110  0.0050  0.0110  0.9730  
 80       80  (22)      3 :  0.0450  0.0060  0.9219  0.0270  
 81       81  (11)      4 :  0.8620  0.0220  0.0720  0.0440  
 82       82  (25)      5 :  0.0320  0.0160  0.9431  0.0090  
 83       83  (12)      6 :  0.2218  0.6973  0.0300  0.0509  
 84       84  (18)      7 :  0.9720  0.0060  0.0170  0.0050  
 85       85   (9)      1 :  0.0040  0.9840  0.0060  0.0060  
 86       86  (24)      2 :  0.0230  0.0370  0.0030  0.9370  
 87       87  (47)      3 :  0.0060  0.0050  0.9560  0.0330  
 88       88  (27)      4 :  0.9600  0.0080  0.0160  0.0160  
 89       89  (14)      5 :  0.0170  0.0220  0.9460  0.0150  
 90       90  (24)      6 :  0.0920  0.8950  0.0070  0.0060  
 91       91  (20)      7 :  0.9640  0.0160  0.0150  0.0050  
 92       92  (10)      1 :  0.0050  0.9810  0.0100  0.0040  
 93       93  (21)      2 :  0.0130  0.2420  0.0160  0.7290  
 94       94  (27)      3 :  0.0130  0.0080  0.8140  0.1650  
 95       95   (9)      4 :  0.9840  0.0050  0.0060  0.0050  
 96       96  (40)      5 :  0.0090  0.0170  0.9620  0.0120  
 97       97  (26)      6 :  0.0110  0.9499  0.0280  0.0110  
 98       98  (15)      7 :  0.8850  0.0230  0.0050  0.0870  
 99       99  (23)      1 :  0.0310  0.9070  0.0580  0.0040  
100      100  (19)      2 :  0.0350  0.0020  0.0040  0.9590  
101      101  (60)      3 :  0.0330  0.0330  0.9280  0.0060  
102      102  (17)      4 :  0.9670  0.0110  0.0070  0.0150  
103      103  (18)      5 :  0.0050  0.0040  0.9840  0.0070  
104      104  (23)      6 :  0.1562  0.7778  0.0420  0.0240  
105      105  (20)      7 :  0.9720  0.0070  0.0140  0.0070  
