  1        1  (21)      1 :  0.9720  0.0020  0.0030  0.0020  0.0030  0.0160  0.0020  
  2        2   (8)      2 :  0.0070  0.0050  0.0861  0.0280  0.7588  0.0050  0.1101  
  3        3  (22)      3 :  0.0030  0.0030  0.0020  0.0030  0.0060  0.9790  0.0040  
  4        4  (12)      4 :  0.0640  0.0090  0.7000  0.0150  0.0100  0.1980  0.0040  
  5        5  (75)      5 :  0.0270  0.0270  0.0460  0.2630  0.0100  0.1190  0.5080  
  6        6  (23)      6 :  0.0120  0.8571  0.0290  0.0060  0.0040  0.0120  0.0799  
  7        7  (24)      7 :  0.0090  0.0040  0.0040  0.9760  0.0010  0.0020  0.0040  
  8        8  (40)      1 :  0.8230  0.0120  0.0100  0.0840  0.0070  0.0330  0.0310  
  9        9  (22)      2 :  0.0170  0.0340  0.0220  0.0050  0.9080  0.0060  0.0080  
 10       10  (33)      3 :  0.0680  0.0060  0.0030  0.0040  0.0040  0.6710  0.2440  
 11       11  (29)      4 :  0.0010  0.0040  0.9331  0.0080  0.0380  0.0120  0.0040  
 12       12  (25)      5 :  0.0020  0.0020  0.0020  0.0020  0.0020  0.0040  0.9860  
 13       13   (9)      6 :  0.0050  0.9820  0.0030  0.0030  0.0010  0.0030  0.0030  
 14       14  (52)      7 :  0.0070  0.0140  0.0050  0.3353  0.0661  0.2192  0.3534  
 15       15  (14)      1 :  0.9710  0.0130  0.0020  0.0050  0.0020  0.0040  0.0030  
 16       16  (17)      2 :  0.0150  0.0040  0.0050  0.0030  0.9660  0.0030  0.0040  
 17       17  (18)      3 :  0.0030  0.0050  0.0020  0.0070  0.0040  0.9770  0.0020  
 18       18  (14)      4 :  0.0030  0.0060  0.9700  0.0040  0.0100  0.0030  0.0040  
 19       19  (17)      5 :  0.0070  0.0160  0.0721  0.0090  0.0902  0.0090  0.7966  
 20       20   (9)      6 :  0.0170  0.9261  0.0290  0.0090  0.0110  0.0050  0.0030  
 21       21  (32)      7 :  0.0020  0.0090  0.0040  0.9599  0.0050  0.0060  0.0140  
 22       22  (12)      1 :  0.9740  0.0050  0.0050  0.0030  0.0060  0.0040  0.0030  
 23       23  (14)      2 :  0.0010  0.0020  0.0020  0.0020  0.9850  0.0060  0.0020  
 24       24  (16)      3 :  0.0020  0.0150  0.0760  0.0150  0.0080  0.7090  0.1750  
 25       25  (46)      4 :  0.0030  0.0020  0.9840  0.0020  0.0020  0.0020  0.0050  
 26       26  (10)      5 :  0.0090  0.0020  0.0040  0.0030  0.0100  0.0120  0.9600  
 27       27  (32)      6 :  0.0040  0.9630  0.0060  0.0090  0.0060  0.0080  0.0040  
 28       28  (18)      7 :  0.0070  0.0070  0.0070  0.9019  0.0701  0.0030  0.0040  
 29       29  (32)      1 :  0.7920  0.0300  0.0090  0.0110  0.0590  0.0900  0.0090  
 30       30  (18)      2 :  0.0110  0.0090  0.0030  0.0090  0.9421  0.0220  0.0040  
 31       31   (9)      3 :  0.0020  0.0090  0.0130  0.0090  0.0070  0.9560  0.0040  
 32       32  (32)      4 :  0.0040  0.0070  0.9520  0.0230  0.0040  0.0070  0.0030  
 33       33  (14)      5 :  0.0380  0.0140  0.0150  0.0150  0.0280  0.1181  0.7718  
 34       34  (30)      6 :  0.0060  0.9600  0.0090  0.0060  0.0070  0.0020  0.0100  
 35       35  (14)      7 :  0.0040  0.0020  0.0760  0.8970  0.0060  0.0040  0.0110  
 36       36  (21)      1 :  0.9540  0.0060  0.0030  0.0040  0.0210  0.0050  0.0070  
 37       37  (54)      2 :  0.0110  0.0020  0.0030  0.0010  0.9770  0.0030  0.0030  
 38       38  (45)      3 :  0.0040  0.0070  0.0700  0.0040  0.0160  0.8890  0.0100  
 39       39  (27)      4 :  0.0140  0.0250  0.6950  0.0100  0.2330  0.0150  0.0080  
 40       40  (13)      5 :  0.0180  0.0390  0.0050  0.0040  0.0050  0.0030  0.9260  
 41       41  (18)      6 :  0.0020  0.9700  0.0020  0.0060  0.0140  0.0050  0.0010  
 42       42  (66)      7 :  0.0040  0.0810  0.0340  0.8070  0.0070  0.0090  0.0580  
 43       43  (14)      1 :  0.9500  0.0080  0.0030  0.0020  0.0160  0.0180  0.0030  
 44       44  (22)      2 :  0.0070  0.0080  0.0040  0.0190  0.7170  0.1680  0.0770  
 45       45  (19)      3 :  0.0070  0.0120  0.0030  0.0420  0.0060  0.9231  0.0070  
 46       46  (22)      4 :  0.0030  0.0070  0.9700  0.0150  0.0020  0.0020  0.0010  
 47       47  (12)      5 :  0.0090  0.0060  0.0040  0.3984  0.0030  0.0020  0.5776  
 48       48  (11)      6 :  0.0050  0.8780  0.0210  0.0220  0.0480  0.0180  0.0080  
 49       49   (9)      7 :  0.0040  0.0080  0.0170  0.8920  0.0500  0.0270  0.0020  
 50       50  (30)      1 :  0.9130  0.0100  0.0110  0.0050  0.0060  0.0080  0.0470  
 51       51   (8)      2 :  0.0090  0.0070  0.0040  0.0090  0.7862  0.1738  0.0110  
 52       52   (9)      3 :  0.0090  0.0060  0.0030  0.0320  0.0070  0.9330  0.0100  
 53       53  (43)      4 :  0.0040  0.0160  0.9630  0.0030  0.0020  0.0070  0.0050  
 54       54  (21)      5 :  0.0050  0.0020  0.0020  0.0030  0.0020  0.0030  0.9830  
 55       55  (20)      6 :  0.0030  0.9850  0.0020  0.0040  0.0020  0.0010  0.0030  
 56       56   (6)      7 :  0.0030  0.0030  0.0050  0.9500  0.0020  0.0250  0.0120  
 57       57  (15)      1 :  0.9370  0.0030  0.0030  0.0130  0.0160  0.0220  0.0060  
 58       58   (7)      2 :  0.0160  0.0050  0.0501  0.0020  0.9139  0.0070  0.0060  
 59       59  (15)      3 :  0.0120  0.0080  0.0070  0.0030  0.0050  0.8680  0.0970  
 60       60   (9)      4 :  0.0080  0.0030  0.9780  0.0050  0.0020  0.0020  0.0020  
 61       61  (33)      5 :  0.0020  0.0040  0.0030  0.0060  0.0050  0.0130  0.9670  
 62       62  (12)      6 :  0.0200  0.6420  0.0190  0.0970  0.0080  0.0160  0.1980  
 63       63  (57)      7 :  0.0040  0.0220  0.0040  0.9150  0.0070  0.0070  0.0410  
 64       64  (23)      1 :  0.9820  0.0050  0.0030  0.0030  0.0030  0.0020  0.0020  
 65       65  (31)      2 :  0.0020  0.0020  0.0090  0.0020  0.9800  0.0020  0.0030  
 66       66  (17)      3 :  0.0430  0.0040  0.0040  0.0030  0.0020  0.7800  0.1640  
 67       67  (10)      4 :  0.0080  0.0080  0.8869  0.0250  0.0330  0.0310  0.0080  
 68       68   (8)      5 :  0.0020  0.0070  0.2520  0.0230  0.0040  0.0030  0.7090  
 69       69  (41)      6 :  0.0030  0.9411  0.0070  0.0070  0.0100  0.0270  0.0050  
 70       70  (17)      7 :  0.0120  0.0839  0.0080  0.8601  0.0140  0.0150  0.0070  
 71       71  (29)      1 :  0.9450  0.0110  0.0070  0.0060  0.0060  0.0060  0.0190  
 72       72  (51)      2 :  0.0040  0.0070  0.0270  0.0120  0.8611  0.0699  0.0190  
 73       73  (22)      3 :  0.0070  0.0040  0.0360  0.0040  0.0480  0.8921  0.0090  
 74       74  (14)      4 :  0.0110  0.0100  0.9610  0.0070  0.0030  0.0050  0.0030  
 75       75  (18)      5 :  0.0080  0.0070  0.0040  0.0020  0.0060  0.0010  0.9720  
 76       76  (25)      6 :  0.0100  0.9690  0.0020  0.0020  0.0110  0.0040  0.0020  
 77       77  (12)      7 :  0.0090  0.0030  0.0190  0.8092  0.0070  0.0879  0.0649  
 78       78  (21)      1 :  0.9840  0.0030  0.0020  0.0030  0.0030  0.0030  0.0020  
 79       79  (14)      2 :  0.0020  0.0330  0.0040  0.0150  0.9299  0.0050  0.0110  
 80       80  (22)      3 :  0.0040  0.0110  0.0090  0.0110  0.0140  0.9470  0.0040  
 81       81  (11)      4 :  0.0170  0.0210  0.8590  0.0040  0.0410  0.0090  0.0490  
 82       82  (25)      5 :  0.0040  0.0060  0.0190  0.0090  0.0080  0.0270  0.9269  
 83       83  (12)      6 :  0.0160  0.7970  0.0380  0.1140  0.0160  0.0140  0.0050  
 84       84  (18)      7 :  0.0040  0.0040  0.0020  0.9800  0.0030  0.0030  0.0040  
 85       85   (9)      1 :  0.9180  0.0250  0.0050  0.0080  0.0100  0.0050  0.0290  
 86       86  (24)      2 :  0.0070  0.0340  0.0220  0.0070  0.9250  0.0020  0.0030  
 87       87  (47)      3 :  0.0040  0.0070  0.0120  0.0030  0.0090  0.9540  0.0110  
 88       88  (27)      4 :  0.0070  0.0070  0.8800  0.0280  0.0150  0.0460  0.0170  
 89       89  (14)      5 :  0.0040  0.0050  0.0100  0.0070  0.0220  0.0140  0.9381  
 90       90  (24)      6 :  0.0210  0.8559  0.0881  0.0100  0.0080  0.0120  0.0050  
 91       91  (20)      7 :  0.0060  0.0110  0.0060  0.9670  0.0020  0.0050  0.0030  
 92       92  (10)      1 :  0.9730  0.0030  0.0040  0.0040  0.0020  0.0030  0.0110  
 93       93  (21)      2 :  0.1251  0.0080  0.0030  0.0160  0.7808  0.0050  0.0621  
 94       94  (27)      3 :  0.0020  0.0020  0.0060  0.0030  0.0050  0.9800  0.0020  
 95       95   (9)      4 :  0.0090  0.0070  0.7363  0.2198  0.0040  0.0210  0.0030  
 96       96  (40)      5 :  0.0110  0.0320  0.0090  0.0060  0.0140  0.0220  0.9061  
 97       97  (26)      6 :  0.0371  0.9008  0.0050  0.0130  0.0070  0.0020  0.0351  
 98       98  (15)      7 :  0.0080  0.3500  0.0040  0.6180  0.0140  0.0050  0.0010  
 99       99  (23)      1 :  0.7912  0.0160  0.1019  0.0050  0.0080  0.0210  0.0569  
100      100  (19)      2 :  0.0020  0.0010  0.0090  0.0050  0.9780  0.0030  0.0020  
101      101  (60)      3 :  0.0100  0.1860  0.0280  0.0120  0.0060  0.7290  0.0290  
102      102  (17)      4 :  0.0030  0.0080  0.9700  0.0060  0.0030  0.0030  0.0070  
103      103  (18)      5 :  0.0070  0.0040  0.0020  0.0040  0.0080  0.0180  0.9570  
104      104  (23)      6 :  0.0060  0.8979  0.0030  0.0531  0.0040  0.0130  0.0230  
105      105  (20)      7 :  0.0120  0.0030  0.2647  0.7023  0.0040  0.0070  0.0070  
