  1        1  (21)      1 :  0.9520  0.0020  0.0050  0.0020  0.0040  0.0330  0.0020  
  2        2   (8)      2 :  0.0080  0.0040  0.0330  0.0240  0.8809  0.0050  0.0450  
  3        3  (22)      3 :  0.0030  0.0030  0.0020  0.0040  0.0040  0.9800  0.0040  
  4        4  (12)      4 :  0.0899  0.0210  0.7572  0.0040  0.0230  0.1019  0.0030  
  5        5  (75)      5 :  0.0190  0.0110  0.0110  0.5940  0.0120  0.0330  0.3200  
  6        6  (23)      6 :  0.0090  0.8270  0.0100  0.0030  0.0030  0.0210  0.1270  
  7        7  (24)      7 :  0.0090  0.0050  0.0070  0.9720  0.0010  0.0020  0.0040  
  8        8  (40)      1 :  0.7542  0.0190  0.0060  0.1379  0.0060  0.0410  0.0360  
  9        9  (22)      2 :  0.0070  0.0080  0.0400  0.0030  0.9260  0.0070  0.0090  
 10       10  (33)      3 :  0.0809  0.0210  0.0030  0.0110  0.0040  0.6324  0.2478  
 11       11  (29)      4 :  0.0030  0.0020  0.9540  0.0100  0.0140  0.0130  0.0040  
 12       12  (25)      5 :  0.0010  0.0010  0.0010  0.0030  0.0020  0.0040  0.9880  
 13       13   (9)      6 :  0.0020  0.9880  0.0020  0.0020  0.0010  0.0030  0.0020  
 14       14  (52)      7 :  0.0110  0.0170  0.0040  0.8430  0.0320  0.0390  0.0540  
 15       15  (14)      1 :  0.9530  0.0240  0.0020  0.0100  0.0020  0.0070  0.0020  
 16       16  (17)      2 :  0.0060  0.0030  0.0070  0.0040  0.9730  0.0020  0.0050  
 17       17  (18)      3 :  0.0030  0.0040  0.0020  0.0110  0.0040  0.9730  0.0030  
 18       18  (14)      4 :  0.0020  0.0070  0.9650  0.0070  0.0130  0.0030  0.0030  
 19       19  (17)      5 :  0.0040  0.0270  0.0420  0.0240  0.0710  0.0080  0.8240  
 20       20   (9)      6 :  0.0140  0.8570  0.0660  0.0300  0.0250  0.0050  0.0030  
 21       21  (32)      7 :  0.0020  0.0180  0.0060  0.9500  0.0040  0.0090  0.0110  
 22       22  (12)      1 :  0.9670  0.0100  0.0100  0.0030  0.0030  0.0050  0.0020  
 23       23  (14)      2 :  0.0010  0.0020  0.0030  0.0030  0.9860  0.0030  0.0020  
 24       24  (16)      3 :  0.0020  0.0040  0.0120  0.0190  0.0120  0.6720  0.2790  
 25       25  (46)      4 :  0.0020  0.0020  0.9840  0.0030  0.0030  0.0020  0.0040  
 26       26  (10)      5 :  0.0120  0.0030  0.0050  0.0030  0.0080  0.0200  0.9491  
 27       27  (32)      6 :  0.0030  0.9650  0.0060  0.0080  0.0060  0.0090  0.0030  
 28       28  (18)      7 :  0.0130  0.0070  0.0070  0.8589  0.1061  0.0030  0.0050  
 29       29  (32)      1 :  0.8418  0.0270  0.0070  0.0080  0.0420  0.0691  0.0050  
 30       30  (18)      2 :  0.0190  0.0260  0.0040  0.0040  0.9301  0.0140  0.0030  
 31       31   (9)      3 :  0.0020  0.0110  0.0580  0.0080  0.0030  0.9160  0.0020  
 32       32  (32)      4 :  0.0030  0.0090  0.9260  0.0360  0.0080  0.0150  0.0030  
 33       33  (14)      5 :  0.1209  0.0200  0.0060  0.0130  0.0100  0.1209  0.7093  
 34       34  (30)      6 :  0.0070  0.9489  0.0150  0.0060  0.0060  0.0040  0.0130  
 35       35  (14)      7 :  0.0030  0.0020  0.1370  0.8250  0.0060  0.0040  0.0230  
 36       36  (21)      1 :  0.9630  0.0120  0.0040  0.0030  0.0060  0.0040  0.0080  
 37       37  (54)      2 :  0.0080  0.0030  0.0030  0.0020  0.9760  0.0050  0.0030  
 38       38  (45)      3 :  0.0050  0.0200  0.1019  0.0060  0.0549  0.7822  0.0300  
 39       39  (27)      4 :  0.0090  0.0170  0.7572  0.0050  0.1968  0.0090  0.0060  
 40       40  (13)      5 :  0.0060  0.0621  0.0030  0.0020  0.0050  0.0020  0.9199  
 41       41  (18)      6 :  0.0030  0.9510  0.0030  0.0090  0.0290  0.0040  0.0010  
 42       42  (66)      7 :  0.0060  0.1732  0.0531  0.6947  0.0090  0.0070  0.0571  
 43       43  (14)      1 :  0.9200  0.0040  0.0030  0.0020  0.0080  0.0600  0.0030  
 44       44  (22)      2 :  0.0060  0.0080  0.0120  0.0050  0.8120  0.0740  0.0830  
 45       45  (19)      3 :  0.0510  0.0060  0.0040  0.0470  0.0050  0.8830  0.0040  
 46       46  (22)      4 :  0.0020  0.0050  0.9680  0.0170  0.0020  0.0040  0.0020  
 47       47  (12)      5 :  0.0410  0.0190  0.0140  0.1440  0.0080  0.0060  0.7680  
 48       48  (11)      6 :  0.0070  0.8218  0.0841  0.0320  0.0070  0.0340  0.0140  
 49       49   (9)      7 :  0.0060  0.0180  0.0210  0.6680  0.2700  0.0140  0.0030  
 50       50  (30)      1 :  0.9570  0.0050  0.0040  0.0060  0.0050  0.0030  0.0200  
 51       51   (8)      2 :  0.0240  0.0060  0.0090  0.0160  0.8641  0.0719  0.0090  
 52       52   (9)      3 :  0.0250  0.0090  0.0030  0.1668  0.0100  0.7662  0.0200  
 53       53  (43)      4 :  0.0040  0.0040  0.9449  0.0040  0.0020  0.0120  0.0290  
 54       54  (21)      5 :  0.0030  0.0010  0.0020  0.0020  0.0010  0.0020  0.9890  
 55       55  (20)      6 :  0.0030  0.9860  0.0020  0.0030  0.0020  0.0010  0.0030  
 56       56   (6)      7 :  0.0020  0.0020  0.0050  0.9680  0.0020  0.0160  0.0050  
 57       57  (15)      1 :  0.9469  0.0030  0.0030  0.0110  0.0100  0.0230  0.0030  
 58       58   (7)      2 :  0.0120  0.0050  0.0519  0.0050  0.9151  0.0050  0.0060  
 59       59  (15)      3 :  0.0100  0.0090  0.0070  0.0040  0.0060  0.7510  0.2130  
 60       60   (9)      4 :  0.0130  0.0180  0.9470  0.0140  0.0030  0.0030  0.0020  
 61       61  (33)      5 :  0.0040  0.0030  0.0030  0.0080  0.0090  0.0180  0.9550  
 62       62  (12)      6 :  0.0190  0.5500  0.0150  0.0400  0.0050  0.0090  0.3620  
 63       63  (57)      7 :  0.0050  0.0380  0.0070  0.8621  0.0130  0.0060  0.0689  
 64       64  (23)      1 :  0.9780  0.0050  0.0030  0.0050  0.0030  0.0020  0.0040  
 65       65  (31)      2 :  0.0030  0.0020  0.0100  0.0040  0.9730  0.0020  0.0060  
 66       66  (17)      3 :  0.0130  0.0030  0.0090  0.0050  0.0020  0.8577  0.1102  
 67       67  (10)      4 :  0.0080  0.0060  0.9190  0.0200  0.0260  0.0160  0.0050  
 68       68   (8)      5 :  0.0020  0.0070  0.0699  0.0150  0.0060  0.0020  0.8981  
 69       69  (41)      6 :  0.0020  0.9070  0.0100  0.0150  0.0210  0.0410  0.0040  
 70       70  (17)      7 :  0.0070  0.0650  0.0040  0.9020  0.0090  0.0110  0.0020  
 71       71  (29)      1 :  0.9320  0.0140  0.0130  0.0090  0.0130  0.0040  0.0150  
 72       72  (51)      2 :  0.0030  0.0040  0.0190  0.0140  0.9151  0.0360  0.0090  
 73       73  (22)      3 :  0.0040  0.0090  0.0450  0.0040  0.1139  0.8152  0.0090  
 74       74  (14)      4 :  0.0080  0.0050  0.9710  0.0050  0.0030  0.0050  0.0030  
 75       75  (18)      5 :  0.0090  0.0060  0.0080  0.0020  0.0070  0.0020  0.9660  
 76       76  (25)      6 :  0.0060  0.9710  0.0040  0.0020  0.0110  0.0030  0.0030  
 77       77  (12)      7 :  0.0040  0.0030  0.0050  0.9510  0.0030  0.0100  0.0240  
 78       78  (21)      1 :  0.9860  0.0030  0.0020  0.0030  0.0020  0.0020  0.0020  
 79       79  (14)      2 :  0.0040  0.0180  0.0070  0.0140  0.9470  0.0060  0.0040  
 80       80  (22)      3 :  0.0030  0.0060  0.0110  0.0370  0.0390  0.8700  0.0340  
 81       81  (11)      4 :  0.0070  0.0260  0.8851  0.0040  0.0180  0.0080  0.0519  
 82       82  (25)      5 :  0.0040  0.0040  0.0070  0.0070  0.0110  0.0260  0.9410  
 83       83  (12)      6 :  0.0170  0.7560  0.0470  0.1250  0.0160  0.0350  0.0040  
 84       84  (18)      7 :  0.0040  0.0040  0.0020  0.9750  0.0030  0.0050  0.0070  
 85       85   (9)      1 :  0.8232  0.1119  0.0070  0.0060  0.0090  0.0030  0.0400  
 86       86  (24)      2 :  0.0050  0.0240  0.0080  0.0040  0.9550  0.0020  0.0020  
 87       87  (47)      3 :  0.0050  0.0080  0.0200  0.0020  0.0060  0.9550  0.0040  
 88       88  (27)      4 :  0.0070  0.0050  0.8270  0.0730  0.0310  0.0420  0.0150  
 89       89  (14)      5 :  0.0040  0.0030  0.0050  0.0090  0.0080  0.0060  0.9650  
 90       90  (24)      6 :  0.0150  0.8940  0.0520  0.0140  0.0090  0.0100  0.0060  
 91       91  (20)      7 :  0.0060  0.0270  0.0040  0.9451  0.0030  0.0080  0.0070  
 92       92  (10)      1 :  0.9790  0.0030  0.0040  0.0030  0.0020  0.0020  0.0070  
 93       93  (21)      2 :  0.2288  0.0030  0.0040  0.0130  0.7313  0.0030  0.0170  
 94       94  (27)      3 :  0.0020  0.0020  0.0040  0.0020  0.0040  0.9840  0.0020  
 95       95   (9)      4 :  0.0040  0.0050  0.5774  0.3996  0.0030  0.0050  0.0060  
 96       96  (40)      5 :  0.0090  0.0360  0.0040  0.0070  0.0130  0.0290  0.9020  
 97       97  (26)      6 :  0.0751  0.8569  0.0030  0.0130  0.0080  0.0030  0.0410  
 98       98  (15)      7 :  0.0090  0.3020  0.0090  0.6620  0.0100  0.0040  0.0040  
 99       99  (23)      1 :  0.7130  0.0250  0.2080  0.0040  0.0040  0.0140  0.0320  
100      100  (19)      2 :  0.0020  0.0010  0.0060  0.0050  0.9820  0.0020  0.0020  
101      101  (60)      3 :  0.0070  0.3150  0.0160  0.0080  0.0060  0.6300  0.0180  
102      102  (17)      4 :  0.0060  0.0040  0.9600  0.0060  0.0040  0.0060  0.0140  
103      103  (18)      5 :  0.0040  0.0060  0.0040  0.0050  0.0120  0.0529  0.9161  
104      104  (23)      6 :  0.0060  0.8871  0.0040  0.0440  0.0060  0.0130  0.0400  
105      105  (20)      7 :  0.0100  0.0040  0.0751  0.8919  0.0040  0.0090  0.0060  
