  1        1  (21)      1 :  0.9210  0.0790  
  2        2   (8)      2 :  0.1960  0.8040  
  3        3  (22)      3 :  0.0450  0.9550  
  4        4  (12)      4 :  0.1280  0.8720  
  5        5  (75)      5 :  0.3830  0.6170  
  6        6  (23)      6 :  0.8480  0.1520  
  7        7  (24)      7 :  0.7910  0.2090  
  8        8  (40)      1 :  0.8760  0.1240  
  9        9  (22)      2 :  0.0990  0.9010  
 10       10  (33)      3 :  0.6990  0.3010  
 11       11  (29)      4 :  0.0140  0.9860  
 12       12  (25)      5 :  0.8990  0.1010  
 13       13   (9)      6 :  0.9080  0.0920  
 14       14  (52)      7 :  0.1780  0.8220  
 15       15  (14)      1 :  0.9800  0.0200  
 16       16  (17)      2 :  0.1330  0.8670  
 17       17  (18)      3 :  0.0410  0.9590  
 18       18  (14)      4 :  0.0220  0.9780  
 19       19  (17)      5 :  0.5150  0.4850  
 20       20   (9)      6 :  0.5490  0.4510  
 21       21  (32)      7 :  0.1030  0.8970  
 22       22  (12)      1 :  0.9720  0.0280  
 23       23  (14)      2 :  0.0130  0.9870  
 24       24  (16)      3 :  0.0590  0.9410  
 25       25  (46)      4 :  0.0360  0.9640  
 26       26  (10)      5 :  0.8890  0.1110  
 27       27  (32)      6 :  0.5240  0.4760  
 28       28  (18)      7 :  0.0640  0.9360  
 29       29  (32)      1 :  0.8300  0.1700  
 30       30  (18)      2 :  0.0960  0.9040  
 31       31   (9)      3 :  0.0310  0.9690  
 32       32  (32)      4 :  0.0450  0.9550  
 33       33  (14)      5 :  0.6740  0.3260  
 34       34  (30)      6 :  0.8910  0.1090  
 35       35  (14)      7 :  0.0840  0.9160  
 36       36  (21)      1 :  0.9640  0.0360  
 37       37  (54)      2 :  0.2150  0.7850  
 38       38  (45)      3 :  0.0230  0.9770  
 39       39  (27)      4 :  0.1400  0.8600  
 40       40  (13)      5 :  0.9390  0.0610  
 41       41  (18)      6 :  0.2720  0.7280  
 42       42  (66)      7 :  0.4000  0.6000  
 43       43  (14)      1 :  0.9560  0.0440  
 44       44  (22)      2 :  0.3440  0.6560  
 45       45  (19)      3 :  0.0530  0.9470  
 46       46  (22)      4 :  0.0240  0.9760  
 47       47  (12)      5 :  0.7900  0.2100  
 48       48  (11)      6 :  0.3930  0.6070  
 49       49   (9)      7 :  0.0300  0.9700  
 50       50  (30)      1 :  0.9740  0.0260  
 51       51   (8)      2 :  0.0500  0.9500  
 52       52   (9)      3 :  0.3070  0.6930  
 53       53  (43)      4 :  0.4780  0.5220  
 54       54  (21)      5 :  0.9820  0.0180  
 55       55  (20)      6 :  0.9730  0.0270  
 56       56   (6)      7 :  0.0860  0.9140  
 57       57  (15)      1 :  0.9100  0.0900  
 58       58   (7)      2 :  0.0920  0.9080  
 59       59  (15)      3 :  0.2500  0.7500  
 60       60   (9)      4 :  0.1010  0.8990  
 61       61  (33)      5 :  0.5150  0.4850  
 62       62  (12)      6 :  0.9370  0.0630  
 63       63  (57)      7 :  0.6220  0.3780  
 64       64  (23)      1 :  0.9800  0.0200  
 65       65  (31)      2 :  0.0280  0.9720  
 66       66  (17)      3 :  0.1400  0.8600  
 67       67  (10)      4 :  0.0360  0.9640  
 68       68   (8)      5 :  0.6410  0.3590  
 69       69  (41)      6 :  0.0930  0.9070  
 70       70  (17)      7 :  0.1020  0.8980  
 71       71  (29)      1 :  0.9420  0.0580  
 72       72  (51)      2 :  0.0330  0.9670  
 73       73  (22)      3 :  0.0250  0.9750  
 74       74  (14)      4 :  0.2420  0.7580  
 75       75  (18)      5 :  0.9770  0.0230  
 76       76  (25)      6 :  0.9410  0.0590  
 77       77  (12)      7 :  0.0580  0.9420  
 78       78  (21)      1 :  0.9700  0.0300  
 79       79  (14)      2 :  0.0200  0.9800  
 80       80  (22)      3 :  0.0230  0.9770  
 81       81  (11)      4 :  0.2780  0.7220  
 82       82  (25)      5 :  0.7610  0.2390  
 83       83  (12)      6 :  0.4300  0.5700  
 84       84  (18)      7 :  0.0670  0.9330  
 85       85   (9)      1 :  0.9710  0.0290  
 86       86  (24)      2 :  0.1230  0.8770  
 87       87  (47)      3 :  0.0720  0.9280  
 88       88  (27)      4 :  0.0290  0.9710  
 89       89  (14)      5 :  0.8310  0.1690  
 90       90  (24)      6 :  0.8890  0.1110  
 91       91  (20)      7 :  0.2170  0.7830  
 92       92  (10)      1 :  0.9690  0.0310  
 93       93  (21)      2 :  0.7280  0.2720  
 94       94  (27)      3 :  0.0150  0.9850  
 95       95   (9)      4 :  0.0600  0.9400  
 96       96  (40)      5 :  0.8710  0.1290  
 97       97  (26)      6 :  0.9640  0.0360  
 98       98  (15)      7 :  0.1170  0.8830  
 99       99  (23)      1 :  0.9510  0.0490  
100      100  (19)      2 :  0.0150  0.9850  
101      101  (60)      3 :  0.4980  0.5020  
102      102  (17)      4 :  0.0620  0.9380  
103      103  (18)      5 :  0.8110  0.1890  
104      104  (23)      6 :  0.6360  0.3640  
105      105  (20)      7 :  0.1320  0.8680  
