  1        1  (21)      1 :  0.0040  0.9720  0.0120  0.0120  
  2        2   (8)      2 :  0.0310  0.0200  0.0840  0.8650  
  3        3  (22)      3 :  0.0090  0.0090  0.9760  0.0060  
  4        4  (12)      4 :  0.0150  0.1868  0.0440  0.7542  
  5        5  (75)      5 :  0.2920  0.0510  0.6250  0.0320  
  6        6  (23)      6 :  0.6350  0.1620  0.1880  0.0150  
  7        7  (24)      7 :  0.9690  0.0190  0.0060  0.0060  
  8        8  (40)      1 :  0.0680  0.8030  0.1110  0.0180  
  9        9  (22)      2 :  0.0140  0.0170  0.0180  0.9510  
 10       10  (33)      3 :  0.0130  0.0450  0.9350  0.0070  
 11       11  (29)      4 :  0.0060  0.0030  0.0090  0.9820  
 12       12  (25)      5 :  0.0040  0.0040  0.9880  0.0040  
 13       13   (9)      6 :  0.9860  0.0030  0.0080  0.0030  
 14       14  (52)      7 :  0.0741  0.0150  0.8899  0.0210  
 15       15  (14)      1 :  0.0230  0.9690  0.0050  0.0030  
 16       16  (17)      2 :  0.0060  0.0420  0.0090  0.9430  
 17       17  (18)      3 :  0.0260  0.0050  0.9610  0.0080  
 18       18  (14)      4 :  0.0090  0.0020  0.0050  0.9840  
 19       19  (17)      5 :  0.0290  0.0190  0.6026  0.3493  
 20       20   (9)      6 :  0.9170  0.0310  0.0080  0.0440  
 21       21  (32)      7 :  0.9250  0.0040  0.0590  0.0120  
 22       22  (12)      1 :  0.0090  0.9760  0.0080  0.0070  
 23       23  (14)      2 :  0.0050  0.0040  0.0130  0.9780  
 24       24  (16)      3 :  0.0230  0.0040  0.9540  0.0190  
 25       25  (46)      4 :  0.0060  0.0070  0.0070  0.9800  
 26       26  (10)      5 :  0.0030  0.0190  0.9630  0.0150  
 27       27  (32)      6 :  0.9620  0.0130  0.0090  0.0160  
 28       28  (18)      7 :  0.6236  0.0140  0.0050  0.3574  
 29       29  (32)      1 :  0.0430  0.8152  0.0639  0.0779  
 30       30  (18)      2 :  0.0270  0.0250  0.0080  0.9400  
 31       31   (9)      3 :  0.0170  0.0040  0.9640  0.0150  
 32       32  (32)      4 :  0.0460  0.0080  0.0250  0.9209  
 33       33  (14)      5 :  0.0120  0.2240  0.7360  0.0280  
 34       34  (30)      6 :  0.9170  0.0210  0.0100  0.0520  
 35       35  (14)      7 :  0.6680  0.0140  0.0300  0.2880  
 36       36  (21)      1 :  0.0100  0.9660  0.0110  0.0130  
 37       37  (54)      2 :  0.0050  0.3670  0.0090  0.6190  
 38       38  (45)      3 :  0.0090  0.0060  0.7037  0.2813  
 39       39  (27)      4 :  0.0320  0.0210  0.0240  0.9230  
 40       40  (13)      5 :  0.0230  0.0770  0.8860  0.0140  
 41       41  (18)      6 :  0.9250  0.0040  0.0050  0.0660  
 42       42  (66)      7 :  0.9530  0.0080  0.0160  0.0230  
 43       43  (14)      1 :  0.0070  0.9690  0.0140  0.0100  
 44       44  (22)      2 :  0.0150  0.0220  0.5080  0.4550  
 45       45  (19)      3 :  0.0330  0.0570  0.8990  0.0110  
 46       46  (22)      4 :  0.3403  0.0050  0.0070  0.6476  
 47       47  (12)      5 :  0.4685  0.0571  0.4585  0.0160  
 48       48  (11)      6 :  0.8940  0.0110  0.0640  0.0310  
 49       49   (9)      7 :  0.6150  0.0050  0.0110  0.3690  
 50       50  (30)      1 :  0.0150  0.9490  0.0220  0.0140  
 51       51   (8)      2 :  0.0100  0.0270  0.1099  0.8531  
 52       52   (9)      3 :  0.0200  0.0130  0.9590  0.0080  
 53       53  (43)      4 :  0.0390  0.0360  0.5160  0.4090  
 54       54  (21)      5 :  0.0070  0.0800  0.9100  0.0030  
 55       55  (20)      6 :  0.9860  0.0090  0.0030  0.0020  
 56       56   (6)      7 :  0.7590  0.0040  0.2300  0.0070  
 57       57  (15)      1 :  0.0070  0.9700  0.0140  0.0090  
 58       58   (7)      2 :  0.0040  0.0620  0.0090  0.9250  
 59       59  (15)      3 :  0.0120  0.0190  0.9381  0.0310  
 60       60   (9)      4 :  0.1151  0.0340  0.0040  0.8468  
 61       61  (33)      5 :  0.0060  0.0060  0.9770  0.0110  
 62       62  (12)      6 :  0.7600  0.0320  0.1980  0.0100  
 63       63  (57)      7 :  0.9570  0.0070  0.0190  0.0170  
 64       64  (23)      1 :  0.0070  0.9850  0.0040  0.0040  
 65       65  (31)      2 :  0.0030  0.0040  0.0040  0.9890  
 66       66  (17)      3 :  0.0040  0.0070  0.9810  0.0080  
 67       67  (10)      4 :  0.0920  0.0110  0.0270  0.8700  
 68       68   (8)      5 :  0.0190  0.0070  0.6890  0.2850  
 69       69  (41)      6 :  0.9670  0.0030  0.0160  0.0140  
 70       70  (17)      7 :  0.9350  0.0180  0.0300  0.0170  
 71       71  (29)      1 :  0.0250  0.9100  0.0310  0.0340  
 72       72  (51)      2 :  0.0060  0.0050  0.0340  0.9550  
 73       73  (22)      3 :  0.0040  0.0070  0.7640  0.2250  
 74       74  (14)      4 :  0.0370  0.0680  0.0170  0.8780  
 75       75  (18)      5 :  0.0920  0.1430  0.7360  0.0290  
 76       76  (25)      6 :  0.9060  0.0730  0.0060  0.0150  
 77       77  (12)      7 :  0.4775  0.0070  0.4965  0.0190  
 78       78  (21)      1 :  0.0060  0.9850  0.0040  0.0050  
 79       79  (14)      2 :  0.0370  0.0060  0.0150  0.9419  
 80       80  (22)      3 :  0.0160  0.0050  0.9540  0.0250  
 81       81  (11)      4 :  0.0220  0.0200  0.0971  0.8609  
 82       82  (25)      5 :  0.0110  0.0180  0.9600  0.0110  
 83       83  (12)      6 :  0.9500  0.0100  0.0140  0.0260  
 84       84  (18)      7 :  0.9530  0.0080  0.0200  0.0190  
 85       85   (9)      1 :  0.0350  0.9380  0.0090  0.0180  
 86       86  (24)      2 :  0.0150  0.0090  0.0060  0.9700  
 87       87  (47)      3 :  0.0050  0.0050  0.9399  0.0501  
 88       88  (27)      4 :  0.0310  0.0130  0.0711  0.8849  
 89       89  (14)      5 :  0.0120  0.0270  0.9180  0.0430  
 90       90  (24)      6 :  0.9470  0.0210  0.0090  0.0230  
 91       91  (20)      7 :  0.9660  0.0100  0.0190  0.0050  
 92       92  (10)      1 :  0.0050  0.9790  0.0110  0.0050  
 93       93  (21)      2 :  0.0160  0.3810  0.0130  0.5900  
 94       94  (27)      3 :  0.0040  0.0040  0.9021  0.0899  
 95       95   (9)      4 :  0.3520  0.0170  0.0240  0.6070  
 96       96  (40)      5 :  0.0340  0.0060  0.9499  0.0100  
 97       97  (26)      6 :  0.8670  0.1070  0.0150  0.0110  
 98       98  (15)      7 :  0.9310  0.0060  0.0060  0.0570  
 99       99  (23)      1 :  0.0160  0.9170  0.0490  0.0180  
100      100  (19)      2 :  0.0030  0.0030  0.0040  0.9900  
101      101  (60)      3 :  0.0720  0.0090  0.9050  0.0140  
102      102  (17)      4 :  0.0470  0.0150  0.0160  0.9219  
103      103  (18)      5 :  0.0080  0.0240  0.9550  0.0130  
104      104  (23)      6 :  0.8980  0.0080  0.0840  0.0100  
105      105  (20)      7 :  0.7040  0.0270  0.1110  0.1580  
