  1        1  (21)      1 :  0.0060  0.9620  0.0140  0.0050  0.0070  0.0020  0.0020  0.0020  
  2        2   (8)      2 :  0.0560  0.0050  0.0070  0.0240  0.7800  0.0970  0.0070  0.0240  
  3        3  (22)      3 :  0.0020  0.0030  0.9790  0.0050  0.0040  0.0020  0.0030  0.0020  
  4        4  (12)      4 :  0.7203  0.1399  0.1139  0.0050  0.0040  0.0030  0.0110  0.0030  
  5        5  (75)      5 :  0.0170  0.0080  0.0360  0.1932  0.0130  0.2523  0.0130  0.4675  
  6        6  (23)      6 :  0.0220  0.0110  0.0130  0.0330  0.0020  0.0440  0.8701  0.0050  
  7        7  (24)      7 :  0.0100  0.0150  0.0020  0.0040  0.0010  0.0030  0.0030  0.9620  
  8        8  (40)      1 :  0.0100  0.8312  0.0619  0.0110  0.0070  0.0310  0.0100  0.0380  
  9        9  (22)      2 :  0.0270  0.0130  0.0060  0.0340  0.8881  0.0090  0.0200  0.0030  
 10       10  (33)      3 :  0.0100  0.1410  0.7640  0.0030  0.0040  0.0530  0.0160  0.0090  
 11       11  (29)      4 :  0.8980  0.0030  0.0320  0.0170  0.0300  0.0050  0.0040  0.0110  
 12       12  (25)      5 :  0.0010  0.0020  0.0050  0.0030  0.0020  0.9820  0.0020  0.0030  
 13       13   (9)      6 :  0.0020  0.0020  0.0030  0.0010  0.0010  0.0020  0.9850  0.0040  
 14       14  (52)      7 :  0.0040  0.0080  0.0430  0.1001  0.0220  0.0591  0.0250  0.7387  
 15       15  (14)      1 :  0.0020  0.9750  0.0040  0.0040  0.0020  0.0040  0.0040  0.0050  
 16       16  (17)      2 :  0.0060  0.0080  0.0040  0.2770  0.6880  0.0100  0.0020  0.0050  
 17       17  (18)      3 :  0.0020  0.0040  0.9580  0.0050  0.0030  0.0060  0.0110  0.0110  
 18       18  (14)      4 :  0.9451  0.0020  0.0040  0.0100  0.0130  0.0080  0.0110  0.0070  
 19       19  (17)      5 :  0.1260  0.0030  0.0050  0.0170  0.1160  0.6980  0.0300  0.0050  
 20       20   (9)      6 :  0.0210  0.0160  0.0060  0.0080  0.0160  0.0030  0.9159  0.0140  
 21       21  (32)      7 :  0.0050  0.0020  0.0060  0.0030  0.0030  0.0170  0.0060  0.9580  
 22       22  (12)      1 :  0.0120  0.7622  0.0050  0.2048  0.0020  0.0060  0.0050  0.0030  
 23       23  (14)      2 :  0.0020  0.0010  0.0050  0.0030  0.9830  0.0020  0.0020  0.0020  
 24       24  (16)      3 :  0.0150  0.0010  0.7010  0.0020  0.0080  0.2510  0.0060  0.0160  
 25       25  (46)      4 :  0.9810  0.0020  0.0020  0.0010  0.0040  0.0040  0.0030  0.0030  
 26       26  (10)      5 :  0.0040  0.0080  0.0350  0.0030  0.0080  0.9349  0.0050  0.0020  
 27       27  (32)      6 :  0.0040  0.0050  0.0090  0.0070  0.0080  0.0050  0.9530  0.0090  
 28       28  (18)      7 :  0.0070  0.0090  0.0030  0.0050  0.1080  0.0030  0.0090  0.8560  
 29       29  (32)      1 :  0.0050  0.6420  0.0590  0.1900  0.0480  0.0190  0.0150  0.0220  
 30       30  (18)      2 :  0.0030  0.0170  0.0100  0.0070  0.9510  0.0030  0.0070  0.0020  
 31       31   (9)      3 :  0.0330  0.0030  0.9330  0.0030  0.0040  0.0050  0.0090  0.0100  
 32       32  (32)      4 :  0.9510  0.0020  0.0160  0.0040  0.0060  0.0040  0.0050  0.0120  
 33       33  (14)      5 :  0.0120  0.1220  0.1410  0.0140  0.0080  0.6850  0.0070  0.0110  
 34       34  (30)      6 :  0.0310  0.0190  0.0040  0.0060  0.0060  0.0130  0.9149  0.0060  
 35       35  (14)      7 :  0.1532  0.0060  0.0030  0.0020  0.0060  0.0110  0.0010  0.8178  
 36       36  (21)      1 :  0.0040  0.8120  0.0080  0.1570  0.0050  0.0040  0.0070  0.0030  
 37       37  (54)      2 :  0.0020  0.0020  0.0020  0.8740  0.1150  0.0020  0.0020  0.0010  
 38       38  (45)      3 :  0.0690  0.0030  0.8760  0.0030  0.0260  0.0120  0.0070  0.0040  
 39       39  (27)      4 :  0.7762  0.0080  0.0140  0.0539  0.1079  0.0140  0.0220  0.0040  
 40       40  (13)      5 :  0.0090  0.0190  0.0070  0.0501  0.0080  0.8498  0.0541  0.0030  
 41       41  (18)      6 :  0.0040  0.0020  0.0040  0.0070  0.0120  0.0010  0.9650  0.0050  
 42       42  (66)      7 :  0.0170  0.0080  0.0060  0.0020  0.0440  0.2580  0.0810  0.5840  
 43       43  (14)      1 :  0.0040  0.3776  0.0110  0.5944  0.0030  0.0040  0.0040  0.0020  
 44       44  (22)      2 :  0.0060  0.0090  0.0529  0.0070  0.8092  0.0889  0.0070  0.0200  
 45       45  (19)      3 :  0.0030  0.0050  0.8258  0.1001  0.0030  0.0040  0.0080  0.0511  
 46       46  (22)      4 :  0.9530  0.0030  0.0020  0.0010  0.0020  0.0020  0.0130  0.0240  
 47       47  (12)      5 :  0.0090  0.0070  0.0070  0.0090  0.0080  0.6340  0.0080  0.3180  
 48       48  (11)      6 :  0.0190  0.0040  0.0120  0.0060  0.0070  0.0120  0.9280  0.0120  
 49       49   (9)      7 :  0.0140  0.0030  0.0130  0.0050  0.2050  0.0020  0.0100  0.7480  
 50       50  (30)      1 :  0.0070  0.9550  0.0040  0.0030  0.0050  0.0150  0.0040  0.0070  
 51       51   (8)      2 :  0.0010  0.0100  0.1768  0.0260  0.7682  0.0030  0.0080  0.0070  
 52       52   (9)      3 :  0.0020  0.0090  0.9530  0.0010  0.0110  0.0040  0.0040  0.0160  
 53       53  (43)      4 :  0.9430  0.0080  0.0120  0.0050  0.0030  0.0130  0.0120  0.0040  
 54       54  (21)      5 :  0.0010  0.0060  0.0020  0.0040  0.0010  0.9790  0.0040  0.0030  
 55       55  (20)      6 :  0.0010  0.0040  0.0010  0.0020  0.0040  0.0020  0.9830  0.0030  
 56       56   (6)      7 :  0.0050  0.0040  0.0120  0.0030  0.0030  0.0040  0.0020  0.9670  
 57       57  (15)      1 :  0.0030  0.8921  0.0170  0.0559  0.0040  0.0040  0.0020  0.0220  
 58       58   (7)      2 :  0.0521  0.0090  0.0080  0.2012  0.7187  0.0050  0.0040  0.0020  
 59       59  (15)      3 :  0.0060  0.0150  0.8911  0.0020  0.0060  0.0649  0.0110  0.0040  
 60       60   (9)      4 :  0.9740  0.0090  0.0010  0.0020  0.0020  0.0010  0.0040  0.0070  
 61       61  (33)      5 :  0.0050  0.0050  0.0190  0.0020  0.0070  0.9491  0.0030  0.0100  
 62       62  (12)      6 :  0.0080  0.0160  0.0130  0.0020  0.0040  0.2400  0.6270  0.0900  
 63       63  (57)      7 :  0.0030  0.0050  0.0090  0.0040  0.0090  0.0140  0.0361  0.9198  
 64       64  (23)      1 :  0.0030  0.9381  0.0040  0.0390  0.0040  0.0030  0.0060  0.0030  
 65       65  (31)      2 :  0.0130  0.0040  0.0050  0.0420  0.9239  0.0050  0.0040  0.0030  
 66       66  (17)      3 :  0.0080  0.0080  0.9460  0.0020  0.0020  0.0250  0.0050  0.0040  
 67       67  (10)      4 :  0.8760  0.0060  0.0200  0.0030  0.0240  0.0060  0.0100  0.0550  
 68       68   (8)      5 :  0.0341  0.0020  0.0020  0.0010  0.0080  0.9339  0.0050  0.0140  
 69       69  (41)      6 :  0.0040  0.0020  0.0230  0.0020  0.0090  0.0030  0.9500  0.0070  
 70       70  (17)      7 :  0.0050  0.0050  0.0030  0.0220  0.0050  0.0030  0.0480  0.9090  
 71       71  (29)      1 :  0.0120  0.7930  0.0050  0.1540  0.0040  0.0130  0.0120  0.0070  
 72       72  (51)      2 :  0.0230  0.0020  0.0410  0.0040  0.9030  0.0090  0.0040  0.0140  
 73       73  (22)      3 :  0.0260  0.0100  0.8340  0.0110  0.0990  0.0130  0.0040  0.0030  
 74       74  (14)      4 :  0.9630  0.0100  0.0050  0.0030  0.0030  0.0060  0.0040  0.0060  
 75       75  (18)      5 :  0.0080  0.0140  0.0020  0.0020  0.0080  0.9550  0.0080  0.0030  
 76       76  (25)      6 :  0.0020  0.0030  0.0030  0.0040  0.0240  0.0030  0.9580  0.0030  
 77       77  (12)      7 :  0.0060  0.0060  0.0290  0.0100  0.0030  0.0270  0.0030  0.9159  
 78       78  (21)      1 :  0.0020  0.8709  0.0020  0.1141  0.0020  0.0010  0.0030  0.0050  
 79       79  (14)      2 :  0.0030  0.0040  0.0050  0.0040  0.9331  0.0130  0.0279  0.0100  
 80       80  (22)      3 :  0.0100  0.0040  0.8930  0.0250  0.0290  0.0080  0.0140  0.0170  
 81       81  (11)      4 :  0.8700  0.0250  0.0100  0.0040  0.0290  0.0480  0.0100  0.0040  
 82       82  (25)      5 :  0.0060  0.0030  0.0120  0.0020  0.0040  0.9610  0.0060  0.0060  
 83       83  (12)      6 :  0.0110  0.0110  0.0260  0.0030  0.0130  0.0040  0.8392  0.0929  
 84       84  (18)      7 :  0.0020  0.0020  0.0040  0.0010  0.0030  0.0100  0.0030  0.9750  
 85       85   (9)      1 :  0.0070  0.6973  0.0030  0.1658  0.0030  0.0210  0.0989  0.0040  
 86       86  (24)      2 :  0.0090  0.0080  0.0020  0.0010  0.9560  0.0020  0.0200  0.0020  
 87       87  (47)      3 :  0.0140  0.0060  0.9350  0.0080  0.0100  0.0130  0.0120  0.0020  
 88       88  (27)      4 :  0.8418  0.0070  0.0370  0.0040  0.0150  0.0180  0.0070  0.0701  
 89       89  (14)      5 :  0.0090  0.0060  0.0090  0.0160  0.0080  0.9300  0.0030  0.0190  
 90       90  (24)      6 :  0.0290  0.0579  0.0250  0.0030  0.0090  0.0060  0.8601  0.0100  
 91       91  (20)      7 :  0.0090  0.0040  0.0070  0.0020  0.0030  0.0040  0.0130  0.9580  
 92       92  (10)      1 :  0.0050  0.9670  0.0020  0.0060  0.0060  0.0070  0.0020  0.0050  
 93       93  (21)      2 :  0.0030  0.0750  0.0040  0.0330  0.8300  0.0380  0.0040  0.0130  
 94       94  (27)      3 :  0.0050  0.0010  0.9410  0.0440  0.0030  0.0020  0.0020  0.0020  
 95       95   (9)      4 :  0.7230  0.0360  0.0440  0.0020  0.0020  0.0050  0.0050  0.1830  
 96       96  (40)      5 :  0.0040  0.0040  0.0210  0.0030  0.0120  0.9209  0.0250  0.0100  
 97       97  (26)      6 :  0.0080  0.0881  0.0020  0.0140  0.0070  0.0801  0.7818  0.0190  
 98       98  (15)      7 :  0.0190  0.0160  0.0070  0.0020  0.2660  0.0040  0.0500  0.6360  
 99       99  (23)      1 :  0.0460  0.7972  0.0140  0.0320  0.0080  0.0639  0.0310  0.0080  
100      100  (19)      2 :  0.0110  0.0020  0.0030  0.0380  0.9340  0.0010  0.0010  0.0100  
101      101  (60)      3 :  0.0330  0.0090  0.6573  0.0060  0.0050  0.0140  0.2657  0.0100  
102      102  (17)      4 :  0.9721  0.0030  0.0040  0.0030  0.0050  0.0060  0.0030  0.0040  
103      103  (18)      5 :  0.0060  0.0050  0.0480  0.0060  0.0240  0.9029  0.0050  0.0030  
104      104  (23)      6 :  0.0050  0.0030  0.0070  0.0100  0.0050  0.0781  0.8649  0.0270  
105      105  (20)      7 :  0.1982  0.0090  0.0040  0.0300  0.0080  0.0070  0.0030  0.7407  
