  1        1  (21)      1 :  0.0050  0.9830  0.0070  0.0050  
  2        2   (8)      2 :  0.2400  0.0080  0.0450  0.7070  
  3        3  (22)      3 :  0.0040  0.0050  0.9810  0.0100  
  4        4  (12)      4 :  0.6737  0.2232  0.0450  0.0581  
  5        5  (75)      5 :  0.5110  0.0350  0.4220  0.0320  
  6        6  (23)      6 :  0.1090  0.1130  0.2230  0.5550  
  7        7  (24)      7 :  0.9130  0.0780  0.0050  0.0040  
  8        8  (40)      1 :  0.0511  0.7678  0.1712  0.0100  
  9        9  (22)      2 :  0.0090  0.0070  0.0100  0.9740  
 10       10  (33)      3 :  0.0120  0.0589  0.9201  0.0090  
 11       11  (29)      4 :  0.9610  0.0040  0.0150  0.0200  
 12       12  (25)      5 :  0.0060  0.0030  0.9880  0.0030  
 13       13   (9)      6 :  0.0080  0.0120  0.0170  0.9630  
 14       14  (52)      7 :  0.0490  0.0310  0.7602  0.1598  
 15       15  (14)      1 :  0.0040  0.9850  0.0040  0.0070  
 16       16  (17)      2 :  0.0150  0.0310  0.0180  0.9360  
 17       17  (18)      3 :  0.0120  0.0060  0.9600  0.0220  
 18       18  (14)      4 :  0.9710  0.0050  0.0070  0.0170  
 19       19  (17)      5 :  0.0601  0.0120  0.5255  0.4024  
 20       20   (9)      6 :  0.0210  0.0190  0.0080  0.9520  
 21       21  (32)      7 :  0.9640  0.0040  0.0220  0.0100  
 22       22  (12)      1 :  0.0050  0.9740  0.0080  0.0130  
 23       23  (14)      2 :  0.0050  0.0020  0.0060  0.9870  
 24       24  (16)      3 :  0.0110  0.0020  0.9800  0.0070  
 25       25  (46)      4 :  0.9820  0.0040  0.0050  0.0090  
 26       26  (10)      5 :  0.0040  0.0120  0.9780  0.0060  
 27       27  (32)      6 :  0.0060  0.0080  0.0070  0.9790  
 28       28  (18)      7 :  0.8070  0.0260  0.0050  0.1620  
 29       29  (32)      1 :  0.0220  0.8530  0.0620  0.0630  
 30       30  (18)      2 :  0.0040  0.0100  0.0080  0.9780  
 31       31   (9)      3 :  0.0360  0.0040  0.9530  0.0070  
 32       32  (32)      4 :  0.9480  0.0080  0.0290  0.0150  
 33       33  (14)      5 :  0.0130  0.1978  0.7742  0.0150  
 34       34  (30)      6 :  0.0140  0.0330  0.0150  0.9380  
 35       35  (14)      7 :  0.9830  0.0060  0.0080  0.0030  
 36       36  (21)      1 :  0.0040  0.9780  0.0090  0.0090  
 37       37  (54)      2 :  0.0040  0.2730  0.0120  0.7110  
 38       38  (45)      3 :  0.0220  0.0040  0.9550  0.0190  
 39       39  (27)      4 :  0.5790  0.0330  0.0400  0.3480  
 40       40  (13)      5 :  0.0070  0.1229  0.7393  0.1309  
 41       41  (18)      6 :  0.0140  0.0070  0.0040  0.9750  
 42       42  (66)      7 :  0.8720  0.0090  0.0320  0.0870  
 43       43  (14)      1 :  0.0040  0.9650  0.0210  0.0100  
 44       44  (22)      2 :  0.0150  0.0180  0.1558  0.8112  
 45       45  (19)      3 :  0.0140  0.0210  0.9470  0.0180  
 46       46  (22)      4 :  0.9910  0.0030  0.0020  0.0040  
 47       47  (12)      5 :  0.3790  0.0380  0.5680  0.0150  
 48       48  (11)      6 :  0.0320  0.0080  0.0410  0.9190  
 49       49   (9)      7 :  0.7908  0.0050  0.0080  0.1962  
 50       50  (30)      1 :  0.0120  0.9720  0.0080  0.0080  
 51       51   (8)      2 :  0.0060  0.0080  0.0659  0.9201  
 52       52   (9)      3 :  0.0060  0.0090  0.9770  0.0080  
 53       53  (43)      4 :  0.6490  0.0240  0.3030  0.0240  
 54       54  (21)      5 :  0.0090  0.1081  0.8799  0.0030  
 55       55  (20)      6 :  0.0030  0.0070  0.0030  0.9870  
 56       56   (6)      7 :  0.8900  0.0080  0.0970  0.0050  
 57       57  (15)      1 :  0.0080  0.9720  0.0140  0.0060  
 58       58   (7)      2 :  0.0160  0.0370  0.0150  0.9320  
 59       59  (15)      3 :  0.0100  0.0120  0.9700  0.0080  
 60       60   (9)      4 :  0.9720  0.0180  0.0030  0.0070  
 61       61  (33)      5 :  0.0090  0.0080  0.9750  0.0080  
 62       62  (12)      6 :  0.1520  0.0220  0.2990  0.5270  
 63       63  (57)      7 :  0.7810  0.0150  0.0500  0.1540  
 64       64  (23)      1 :  0.0050  0.9820  0.0050  0.0080  
 65       65  (31)      2 :  0.0120  0.0130  0.0100  0.9650  
 66       66  (17)      3 :  0.0060  0.0070  0.9820  0.0050  
 67       67  (10)      4 :  0.9620  0.0040  0.0130  0.0210  
 68       68   (8)      5 :  0.5285  0.0060  0.4394  0.0260  
 69       69  (41)      6 :  0.0080  0.0040  0.0150  0.9730  
 70       70  (17)      7 :  0.9310  0.0290  0.0080  0.0320  
 71       71  (29)      1 :  0.0140  0.9640  0.0100  0.0120  
 72       72  (51)      2 :  0.0440  0.0040  0.2510  0.7010  
 73       73  (22)      3 :  0.0110  0.0100  0.9590  0.0200  
 74       74  (14)      4 :  0.9510  0.0240  0.0170  0.0080  
 75       75  (18)      5 :  0.0380  0.1179  0.7083  0.1359  
 76       76  (25)      6 :  0.0060  0.0090  0.0050  0.9800  
 77       77  (12)      7 :  0.7277  0.0090  0.2452  0.0180  
 78       78  (21)      1 :  0.0040  0.9880  0.0040  0.0040  
 79       79  (14)      2 :  0.0050  0.0030  0.0060  0.9860  
 80       80  (22)      3 :  0.0190  0.0060  0.9420  0.0330  
 81       81  (11)      4 :  0.8560  0.0350  0.0690  0.0400  
 82       82  (25)      5 :  0.0200  0.0140  0.9540  0.0120  
 83       83  (12)      6 :  0.1020  0.0180  0.0150  0.8650  
 84       84  (18)      7 :  0.9360  0.0040  0.0520  0.0080  
 85       85   (9)      1 :  0.0150  0.8681  0.0070  0.1099  
 86       86  (24)      2 :  0.0070  0.0060  0.0020  0.9850  
 87       87  (47)      3 :  0.0080  0.0100  0.9610  0.0210  
 88       88  (27)      4 :  0.9530  0.0090  0.0250  0.0130  
 89       89  (14)      5 :  0.0660  0.0240  0.8970  0.0130  
 90       90  (24)      6 :  0.0950  0.0350  0.0210  0.8490  
 91       91  (20)      7 :  0.9740  0.0080  0.0090  0.0090  
 92       92  (10)      1 :  0.0050  0.9830  0.0070  0.0050  
 93       93  (21)      2 :  0.0100  0.1390  0.0130  0.8380  
 94       94  (27)      3 :  0.0070  0.0040  0.9790  0.0100  
 95       95   (9)      4 :  0.9650  0.0090  0.0230  0.0030  
 96       96  (40)      5 :  0.0110  0.0070  0.9440  0.0380  
 97       97  (26)      6 :  0.0250  0.2380  0.0190  0.7180  
 98       98  (15)      7 :  0.7207  0.0110  0.0080  0.2603  
 99       99  (23)      1 :  0.0370  0.8501  0.0969  0.0160  
100      100  (19)      2 :  0.2110  0.0060  0.0110  0.7720  
101      101  (60)      3 :  0.0330  0.0120  0.9050  0.0500  
102      102  (17)      4 :  0.9770  0.0060  0.0090  0.0080  
103      103  (18)      5 :  0.0060  0.0110  0.9690  0.0140  
104      104  (23)      6 :  0.0270  0.0080  0.2310  0.7340  
105      105  (20)      7 :  0.9720  0.0170  0.0060  0.0050  
