  1        1  (21)      1 :  0.9090  0.0910  
  2        2   (8)      2 :  0.1290  0.8710  
  3        3  (22)      3 :  0.0980  0.9020  
  4        4  (12)      4 :  0.2520  0.7480  
  5        5  (75)      5 :  0.3610  0.6390  
  6        6  (23)      6 :  0.6970  0.3030  
  7        7  (24)      7 :  0.7380  0.2620  
  8        8  (40)      1 :  0.8310  0.1690  
  9        9  (22)      2 :  0.1490  0.8510  
 10       10  (33)      3 :  0.6090  0.3910  
 11       11  (29)      4 :  0.0170  0.9830  
 12       12  (25)      5 :  0.8120  0.1880  
 13       13   (9)      6 :  0.7270  0.2730  
 14       14  (52)      7 :  0.2050  0.7950  
 15       15  (14)      1 :  0.9800  0.0200  
 16       16  (17)      2 :  0.2820  0.7180  
 17       17  (18)      3 :  0.0330  0.9670  
 18       18  (14)      4 :  0.0410  0.9590  
 19       19  (17)      5 :  0.5710  0.4290  
 20       20   (9)      6 :  0.4920  0.5080  
 21       21  (32)      7 :  0.1380  0.8620  
 22       22  (12)      1 :  0.9670  0.0330  
 23       23  (14)      2 :  0.0240  0.9760  
 24       24  (16)      3 :  0.0420  0.9580  
 25       25  (46)      4 :  0.0530  0.9470  
 26       26  (10)      5 :  0.6090  0.3910  
 27       27  (32)      6 :  0.6120  0.3880  
 28       28  (18)      7 :  0.1800  0.8200  
 29       29  (32)      1 :  0.7510  0.2490  
 30       30  (18)      2 :  0.1980  0.8020  
 31       31   (9)      3 :  0.0290  0.9710  
 32       32  (32)      4 :  0.0590  0.9410  
 33       33  (14)      5 :  0.5830  0.4170  
 34       34  (30)      6 :  0.7930  0.2070  
 35       35  (14)      7 :  0.1200  0.8800  
 36       36  (21)      1 :  0.9330  0.0670  
 37       37  (54)      2 :  0.6130  0.3870  
 38       38  (45)      3 :  0.0380  0.9620  
 39       39  (27)      4 :  0.1240  0.8760  
 40       40  (13)      5 :  0.9220  0.0780  
 41       41  (18)      6 :  0.4520  0.5480  
 42       42  (66)      7 :  0.2340  0.7660  
 43       43  (14)      1 :  0.9290  0.0710  
 44       44  (22)      2 :  0.2850  0.7150  
 45       45  (19)      3 :  0.1000  0.9000  
 46       46  (22)      4 :  0.0850  0.9150  
 47       47  (12)      5 :  0.4850  0.5150  
 48       48  (11)      6 :  0.3320  0.6680  
 49       49   (9)      7 :  0.0570  0.9430  
 50       50  (30)      1 :  0.9710  0.0290  
 51       51   (8)      2 :  0.1130  0.8870  
 52       52   (9)      3 :  0.1200  0.8800  
 53       53  (43)      4 :  0.6650  0.3350  
 54       54  (21)      5 :  0.9500  0.0500  
 55       55  (20)      6 :  0.8840  0.1160  
 56       56   (6)      7 :  0.1140  0.8860  
 57       57  (15)      1 :  0.9460  0.0540  
 58       58   (7)      2 :  0.2070  0.7930  
 59       59  (15)      3 :  0.2520  0.7480  
 60       60   (9)      4 :  0.1800  0.8200  
 61       61  (33)      5 :  0.3410  0.6590  
 62       62  (12)      6 :  0.5950  0.4050  
 63       63  (57)      7 :  0.4670  0.5330  
 64       64  (23)      1 :  0.9650  0.0350  
 65       65  (31)      2 :  0.0670  0.9330  
 66       66  (17)      3 :  0.1580  0.8420  
 67       67  (10)      4 :  0.0610  0.9390  
 68       68   (8)      5 :  0.4800  0.5200  
 69       69  (41)      6 :  0.2710  0.7290  
 70       70  (17)      7 :  0.1600  0.8400  
 71       71  (29)      1 :  0.9290  0.0710  
 72       72  (51)      2 :  0.0440  0.9560  
 73       73  (22)      3 :  0.0360  0.9640  
 74       74  (14)      4 :  0.1720  0.8280  
 75       75  (18)      5 :  0.9000  0.1000  
 76       76  (25)      6 :  0.8030  0.1970  
 77       77  (12)      7 :  0.0720  0.9280  
 78       78  (21)      1 :  0.9690  0.0310  
 79       79  (14)      2 :  0.0310  0.9690  
 80       80  (22)      3 :  0.0440  0.9560  
 81       81  (11)      4 :  0.1910  0.8090  
 82       82  (25)      5 :  0.4910  0.5090  
 83       83  (12)      6 :  0.3710  0.6290  
 84       84  (18)      7 :  0.0870  0.9130  
 85       85   (9)      1 :  0.9600  0.0400  
 86       86  (24)      2 :  0.2490  0.7510  
 87       87  (47)      3 :  0.0870  0.9130  
 88       88  (27)      4 :  0.0500  0.9500  
 89       89  (14)      5 :  0.5870  0.4130  
 90       90  (24)      6 :  0.7210  0.2790  
 91       91  (20)      7 :  0.1840  0.8160  
 92       92  (10)      1 :  0.9410  0.0590  
 93       93  (21)      2 :  0.6290  0.3710  
 94       94  (27)      3 :  0.0260  0.9740  
 95       95   (9)      4 :  0.0640  0.9360  
 96       96  (40)      5 :  0.3710  0.6290  
 97       97  (26)      6 :  0.9250  0.0750  
 98       98  (15)      7 :  0.2060  0.7940  
 99       99  (23)      1 :  0.8940  0.1060  
100      100  (19)      2 :  0.0260  0.9740  
101      101  (60)      3 :  0.5130  0.4870  
102      102  (17)      4 :  0.0630  0.9370  
103      103  (18)      5 :  0.6320  0.3680  
104      104  (23)      6 :  0.5170  0.4830  
105      105  (20)      7 :  0.2020  0.7980  
