  1        1  (21)      1 :  0.9720  0.0020  0.0040  0.0030  0.0050  0.0120  0.0020  
  2        2   (8)      2 :  0.0080  0.0040  0.0800  0.0310  0.8070  0.0050  0.0650  
  3        3  (22)      3 :  0.0030  0.0030  0.0020  0.0020  0.0030  0.9850  0.0020  
  4        4  (12)      4 :  0.1179  0.0140  0.7433  0.0030  0.0110  0.1079  0.0030  
  5        5  (75)      5 :  0.0160  0.0140  0.0260  0.5495  0.0160  0.0410  0.3377  
  6        6  (23)      6 :  0.0170  0.8940  0.0240  0.0050  0.0030  0.0110  0.0460  
  7        7  (24)      7 :  0.0120  0.0050  0.0070  0.9700  0.0010  0.0030  0.0020  
  8        8  (40)      1 :  0.7988  0.0100  0.0130  0.0771  0.0040  0.0761  0.0210  
  9        9  (22)      2 :  0.0080  0.0120  0.0240  0.0020  0.9459  0.0030  0.0050  
 10       10  (33)      3 :  0.1281  0.0160  0.0060  0.0060  0.0050  0.7798  0.0591  
 11       11  (29)      4 :  0.0020  0.0030  0.9029  0.0090  0.0450  0.0350  0.0030  
 12       12  (25)      5 :  0.0010  0.0020  0.0020  0.0020  0.0020  0.0050  0.9860  
 13       13   (9)      6 :  0.0020  0.9890  0.0020  0.0020  0.0010  0.0020  0.0020  
 14       14  (52)      7 :  0.0220  0.0380  0.0050  0.7800  0.0230  0.0400  0.0920  
 15       15  (14)      1 :  0.9810  0.0060  0.0020  0.0040  0.0020  0.0030  0.0020  
 16       16  (17)      2 :  0.0230  0.0030  0.0060  0.0050  0.9530  0.0050  0.0050  
 17       17  (18)      3 :  0.0020  0.0100  0.0030  0.0170  0.0040  0.9610  0.0030  
 18       18  (14)      4 :  0.0030  0.0100  0.9560  0.0050  0.0170  0.0030  0.0060  
 19       19  (17)      5 :  0.0030  0.0270  0.0770  0.0060  0.1760  0.0070  0.7040  
 20       20   (9)      6 :  0.0160  0.9259  0.0180  0.0160  0.0140  0.0060  0.0040  
 21       21  (32)      7 :  0.0030  0.0080  0.0030  0.9660  0.0030  0.0050  0.0120  
 22       22  (12)      1 :  0.9700  0.0060  0.0110  0.0030  0.0040  0.0030  0.0030  
 23       23  (14)      2 :  0.0010  0.0020  0.0010  0.0020  0.9900  0.0030  0.0010  
 24       24  (16)      3 :  0.0030  0.0080  0.0090  0.0140  0.0100  0.7590  0.1970  
 25       25  (46)      4 :  0.0020  0.0020  0.9850  0.0030  0.0030  0.0020  0.0030  
 26       26  (10)      5 :  0.0070  0.0030  0.0040  0.0020  0.0070  0.0250  0.9520  
 27       27  (32)      6 :  0.0040  0.9660  0.0060  0.0070  0.0060  0.0070  0.0040  
 28       28  (18)      7 :  0.0100  0.0120  0.0050  0.8609  0.1061  0.0020  0.0040  
 29       29  (32)      1 :  0.8570  0.0170  0.0070  0.0150  0.0420  0.0500  0.0120  
 30       30  (18)      2 :  0.0130  0.0100  0.0030  0.0040  0.9570  0.0100  0.0030  
 31       31   (9)      3 :  0.0020  0.0090  0.0280  0.0060  0.0030  0.9469  0.0050  
 32       32  (32)      4 :  0.0020  0.0040  0.9670  0.0090  0.0040  0.0110  0.0030  
 33       33  (14)      5 :  0.1500  0.0070  0.0090  0.0110  0.0040  0.1310  0.6880  
 34       34  (30)      6 :  0.0170  0.9331  0.0230  0.0040  0.0090  0.0030  0.0110  
 35       35  (14)      7 :  0.0050  0.0020  0.1439  0.8262  0.0070  0.0040  0.0120  
 36       36  (21)      1 :  0.9729  0.0080  0.0020  0.0020  0.0050  0.0060  0.0040  
 37       37  (54)      2 :  0.0150  0.0030  0.0020  0.0020  0.9720  0.0030  0.0030  
 38       38  (45)      3 :  0.0040  0.0060  0.0470  0.0040  0.0270  0.8999  0.0120  
 39       39  (27)      4 :  0.0100  0.0240  0.8212  0.0070  0.1089  0.0180  0.0110  
 40       40  (13)      5 :  0.0280  0.0771  0.0070  0.0030  0.0080  0.0040  0.8729  
 41       41  (18)      6 :  0.0020  0.9740  0.0040  0.0050  0.0090  0.0040  0.0020  
 42       42  (66)      7 :  0.0070  0.0881  0.0390  0.6156  0.0290  0.0080  0.2132  
 43       43  (14)      1 :  0.9311  0.0050  0.0030  0.0030  0.0070  0.0480  0.0030  
 44       44  (22)      2 :  0.0130  0.0080  0.0040  0.0280  0.8390  0.0620  0.0460  
 45       45  (19)      3 :  0.0120  0.0090  0.0030  0.0330  0.0030  0.9360  0.0040  
 46       46  (22)      4 :  0.0020  0.0090  0.9590  0.0250  0.0020  0.0010  0.0020  
 47       47  (12)      5 :  0.0150  0.0030  0.0060  0.3764  0.0030  0.0040  0.5926  
 48       48  (11)      6 :  0.0040  0.9309  0.0220  0.0080  0.0060  0.0150  0.0140  
 49       49   (9)      7 :  0.0020  0.0100  0.0130  0.7760  0.1830  0.0140  0.0020  
 50       50  (30)      1 :  0.9640  0.0050  0.0060  0.0030  0.0050  0.0030  0.0140  
 51       51   (8)      2 :  0.0080  0.0040  0.0020  0.0080  0.8671  0.1069  0.0040  
 52       52   (9)      3 :  0.0040  0.0030  0.0020  0.0140  0.0050  0.9690  0.0030  
 53       53  (43)      4 :  0.0130  0.0130  0.9250  0.0030  0.0030  0.0170  0.0260  
 54       54  (21)      5 :  0.0050  0.0040  0.0010  0.0040  0.0010  0.0030  0.9820  
 55       55  (20)      6 :  0.0030  0.9870  0.0010  0.0020  0.0040  0.0010  0.0020  
 56       56   (6)      7 :  0.0040  0.0040  0.0040  0.9731  0.0020  0.0070  0.0060  
 57       57  (15)      1 :  0.9580  0.0030  0.0020  0.0100  0.0070  0.0160  0.0040  
 58       58   (7)      2 :  0.0100  0.0040  0.0490  0.0030  0.9230  0.0060  0.0050  
 59       59  (15)      3 :  0.0130  0.0080  0.0050  0.0030  0.0040  0.9081  0.0589  
 60       60   (9)      4 :  0.0050  0.0060  0.9790  0.0040  0.0020  0.0020  0.0020  
 61       61  (33)      5 :  0.0040  0.0040  0.0050  0.0090  0.0060  0.0140  0.9579  
 62       62  (12)      6 :  0.0060  0.6387  0.0110  0.0808  0.0070  0.0080  0.2485  
 63       63  (57)      7 :  0.0080  0.0300  0.0040  0.9299  0.0090  0.0070  0.0120  
 64       64  (23)      1 :  0.9760  0.0060  0.0030  0.0040  0.0040  0.0040  0.0030  
 65       65  (31)      2 :  0.0060  0.0030  0.0100  0.0030  0.9620  0.0060  0.0100  
 66       66  (17)      3 :  0.0090  0.0050  0.0090  0.0020  0.0030  0.9570  0.0150  
 67       67  (10)      4 :  0.0060  0.0090  0.8901  0.0460  0.0170  0.0240  0.0080  
 68       68   (8)      5 :  0.0030  0.0040  0.0350  0.0090  0.0060  0.0020  0.9409  
 69       69  (41)      6 :  0.0020  0.9600  0.0060  0.0050  0.0070  0.0180  0.0020  
 70       70  (17)      7 :  0.0070  0.0470  0.0040  0.9300  0.0050  0.0030  0.0040  
 71       71  (29)      1 :  0.9540  0.0080  0.0120  0.0090  0.0050  0.0050  0.0070  
 72       72  (51)      2 :  0.0030  0.0030  0.0140  0.0170  0.9170  0.0340  0.0120  
 73       73  (22)      3 :  0.0110  0.0030  0.0170  0.0060  0.0711  0.8829  0.0090  
 74       74  (14)      4 :  0.0150  0.0040  0.9600  0.0060  0.0030  0.0070  0.0050  
 75       75  (18)      5 :  0.0090  0.0050  0.0080  0.0020  0.0060  0.0030  0.9670  
 76       76  (25)      6 :  0.0030  0.9770  0.0020  0.0030  0.0100  0.0030  0.0020  
 77       77  (12)      7 :  0.0070  0.0020  0.0060  0.9489  0.0050  0.0150  0.0160  
 78       78  (21)      1 :  0.9860  0.0030  0.0020  0.0040  0.0020  0.0020  0.0010  
 79       79  (14)      2 :  0.0040  0.0340  0.0050  0.0100  0.9300  0.0050  0.0120  
 80       80  (22)      3 :  0.0040  0.0050  0.0120  0.0150  0.0270  0.9299  0.0070  
 81       81  (11)      4 :  0.0180  0.0070  0.9010  0.0040  0.0170  0.0080  0.0450  
 82       82  (25)      5 :  0.0040  0.0070  0.0060  0.0040  0.0040  0.0180  0.9570  
 83       83  (12)      6 :  0.0070  0.8470  0.0180  0.0840  0.0190  0.0220  0.0030  
 84       84  (18)      7 :  0.0020  0.0020  0.0020  0.9800  0.0020  0.0040  0.0080  
 85       85   (9)      1 :  0.8519  0.0991  0.0100  0.0050  0.0150  0.0030  0.0160  
 86       86  (24)      2 :  0.0060  0.0190  0.0130  0.0030  0.9560  0.0010  0.0020  
 87       87  (47)      3 :  0.0070  0.0110  0.0150  0.0020  0.0090  0.9440  0.0120  
 88       88  (27)      4 :  0.0040  0.0050  0.8670  0.0710  0.0120  0.0290  0.0120  
 89       89  (14)      5 :  0.0090  0.0030  0.0090  0.0310  0.0120  0.0070  0.9290  
 90       90  (24)      6 :  0.0220  0.8751  0.0519  0.0140  0.0060  0.0270  0.0040  
 91       91  (20)      7 :  0.0040  0.0110  0.0060  0.9690  0.0020  0.0050  0.0030  
 92       92  (10)      1 :  0.9770  0.0040  0.0040  0.0040  0.0030  0.0020  0.0060  
 93       93  (21)      2 :  0.0580  0.0060  0.0020  0.0120  0.8620  0.0030  0.0570  
 94       94  (27)      3 :  0.0020  0.0020  0.0030  0.0020  0.0030  0.9860  0.0020  
 95       95   (9)      4 :  0.0150  0.0040  0.7207  0.2182  0.0020  0.0340  0.0060  
 96       96  (40)      5 :  0.0040  0.0230  0.0060  0.0110  0.0090  0.0170  0.9300  
 97       97  (26)      6 :  0.0750  0.8150  0.0090  0.0200  0.0090  0.0030  0.0690  
 98       98  (15)      7 :  0.0150  0.0910  0.0170  0.7030  0.1560  0.0150  0.0030  
 99       99  (23)      1 :  0.8650  0.0200  0.0250  0.0100  0.0050  0.0150  0.0600  
100      100  (19)      2 :  0.0020  0.0010  0.0070  0.0080  0.9780  0.0030  0.0010  
101      101  (60)      3 :  0.0120  0.1938  0.0260  0.0070  0.0060  0.7393  0.0160  
102      102  (17)      4 :  0.0020  0.0030  0.9750  0.0040  0.0040  0.0030  0.0090  
103      103  (18)      5 :  0.0090  0.0060  0.0050  0.0040  0.0170  0.0439  0.9152  
104      104  (23)      6 :  0.0030  0.8879  0.0050  0.0370  0.0050  0.0080  0.0541  
105      105  (20)      7 :  0.0110  0.0030  0.2092  0.7628  0.0040  0.0050  0.0050  
