  1        1  (21)      1 :  0.0030  0.9760  0.0130  0.0080  
  2        2   (8)      2 :  0.0150  0.0080  0.1230  0.8540  
  3        3  (22)      3 :  0.0060  0.0070  0.9840  0.0030  
  4        4  (12)      4 :  0.0180  0.2697  0.0220  0.6903  
  5        5  (75)      5 :  0.1590  0.0290  0.7750  0.0370  
  6        6  (23)      6 :  0.8290  0.0470  0.1060  0.0180  
  7        7  (24)      7 :  0.9670  0.0220  0.0040  0.0070  
  8        8  (40)      1 :  0.0521  0.7948  0.1411  0.0120  
  9        9  (22)      2 :  0.0090  0.0170  0.0090  0.9650  
 10       10  (33)      3 :  0.0080  0.0370  0.9510  0.0040  
 11       11  (29)      4 :  0.0040  0.0030  0.0050  0.9880  
 12       12  (25)      5 :  0.0030  0.0030  0.9920  0.0020  
 13       13   (9)      6 :  0.9840  0.0060  0.0070  0.0030  
 14       14  (52)      7 :  0.1010  0.0110  0.8720  0.0160  
 15       15  (14)      1 :  0.0140  0.9810  0.0030  0.0020  
 16       16  (17)      2 :  0.0040  0.0670  0.0060  0.9230  
 17       17  (18)      3 :  0.0230  0.0040  0.9640  0.0090  
 18       18  (14)      4 :  0.0090  0.0030  0.0030  0.9850  
 19       19  (17)      5 :  0.0350  0.0260  0.7133  0.2258  
 20       20   (9)      6 :  0.9530  0.0160  0.0050  0.0260  
 21       21  (32)      7 :  0.9059  0.0030  0.0791  0.0120  
 22       22  (12)      1 :  0.0030  0.9890  0.0050  0.0030  
 23       23  (14)      2 :  0.0050  0.0030  0.0080  0.9840  
 24       24  (16)      3 :  0.0240  0.0020  0.9480  0.0260  
 25       25  (46)      4 :  0.0050  0.0040  0.0050  0.9860  
 26       26  (10)      5 :  0.0040  0.0130  0.9690  0.0140  
 27       27  (32)      6 :  0.9700  0.0110  0.0090  0.0100  
 28       28  (18)      7 :  0.7377  0.0090  0.0050  0.2482  
 29       29  (32)      1 :  0.0340  0.8641  0.0699  0.0320  
 30       30  (18)      2 :  0.0120  0.0330  0.0050  0.9500  
 31       31   (9)      3 :  0.0070  0.0030  0.9800  0.0100  
 32       32  (32)      4 :  0.1011  0.0070  0.0260  0.8659  
 33       33  (14)      5 :  0.0160  0.2142  0.7357  0.0340  
 34       34  (30)      6 :  0.9600  0.0160  0.0080  0.0160  
 35       35  (14)      7 :  0.6476  0.0130  0.0160  0.3233  
 36       36  (21)      1 :  0.0110  0.9660  0.0110  0.0120  
 37       37  (54)      2 :  0.0050  0.5604  0.0070  0.4276  
 38       38  (45)      3 :  0.0120  0.0060  0.8840  0.0980  
 39       39  (27)      4 :  0.0160  0.0210  0.0290  0.9341  
 40       40  (13)      5 :  0.0330  0.1290  0.8310  0.0070  
 41       41  (18)      6 :  0.9700  0.0040  0.0040  0.0220  
 42       42  (66)      7 :  0.9380  0.0100  0.0160  0.0360  
 43       43  (14)      1 :  0.0050  0.9780  0.0110  0.0060  
 44       44  (22)      2 :  0.0100  0.0190  0.5710  0.4000  
 45       45  (19)      3 :  0.0290  0.0410  0.9230  0.0070  
 46       46  (22)      4 :  0.5435  0.0070  0.0080  0.4416  
 47       47  (12)      5 :  0.2088  0.0330  0.7213  0.0370  
 48       48  (11)      6 :  0.9460  0.0080  0.0270  0.0190  
 49       49   (9)      7 :  0.6920  0.0070  0.0300  0.2710  
 50       50  (30)      1 :  0.0130  0.9650  0.0160  0.0060  
 51       51   (8)      2 :  0.0170  0.0200  0.1930  0.7700  
 52       52   (9)      3 :  0.0140  0.0100  0.9670  0.0090  
 53       53  (43)      4 :  0.0390  0.0110  0.8220  0.1280  
 54       54  (21)      5 :  0.0050  0.0821  0.9109  0.0020  
 55       55  (20)      6 :  0.9810  0.0120  0.0040  0.0030  
 56       56   (6)      7 :  0.8581  0.0070  0.1309  0.0040  
 57       57  (15)      1 :  0.0060  0.9800  0.0090  0.0050  
 58       58   (7)      2 :  0.0040  0.0330  0.0060  0.9570  
 59       59  (15)      3 :  0.0080  0.0290  0.9430  0.0200  
 60       60   (9)      4 :  0.0690  0.0530  0.0060  0.8720  
 61       61  (33)      5 :  0.0040  0.0060  0.9750  0.0150  
 62       62  (12)      6 :  0.7307  0.0080  0.2492  0.0120  
 63       63  (57)      7 :  0.9570  0.0050  0.0270  0.0110  
 64       64  (23)      1 :  0.0070  0.9840  0.0040  0.0050  
 65       65  (31)      2 :  0.0030  0.0030  0.0030  0.9910  
 66       66  (17)      3 :  0.0040  0.0060  0.9860  0.0040  
 67       67  (10)      4 :  0.0390  0.0090  0.0560  0.8960  
 68       68   (8)      5 :  0.0350  0.0070  0.6940  0.2640  
 69       69  (41)      6 :  0.9720  0.0040  0.0160  0.0080  
 70       70  (17)      7 :  0.9750  0.0080  0.0070  0.0100  
 71       71  (29)      1 :  0.0170  0.9440  0.0190  0.0200  
 72       72  (51)      2 :  0.0090  0.0060  0.0569  0.9281  
 73       73  (22)      3 :  0.0040  0.0090  0.8550  0.1320  
 74       74  (14)      4 :  0.0300  0.0330  0.0160  0.9210  
 75       75  (18)      5 :  0.1190  0.1060  0.7480  0.0270  
 76       76  (25)      6 :  0.9429  0.0380  0.0060  0.0130  
 77       77  (12)      7 :  0.4985  0.0050  0.4885  0.0080  
 78       78  (21)      1 :  0.0080  0.9840  0.0030  0.0050  
 79       79  (14)      2 :  0.0290  0.0040  0.0170  0.9499  
 80       80  (22)      3 :  0.0230  0.0050  0.9290  0.0430  
 81       81  (11)      4 :  0.0100  0.0100  0.1240  0.8560  
 82       82  (25)      5 :  0.0100  0.0120  0.9650  0.0130  
 83       83  (12)      6 :  0.9700  0.0070  0.0080  0.0150  
 84       84  (18)      7 :  0.9680  0.0050  0.0210  0.0060  
 85       85   (9)      1 :  0.0990  0.8720  0.0100  0.0190  
 86       86  (24)      2 :  0.0170  0.0110  0.0040  0.9680  
 87       87  (47)      3 :  0.0050  0.0030  0.9780  0.0140  
 88       88  (27)      4 :  0.0310  0.0160  0.0890  0.8640  
 89       89  (14)      5 :  0.0080  0.0130  0.9540  0.0250  
 90       90  (24)      6 :  0.9620  0.0130  0.0150  0.0100  
 91       91  (20)      7 :  0.9830  0.0060  0.0060  0.0050  
 92       92  (10)      1 :  0.0040  0.9840  0.0060  0.0060  
 93       93  (21)      2 :  0.0100  0.3900  0.0110  0.5890  
 94       94  (27)      3 :  0.0030  0.0050  0.9640  0.0280  
 95       95   (9)      4 :  0.1610  0.0200  0.0670  0.7520  
 96       96  (40)      5 :  0.0250  0.0060  0.9560  0.0130  
 97       97  (26)      6 :  0.8879  0.0911  0.0110  0.0100  
 98       98  (15)      7 :  0.9280  0.0090  0.0070  0.0560  
 99       99  (23)      1 :  0.0230  0.9140  0.0510  0.0120  
100      100  (19)      2 :  0.0030  0.0030  0.0040  0.9900  
101      101  (60)      3 :  0.1630  0.0160  0.8080  0.0130  
102      102  (17)      4 :  0.0450  0.0080  0.0400  0.9071  
103      103  (18)      5 :  0.0070  0.0170  0.9680  0.0080  
104      104  (23)      6 :  0.9490  0.0050  0.0380  0.0080  
105      105  (20)      7 :  0.7850  0.0230  0.0300  0.1620  
