  1        1  (21)      1 :  0.0030  0.9800  0.0100  0.0070  
  2        2   (8)      2 :  0.0100  0.0130  0.0500  0.9270  
  3        3  (22)      3 :  0.0090  0.0060  0.9730  0.0120  
  4        4  (12)      4 :  0.0620  0.1340  0.0170  0.7870  
  5        5  (75)      5 :  0.2730  0.0230  0.6870  0.0170  
  6        6  (23)      6 :  0.6270  0.0500  0.3140  0.0090  
  7        7  (24)      7 :  0.9690  0.0240  0.0040  0.0030  
  8        8  (40)      1 :  0.1040  0.6910  0.1970  0.0080  
  9        9  (22)      2 :  0.0110  0.0090  0.0120  0.9680  
 10       10  (33)      3 :  0.0100  0.0360  0.9490  0.0050  
 11       11  (29)      4 :  0.1620  0.0040  0.0090  0.8250  
 12       12  (25)      5 :  0.0030  0.0030  0.9910  0.0030  
 13       13   (9)      6 :  0.9860  0.0040  0.0070  0.0030  
 14       14  (52)      7 :  0.3353  0.0110  0.6306  0.0230  
 15       15  (14)      1 :  0.0160  0.9740  0.0070  0.0030  
 16       16  (17)      2 :  0.0060  0.0100  0.0050  0.9790  
 17       17  (18)      3 :  0.0250  0.0070  0.9369  0.0310  
 18       18  (14)      4 :  0.1029  0.0040  0.0050  0.8881  
 19       19  (17)      5 :  0.0591  0.0110  0.7918  0.1381  
 20       20   (9)      6 :  0.9430  0.0110  0.0070  0.0390  
 21       21  (32)      7 :  0.9050  0.0040  0.0820  0.0090  
 22       22  (12)      1 :  0.0100  0.9740  0.0080  0.0080  
 23       23  (14)      2 :  0.0070  0.0020  0.0110  0.9800  
 24       24  (16)      3 :  0.0130  0.0030  0.9600  0.0240  
 25       25  (46)      4 :  0.0170  0.0070  0.0070  0.9690  
 26       26  (10)      5 :  0.0030  0.0190  0.9690  0.0090  
 27       27  (32)      6 :  0.9650  0.0120  0.0090  0.0140  
 28       28  (18)      7 :  0.7290  0.0150  0.0050  0.2510  
 29       29  (32)      1 :  0.0400  0.8720  0.0240  0.0640  
 30       30  (18)      2 :  0.0140  0.0220  0.0070  0.9570  
 31       31   (9)      3 :  0.0410  0.0040  0.9291  0.0260  
 32       32  (32)      4 :  0.4080  0.0040  0.0210  0.5670  
 33       33  (14)      5 :  0.0240  0.1420  0.8090  0.0250  
 34       34  (30)      6 :  0.9500  0.0130  0.0110  0.0260  
 35       35  (14)      7 :  0.8560  0.0090  0.0300  0.1050  
 36       36  (21)      1 :  0.0110  0.9710  0.0080  0.0100  
 37       37  (54)      2 :  0.0040  0.1259  0.0070  0.8631  
 38       38  (45)      3 :  0.0240  0.0050  0.7628  0.2082  
 39       39  (27)      4 :  0.0871  0.0210  0.0160  0.8759  
 40       40  (13)      5 :  0.0230  0.0220  0.9449  0.0100  
 41       41  (18)      6 :  0.9479  0.0040  0.0030  0.0450  
 42       42  (66)      7 :  0.9429  0.0070  0.0280  0.0220  
 43       43  (14)      1 :  0.0040  0.9700  0.0150  0.0110  
 44       44  (22)      2 :  0.0070  0.0090  0.2540  0.7300  
 45       45  (19)      3 :  0.0420  0.0791  0.8509  0.0280  
 46       46  (22)      4 :  0.8300  0.0060  0.0050  0.1590  
 47       47  (12)      5 :  0.1439  0.0679  0.7702  0.0180  
 48       48  (11)      6 :  0.8700  0.0080  0.0540  0.0680  
 49       49   (9)      7 :  0.7590  0.0060  0.0060  0.2290  
 50       50  (30)      1 :  0.0080  0.9730  0.0130  0.0060  
 51       51   (8)      2 :  0.0130  0.0290  0.0650  0.8930  
 52       52   (9)      3 :  0.0200  0.0210  0.9490  0.0100  
 53       53  (43)      4 :  0.0100  0.0230  0.5976  0.3694  
 54       54  (21)      5 :  0.0050  0.0280  0.9650  0.0020  
 55       55  (20)      6 :  0.9790  0.0140  0.0040  0.0030  
 56       56   (6)      7 :  0.8580  0.0040  0.1320  0.0060  
 57       57  (15)      1 :  0.0090  0.9640  0.0150  0.0120  
 58       58   (7)      2 :  0.0070  0.0200  0.0060  0.9670  
 59       59  (15)      3 :  0.0130  0.0210  0.9410  0.0250  
 60       60   (9)      4 :  0.5564  0.0320  0.0100  0.4016  
 61       61  (33)      5 :  0.0050  0.0050  0.9840  0.0060  
 62       62  (12)      6 :  0.7800  0.0300  0.1710  0.0190  
 63       63  (57)      7 :  0.9320  0.0070  0.0480  0.0130  
 64       64  (23)      1 :  0.0060  0.9870  0.0030  0.0040  
 65       65  (31)      2 :  0.0040  0.0040  0.0050  0.9870  
 66       66  (17)      3 :  0.0040  0.0080  0.9820  0.0060  
 67       67  (10)      4 :  0.3900  0.0150  0.0180  0.5770  
 68       68   (8)      5 :  0.0340  0.0040  0.7950  0.1670  
 69       69  (41)      6 :  0.9540  0.0040  0.0250  0.0170  
 70       70  (17)      7 :  0.9660  0.0160  0.0090  0.0090  
 71       71  (29)      1 :  0.0230  0.9380  0.0160  0.0230  
 72       72  (51)      2 :  0.0120  0.0030  0.0220  0.9630  
 73       73  (22)      3 :  0.0110  0.0070  0.5065  0.4755  
 74       74  (14)      4 :  0.4160  0.0550  0.0270  0.5020  
 75       75  (18)      5 :  0.0300  0.0400  0.9001  0.0300  
 76       76  (25)      6 :  0.9310  0.0310  0.0110  0.0270  
 77       77  (12)      7 :  0.7110  0.0040  0.2770  0.0080  
 78       78  (21)      1 :  0.0050  0.9890  0.0030  0.0030  
 79       79  (14)      2 :  0.0260  0.0040  0.0210  0.9490  
 80       80  (22)      3 :  0.0180  0.0040  0.9370  0.0410  
 81       81  (11)      4 :  0.0400  0.0250  0.1439  0.7912  
 82       82  (25)      5 :  0.0110  0.0100  0.9670  0.0120  
 83       83  (12)      6 :  0.9560  0.0190  0.0110  0.0140  
 84       84  (18)      7 :  0.9490  0.0120  0.0340  0.0050  
 85       85   (9)      1 :  0.0440  0.9119  0.0200  0.0240  
 86       86  (24)      2 :  0.0110  0.0070  0.0030  0.9790  
 87       87  (47)      3 :  0.0090  0.0060  0.9231  0.0619  
 88       88  (27)      4 :  0.2990  0.0160  0.1130  0.5720  
 89       89  (14)      5 :  0.0050  0.0080  0.9730  0.0140  
 90       90  (24)      6 :  0.9660  0.0130  0.0090  0.0120  
 91       91  (20)      7 :  0.9780  0.0070  0.0100  0.0050  
 92       92  (10)      1 :  0.0040  0.9860  0.0050  0.0050  
 93       93  (21)      2 :  0.0080  0.3343  0.0150  0.6426  
 94       94  (27)      3 :  0.0040  0.0060  0.6750  0.3150  
 95       95   (9)      4 :  0.8270  0.0080  0.0200  0.1450  
 96       96  (40)      5 :  0.0270  0.0170  0.9460  0.0100  
 97       97  (26)      6 :  0.8570  0.1130  0.0220  0.0080  
 98       98  (15)      7 :  0.9610  0.0090  0.0070  0.0230  
 99       99  (23)      1 :  0.1050  0.7830  0.0770  0.0350  
100      100  (19)      2 :  0.0040  0.0020  0.0040  0.9900  
101      101  (60)      3 :  0.1690  0.0060  0.8090  0.0160  
102      102  (17)      4 :  0.3090  0.0280  0.1340  0.5290  
103      103  (18)      5 :  0.0050  0.0070  0.9780  0.0100  
104      104  (23)      6 :  0.9550  0.0050  0.0320  0.0080  
105      105  (20)      7 :  0.9441  0.0180  0.0150  0.0230  
