  1        1  (21)      1 :  0.9800  0.0010  0.0050  0.0020  0.0030  0.0080  0.0010  
  2        2   (8)      2 :  0.0030  0.0040  0.0350  0.0450  0.7190  0.0030  0.1910  
  3        3  (22)      3 :  0.0030  0.0040  0.0010  0.0030  0.0040  0.9830  0.0020  
  4        4  (12)      4 :  0.1471  0.0180  0.7077  0.0030  0.0050  0.1171  0.0020  
  5        5  (75)      5 :  0.0480  0.0270  0.0180  0.5686  0.0150  0.0490  0.2743  
  6        6  (23)      6 :  0.0110  0.8970  0.0140  0.0020  0.0030  0.0170  0.0560  
  7        7  (24)      7 :  0.0210  0.0030  0.0070  0.9560  0.0020  0.0030  0.0080  
  8        8  (40)      1 :  0.6947  0.0100  0.0200  0.1131  0.0090  0.1171  0.0360  
  9        9  (22)      2 :  0.0100  0.0060  0.0330  0.0040  0.9359  0.0030  0.0080  
 10       10  (33)      3 :  0.0560  0.0130  0.0070  0.0060  0.0030  0.7300  0.1850  
 11       11  (29)      4 :  0.0030  0.0030  0.9540  0.0120  0.0180  0.0070  0.0030  
 12       12  (25)      5 :  0.0020  0.0020  0.0020  0.0020  0.0020  0.0050  0.9850  
 13       13   (9)      6 :  0.0010  0.9910  0.0020  0.0010  0.0010  0.0020  0.0020  
 14       14  (52)      7 :  0.0120  0.0519  0.0070  0.6134  0.0809  0.1209  0.1139  
 15       15  (14)      1 :  0.9550  0.0180  0.0020  0.0150  0.0020  0.0040  0.0040  
 16       16  (17)      2 :  0.0110  0.0060  0.0070  0.0040  0.9610  0.0040  0.0070  
 17       17  (18)      3 :  0.0020  0.0030  0.0020  0.0100  0.0030  0.9780  0.0020  
 18       18  (14)      4 :  0.0020  0.0050  0.9750  0.0050  0.0060  0.0030  0.0040  
 19       19  (17)      5 :  0.0060  0.0120  0.1508  0.0160  0.0300  0.0090  0.7762  
 20       20   (9)      6 :  0.0120  0.9201  0.0140  0.0130  0.0340  0.0040  0.0030  
 21       21  (32)      7 :  0.0030  0.0160  0.0050  0.9510  0.0090  0.0070  0.0090  
 22       22  (12)      1 :  0.9760  0.0100  0.0040  0.0020  0.0020  0.0040  0.0020  
 23       23  (14)      2 :  0.0020  0.0020  0.0020  0.0060  0.9730  0.0120  0.0030  
 24       24  (16)      3 :  0.0030  0.0060  0.0390  0.0100  0.0120  0.6274  0.3027  
 25       25  (46)      4 :  0.0020  0.0020  0.9820  0.0030  0.0030  0.0020  0.0060  
 26       26  (10)      5 :  0.0150  0.0030  0.0060  0.0020  0.0060  0.0070  0.9609  
 27       27  (32)      6 :  0.0040  0.9510  0.0060  0.0120  0.0100  0.0130  0.0040  
 28       28  (18)      7 :  0.0110  0.0060  0.0070  0.8158  0.1522  0.0050  0.0030  
 29       29  (32)      1 :  0.8991  0.0080  0.0040  0.0150  0.0310  0.0390  0.0040  
 30       30  (18)      2 :  0.0140  0.0130  0.0040  0.0050  0.9399  0.0220  0.0020  
 31       31   (9)      3 :  0.0020  0.0130  0.0450  0.0110  0.0040  0.9220  0.0030  
 32       32  (32)      4 :  0.0030  0.0070  0.9059  0.0631  0.0060  0.0110  0.0040  
 33       33  (14)      5 :  0.0809  0.0160  0.0270  0.0090  0.0120  0.1808  0.6743  
 34       34  (30)      6 :  0.0050  0.9660  0.0140  0.0040  0.0030  0.0020  0.0060  
 35       35  (14)      7 :  0.0060  0.0020  0.0699  0.9061  0.0040  0.0040  0.0080  
 36       36  (21)      1 :  0.9510  0.0060  0.0040  0.0070  0.0170  0.0050  0.0100  
 37       37  (54)      2 :  0.0090  0.0020  0.0020  0.0020  0.9770  0.0060  0.0020  
 38       38  (45)      3 :  0.0040  0.0050  0.2370  0.0040  0.0090  0.7310  0.0100  
 39       39  (27)      4 :  0.0090  0.0100  0.6663  0.0050  0.2916  0.0110  0.0070  
 40       40  (13)      5 :  0.0090  0.1220  0.0110  0.0020  0.0050  0.0050  0.8460  
 41       41  (18)      6 :  0.0030  0.8840  0.0030  0.0060  0.0980  0.0040  0.0020  
 42       42  (66)      7 :  0.0090  0.0661  0.1151  0.6376  0.0170  0.0060  0.1491  
 43       43  (14)      1 :  0.9510  0.0050  0.0030  0.0020  0.0090  0.0240  0.0060  
 44       44  (22)      2 :  0.0090  0.0140  0.0050  0.0140  0.7420  0.0970  0.1190  
 45       45  (19)      3 :  0.0120  0.0070  0.0020  0.0340  0.0020  0.9389  0.0040  
 46       46  (22)      4 :  0.0020  0.0050  0.9540  0.0330  0.0020  0.0020  0.0020  
 47       47  (12)      5 :  0.0390  0.0140  0.0220  0.1658  0.0110  0.0120  0.7363  
 48       48  (11)      6 :  0.0040  0.8610  0.0580  0.0140  0.0380  0.0190  0.0060  
 49       49   (9)      7 :  0.0050  0.0080  0.0110  0.6853  0.2747  0.0130  0.0030  
 50       50  (30)      1 :  0.8721  0.0050  0.0050  0.0090  0.0050  0.0040  0.0999  
 51       51   (8)      2 :  0.0270  0.0060  0.0050  0.0340  0.7930  0.1220  0.0130  
 52       52   (9)      3 :  0.0100  0.0080  0.0010  0.0571  0.0120  0.8849  0.0270  
 53       53  (43)      4 :  0.0050  0.0350  0.9450  0.0030  0.0020  0.0060  0.0040  
 54       54  (21)      5 :  0.0040  0.0020  0.0020  0.0030  0.0010  0.0020  0.9860  
 55       55  (20)      6 :  0.0030  0.9860  0.0020  0.0030  0.0030  0.0010  0.0020  
 56       56   (6)      7 :  0.0020  0.0030  0.0030  0.9750  0.0020  0.0110  0.0040  
 57       57  (15)      1 :  0.9400  0.0030  0.0020  0.0160  0.0100  0.0230  0.0060  
 58       58   (7)      2 :  0.0130  0.0040  0.0230  0.0020  0.9481  0.0060  0.0040  
 59       59  (15)      3 :  0.0120  0.0160  0.0100  0.0040  0.0060  0.8650  0.0870  
 60       60   (9)      4 :  0.0150  0.0170  0.9540  0.0070  0.0030  0.0020  0.0020  
 61       61  (33)      5 :  0.0040  0.0020  0.0040  0.0060  0.0060  0.0150  0.9630  
 62       62  (12)      6 :  0.0360  0.6486  0.0130  0.0350  0.0050  0.0090  0.2533  
 63       63  (57)      7 :  0.0080  0.0290  0.0080  0.8240  0.0150  0.0090  0.1070  
 64       64  (23)      1 :  0.9740  0.0060  0.0030  0.0040  0.0060  0.0030  0.0040  
 65       65  (31)      2 :  0.0040  0.0020  0.0080  0.0020  0.9780  0.0030  0.0030  
 66       66  (17)      3 :  0.0160  0.0030  0.0070  0.0050  0.0030  0.7982  0.1678  
 67       67  (10)      4 :  0.0120  0.0040  0.9131  0.0310  0.0150  0.0210  0.0040  
 68       68   (8)      5 :  0.0030  0.0100  0.0470  0.0200  0.0030  0.0020  0.9149  
 69       69  (41)      6 :  0.0030  0.9209  0.0060  0.0070  0.0160  0.0420  0.0050  
 70       70  (17)      7 :  0.0060  0.0910  0.0050  0.8750  0.0040  0.0140  0.0050  
 71       71  (29)      1 :  0.8900  0.0170  0.0280  0.0110  0.0200  0.0040  0.0300  
 72       72  (51)      2 :  0.0020  0.0050  0.0230  0.0150  0.8810  0.0550  0.0190  
 73       73  (22)      3 :  0.0090  0.0020  0.0270  0.0060  0.2290  0.7050  0.0220  
 74       74  (14)      4 :  0.0250  0.0060  0.9470  0.0050  0.0030  0.0080  0.0060  
 75       75  (18)      5 :  0.0110  0.0040  0.0050  0.0030  0.0060  0.0020  0.9690  
 76       76  (25)      6 :  0.0130  0.9690  0.0030  0.0020  0.0060  0.0030  0.0040  
 77       77  (12)      7 :  0.0030  0.0030  0.0030  0.9680  0.0040  0.0120  0.0070  
 78       78  (21)      1 :  0.9880  0.0020  0.0020  0.0020  0.0020  0.0020  0.0020  
 79       79  (14)      2 :  0.0020  0.0160  0.0030  0.0100  0.9590  0.0040  0.0060  
 80       80  (22)      3 :  0.0040  0.0170  0.0130  0.0360  0.0070  0.9199  0.0030  
 81       81  (11)      4 :  0.0070  0.0080  0.9130  0.0040  0.0190  0.0090  0.0400  
 82       82  (25)      5 :  0.0050  0.0130  0.0060  0.0100  0.0120  0.0370  0.9170  
 83       83  (12)      6 :  0.0060  0.8050  0.0530  0.0780  0.0370  0.0160  0.0050  
 84       84  (18)      7 :  0.0020  0.0020  0.0030  0.9810  0.0020  0.0030  0.0070  
 85       85   (9)      1 :  0.8549  0.0851  0.0170  0.0090  0.0140  0.0040  0.0160  
 86       86  (24)      2 :  0.0050  0.0170  0.0030  0.0040  0.9660  0.0030  0.0020  
 87       87  (47)      3 :  0.0040  0.0100  0.0110  0.0040  0.0100  0.9441  0.0170  
 88       88  (27)      4 :  0.0070  0.0060  0.8620  0.0590  0.0230  0.0330  0.0100  
 89       89  (14)      5 :  0.0070  0.0030  0.0060  0.0120  0.0050  0.0110  0.9560  
 90       90  (24)      6 :  0.0100  0.9340  0.0270  0.0130  0.0050  0.0070  0.0040  
 91       91  (20)      7 :  0.0060  0.0120  0.0060  0.9610  0.0020  0.0060  0.0070  
 92       92  (10)      1 :  0.9790  0.0020  0.0030  0.0020  0.0020  0.0020  0.0100  
 93       93  (21)      2 :  0.0579  0.0060  0.0050  0.0180  0.7143  0.0030  0.1958  
 94       94  (27)      3 :  0.0030  0.0020  0.0040  0.0020  0.0040  0.9830  0.0020  
 95       95   (9)      4 :  0.0190  0.0020  0.6270  0.3350  0.0020  0.0110  0.0040  
 96       96  (40)      5 :  0.0040  0.0240  0.0030  0.0050  0.0090  0.0100  0.9450  
 97       97  (26)      6 :  0.0490  0.8961  0.0060  0.0110  0.0070  0.0040  0.0270  
 98       98  (15)      7 :  0.0110  0.1319  0.0130  0.7802  0.0460  0.0140  0.0040  
 99       99  (23)      1 :  0.8759  0.0460  0.0260  0.0050  0.0020  0.0250  0.0200  
100      100  (19)      2 :  0.0020  0.0010  0.0280  0.0170  0.9470  0.0020  0.0030  
101      101  (60)      3 :  0.0090  0.1708  0.0649  0.0060  0.0100  0.7163  0.0230  
102      102  (17)      4 :  0.0070  0.0030  0.9610  0.0060  0.0040  0.0030  0.0160  
103      103  (18)      5 :  0.0190  0.0070  0.0040  0.0060  0.0360  0.0220  0.9059  
104      104  (23)      6 :  0.0040  0.9200  0.0040  0.0290  0.0040  0.0160  0.0230  
105      105  (20)      7 :  0.0080  0.0040  0.0910  0.8520  0.0100  0.0150  0.0200  
