  1        1  (21)      1 :  0.7500  0.0020  0.0030  0.0030  0.0040  0.2350  0.0030  
  2        2   (8)      2 :  0.0050  0.0060  0.1210  0.0390  0.7040  0.0080  0.1170  
  3        3  (22)      3 :  0.0040  0.0030  0.0020  0.0040  0.0030  0.8222  0.1618  
  4        4  (12)      4 :  0.2490  0.0180  0.6730  0.0040  0.0170  0.0350  0.0040  
  5        5  (75)      5 :  0.0210  0.0220  0.0150  0.3880  0.0160  0.1050  0.4330  
  6        6  (23)      6 :  0.0140  0.9201  0.0140  0.0080  0.0030  0.0150  0.0260  
  7        7  (24)      7 :  0.0070  0.0040  0.0070  0.9760  0.0010  0.0020  0.0030  
  8        8  (40)      1 :  0.8372  0.0070  0.0110  0.0509  0.0080  0.0390  0.0470  
  9        9  (22)      2 :  0.0060  0.0130  0.0210  0.0040  0.9459  0.0060  0.0040  
 10       10  (33)      3 :  0.0709  0.0090  0.0060  0.0070  0.0030  0.6643  0.2398  
 11       11  (29)      4 :  0.0030  0.0020  0.9650  0.0060  0.0140  0.0070  0.0030  
 12       12  (25)      5 :  0.0020  0.0010  0.0010  0.0030  0.0010  0.0030  0.9890  
 13       13   (9)      6 :  0.0040  0.9860  0.0020  0.0020  0.0010  0.0020  0.0030  
 14       14  (52)      7 :  0.0100  0.0250  0.0040  0.4060  0.0580  0.1480  0.3490  
 15       15  (14)      1 :  0.9710  0.0110  0.0020  0.0050  0.0020  0.0070  0.0020  
 16       16  (17)      2 :  0.0170  0.0030  0.0060  0.0030  0.9650  0.0030  0.0030  
 17       17  (18)      3 :  0.0020  0.0050  0.0020  0.0110  0.0070  0.8140  0.1590  
 18       18  (14)      4 :  0.0020  0.0050  0.9710  0.0050  0.0100  0.0020  0.0050  
 19       19  (17)      5 :  0.0120  0.0210  0.0910  0.0060  0.0270  0.0050  0.8380  
 20       20   (9)      6 :  0.0120  0.9260  0.0250  0.0140  0.0140  0.0060  0.0030  
 21       21  (32)      7 :  0.0020  0.0110  0.0030  0.9600  0.0030  0.0090  0.0120  
 22       22  (12)      1 :  0.9820  0.0030  0.0050  0.0020  0.0020  0.0040  0.0020  
 23       23  (14)      2 :  0.0010  0.0010  0.0020  0.0020  0.9870  0.0040  0.0030  
 24       24  (16)      3 :  0.0020  0.0140  0.0580  0.0130  0.0090  0.5470  0.3570  
 25       25  (46)      4 :  0.0010  0.0020  0.9880  0.0020  0.0030  0.0010  0.0030  
 26       26  (10)      5 :  0.0090  0.0020  0.0050  0.0010  0.0060  0.0311  0.9459  
 27       27  (32)      6 :  0.0060  0.9580  0.0050  0.0140  0.0060  0.0070  0.0040  
 28       28  (18)      7 :  0.0130  0.0150  0.0120  0.8440  0.1080  0.0030  0.0050  
 29       29  (32)      1 :  0.8430  0.0110  0.0110  0.0250  0.0490  0.0430  0.0180  
 30       30  (18)      2 :  0.0100  0.0100  0.0030  0.0040  0.9591  0.0110  0.0030  
 31       31   (9)      3 :  0.0030  0.0070  0.0190  0.0050  0.0030  0.8010  0.1620  
 32       32  (32)      4 :  0.0030  0.0060  0.9620  0.0100  0.0030  0.0110  0.0050  
 33       33  (14)      5 :  0.2292  0.0070  0.0060  0.0050  0.0170  0.0861  0.6496  
 34       34  (30)      6 :  0.0090  0.9660  0.0080  0.0040  0.0050  0.0030  0.0050  
 35       35  (14)      7 :  0.0050  0.0020  0.0520  0.9260  0.0050  0.0020  0.0080  
 36       36  (21)      1 :  0.9710  0.0060  0.0030  0.0030  0.0070  0.0050  0.0050  
 37       37  (54)      2 :  0.0200  0.0030  0.0030  0.0020  0.9680  0.0020  0.0020  
 38       38  (45)      3 :  0.0040  0.0080  0.0831  0.0050  0.0200  0.7077  0.1722  
 39       39  (27)      4 :  0.0150  0.0120  0.8370  0.0070  0.0730  0.0220  0.0340  
 40       40  (13)      5 :  0.0110  0.1160  0.0030  0.0020  0.0050  0.0070  0.8560  
 41       41  (18)      6 :  0.0020  0.9740  0.0020  0.0050  0.0120  0.0030  0.0020  
 42       42  (66)      7 :  0.0080  0.1080  0.0370  0.8050  0.0110  0.0070  0.0240  
 43       43  (14)      1 :  0.9020  0.0060  0.0030  0.0030  0.0090  0.0730  0.0040  
 44       44  (22)      2 :  0.0110  0.0100  0.0060  0.0090  0.6863  0.1179  0.1598  
 45       45  (19)      3 :  0.0320  0.0140  0.0030  0.0430  0.0060  0.7660  0.1360  
 46       46  (22)      4 :  0.0020  0.0110  0.9320  0.0480  0.0020  0.0030  0.0020  
 47       47  (12)      5 :  0.0130  0.0180  0.0280  0.2597  0.0140  0.0160  0.6513  
 48       48  (11)      6 :  0.0060  0.9191  0.0140  0.0160  0.0150  0.0210  0.0090  
 49       49   (9)      7 :  0.0050  0.0150  0.0260  0.7518  0.1612  0.0360  0.0050  
 50       50  (30)      1 :  0.9389  0.0060  0.0050  0.0060  0.0050  0.0040  0.0350  
 51       51   (8)      2 :  0.0100  0.0070  0.0040  0.0430  0.8238  0.0691  0.0430  
 52       52   (9)      3 :  0.0100  0.0060  0.0030  0.0460  0.0110  0.7558  0.1682  
 53       53  (43)      4 :  0.0060  0.0390  0.8900  0.0020  0.0020  0.0050  0.0560  
 54       54  (21)      5 :  0.0319  0.0020  0.0020  0.0020  0.0010  0.0010  0.9601  
 55       55  (20)      6 :  0.0020  0.9820  0.0020  0.0050  0.0040  0.0020  0.0030  
 56       56   (6)      7 :  0.0030  0.0020  0.0030  0.9710  0.0020  0.0080  0.0110  
 57       57  (15)      1 :  0.9620  0.0030  0.0020  0.0040  0.0080  0.0180  0.0030  
 58       58   (7)      2 :  0.0110  0.0060  0.0390  0.0040  0.9290  0.0080  0.0030  
 59       59  (15)      3 :  0.0280  0.0070  0.0070  0.0050  0.0040  0.6967  0.2523  
 60       60   (9)      4 :  0.0210  0.0070  0.9560  0.0100  0.0020  0.0020  0.0020  
 61       61  (33)      5 :  0.0030  0.0040  0.0060  0.0100  0.0130  0.0300  0.9341  
 62       62  (12)      6 :  0.0110  0.5420  0.0140  0.0490  0.0030  0.0200  0.3610  
 63       63  (57)      7 :  0.0030  0.0190  0.0050  0.8960  0.0080  0.0050  0.0640  
 64       64  (23)      1 :  0.9720  0.0060  0.0040  0.0040  0.0070  0.0040  0.0030  
 65       65  (31)      2 :  0.0020  0.0040  0.0100  0.0020  0.9770  0.0020  0.0030  
 66       66  (17)      3 :  0.0090  0.0040  0.0090  0.0050  0.0030  0.7502  0.2198  
 67       67  (10)      4 :  0.0050  0.0100  0.8940  0.0320  0.0350  0.0160  0.0080  
 68       68   (8)      5 :  0.0030  0.0060  0.1019  0.0370  0.0050  0.0030  0.8442  
 69       69  (41)      6 :  0.0020  0.9610  0.0040  0.0070  0.0070  0.0130  0.0060  
 70       70  (17)      7 :  0.0050  0.0791  0.0060  0.8879  0.0150  0.0040  0.0030  
 71       71  (29)      1 :  0.9080  0.0190  0.0090  0.0090  0.0090  0.0190  0.0270  
 72       72  (51)      2 :  0.0040  0.0050  0.0269  0.0100  0.8932  0.0230  0.0379  
 73       73  (22)      3 :  0.0050  0.0020  0.0160  0.0020  0.0811  0.7578  0.1361  
 74       74  (14)      4 :  0.0100  0.0060  0.9640  0.0050  0.0040  0.0060  0.0050  
 75       75  (18)      5 :  0.0180  0.0230  0.0080  0.0080  0.0080  0.0030  0.9321  
 76       76  (25)      6 :  0.0040  0.9770  0.0020  0.0020  0.0090  0.0030  0.0030  
 77       77  (12)      7 :  0.0050  0.0030  0.0060  0.9152  0.0050  0.0359  0.0299  
 78       78  (21)      1 :  0.9850  0.0040  0.0020  0.0020  0.0030  0.0020  0.0020  
 79       79  (14)      2 :  0.0030  0.0580  0.0060  0.0140  0.8930  0.0040  0.0220  
 80       80  (22)      3 :  0.0030  0.0180  0.0090  0.0160  0.0510  0.7310  0.1720  
 81       81  (11)      4 :  0.0140  0.0090  0.8980  0.0040  0.0150  0.0120  0.0480  
 82       82  (25)      5 :  0.0040  0.0080  0.0140  0.0050  0.0080  0.0200  0.9410  
 83       83  (12)      6 :  0.0080  0.8212  0.0160  0.1019  0.0260  0.0170  0.0100  
 84       84  (18)      7 :  0.0020  0.0040  0.0030  0.9790  0.0020  0.0040  0.0060  
 85       85   (9)      1 :  0.7710  0.1490  0.0070  0.0050  0.0110  0.0040  0.0530  
 86       86  (24)      2 :  0.0080  0.0200  0.0140  0.0050  0.9491  0.0020  0.0020  
 87       87  (47)      3 :  0.0020  0.0050  0.0070  0.0020  0.0070  0.8102  0.1668  
 88       88  (27)      4 :  0.0060  0.0050  0.8490  0.0660  0.0100  0.0310  0.0330  
 89       89  (14)      5 :  0.0050  0.0060  0.0170  0.0110  0.0100  0.0130  0.9380  
 90       90  (24)      6 :  0.0150  0.9390  0.0190  0.0080  0.0060  0.0060  0.0070  
 91       91  (20)      7 :  0.0030  0.0150  0.0030  0.9690  0.0040  0.0030  0.0030  
 92       92  (10)      1 :  0.9760  0.0030  0.0050  0.0030  0.0030  0.0040  0.0060  
 93       93  (21)      2 :  0.1858  0.0040  0.0030  0.0110  0.7832  0.0060  0.0070  
 94       94  (27)      3 :  0.0020  0.0010  0.0050  0.0020  0.0030  0.8640  0.1230  
 95       95   (9)      4 :  0.0100  0.0040  0.7590  0.1810  0.0040  0.0340  0.0080  
 96       96  (40)      5 :  0.0050  0.0150  0.0070  0.0050  0.0180  0.0270  0.9231  
 97       97  (26)      6 :  0.0490  0.9070  0.0080  0.0100  0.0070  0.0030  0.0160  
 98       98  (15)      7 :  0.0090  0.2733  0.0120  0.6496  0.0470  0.0050  0.0040  
 99       99  (23)      1 :  0.8950  0.0170  0.0260  0.0060  0.0040  0.0170  0.0350  
100      100  (19)      2 :  0.0020  0.0010  0.0130  0.0070  0.9710  0.0020  0.0040  
101      101  (60)      3 :  0.0240  0.2713  0.0280  0.0230  0.0050  0.4765  0.1722  
102      102  (17)      4 :  0.0040  0.0120  0.9590  0.0070  0.0050  0.0040  0.0090  
103      103  (18)      5 :  0.0080  0.0050  0.0030  0.0030  0.0050  0.0160  0.9600  
104      104  (23)      6 :  0.0050  0.8410  0.0040  0.0740  0.0060  0.0100  0.0600  
105      105  (20)      7 :  0.0170  0.0050  0.1940  0.7510  0.0130  0.0060  0.0140  
