  1        1  (21)      1 :  0.0210  0.9710  0.0080  
  2        2   (8)      2 :  0.8990  0.0160  0.0850  
  3        3  (22)      3 :  0.0420  0.0160  0.9420  
  4        4  (12)      4 :  0.8240  0.1520  0.0240  
  5        5  (75)      5 :  0.0220  0.0220  0.9560  
  6        6  (23)      6 :  0.0460  0.7540  0.2000  
  7        7  (24)      7 :  0.0180  0.8600  0.1220  
  8        8  (40)      1 :  0.0130  0.5950  0.3920  
  9        9  (22)      2 :  0.9630  0.0210  0.0160  
 10       10  (33)      3 :  0.0110  0.0470  0.9420  
 11       11  (29)      4 :  0.9800  0.0060  0.0140  
 12       12  (25)      5 :  0.0080  0.0060  0.9860  
 13       13   (9)      6 :  0.0120  0.8510  0.1370  
 14       14  (52)      7 :  0.0250  0.0180  0.9570  
 15       15  (14)      1 :  0.0060  0.9820  0.0120  
 16       16  (17)      2 :  0.9580  0.0300  0.0120  
 17       17  (18)      3 :  0.0920  0.0140  0.8940  
 18       18  (14)      4 :  0.9760  0.0090  0.0150  
 19       19  (17)      5 :  0.1029  0.0390  0.8581  
 20       20   (9)      6 :  0.2170  0.6690  0.1140  
 21       21  (32)      7 :  0.0310  0.0300  0.9390  
 22       22  (12)      1 :  0.0160  0.9740  0.0100  
 23       23  (14)      2 :  0.9680  0.0080  0.0240  
 24       24  (16)      3 :  0.1090  0.0070  0.8840  
 25       25  (46)      4 :  0.9810  0.0090  0.0100  
 26       26  (10)      5 :  0.0290  0.0170  0.9540  
 27       27  (32)      6 :  0.0690  0.8420  0.0890  
 28       28  (18)      7 :  0.6090  0.2750  0.1160  
 29       29  (32)      1 :  0.0970  0.8520  0.0510  
 30       30  (18)      2 :  0.9421  0.0500  0.0080  
 31       31   (9)      3 :  0.1850  0.0140  0.8010  
 32       32  (32)      4 :  0.9120  0.0200  0.0680  
 33       33  (14)      5 :  0.0240  0.1590  0.8170  
 34       34  (30)      6 :  0.0980  0.8550  0.0470  
 35       35  (14)      7 :  0.4264  0.0280  0.5455  
 36       36  (21)      1 :  0.0110  0.9750  0.0140  
 37       37  (54)      2 :  0.9410  0.0480  0.0110  
 38       38  (45)      3 :  0.5190  0.0150  0.4660  
 39       39  (27)      4 :  0.9401  0.0350  0.0250  
 40       40  (13)      5 :  0.0170  0.0900  0.8930  
 41       41  (18)      6 :  0.2980  0.6920  0.0100  
 42       42  (66)      7 :  0.1410  0.0800  0.7790  
 43       43  (14)      1 :  0.0350  0.9490  0.0160  
 44       44  (22)      2 :  0.7518  0.0240  0.2242  
 45       45  (19)      3 :  0.2080  0.0570  0.7350  
 46       46  (22)      4 :  0.8440  0.0580  0.0980  
 47       47  (12)      5 :  0.0350  0.0600  0.9050  
 48       48  (11)      6 :  0.1479  0.1359  0.7163  
 49       49   (9)      7 :  0.7427  0.0390  0.2182  
 50       50  (30)      1 :  0.0080  0.9540  0.0380  
 51       51   (8)      2 :  0.8830  0.0390  0.0780  
 52       52   (9)      3 :  0.0140  0.0210  0.9650  
 53       53  (43)      4 :  0.8519  0.0521  0.0961  
 54       54  (21)      5 :  0.0040  0.0160  0.9800  
 55       55  (20)      6 :  0.0080  0.9620  0.0300  
 56       56   (6)      7 :  0.0120  0.0110  0.9770  
 57       57  (15)      1 :  0.0220  0.9570  0.0210  
 58       58   (7)      2 :  0.9730  0.0190  0.0080  
 59       59  (15)      3 :  0.0950  0.0390  0.8660  
 60       60   (9)      4 :  0.7580  0.2150  0.0270  
 61       61  (33)      5 :  0.0100  0.0080  0.9820  
 62       62  (12)      6 :  0.0230  0.4300  0.5470  
 63       63  (57)      7 :  0.0280  0.1520  0.8200  
 64       64  (23)      1 :  0.0070  0.9840  0.0090  
 65       65  (31)      2 :  0.9790  0.0090  0.0120  
 66       66  (17)      3 :  0.0170  0.0140  0.9690  
 67       67  (10)      4 :  0.8920  0.0380  0.0700  
 68       68   (8)      5 :  0.1660  0.0130  0.8210  
 69       69  (41)      6 :  0.1310  0.1850  0.6840  
 70       70  (17)      7 :  0.0600  0.1330  0.8070  
 71       71  (29)      1 :  0.0250  0.9560  0.0190  
 72       72  (51)      2 :  0.9630  0.0080  0.0290  
 73       73  (22)      3 :  0.7910  0.0250  0.1840  
 74       74  (14)      4 :  0.8789  0.0911  0.0300  
 75       75  (18)      5 :  0.0180  0.1021  0.8799  
 76       76  (25)      6 :  0.0490  0.9040  0.0470  
 77       77  (12)      7 :  0.0140  0.0110  0.9750  
 78       78  (21)      1 :  0.0060  0.9860  0.0080  
 79       79  (14)      2 :  0.9500  0.0130  0.0370  
 80       80  (22)      3 :  0.1030  0.0060  0.8910  
 81       81  (11)      4 :  0.9109  0.0480  0.0410  
 82       82  (25)      5 :  0.0280  0.0200  0.9520  
 83       83  (12)      6 :  0.2202  0.5766  0.2032  
 84       84  (18)      7 :  0.0180  0.0280  0.9540  
 85       85   (9)      1 :  0.0140  0.9680  0.0180  
 86       86  (24)      2 :  0.9710  0.0210  0.0080  
 87       87  (47)      3 :  0.7530  0.0240  0.2230  
 88       88  (27)      4 :  0.8130  0.0160  0.1710  
 89       89  (14)      5 :  0.0200  0.0080  0.9720  
 90       90  (24)      6 :  0.0400  0.8781  0.0819  
 91       91  (20)      7 :  0.0150  0.0620  0.9230  
 92       92  (10)      1 :  0.0110  0.9690  0.0200  
 93       93  (21)      2 :  0.6000  0.3690  0.0310  
 94       94  (27)      3 :  0.8780  0.0120  0.1100  
 95       95   (9)      4 :  0.5185  0.0350  0.4466  
 96       96  (40)      5 :  0.0230  0.0740  0.9030  
 97       97  (26)      6 :  0.0190  0.9410  0.0400  
 98       98  (15)      7 :  0.0741  0.3073  0.6186  
 99       99  (23)      1 :  0.0610  0.8610  0.0780  
100      100  (19)      2 :  0.9870  0.0040  0.0090  
101      101  (60)      3 :  0.0710  0.0890  0.8400  
102      102  (17)      4 :  0.8880  0.0250  0.0870  
103      103  (18)      5 :  0.0180  0.0170  0.9650  
104      104  (23)      6 :  0.0270  0.3690  0.6040  
105      105  (20)      7 :  0.1150  0.0500  0.8350  
