  1        1  (21)      1 :  0.0030  0.0420  0.0020  0.0020  0.0040  0.9470  
  2        2   (8)      2 :  0.8609  0.0060  0.0040  0.0911  0.0310  0.0070  
  3        3  (22)      3 :  0.0040  0.9830  0.0030  0.0030  0.0030  0.0040  
  4        4  (12)      4 :  0.1340  0.1430  0.0160  0.0030  0.6190  0.0850  
  5        5  (75)      5 :  0.0150  0.0470  0.0120  0.5125  0.3936  0.0200  
  6        6  (23)      6 :  0.0040  0.0230  0.8420  0.1010  0.0120  0.0180  
  7        7  (24)      7 :  0.0020  0.0030  0.0530  0.0520  0.7870  0.1030  
  8        8  (40)      1 :  0.0080  0.0730  0.0180  0.0460  0.0630  0.7920  
  9        9  (22)      2 :  0.9251  0.0130  0.0290  0.0100  0.0160  0.0070  
 10       10  (33)      3 :  0.0030  0.6190  0.0160  0.2850  0.0110  0.0660  
 11       11  (29)      4 :  0.0290  0.0070  0.0030  0.0040  0.9550  0.0020  
 12       12  (25)      5 :  0.0020  0.0040  0.0020  0.9870  0.0030  0.0020  
 13       13   (9)      6 :  0.0010  0.0030  0.9900  0.0010  0.0020  0.0030  
 14       14  (52)      7 :  0.0579  0.4665  0.0979  0.2128  0.1419  0.0230  
 15       15  (14)      1 :  0.0030  0.0070  0.0180  0.0040  0.0040  0.9640  
 16       16  (17)      2 :  0.9790  0.0030  0.0040  0.0040  0.0040  0.0060  
 17       17  (18)      3 :  0.0070  0.9760  0.0060  0.0030  0.0050  0.0030  
 18       18  (14)      4 :  0.0170  0.0030  0.0080  0.0040  0.9660  0.0020  
 19       19  (17)      5 :  0.1111  0.0040  0.0300  0.8118  0.0390  0.0040  
 20       20   (9)      6 :  0.0120  0.0080  0.8750  0.0040  0.0890  0.0120  
 21       21  (32)      7 :  0.0050  0.0250  0.0290  0.0440  0.8920  0.0050  
 22       22  (12)      1 :  0.0040  0.0050  0.0160  0.0040  0.0050  0.9660  
 23       23  (14)      2 :  0.9850  0.0050  0.0020  0.0030  0.0030  0.0020  
 24       24  (16)      3 :  0.0090  0.7110  0.0070  0.2450  0.0260  0.0020  
 25       25  (46)      4 :  0.0180  0.0040  0.0030  0.0070  0.9650  0.0030  
 26       26  (10)      5 :  0.0060  0.0240  0.0030  0.9530  0.0050  0.0090  
 27       27  (32)      6 :  0.0070  0.0130  0.9620  0.0060  0.0070  0.0050  
 28       28  (18)      7 :  0.1109  0.0050  0.0100  0.0050  0.8442  0.0250  
 29       29  (32)      1 :  0.0610  0.0720  0.0410  0.0080  0.0070  0.8110  
 30       30  (18)      2 :  0.9250  0.0190  0.0320  0.0030  0.0070  0.0140  
 31       31   (9)      3 :  0.0040  0.9290  0.0080  0.0050  0.0510  0.0030  
 32       32  (32)      4 :  0.0110  0.0210  0.0090  0.0060  0.9479  0.0050  
 33       33  (14)      5 :  0.0180  0.1120  0.0360  0.6730  0.0230  0.1380  
 34       34  (30)      6 :  0.0090  0.0050  0.9550  0.0140  0.0080  0.0090  
 35       35  (14)      7 :  0.0030  0.0050  0.0020  0.0130  0.9730  0.0040  
 36       36  (21)      1 :  0.0070  0.0060  0.0120  0.0060  0.0030  0.9660  
 37       37  (54)      2 :  0.9630  0.0040  0.0030  0.0040  0.0030  0.0230  
 38       38  (45)      3 :  0.0819  0.8022  0.0210  0.0320  0.0539  0.0090  
 39       39  (27)      4 :  0.3984  0.0120  0.0360  0.0070  0.5365  0.0100  
 40       40  (13)      5 :  0.0060  0.0070  0.0710  0.9040  0.0040  0.0080  
 41       41  (18)      6 :  0.0290  0.0050  0.9560  0.0020  0.0050  0.0030  
 42       42  (66)      7 :  0.0150  0.0090  0.1090  0.0800  0.7790  0.0080  
 43       43  (14)      1 :  0.0100  0.0711  0.0030  0.0040  0.0030  0.9089  
 44       44  (22)      2 :  0.7790  0.1020  0.0140  0.0940  0.0050  0.0060  
 45       45  (19)      3 :  0.0050  0.9219  0.0130  0.0060  0.0100  0.0440  
 46       46  (22)      4 :  0.0020  0.0030  0.0040  0.0020  0.9860  0.0030  
 47       47  (12)      5 :  0.0150  0.0110  0.0400  0.8102  0.0739  0.0500  
 48       48  (11)      6 :  0.0180  0.0320  0.8030  0.0240  0.1160  0.0070  
 49       49   (9)      7 :  0.1707  0.0170  0.0180  0.0030  0.7864  0.0050  
 50       50  (30)      1 :  0.0050  0.0040  0.0040  0.0300  0.0050  0.9520  
 51       51   (8)      2 :  0.8680  0.0790  0.0060  0.0110  0.0170  0.0190  
 52       52   (9)      3 :  0.0130  0.8519  0.0210  0.0701  0.0120  0.0320  
 53       53  (43)      4 :  0.0220  0.1489  0.0100  0.1908  0.6134  0.0150  
 54       54  (21)      5 :  0.0010  0.0020  0.0020  0.9880  0.0020  0.0050  
 55       55  (20)      6 :  0.0020  0.0020  0.9900  0.0020  0.0020  0.0020  
 56       56   (6)      7 :  0.0020  0.0850  0.0030  0.0120  0.8940  0.0040  
 57       57  (15)      1 :  0.0120  0.0220  0.0040  0.0040  0.0070  0.9510  
 58       58   (7)      2 :  0.9420  0.0050  0.0050  0.0050  0.0200  0.0230  
 59       59  (15)      3 :  0.0090  0.7580  0.0120  0.1840  0.0140  0.0230  
 60       60   (9)      4 :  0.0050  0.0040  0.0150  0.0040  0.9490  0.0230  
 61       61  (33)      5 :  0.0080  0.0230  0.0040  0.9560  0.0050  0.0040  
 62       62  (12)      6 :  0.0050  0.0060  0.5540  0.3840  0.0300  0.0210  
 63       63  (57)      7 :  0.0250  0.0060  0.1670  0.6240  0.1710  0.0070  
 64       64  (23)      1 :  0.0040  0.0020  0.0030  0.0030  0.0030  0.9850  
 65       65  (31)      2 :  0.9780  0.0030  0.0020  0.0080  0.0050  0.0040  
 66       66  (17)      3 :  0.0030  0.8492  0.0070  0.1249  0.0070  0.0090  
 67       67  (10)      4 :  0.0310  0.0100  0.0060  0.0050  0.9440  0.0040  
 68       68   (8)      5 :  0.0080  0.0020  0.0100  0.9180  0.0600  0.0020  
 69       69  (41)      6 :  0.0230  0.0360  0.9179  0.0060  0.0130  0.0040  
 70       70  (17)      7 :  0.0130  0.0200  0.1080  0.0100  0.8280  0.0210  
 71       71  (29)      1 :  0.0110  0.0040  0.0150  0.0190  0.0150  0.9360  
 72       72  (51)      2 :  0.8810  0.0710  0.0050  0.0090  0.0310  0.0030  
 73       73  (22)      3 :  0.1291  0.8258  0.0070  0.0080  0.0220  0.0080  
 74       74  (14)      4 :  0.0060  0.0130  0.0120  0.0080  0.9520  0.0090  
 75       75  (18)      5 :  0.0080  0.0020  0.0110  0.9630  0.0050  0.0110  
 76       76  (25)      6 :  0.0100  0.0040  0.9700  0.0040  0.0030  0.0090  
 77       77  (12)      7 :  0.0070  0.0559  0.0070  0.0889  0.8342  0.0070  
 78       78  (21)      1 :  0.0030  0.0020  0.0030  0.0020  0.0030  0.9870  
 79       79  (14)      2 :  0.9460  0.0090  0.0210  0.0100  0.0100  0.0040  
 80       80  (22)      3 :  0.0550  0.8800  0.0070  0.0380  0.0170  0.0030  
 81       81  (11)      4 :  0.1620  0.0100  0.0200  0.0960  0.6970  0.0150  
 82       82  (25)      5 :  0.0190  0.0300  0.0060  0.9280  0.0090  0.0080  
 83       83  (12)      6 :  0.0110  0.0340  0.7347  0.0030  0.1962  0.0210  
 84       84  (18)      7 :  0.0050  0.0050  0.0120  0.0350  0.9330  0.0100  
 85       85   (9)      1 :  0.0120  0.0030  0.1200  0.0360  0.0090  0.8200  
 86       86  (24)      2 :  0.9580  0.0030  0.0250  0.0020  0.0060  0.0060  
 87       87  (47)      3 :  0.0070  0.9690  0.0060  0.0070  0.0060  0.0050  
 88       88  (27)      4 :  0.0110  0.0250  0.0040  0.0110  0.9430  0.0060  
 89       89  (14)      5 :  0.0090  0.0170  0.0030  0.9580  0.0080  0.0050  
 90       90  (24)      6 :  0.0130  0.0110  0.8941  0.0050  0.0619  0.0150  
 91       91  (20)      7 :  0.0030  0.0080  0.0650  0.0170  0.8990  0.0080  
 92       92  (10)      1 :  0.0030  0.0030  0.0050  0.0050  0.0040  0.9800  
 93       93  (21)      2 :  0.6953  0.0050  0.0110  0.0210  0.0100  0.2577  
 94       94  (27)      3 :  0.0030  0.9880  0.0020  0.0020  0.0030  0.0020  
 95       95   (9)      4 :  0.0030  0.0060  0.0050  0.0070  0.9760  0.0030  
 96       96  (40)      5 :  0.0110  0.0200  0.0509  0.9001  0.0060  0.0120  
 97       97  (26)      6 :  0.0060  0.0030  0.8700  0.0450  0.0120  0.0640  
 98       98  (15)      7 :  0.0220  0.0090  0.2980  0.0060  0.6490  0.0160  
 99       99  (23)      1 :  0.0130  0.0180  0.0300  0.0470  0.1259  0.7662  
100      100  (19)      2 :  0.9780  0.0040  0.0010  0.0020  0.0130  0.0020  
101      101  (60)      3 :  0.0060  0.6134  0.3427  0.0150  0.0170  0.0060  
102      102  (17)      4 :  0.0070  0.0090  0.0040  0.0110  0.9640  0.0050  
103      103  (18)      5 :  0.0130  0.0600  0.0060  0.9080  0.0050  0.0080  
104      104  (23)      6 :  0.0130  0.0190  0.9060  0.0430  0.0140  0.0050  
105      105  (20)      7 :  0.0050  0.0060  0.0030  0.0050  0.9730  0.0080  
