  1        1  (21)      1 :  0.0050  0.0320  0.0020  0.0020  0.0040  0.9550  
  2        2   (8)      2 :  0.7383  0.0040  0.0060  0.1369  0.1109  0.0040  
  3        3  (22)      3 :  0.0050  0.9850  0.0030  0.0020  0.0020  0.0030  
  4        4  (12)      4 :  0.0110  0.1608  0.0200  0.0040  0.7622  0.0420  
  5        5  (75)      5 :  0.0130  0.0250  0.0400  0.6254  0.2867  0.0100  
  6        6  (23)      6 :  0.0040  0.0120  0.8120  0.1320  0.0240  0.0160  
  7        7  (24)      7 :  0.0010  0.0030  0.0100  0.0210  0.8800  0.0850  
  8        8  (40)      1 :  0.0090  0.0549  0.0130  0.0280  0.0529  0.8422  
  9        9  (22)      2 :  0.9429  0.0040  0.0280  0.0050  0.0080  0.0120  
 10       10  (33)      3 :  0.0040  0.6903  0.0110  0.1489  0.0050  0.1409  
 11       11  (29)      4 :  0.0270  0.0210  0.0040  0.0040  0.9411  0.0030  
 12       12  (25)      5 :  0.0020  0.0040  0.0010  0.9910  0.0010  0.0010  
 13       13   (9)      6 :  0.0010  0.0050  0.9800  0.0050  0.0020  0.0070  
 14       14  (52)      7 :  0.2730  0.3310  0.0820  0.1980  0.1010  0.0150  
 15       15  (14)      1 :  0.0020  0.0030  0.0080  0.0020  0.0030  0.9820  
 16       16  (17)      2 :  0.9670  0.0040  0.0070  0.0040  0.0070  0.0110  
 17       17  (18)      3 :  0.0030  0.9830  0.0050  0.0030  0.0040  0.0020  
 18       18  (14)      4 :  0.0090  0.0040  0.0070  0.0140  0.9630  0.0030  
 19       19  (17)      5 :  0.0240  0.0060  0.0150  0.9230  0.0250  0.0070  
 20       20   (9)      6 :  0.0200  0.0050  0.9148  0.0030  0.0351  0.0220  
 21       21  (32)      7 :  0.0050  0.0130  0.0190  0.0170  0.9410  0.0050  
 22       22  (12)      1 :  0.0020  0.0040  0.0050  0.0030  0.0030  0.9830  
 23       23  (14)      2 :  0.9860  0.0060  0.0020  0.0020  0.0020  0.0020  
 24       24  (16)      3 :  0.0120  0.7143  0.0100  0.2308  0.0310  0.0020  
 25       25  (46)      4 :  0.0100  0.0030  0.0040  0.0060  0.9750  0.0020  
 26       26  (10)      5 :  0.0090  0.0140  0.0040  0.9620  0.0040  0.0070  
 27       27  (32)      6 :  0.0060  0.0060  0.9700  0.0030  0.0100  0.0050  
 28       28  (18)      7 :  0.0989  0.0040  0.0130  0.0060  0.8641  0.0140  
 29       29  (32)      1 :  0.0470  0.0710  0.0160  0.0100  0.0150  0.8410  
 30       30  (18)      2 :  0.9710  0.0110  0.0070  0.0020  0.0030  0.0060  
 31       31   (9)      3 :  0.0040  0.9259  0.0070  0.0060  0.0541  0.0030  
 32       32  (32)      4 :  0.0100  0.0160  0.0060  0.0110  0.9540  0.0030  
 33       33  (14)      5 :  0.0190  0.2398  0.0260  0.6813  0.0100  0.0240  
 34       34  (30)      6 :  0.0090  0.0030  0.9560  0.0090  0.0180  0.0050  
 35       35  (14)      7 :  0.0030  0.0030  0.0020  0.0070  0.9820  0.0030  
 36       36  (21)      1 :  0.0120  0.0060  0.0110  0.0070  0.0060  0.9580  
 37       37  (54)      2 :  0.9620  0.0030  0.0020  0.0030  0.0030  0.0270  
 38       38  (45)      3 :  0.0180  0.9150  0.0050  0.0130  0.0440  0.0050  
 39       39  (27)      4 :  0.0920  0.0920  0.0250  0.0080  0.7750  0.0080  
 40       40  (13)      5 :  0.0110  0.0110  0.0559  0.8901  0.0060  0.0260  
 41       41  (18)      6 :  0.0280  0.0030  0.9600  0.0020  0.0050  0.0020  
 42       42  (66)      7 :  0.0090  0.0050  0.0310  0.1261  0.8248  0.0040  
 43       43  (14)      1 :  0.0050  0.0870  0.0030  0.0080  0.0030  0.8940  
 44       44  (22)      2 :  0.6637  0.1882  0.0070  0.1261  0.0080  0.0070  
 45       45  (19)      3 :  0.0030  0.9400  0.0060  0.0050  0.0060  0.0400  
 46       46  (22)      4 :  0.0020  0.0040  0.0030  0.0010  0.9890  0.0010  
 47       47  (12)      5 :  0.0080  0.0210  0.0220  0.8332  0.0979  0.0180  
 48       48  (11)      6 :  0.0190  0.0160  0.9179  0.0080  0.0320  0.0070  
 49       49   (9)      7 :  0.1081  0.0470  0.0130  0.0040  0.8248  0.0030  
 50       50  (30)      1 :  0.0040  0.0030  0.0040  0.0669  0.0030  0.9191  
 51       51   (8)      2 :  0.8482  0.1029  0.0050  0.0090  0.0110  0.0240  
 52       52   (9)      3 :  0.0170  0.9159  0.0100  0.0120  0.0210  0.0240  
 53       53  (43)      4 :  0.0050  0.0330  0.0350  0.6160  0.3010  0.0100  
 54       54  (21)      5 :  0.0010  0.0020  0.0010  0.9910  0.0020  0.0030  
 55       55  (20)      6 :  0.0030  0.0010  0.9880  0.0030  0.0030  0.0020  
 56       56   (6)      7 :  0.0010  0.0170  0.0040  0.0110  0.9640  0.0030  
 57       57  (15)      1 :  0.0080  0.0270  0.0030  0.0050  0.0130  0.9440  
 58       58   (7)      2 :  0.9510  0.0080  0.0050  0.0050  0.0060  0.0250  
 59       59  (15)      3 :  0.0060  0.9160  0.0050  0.0600  0.0050  0.0080  
 60       60   (9)      4 :  0.0020  0.0030  0.0060  0.0020  0.9690  0.0180  
 61       61  (33)      5 :  0.0070  0.0180  0.0040  0.9610  0.0070  0.0030  
 62       62  (12)      6 :  0.0020  0.0100  0.6196  0.3353  0.0270  0.0060  
 63       63  (57)      7 :  0.0360  0.0060  0.0510  0.4930  0.4050  0.0090  
 64       64  (23)      1 :  0.0050  0.0020  0.0050  0.0040  0.0040  0.9800  
 65       65  (31)      2 :  0.9830  0.0040  0.0030  0.0040  0.0020  0.0040  
 66       66  (17)      3 :  0.0020  0.9199  0.0050  0.0460  0.0040  0.0230  
 67       67  (10)      4 :  0.0170  0.0100  0.0050  0.0020  0.9630  0.0030  
 68       68   (8)      5 :  0.0050  0.0030  0.0100  0.9170  0.0620  0.0030  
 69       69  (41)      6 :  0.0200  0.0730  0.8900  0.0040  0.0110  0.0020  
 70       70  (17)      7 :  0.0110  0.0170  0.0470  0.0150  0.8910  0.0190  
 71       71  (29)      1 :  0.0100  0.0070  0.0130  0.0150  0.0190  0.9359  
 72       72  (51)      2 :  0.9021  0.0649  0.0040  0.0090  0.0170  0.0030  
 73       73  (22)      3 :  0.0560  0.9220  0.0030  0.0050  0.0100  0.0040  
 74       74  (14)      4 :  0.0060  0.0120  0.0090  0.0070  0.9410  0.0250  
 75       75  (18)      5 :  0.0050  0.0030  0.0080  0.9700  0.0020  0.0120  
 76       76  (25)      6 :  0.0040  0.0030  0.9850  0.0030  0.0020  0.0030  
 77       77  (12)      7 :  0.0080  0.0330  0.0050  0.0250  0.9210  0.0080  
 78       78  (21)      1 :  0.0020  0.0020  0.0020  0.0020  0.0020  0.9900  
 79       79  (14)      2 :  0.9510  0.0070  0.0270  0.0070  0.0060  0.0020  
 80       80  (22)      3 :  0.0230  0.9131  0.0090  0.0160  0.0350  0.0040  
 81       81  (11)      4 :  0.0400  0.0120  0.0100  0.1410  0.7850  0.0120  
 82       82  (25)      5 :  0.0100  0.0230  0.0070  0.9271  0.0280  0.0050  
 83       83  (12)      6 :  0.0210  0.0260  0.8208  0.0070  0.1131  0.0120  
 84       84  (18)      7 :  0.0050  0.0120  0.0060  0.0080  0.9640  0.0050  
 85       85   (9)      1 :  0.0070  0.0030  0.0710  0.0250  0.0080  0.8860  
 86       86  (24)      2 :  0.9131  0.0030  0.0529  0.0040  0.0180  0.0090  
 87       87  (47)      3 :  0.0130  0.9610  0.0070  0.0110  0.0040  0.0040  
 88       88  (27)      4 :  0.0160  0.0120  0.0040  0.0130  0.9480  0.0070  
 89       89  (14)      5 :  0.0050  0.0120  0.0040  0.9620  0.0090  0.0080  
 90       90  (24)      6 :  0.0050  0.0100  0.8931  0.0060  0.0739  0.0120  
 91       91  (20)      7 :  0.0040  0.0080  0.0230  0.0070  0.9530  0.0050  
 92       92  (10)      1 :  0.0030  0.0020  0.0050  0.0130  0.0030  0.9740  
 93       93  (21)      2 :  0.6980  0.0030  0.0060  0.0450  0.0050  0.2430  
 94       94  (27)      3 :  0.0050  0.9850  0.0020  0.0020  0.0040  0.0020  
 95       95   (9)      4 :  0.0020  0.0070  0.0040  0.0020  0.9820  0.0030  
 96       96  (40)      5 :  0.0110  0.0130  0.0360  0.9291  0.0060  0.0050  
 97       97  (26)      6 :  0.0100  0.0050  0.8042  0.1249  0.0080  0.0480  
 98       98  (15)      7 :  0.0641  0.0060  0.0771  0.0030  0.8438  0.0060  
 99       99  (23)      1 :  0.0020  0.0320  0.0180  0.0370  0.0949  0.8162  
100      100  (19)      2 :  0.9550  0.0040  0.0010  0.0020  0.0360  0.0020  
101      101  (60)      3 :  0.0060  0.7952  0.1538  0.0140  0.0240  0.0070  
102      102  (17)      4 :  0.0110  0.0020  0.0070  0.0180  0.9570  0.0050  
103      103  (18)      5 :  0.0090  0.0210  0.0020  0.9610  0.0040  0.0030  
104      104  (23)      6 :  0.0080  0.0080  0.9350  0.0230  0.0210  0.0050  
105      105  (20)      7 :  0.0040  0.0060  0.0030  0.0070  0.9730  0.0070  
