  1        1  (21)      1 :  0.0060  0.9880  0.0060  
  2        2   (8)      2 :  0.8320  0.0110  0.1570  
  3        3  (22)      3 :  0.9890  0.0070  0.0040  
  4        4  (12)      4 :  0.0970  0.3990  0.5040  
  5        5  (75)      5 :  0.3984  0.1001  0.5015  
  6        6  (23)      6 :  0.0220  0.9660  0.0120  
  7        7  (24)      7 :  0.0140  0.1151  0.8709  
  8        8  (40)      1 :  0.1041  0.6456  0.2503  
  9        9  (22)      2 :  0.7720  0.1350  0.0930  
 10       10  (33)      3 :  0.9070  0.0740  0.0190  
 11       11  (29)      4 :  0.0080  0.0040  0.9880  
 12       12  (25)      5 :  0.9870  0.0060  0.0070  
 13       13   (9)      6 :  0.0040  0.9910  0.0050  
 14       14  (52)      7 :  0.9510  0.0200  0.0290  
 15       15  (14)      1 :  0.0070  0.9830  0.0100  
 16       16  (17)      2 :  0.9590  0.0210  0.0200  
 17       17  (18)      3 :  0.9790  0.0090  0.0120  
 18       18  (14)      4 :  0.0060  0.0040  0.9900  
 19       19  (17)      5 :  0.9081  0.0240  0.0679  
 20       20   (9)      6 :  0.0190  0.9350  0.0460  
 21       21  (32)      7 :  0.0240  0.0140  0.9620  
 22       22  (12)      1 :  0.0050  0.9880  0.0070  
 23       23  (14)      2 :  0.9840  0.0040  0.0120  
 24       24  (16)      3 :  0.9620  0.0040  0.0340  
 25       25  (46)      4 :  0.0090  0.0050  0.9860  
 26       26  (10)      5 :  0.9850  0.0090  0.0060  
 27       27  (32)      6 :  0.0250  0.9330  0.0420  
 28       28  (18)      7 :  0.0260  0.0240  0.9500  
 29       29  (32)      1 :  0.0980  0.8790  0.0230  
 30       30  (18)      2 :  0.7632  0.2208  0.0160  
 31       31   (9)      3 :  0.8220  0.0080  0.1700  
 32       32  (32)      4 :  0.0180  0.0090  0.9730  
 33       33  (14)      5 :  0.8730  0.1130  0.0140  
 34       34  (30)      6 :  0.0070  0.9810  0.0120  
 35       35  (14)      7 :  0.0050  0.0040  0.9910  
 36       36  (21)      1 :  0.0150  0.9760  0.0090  
 37       37  (54)      2 :  0.9660  0.0280  0.0060  
 38       38  (45)      3 :  0.8569  0.0110  0.1321  
 39       39  (27)      4 :  0.2210  0.0660  0.7130  
 40       40  (13)      5 :  0.6750  0.3130  0.0120  
 41       41  (18)      6 :  0.0430  0.9290  0.0280  
 42       42  (66)      7 :  0.0290  0.0240  0.9470  
 43       43  (14)      1 :  0.0430  0.9540  0.0030  
 44       44  (22)      2 :  0.9720  0.0180  0.0100  
 45       45  (19)      3 :  0.9410  0.0350  0.0240  
 46       46  (22)      4 :  0.0040  0.0050  0.9910  
 47       47  (12)      5 :  0.7360  0.0750  0.1890  
 48       48  (11)      6 :  0.0780  0.7280  0.1940  
 49       49   (9)      7 :  0.0410  0.0250  0.9341  
 50       50  (30)      1 :  0.0250  0.9630  0.0120  
 51       51   (8)      2 :  0.9740  0.0170  0.0090  
 52       52   (9)      3 :  0.9780  0.0130  0.0090  
 53       53  (43)      4 :  0.0160  0.0570  0.9270  
 54       54  (21)      5 :  0.9419  0.0511  0.0070  
 55       55  (20)      6 :  0.0050  0.9900  0.0050  
 56       56   (6)      7 :  0.0180  0.0100  0.9720  
 57       57  (15)      1 :  0.0330  0.9490  0.0180  
 58       58   (7)      2 :  0.9250  0.0420  0.0330  
 59       59  (15)      3 :  0.9500  0.0320  0.0180  
 60       60   (9)      4 :  0.0040  0.0330  0.9630  
 61       61  (33)      5 :  0.9850  0.0090  0.0060  
 62       62  (12)      6 :  0.0310  0.9140  0.0550  
 63       63  (57)      7 :  0.3130  0.0440  0.6430  
 64       64  (23)      1 :  0.0060  0.9870  0.0070  
 65       65  (31)      2 :  0.9680  0.0130  0.0190  
 66       66  (17)      3 :  0.9740  0.0120  0.0140  
 67       67  (10)      4 :  0.0170  0.0110  0.9720  
 68       68   (8)      5 :  0.5646  0.0180  0.4174  
 69       69  (41)      6 :  0.4070  0.5370  0.0560  
 70       70  (17)      7 :  0.0200  0.0769  0.9031  
 71       71  (29)      1 :  0.0220  0.9590  0.0190  
 72       72  (51)      2 :  0.9810  0.0050  0.0140  
 73       73  (22)      3 :  0.9840  0.0060  0.0100  
 74       74  (14)      4 :  0.0170  0.0350  0.9480  
 75       75  (18)      5 :  0.8910  0.0940  0.0150  
 76       76  (25)      6 :  0.0090  0.9850  0.0060  
 77       77  (12)      7 :  0.0860  0.0090  0.9050  
 78       78  (21)      1 :  0.0040  0.9920  0.0040  
 79       79  (14)      2 :  0.9720  0.0100  0.0180  
 80       80  (22)      3 :  0.9420  0.0120  0.0460  
 81       81  (11)      4 :  0.0880  0.0180  0.8940  
 82       82  (25)      5 :  0.9540  0.0240  0.0220  
 83       83  (12)      6 :  0.0240  0.6100  0.3660  
 84       84  (18)      7 :  0.0210  0.0070  0.9720  
 85       85   (9)      1 :  0.0130  0.9800  0.0070  
 86       86  (24)      2 :  0.2180  0.5980  0.1840  
 87       87  (47)      3 :  0.9850  0.0070  0.0080  
 88       88  (27)      4 :  0.0180  0.0060  0.9760  
 89       89  (14)      5 :  0.9770  0.0080  0.0150  
 90       90  (24)      6 :  0.0080  0.9550  0.0370  
 91       91  (20)      7 :  0.0100  0.0160  0.9740  
 92       92  (10)      1 :  0.0100  0.9780  0.0120  
 93       93  (21)      2 :  0.9130  0.0710  0.0160  
 94       94  (27)      3 :  0.9800  0.0060  0.0140  
 95       95   (9)      4 :  0.0060  0.0080  0.9860  
 96       96  (40)      5 :  0.9700  0.0220  0.0080  
 97       97  (26)      6 :  0.0090  0.9820  0.0090  
 98       98  (15)      7 :  0.0260  0.0490  0.9251  
 99       99  (23)      1 :  0.0210  0.9610  0.0180  
100      100  (19)      2 :  0.6430  0.0030  0.3540  
101      101  (60)      3 :  0.8180  0.1290  0.0530  
102      102  (17)      4 :  0.0080  0.0080  0.9840  
103      103  (18)      5 :  0.9780  0.0150  0.0070  
104      104  (23)      6 :  0.0220  0.9550  0.0230  
105      105  (20)      7 :  0.0240  0.0070  0.9690  
