  1        1  (21)      1 :  0.9970  0.0030  
  2        2   (8)      2 :  0.9170  0.0830  
  3        3  (22)      3 :  0.9850  0.0150  
  4        4  (12)      4 :  0.1750  0.8250  
  5        5  (75)      5 :  0.6310  0.3690  
  6        6  (23)      6 :  0.0810  0.9190  
  7        7  (24)      7 :  0.0090  0.9910  
  8        8  (40)      1 :  0.7090  0.2910  
  9        9  (22)      2 :  0.8940  0.1060  
 10       10  (33)      3 :  0.9900  0.0100  
 11       11  (29)      4 :  0.0190  0.9810  
 12       12  (25)      5 :  0.9920  0.0080  
 13       13   (9)      6 :  0.0070  0.9930  
 14       14  (52)      7 :  0.9520  0.0480  
 15       15  (14)      1 :  0.9150  0.0850  
 16       16  (17)      2 :  0.9920  0.0080  
 17       17  (18)      3 :  0.9540  0.0460  
 18       18  (14)      4 :  0.0070  0.9930  
 19       19  (17)      5 :  0.9690  0.0310  
 20       20   (9)      6 :  0.0140  0.9860  
 21       21  (32)      7 :  0.0110  0.9890  
 22       22  (12)      1 :  0.9830  0.0170  
 23       23  (14)      2 :  0.9820  0.0180  
 24       24  (16)      3 :  0.7050  0.2950  
 25       25  (46)      4 :  0.0080  0.9920  
 26       26  (10)      5 :  0.9940  0.0060  
 27       27  (32)      6 :  0.0150  0.9850  
 28       28  (18)      7 :  0.0310  0.9690  
 29       29  (32)      1 :  0.9720  0.0280  
 30       30  (18)      2 :  0.9510  0.0490  
 31       31   (9)      3 :  0.6700  0.3300  
 32       32  (32)      4 :  0.0100  0.9900  
 33       33  (14)      5 :  0.9820  0.0180  
 34       34  (30)      6 :  0.0210  0.9790  
 35       35  (14)      7 :  0.0120  0.9880  
 36       36  (21)      1 :  0.9890  0.0110  
 37       37  (54)      2 :  0.9960  0.0040  
 38       38  (45)      3 :  0.8130  0.1870  
 39       39  (27)      4 :  0.1150  0.8850  
 40       40  (13)      5 :  0.9800  0.0200  
 41       41  (18)      6 :  0.0150  0.9850  
 42       42  (66)      7 :  0.0100  0.9900  
 43       43  (14)      1 :  0.9950  0.0050  
 44       44  (22)      2 :  0.9820  0.0180  
 45       45  (19)      3 :  0.9740  0.0260  
 46       46  (22)      4 :  0.0040  0.9960  
 47       47  (12)      5 :  0.4870  0.5130  
 48       48  (11)      6 :  0.0260  0.9740  
 49       49   (9)      7 :  0.0140  0.9860  
 50       50  (30)      1 :  0.9850  0.0150  
 51       51   (8)      2 :  0.9880  0.0120  
 52       52   (9)      3 :  0.9880  0.0120  
 53       53  (43)      4 :  0.0270  0.9730  
 54       54  (21)      5 :  0.9860  0.0140  
 55       55  (20)      6 :  0.0290  0.9710  
 56       56   (6)      7 :  0.0160  0.9840  
 57       57  (15)      1 :  0.9920  0.0080  
 58       58   (7)      2 :  0.9860  0.0140  
 59       59  (15)      3 :  0.9800  0.0200  
 60       60   (9)      4 :  0.0100  0.9900  
 61       61  (33)      5 :  0.9890  0.0110  
 62       62  (12)      6 :  0.0410  0.9590  
 63       63  (57)      7 :  0.0220  0.9780  
 64       64  (23)      1 :  0.9580  0.0420  
 65       65  (31)      2 :  0.9830  0.0170  
 66       66  (17)      3 :  0.9880  0.0120  
 67       67  (10)      4 :  0.0300  0.9700  
 68       68   (8)      5 :  0.1360  0.8640  
 69       69  (41)      6 :  0.0190  0.9810  
 70       70  (17)      7 :  0.0170  0.9830  
 71       71  (29)      1 :  0.9890  0.0110  
 72       72  (51)      2 :  0.9770  0.0230  
 73       73  (22)      3 :  0.9720  0.0280  
 74       74  (14)      4 :  0.0200  0.9800  
 75       75  (18)      5 :  0.9810  0.0190  
 76       76  (25)      6 :  0.3160  0.6840  
 77       77  (12)      7 :  0.1330  0.8670  
 78       78  (21)      1 :  0.9180  0.0820  
 79       79  (14)      2 :  0.8890  0.1110  
 80       80  (22)      3 :  0.9290  0.0710  
 81       81  (11)      4 :  0.0720  0.9280  
 82       82  (25)      5 :  0.9420  0.0580  
 83       83  (12)      6 :  0.0170  0.9830  
 84       84  (18)      7 :  0.0160  0.9840  
 85       85   (9)      1 :  0.9570  0.0430  
 86       86  (24)      2 :  0.1400  0.8600  
 87       87  (47)      3 :  0.9610  0.0390  
 88       88  (27)      4 :  0.0440  0.9560  
 89       89  (14)      5 :  0.9820  0.0180  
 90       90  (24)      6 :  0.0180  0.9820  
 91       91  (20)      7 :  0.0070  0.9930  
 92       92  (10)      1 :  0.9900  0.0100  
 93       93  (21)      2 :  0.9860  0.0140  
 94       94  (27)      3 :  0.9900  0.0100  
 95       95   (9)      4 :  0.0090  0.9910  
 96       96  (40)      5 :  0.9390  0.0610  
 97       97  (26)      6 :  0.0480  0.9520  
 98       98  (15)      7 :  0.0070  0.9930  
 99       99  (23)      1 :  0.9270  0.0730  
100      100  (19)      2 :  0.9680  0.0320  
101      101  (60)      3 :  0.2720  0.7280  
102      102  (17)      4 :  0.0090  0.9910  
103      103  (18)      5 :  0.9860  0.0140  
104      104  (23)      6 :  0.0220  0.9780  
105      105  (20)      7 :  0.0160  0.9840  
