  1        1  (21)      1 :  0.0050  0.9190  0.0630  0.0010  0.0050  0.0020  0.0020  0.0030  
  2        2   (8)      2 :  0.0661  0.0070  0.0060  0.0040  0.7568  0.1421  0.0050  0.0130  
  3        3  (22)      3 :  0.0010  0.0020  0.9770  0.0020  0.0050  0.0030  0.0060  0.0040  
  4        4  (12)      4 :  0.8268  0.0731  0.0621  0.0010  0.0190  0.0050  0.0090  0.0040  
  5        5  (75)      5 :  0.0160  0.0150  0.0280  0.0030  0.0260  0.3690  0.0180  0.5250  
  6        6  (23)      6 :  0.0150  0.0110  0.0120  0.0020  0.0020  0.1220  0.8330  0.0030  
  7        7  (24)      7 :  0.0040  0.0050  0.0020  0.0050  0.0010  0.0030  0.0040  0.9760  
  8        8  (40)      1 :  0.0110  0.7884  0.0299  0.0020  0.0050  0.0359  0.0140  0.1138  
  9        9  (22)      2 :  0.0210  0.0190  0.0060  0.0040  0.9111  0.0080  0.0260  0.0050  
 10       10  (33)      3 :  0.0060  0.1130  0.5740  0.0080  0.0020  0.2650  0.0240  0.0080  
 11       11  (29)      4 :  0.9000  0.0010  0.0120  0.0340  0.0150  0.0050  0.0040  0.0290  
 12       12  (25)      5 :  0.0020  0.0020  0.0040  0.0010  0.0010  0.9850  0.0010  0.0040  
 13       13   (9)      6 :  0.0020  0.0030  0.0030  0.0010  0.0010  0.0020  0.9860  0.0020  
 14       14  (52)      7 :  0.0050  0.0260  0.2770  0.0030  0.0650  0.0980  0.0170  0.5090  
 15       15  (14)      1 :  0.0020  0.9730  0.0030  0.0020  0.0020  0.0020  0.0090  0.0070  
 16       16  (17)      2 :  0.0040  0.0290  0.0020  0.0100  0.9450  0.0030  0.0030  0.0040  
 17       17  (18)      3 :  0.0030  0.0040  0.9491  0.0080  0.0040  0.0060  0.0160  0.0100  
 18       18  (14)      4 :  0.9520  0.0030  0.0040  0.0080  0.0110  0.0060  0.0070  0.0090  
 19       19  (17)      5 :  0.0480  0.0070  0.0040  0.0300  0.0340  0.8270  0.0440  0.0060  
 20       20   (9)      6 :  0.0190  0.0270  0.0060  0.0140  0.0080  0.0030  0.9050  0.0180  
 21       21  (32)      7 :  0.0040  0.0040  0.0110  0.0030  0.0070  0.0130  0.0120  0.9460  
 22       22  (12)      1 :  0.0050  0.9700  0.0030  0.0060  0.0030  0.0050  0.0060  0.0020  
 23       23  (14)      2 :  0.0020  0.0010  0.0060  0.0210  0.9640  0.0020  0.0020  0.0020  
 24       24  (16)      3 :  0.0100  0.0010  0.7270  0.0210  0.0050  0.2060  0.0070  0.0230  
 25       25  (46)      4 :  0.9820  0.0020  0.0020  0.0030  0.0030  0.0030  0.0030  0.0020  
 26       26  (10)      5 :  0.0040  0.0090  0.0150  0.0020  0.0080  0.9540  0.0050  0.0030  
 27       27  (32)      6 :  0.0050  0.0030  0.0060  0.0040  0.0100  0.0030  0.9630  0.0060  
 28       28  (18)      7 :  0.0070  0.0100  0.0020  0.0240  0.0651  0.0030  0.0130  0.8759  
 29       29  (32)      1 :  0.0050  0.8539  0.0651  0.0020  0.0300  0.0130  0.0190  0.0120  
 30       30  (18)      2 :  0.0040  0.0260  0.0190  0.0110  0.9029  0.0030  0.0300  0.0040  
 31       31   (9)      3 :  0.0250  0.0030  0.9281  0.0140  0.0020  0.0040  0.0150  0.0090  
 32       32  (32)      4 :  0.9400  0.0020  0.0200  0.0020  0.0070  0.0050  0.0060  0.0180  
 33       33  (14)      5 :  0.0210  0.0310  0.1429  0.0240  0.0120  0.7073  0.0420  0.0200  
 34       34  (30)      6 :  0.0080  0.0060  0.0040  0.0020  0.0060  0.0100  0.9610  0.0030  
 35       35  (14)      7 :  0.0529  0.0070  0.0040  0.0030  0.0090  0.0190  0.0020  0.9031  
 36       36  (21)      1 :  0.0050  0.9579  0.0040  0.0090  0.0040  0.0090  0.0060  0.0050  
 37       37  (54)      2 :  0.0020  0.0070  0.0020  0.0020  0.9810  0.0020  0.0020  0.0020  
 38       38  (45)      3 :  0.0969  0.0050  0.8571  0.0090  0.0110  0.0110  0.0050  0.0050  
 39       39  (27)      4 :  0.7163  0.0070  0.0130  0.0050  0.2358  0.0090  0.0070  0.0070  
 40       40  (13)      5 :  0.0050  0.0210  0.0050  0.0010  0.0080  0.9199  0.0380  0.0020  
 41       41  (18)      6 :  0.0050  0.0020  0.0120  0.0080  0.0810  0.0010  0.8820  0.0090  
 42       42  (66)      7 :  0.0130  0.0040  0.0070  0.0030  0.0060  0.0410  0.0950  0.8310  
 43       43  (14)      1 :  0.0030  0.9311  0.0370  0.0020  0.0160  0.0060  0.0040  0.0010  
 44       44  (22)      2 :  0.0030  0.0080  0.0290  0.0220  0.7397  0.1752  0.0160  0.0070  
 45       45  (19)      3 :  0.0040  0.0279  0.9002  0.0020  0.0060  0.0060  0.0100  0.0439  
 46       46  (22)      4 :  0.9600  0.0020  0.0020  0.0020  0.0020  0.0030  0.0060  0.0230  
 47       47  (12)      5 :  0.0120  0.0130  0.0060  0.0060  0.0090  0.8250  0.0120  0.1170  
 48       48  (11)      6 :  0.0220  0.0060  0.0310  0.0110  0.0250  0.0110  0.8810  0.0130  
 49       49   (9)      7 :  0.0210  0.0030  0.0080  0.0020  0.2292  0.0020  0.0050  0.7297  
 50       50  (30)      1 :  0.0110  0.9390  0.0040  0.0020  0.0030  0.0290  0.0090  0.0030  
 51       51   (8)      2 :  0.0020  0.0080  0.2953  0.0120  0.6607  0.0130  0.0030  0.0060  
 52       52   (9)      3 :  0.0020  0.0190  0.9261  0.0020  0.0090  0.0070  0.0040  0.0310  
 53       53  (43)      4 :  0.9471  0.0040  0.0130  0.0020  0.0020  0.0050  0.0250  0.0020  
 54       54  (21)      5 :  0.0010  0.0030  0.0030  0.0010  0.0010  0.9860  0.0030  0.0020  
 55       55  (20)      6 :  0.0020  0.0020  0.0020  0.0010  0.0040  0.0030  0.9830  0.0030  
 56       56   (6)      7 :  0.0040  0.0030  0.0060  0.0010  0.0020  0.0080  0.0020  0.9740  
 57       57  (15)      1 :  0.0030  0.9540  0.0110  0.0020  0.0150  0.0030  0.0020  0.0100  
 58       58   (7)      2 :  0.0610  0.0110  0.0070  0.1430  0.7650  0.0040  0.0060  0.0030  
 59       59  (15)      3 :  0.0070  0.0170  0.7990  0.0020  0.0060  0.1570  0.0080  0.0040  
 60       60   (9)      4 :  0.9690  0.0100  0.0020  0.0010  0.0030  0.0020  0.0050  0.0080  
 61       61  (33)      5 :  0.0040  0.0020  0.0140  0.0020  0.0110  0.9550  0.0050  0.0070  
 62       62  (12)      6 :  0.0130  0.0220  0.0090  0.0020  0.0080  0.3123  0.5986  0.0350  
 63       63  (57)      7 :  0.0070  0.0070  0.0080  0.0480  0.0060  0.1301  0.0230  0.7708  
 64       64  (23)      1 :  0.0020  0.9760  0.0020  0.0020  0.0050  0.0040  0.0050  0.0040  
 65       65  (31)      2 :  0.0080  0.0020  0.0010  0.9780  0.0060  0.0020  0.0010  0.0020  
 66       66  (17)      3 :  0.0110  0.0290  0.8981  0.0010  0.0020  0.0509  0.0040  0.0040  
 67       67  (10)      4 :  0.8032  0.0040  0.0260  0.1079  0.0050  0.0040  0.0040  0.0460  
 68       68   (8)      5 :  0.0350  0.0040  0.0020  0.0030  0.0030  0.9301  0.0070  0.0160  
 69       69  (41)      6 :  0.0060  0.0020  0.0220  0.1119  0.0050  0.0030  0.8412  0.0090  
 70       70  (17)      7 :  0.0040  0.0110  0.0070  0.0030  0.0090  0.0030  0.0500  0.9131  
 71       71  (29)      1 :  0.0070  0.9421  0.0060  0.0090  0.0060  0.0140  0.0070  0.0090  
 72       72  (51)      2 :  0.0160  0.0020  0.0709  0.0050  0.8781  0.0100  0.0040  0.0140  
 73       73  (22)      3 :  0.0410  0.0060  0.8730  0.0040  0.0610  0.0070  0.0030  0.0050  
 74       74  (14)      4 :  0.9610  0.0100  0.0060  0.0010  0.0030  0.0050  0.0060  0.0080  
 75       75  (18)      5 :  0.0090  0.0070  0.0020  0.0050  0.0050  0.9580  0.0100  0.0040  
 76       76  (25)      6 :  0.0030  0.0050  0.0030  0.0010  0.0330  0.0040  0.9489  0.0020  
 77       77  (12)      7 :  0.0050  0.0030  0.0300  0.0090  0.0040  0.0511  0.0040  0.8939  
 78       78  (21)      1 :  0.0020  0.9070  0.0020  0.0790  0.0010  0.0020  0.0040  0.0030  
 79       79  (14)      2 :  0.0120  0.0040  0.0100  0.2482  0.6877  0.0080  0.0140  0.0160  
 80       80  (22)      3 :  0.0080  0.0080  0.8629  0.0050  0.0250  0.0180  0.0440  0.0290  
 81       81  (11)      4 :  0.7980  0.0140  0.0040  0.0010  0.0910  0.0770  0.0120  0.0030  
 82       82  (25)      5 :  0.0080  0.0030  0.0220  0.0010  0.0070  0.9470  0.0040  0.0080  
 83       83  (12)      6 :  0.0060  0.0340  0.0190  0.0030  0.0130  0.0050  0.7600  0.1600  
 84       84  (18)      7 :  0.0020  0.0020  0.0050  0.0010  0.0030  0.0080  0.0040  0.9750  
 85       85   (9)      1 :  0.0070  0.8092  0.0020  0.0030  0.0210  0.0559  0.0979  0.0040  
 86       86  (24)      2 :  0.0090  0.0050  0.0020  0.0130  0.9540  0.0010  0.0120  0.0040  
 87       87  (47)      3 :  0.0320  0.0040  0.9340  0.0040  0.0090  0.0070  0.0080  0.0020  
 88       88  (27)      4 :  0.6673  0.0070  0.0809  0.0060  0.0160  0.0170  0.0060  0.1998  
 89       89  (14)      5 :  0.0060  0.0070  0.0100  0.0020  0.0190  0.9411  0.0030  0.0120  
 90       90  (24)      6 :  0.0320  0.0190  0.0120  0.0010  0.0080  0.0050  0.9159  0.0070  
 91       91  (20)      7 :  0.0090  0.0040  0.0040  0.0010  0.0040  0.0040  0.0130  0.9610  
 92       92  (10)      1 :  0.0050  0.9730  0.0030  0.0010  0.0030  0.0060  0.0040  0.0050  
 93       93  (21)      2 :  0.0030  0.3654  0.0030  0.0010  0.5996  0.0190  0.0030  0.0060  
 94       94  (27)      3 :  0.0030  0.0020  0.9850  0.0020  0.0020  0.0020  0.0020  0.0020  
 95       95   (9)      4 :  0.6444  0.0160  0.0120  0.0070  0.0020  0.0100  0.0070  0.3017  
 96       96  (40)      5 :  0.0040  0.0030  0.0200  0.0040  0.0120  0.9229  0.0260  0.0080  
 97       97  (26)      6 :  0.0090  0.0510  0.0020  0.0160  0.0060  0.0210  0.8750  0.0200  
 98       98  (15)      7 :  0.0090  0.0050  0.0120  0.0030  0.1988  0.0040  0.0889  0.6793  
 99       99  (23)      1 :  0.0730  0.8550  0.0140  0.0020  0.0020  0.0320  0.0160  0.0060  
100      100  (19)      2 :  0.0130  0.0020  0.0020  0.0090  0.9640  0.0010  0.0010  0.0080  
101      101  (60)      3 :  0.0699  0.0110  0.5534  0.0030  0.0080  0.0130  0.3317  0.0100  
102      102  (17)      4 :  0.9690  0.0030  0.0040  0.0060  0.0030  0.0080  0.0030  0.0040  
103      103  (18)      5 :  0.0030  0.0040  0.0529  0.0040  0.0090  0.9201  0.0030  0.0040  
104      104  (23)      6 :  0.0040  0.0040  0.0080  0.0030  0.0110  0.0410  0.8959  0.0330  
105      105  (20)      7 :  0.2080  0.0160  0.0040  0.0040  0.0070  0.0070  0.0030  0.7510  
