  1        1  (21)      1 :  0.0030  0.9570  0.0300  0.0020  0.0020  0.0020  0.0010  0.0030  
  2        2   (8)      2 :  0.0290  0.0060  0.0040  0.0050  0.8510  0.0870  0.0030  0.0150  
  3        3  (22)      3 :  0.0020  0.0030  0.9760  0.0020  0.0050  0.0040  0.0030  0.0050  
  4        4  (12)      4 :  0.7443  0.0729  0.1339  0.0040  0.0230  0.0030  0.0150  0.0040  
  5        5  (75)      5 :  0.0160  0.0210  0.0340  0.0170  0.0120  0.3556  0.0110  0.5335  
  6        6  (23)      6 :  0.0270  0.0160  0.0130  0.0020  0.0040  0.1241  0.8098  0.0040  
  7        7  (24)      7 :  0.0010  0.0030  0.0040  0.9790  0.0010  0.0030  0.0030  0.0060  
  8        8  (40)      1 :  0.0080  0.7690  0.0510  0.0280  0.0070  0.0370  0.0140  0.0860  
  9        9  (22)      2 :  0.0370  0.0060  0.0090  0.0030  0.9131  0.0090  0.0180  0.0050  
 10       10  (33)      3 :  0.0040  0.0519  0.6294  0.0190  0.0030  0.2717  0.0150  0.0060  
 11       11  (29)      4 :  0.9400  0.0020  0.0090  0.0110  0.0170  0.0030  0.0030  0.0150  
 12       12  (25)      5 :  0.0020  0.0020  0.0030  0.0020  0.0020  0.9860  0.0010  0.0020  
 13       13   (9)      6 :  0.0020  0.0020  0.0020  0.0060  0.0010  0.0020  0.9830  0.0020  
 14       14  (52)      7 :  0.0040  0.0060  0.0240  0.0040  0.0330  0.0741  0.0180  0.8368  
 15       15  (14)      1 :  0.0030  0.9400  0.0050  0.0250  0.0030  0.0020  0.0190  0.0030  
 16       16  (17)      2 :  0.0090  0.0060  0.0040  0.0030  0.9670  0.0050  0.0030  0.0030  
 17       17  (18)      3 :  0.0030  0.0040  0.9660  0.0080  0.0040  0.0040  0.0030  0.0080  
 18       18  (14)      4 :  0.9650  0.0030  0.0020  0.0010  0.0080  0.0060  0.0060  0.0090  
 19       19  (17)      5 :  0.0659  0.0070  0.0050  0.0030  0.0629  0.8032  0.0240  0.0290  
 20       20   (9)      6 :  0.0561  0.0090  0.0060  0.0170  0.0280  0.0030  0.8679  0.0130  
 21       21  (32)      7 :  0.0040  0.0040  0.0080  0.0110  0.0020  0.0230  0.0110  0.9370  
 22       22  (12)      1 :  0.0060  0.9630  0.0030  0.0050  0.0040  0.0030  0.0130  0.0030  
 23       23  (14)      2 :  0.0020  0.0010  0.0050  0.0010  0.9810  0.0030  0.0020  0.0050  
 24       24  (16)      3 :  0.0130  0.0020  0.6750  0.0140  0.0120  0.2680  0.0030  0.0130  
 25       25  (46)      4 :  0.9830  0.0010  0.0020  0.0030  0.0030  0.0040  0.0020  0.0020  
 26       26  (10)      5 :  0.0100  0.0120  0.0180  0.0020  0.0070  0.9450  0.0030  0.0030  
 27       27  (32)      6 :  0.0040  0.0030  0.0060  0.0020  0.0080  0.0030  0.9640  0.0100  
 28       28  (18)      7 :  0.0060  0.0160  0.0030  0.0350  0.1150  0.0040  0.0080  0.8130  
 29       29  (32)      1 :  0.0050  0.7880  0.0670  0.0080  0.0770  0.0100  0.0340  0.0110  
 30       30  (18)      2 :  0.0040  0.0120  0.0220  0.0030  0.9340  0.0030  0.0160  0.0060  
 31       31   (9)      3 :  0.0590  0.0020  0.9040  0.0020  0.0050  0.0030  0.0100  0.0150  
 32       32  (32)      4 :  0.9201  0.0040  0.0150  0.0140  0.0060  0.0050  0.0110  0.0250  
 33       33  (14)      5 :  0.0230  0.1630  0.0880  0.0040  0.0120  0.6830  0.0190  0.0080  
 34       34  (30)      6 :  0.0100  0.0080  0.0040  0.0030  0.0060  0.0150  0.9490  0.0050  
 35       35  (14)      7 :  0.1250  0.0060  0.0030  0.0130  0.0050  0.0220  0.0020  0.8240  
 36       36  (21)      1 :  0.0030  0.9570  0.0050  0.0020  0.0060  0.0080  0.0150  0.0040  
 37       37  (54)      2 :  0.0020  0.0170  0.0030  0.0010  0.9710  0.0020  0.0020  0.0020  
 38       38  (45)      3 :  0.1221  0.0040  0.7958  0.0010  0.0320  0.0210  0.0150  0.0090  
 39       39  (27)      4 :  0.7345  0.0090  0.0080  0.0010  0.2226  0.0040  0.0160  0.0050  
 40       40  (13)      5 :  0.0050  0.0070  0.0040  0.0010  0.0030  0.9001  0.0769  0.0030  
 41       41  (18)      6 :  0.0030  0.0030  0.0040  0.0140  0.0270  0.0010  0.9440  0.0040  
 42       42  (66)      7 :  0.0540  0.0080  0.0060  0.0040  0.0090  0.0540  0.0980  0.7670  
 43       43  (14)      1 :  0.0030  0.9129  0.0631  0.0010  0.0100  0.0040  0.0040  0.0020  
 44       44  (22)      2 :  0.0060  0.0090  0.0690  0.0040  0.7970  0.0890  0.0140  0.0120  
 45       45  (19)      3 :  0.0030  0.0430  0.8850  0.0040  0.0060  0.0030  0.0080  0.0480  
 46       46  (22)      4 :  0.8690  0.0020  0.0020  0.1040  0.0020  0.0020  0.0040  0.0150  
 47       47  (12)      5 :  0.0110  0.0310  0.0090  0.0020  0.0110  0.7500  0.0180  0.1680  
 48       48  (11)      6 :  0.0870  0.0030  0.0170  0.0010  0.0210  0.0120  0.7940  0.0650  
 49       49   (9)      7 :  0.0420  0.0030  0.0150  0.0030  0.1522  0.0030  0.0190  0.7628  
 50       50  (30)      1 :  0.0050  0.9410  0.0040  0.0050  0.0030  0.0350  0.0030  0.0040  
 51       51   (8)      2 :  0.0060  0.0220  0.0710  0.0020  0.8590  0.0090  0.0050  0.0260  
 52       52   (9)      3 :  0.0020  0.0240  0.8086  0.0090  0.0120  0.0381  0.0140  0.0922  
 53       53  (43)      4 :  0.9590  0.0040  0.0110  0.0010  0.0020  0.0140  0.0060  0.0030  
 54       54  (21)      5 :  0.0010  0.0040  0.0020  0.0020  0.0010  0.9870  0.0010  0.0020  
 55       55  (20)      6 :  0.0010  0.0020  0.0010  0.0170  0.0020  0.0030  0.9710  0.0030  
 56       56   (6)      7 :  0.0020  0.0030  0.0110  0.0020  0.0020  0.0040  0.0010  0.9750  
 57       57  (15)      1 :  0.0030  0.9360  0.0200  0.0060  0.0130  0.0040  0.0030  0.0150  
 58       58   (7)      2 :  0.0380  0.0130  0.0080  0.0030  0.9269  0.0040  0.0030  0.0040  
 59       59  (15)      3 :  0.0050  0.0080  0.7330  0.0020  0.0060  0.2300  0.0090  0.0070  
 60       60   (9)      4 :  0.9550  0.0110  0.0030  0.0060  0.0020  0.0020  0.0110  0.0100  
 61       61  (33)      5 :  0.0030  0.0030  0.0200  0.0010  0.0050  0.9560  0.0030  0.0090  
 62       62  (12)      6 :  0.0130  0.0190  0.0090  0.0030  0.0060  0.3850  0.5350  0.0300  
 63       63  (57)      7 :  0.0090  0.0070  0.0100  0.3876  0.0130  0.4825  0.0440  0.0470  
 64       64  (23)      1 :  0.0040  0.9780  0.0010  0.0040  0.0040  0.0020  0.0040  0.0030  
 65       65  (31)      2 :  0.0070  0.0030  0.0030  0.0350  0.9420  0.0070  0.0010  0.0020  
 66       66  (17)      3 :  0.0100  0.0140  0.8488  0.0010  0.0030  0.1151  0.0040  0.0040  
 67       67  (10)      4 :  0.9030  0.0060  0.0160  0.0030  0.0210  0.0070  0.0060  0.0380  
 68       68   (8)      5 :  0.0591  0.0020  0.0020  0.0030  0.0060  0.9079  0.0090  0.0110  
 69       69  (41)      6 :  0.0050  0.0030  0.0400  0.0030  0.0170  0.0050  0.9031  0.0240  
 70       70  (17)      7 :  0.0030  0.0120  0.0060  0.0100  0.0170  0.0040  0.0280  0.9200  
 71       71  (29)      1 :  0.0140  0.9140  0.0040  0.0020  0.0150  0.0250  0.0140  0.0120  
 72       72  (51)      2 :  0.0210  0.0030  0.0420  0.0060  0.8970  0.0070  0.0050  0.0190  
 73       73  (22)      3 :  0.0460  0.0080  0.8310  0.0030  0.0950  0.0050  0.0050  0.0070  
 74       74  (14)      4 :  0.9651  0.0070  0.0070  0.0060  0.0040  0.0020  0.0060  0.0030  
 75       75  (18)      5 :  0.0090  0.0080  0.0020  0.0010  0.0070  0.9650  0.0050  0.0030  
 76       76  (25)      6 :  0.0030  0.0070  0.0030  0.0040  0.0080  0.0040  0.9690  0.0020  
 77       77  (12)      7 :  0.0080  0.0060  0.0170  0.0050  0.0030  0.0120  0.0030  0.9461  
 78       78  (21)      1 :  0.0020  0.9790  0.0020  0.0090  0.0010  0.0010  0.0030  0.0030  
 79       79  (14)      2 :  0.0050  0.0030  0.0060  0.0010  0.9411  0.0080  0.0230  0.0130  
 80       80  (22)      3 :  0.0090  0.0020  0.8390  0.0010  0.0440  0.0290  0.0040  0.0720  
 81       81  (11)      4 :  0.8841  0.0120  0.0130  0.0030  0.0270  0.0460  0.0130  0.0020  
 82       82  (25)      5 :  0.0080  0.0030  0.0250  0.0040  0.0130  0.9280  0.0080  0.0110  
 83       83  (12)      6 :  0.0380  0.0170  0.0290  0.0030  0.0130  0.0040  0.7127  0.1832  
 84       84  (18)      7 :  0.0020  0.0030  0.0050  0.0040  0.0030  0.0070  0.0040  0.9720  
 85       85   (9)      1 :  0.0060  0.8330  0.0030  0.0020  0.0140  0.0260  0.1110  0.0050  
 86       86  (24)      2 :  0.0060  0.0050  0.0020  0.0030  0.9530  0.0020  0.0250  0.0040  
 87       87  (47)      3 :  0.0200  0.0040  0.9560  0.0030  0.0050  0.0050  0.0050  0.0020  
 88       88  (27)      4 :  0.7850  0.0040  0.0350  0.0030  0.0310  0.0140  0.0060  0.1220  
 89       89  (14)      5 :  0.0090  0.0050  0.0120  0.0020  0.0070  0.9560  0.0020  0.0070  
 90       90  (24)      6 :  0.0490  0.0120  0.0130  0.0030  0.0100  0.0040  0.8949  0.0140  
 91       91  (20)      7 :  0.0030  0.0040  0.0070  0.0010  0.0020  0.0050  0.0170  0.9610  
 92       92  (10)      1 :  0.0030  0.9760  0.0030  0.0010  0.0030  0.0070  0.0030  0.0040  
 93       93  (21)      2 :  0.0050  0.2230  0.0040  0.0070  0.7210  0.0230  0.0040  0.0130  
 94       94  (27)      3 :  0.0040  0.0020  0.9830  0.0020  0.0030  0.0020  0.0020  0.0020  
 95       95   (9)      4 :  0.6266  0.0060  0.0040  0.0210  0.0020  0.0050  0.0060  0.3293  
 96       96  (40)      5 :  0.0040  0.0090  0.0160  0.0340  0.0050  0.8890  0.0380  0.0050  
 97       97  (26)      6 :  0.0040  0.0501  0.0020  0.0100  0.0060  0.0571  0.8589  0.0120  
 98       98  (15)      7 :  0.0130  0.0070  0.0130  0.0190  0.0120  0.0050  0.3217  0.6094  
 99       99  (23)      1 :  0.1832  0.7117  0.0110  0.0060  0.0080  0.0521  0.0190  0.0090  
100      100  (19)      2 :  0.0080  0.0020  0.0040  0.0020  0.9770  0.0020  0.0010  0.0040  
101      101  (60)      3 :  0.0240  0.0040  0.6240  0.0060  0.0050  0.0170  0.3130  0.0070  
102      102  (17)      4 :  0.9560  0.0040  0.0050  0.0030  0.0030  0.0150  0.0050  0.0090  
103      103  (18)      5 :  0.0040  0.0050  0.0889  0.0050  0.0120  0.8761  0.0050  0.0040  
104      104  (23)      6 :  0.0030  0.0040  0.0110  0.0020  0.0050  0.0390  0.8540  0.0820  
105      105  (20)      7 :  0.0691  0.0110  0.0070  0.0490  0.0060  0.0050  0.0070  0.8458  
