  1        1  (21)      1 :  0.0040  0.0020  0.0020  0.0040  0.0030  0.9850  
  2        2   (8)      2 :  0.7660  0.0450  0.0070  0.0520  0.1230  0.0070  
  3        3  (22)      3 :  0.0060  0.0040  0.0060  0.9790  0.0020  0.0030  
  4        4  (12)      4 :  0.0180  0.0120  0.0170  0.0860  0.7540  0.1130  
  5        5  (75)      5 :  0.0110  0.1431  0.0190  0.7848  0.0280  0.0140  
  6        6  (23)      6 :  0.0050  0.0070  0.9110  0.0330  0.0270  0.0170  
  7        7  (24)      7 :  0.0010  0.9860  0.0030  0.0020  0.0030  0.0050  
  8        8  (40)      1 :  0.0070  0.0840  0.0170  0.0310  0.0110  0.8500  
  9        9  (22)      2 :  0.9250  0.0060  0.0290  0.0090  0.0200  0.0110  
 10       10  (33)      3 :  0.0020  0.0030  0.0060  0.9560  0.0030  0.0300  
 11       11  (29)      4 :  0.0300  0.0080  0.0020  0.0050  0.9530  0.0020  
 12       12  (25)      5 :  0.0020  0.0040  0.0020  0.9870  0.0030  0.0020  
 13       13   (9)      6 :  0.0010  0.0020  0.9890  0.0030  0.0020  0.0030  
 14       14  (52)      7 :  0.0520  0.0930  0.0100  0.8320  0.0040  0.0090  
 15       15  (14)      1 :  0.0020  0.0050  0.0130  0.0040  0.0020  0.9740  
 16       16  (17)      2 :  0.9780  0.0030  0.0030  0.0060  0.0030  0.0070  
 17       17  (18)      3 :  0.0060  0.0110  0.0070  0.9680  0.0040  0.0040  
 18       18  (14)      4 :  0.0100  0.0040  0.0050  0.0030  0.9760  0.0020  
 19       19  (17)      5 :  0.0790  0.0130  0.0200  0.8200  0.0590  0.0090  
 20       20   (9)      6 :  0.0120  0.0110  0.9369  0.0040  0.0210  0.0150  
 21       21  (32)      7 :  0.0040  0.9670  0.0110  0.0110  0.0040  0.0030  
 22       22  (12)      1 :  0.0040  0.0030  0.0050  0.0040  0.0070  0.9770  
 23       23  (14)      2 :  0.9910  0.0010  0.0010  0.0040  0.0020  0.0010  
 24       24  (16)      3 :  0.0070  0.0100  0.0050  0.9600  0.0160  0.0020  
 25       25  (46)      4 :  0.0020  0.0030  0.0010  0.0020  0.9900  0.0020  
 26       26  (10)      5 :  0.0050  0.0030  0.0030  0.9700  0.0040  0.0150  
 27       27  (32)      6 :  0.0070  0.0090  0.9610  0.0130  0.0060  0.0040  
 28       28  (18)      7 :  0.0791  0.9029  0.0050  0.0030  0.0060  0.0040  
 29       29  (32)      1 :  0.0650  0.0090  0.0360  0.0190  0.0120  0.8590  
 30       30  (18)      2 :  0.9620  0.0040  0.0060  0.0070  0.0030  0.0180  
 31       31   (9)      3 :  0.0070  0.0070  0.0100  0.9530  0.0210  0.0020  
 32       32  (32)      4 :  0.0050  0.0110  0.0110  0.0060  0.9650  0.0020  
 33       33  (14)      5 :  0.0240  0.0080  0.0110  0.8721  0.0150  0.0699  
 34       34  (30)      6 :  0.0080  0.0050  0.9720  0.0030  0.0060  0.0060  
 35       35  (14)      7 :  0.0090  0.9229  0.0030  0.0060  0.0551  0.0040  
 36       36  (21)      1 :  0.0280  0.0020  0.0050  0.0060  0.0030  0.9560  
 37       37  (54)      2 :  0.9810  0.0010  0.0030  0.0030  0.0020  0.0100  
 38       38  (45)      3 :  0.0100  0.0040  0.0070  0.9450  0.0310  0.0030  
 39       39  (27)      4 :  0.2400  0.0120  0.0110  0.0080  0.7190  0.0100  
 40       40  (13)      5 :  0.0060  0.0030  0.0800  0.8590  0.0040  0.0480  
 41       41  (18)      6 :  0.0180  0.0070  0.9690  0.0020  0.0020  0.0020  
 42       42  (66)      7 :  0.0060  0.8580  0.0940  0.0100  0.0290  0.0030  
 43       43  (14)      1 :  0.0150  0.0020  0.0070  0.0050  0.0030  0.9680  
 44       44  (22)      2 :  0.6870  0.0090  0.0070  0.2830  0.0060  0.0080  
 45       45  (19)      3 :  0.0070  0.0260  0.0060  0.9510  0.0030  0.0070  
 46       46  (22)      4 :  0.0020  0.0120  0.0120  0.0010  0.9710  0.0020  
 47       47  (12)      5 :  0.0030  0.5160  0.0110  0.4540  0.0040  0.0120  
 48       48  (11)      6 :  0.0330  0.0190  0.8970  0.0210  0.0230  0.0070  
 49       49   (9)      7 :  0.0410  0.9210  0.0060  0.0070  0.0220  0.0030  
 50       50  (30)      1 :  0.0050  0.0040  0.0060  0.0150  0.0090  0.9610  
 51       51   (8)      2 :  0.8438  0.0100  0.0040  0.1221  0.0070  0.0130  
 52       52   (9)      3 :  0.0060  0.0110  0.0030  0.9700  0.0020  0.0080  
 53       53  (43)      4 :  0.0010  0.0020  0.0110  0.0070  0.9720  0.0070  
 54       54  (21)      5 :  0.0010  0.0280  0.0020  0.8949  0.0040  0.0701  
 55       55  (20)      6 :  0.0030  0.0030  0.9890  0.0020  0.0010  0.0020  
 56       56   (6)      7 :  0.0020  0.9610  0.0030  0.0260  0.0060  0.0020  
 57       57  (15)      1 :  0.0110  0.0120  0.0030  0.0130  0.0020  0.9590  
 58       58   (7)      2 :  0.9220  0.0030  0.0050  0.0060  0.0540  0.0100  
 59       59  (15)      3 :  0.0040  0.0030  0.0040  0.9710  0.0120  0.0060  
 60       60   (9)      4 :  0.0020  0.0050  0.0030  0.0040  0.9800  0.0060  
 61       61  (33)      5 :  0.0060  0.0050  0.0040  0.9790  0.0030  0.0030  
 62       62  (12)      6 :  0.0060  0.1369  0.6763  0.1489  0.0110  0.0210  
 63       63  (57)      7 :  0.0100  0.9420  0.0180  0.0210  0.0040  0.0050  
 64       64  (23)      1 :  0.0030  0.0030  0.0050  0.0020  0.0020  0.9850  
 65       65  (31)      2 :  0.9850  0.0020  0.0010  0.0020  0.0090  0.0010  
 66       66  (17)      3 :  0.0020  0.0020  0.0020  0.9810  0.0040  0.0090  
 67       67  (10)      4 :  0.0300  0.0200  0.0110  0.0230  0.9069  0.0090  
 68       68   (8)      5 :  0.0050  0.0691  0.0090  0.4615  0.4515  0.0040  
 69       69  (41)      6 :  0.0090  0.0060  0.9640  0.0130  0.0060  0.0020  
 70       70  (17)      7 :  0.0120  0.8951  0.0629  0.0080  0.0110  0.0110  
 71       71  (29)      1 :  0.0090  0.0050  0.0110  0.0070  0.0090  0.9590  
 72       72  (51)      2 :  0.8841  0.0080  0.0070  0.0829  0.0140  0.0040  
 73       73  (22)      3 :  0.0500  0.0030  0.0030  0.9120  0.0280  0.0040  
 74       74  (14)      4 :  0.0060  0.0040  0.0090  0.0040  0.9690  0.0080  
 75       75  (18)      5 :  0.0050  0.0040  0.0340  0.8540  0.0140  0.0890  
 76       76  (25)      6 :  0.0120  0.0020  0.9760  0.0020  0.0030  0.0050  
 77       77  (12)      7 :  0.0120  0.7450  0.0030  0.2190  0.0160  0.0050  
 78       78  (21)      1 :  0.0030  0.0040  0.0040  0.0020  0.0020  0.9850  
 79       79  (14)      2 :  0.9299  0.0080  0.0450  0.0080  0.0050  0.0040  
 80       80  (22)      3 :  0.0140  0.0080  0.0080  0.9481  0.0190  0.0030  
 81       81  (11)      4 :  0.0270  0.0060  0.0150  0.0410  0.8851  0.0260  
 82       82  (25)      5 :  0.0040  0.0070  0.0050  0.9700  0.0080  0.0060  
 83       83  (12)      6 :  0.0130  0.0840  0.8430  0.0080  0.0380  0.0140  
 84       84  (18)      7 :  0.0020  0.9830  0.0040  0.0060  0.0020  0.0030  
 85       85   (9)      1 :  0.0080  0.0080  0.0320  0.0130  0.0050  0.9340  
 86       86  (24)      2 :  0.9370  0.0070  0.0330  0.0020  0.0100  0.0110  
 87       87  (47)      3 :  0.0130  0.0020  0.0050  0.9660  0.0110  0.0030  
 88       88  (27)      4 :  0.0060  0.0320  0.0050  0.0410  0.9119  0.0040  
 89       89  (14)      5 :  0.0150  0.0060  0.0040  0.9500  0.0180  0.0070  
 90       90  (24)      6 :  0.0140  0.0090  0.8460  0.0070  0.1030  0.0210  
 91       91  (20)      7 :  0.0020  0.9790  0.0060  0.0040  0.0050  0.0040  
 92       92  (10)      1 :  0.0020  0.0030  0.0030  0.0050  0.0030  0.9840  
 93       93  (21)      2 :  0.8172  0.0160  0.0170  0.0150  0.0040  0.1309  
 94       94  (27)      3 :  0.0180  0.0030  0.0020  0.9430  0.0320  0.0020  
 95       95   (9)      4 :  0.0040  0.1860  0.0050  0.0060  0.7900  0.0090  
 96       96  (40)      5 :  0.0090  0.0060  0.0260  0.9440  0.0040  0.0110  
 97       97  (26)      6 :  0.0070  0.0180  0.9381  0.0070  0.0070  0.0230  
 98       98  (15)      7 :  0.0120  0.6230  0.3540  0.0030  0.0050  0.0030  
 99       99  (23)      1 :  0.0080  0.0050  0.0210  0.0589  0.0799  0.8272  
100      100  (19)      2 :  0.9860  0.0040  0.0010  0.0020  0.0060  0.0010  
101      101  (60)      3 :  0.0040  0.0100  0.0921  0.8629  0.0240  0.0070  
102      102  (17)      4 :  0.0030  0.0080  0.0090  0.0050  0.9720  0.0030  
103      103  (18)      5 :  0.0060  0.0040  0.0030  0.9770  0.0030  0.0070  
104      104  (23)      6 :  0.0040  0.0380  0.9200  0.0300  0.0030  0.0050  
105      105  (20)      7 :  0.0040  0.7190  0.0020  0.0090  0.2550  0.0110  
