  1        1  (21)      1 :  0.9680  0.0320  
  2        2   (8)      2 :  0.1780  0.8220  
  3        3  (22)      3 :  0.0310  0.9690  
  4        4  (12)      4 :  0.0630  0.9370  
  5        5  (75)      5 :  0.3750  0.6250  
  6        6  (23)      6 :  0.8570  0.1430  
  7        7  (24)      7 :  0.9450  0.0550  
  8        8  (40)      1 :  0.8580  0.1420  
  9        9  (22)      2 :  0.0340  0.9660  
 10       10  (33)      3 :  0.8060  0.1940  
 11       11  (29)      4 :  0.0070  0.9930  
 12       12  (25)      5 :  0.9630  0.0370  
 13       13   (9)      6 :  0.9440  0.0560  
 14       14  (52)      7 :  0.1000  0.9000  
 15       15  (14)      1 :  0.9900  0.0100  
 16       16  (17)      2 :  0.0390  0.9610  
 17       17  (18)      3 :  0.0220  0.9780  
 18       18  (14)      4 :  0.0150  0.9850  
 19       19  (17)      5 :  0.8630  0.1370  
 20       20   (9)      6 :  0.3400  0.6600  
 21       21  (32)      7 :  0.0530  0.9470  
 22       22  (12)      1 :  0.9840  0.0160  
 23       23  (14)      2 :  0.0090  0.9910  
 24       24  (16)      3 :  0.0230  0.9770  
 25       25  (46)      4 :  0.0240  0.9760  
 26       26  (10)      5 :  0.9600  0.0400  
 27       27  (32)      6 :  0.3440  0.6560  
 28       28  (18)      7 :  0.0350  0.9650  
 29       29  (32)      1 :  0.9080  0.0920  
 30       30  (18)      2 :  0.0550  0.9450  
 31       31   (9)      3 :  0.0150  0.9850  
 32       32  (32)      4 :  0.0260  0.9740  
 33       33  (14)      5 :  0.7050  0.2950  
 34       34  (30)      6 :  0.9290  0.0710  
 35       35  (14)      7 :  0.0280  0.9720  
 36       36  (21)      1 :  0.9650  0.0350  
 37       37  (54)      2 :  0.1260  0.8740  
 38       38  (45)      3 :  0.0200  0.9800  
 39       39  (27)      4 :  0.0990  0.9010  
 40       40  (13)      5 :  0.9790  0.0210  
 41       41  (18)      6 :  0.0970  0.9030  
 42       42  (66)      7 :  0.5060  0.4940  
 43       43  (14)      1 :  0.9750  0.0250  
 44       44  (22)      2 :  0.3780  0.6220  
 45       45  (19)      3 :  0.0500  0.9500  
 46       46  (22)      4 :  0.0220  0.9780  
 47       47  (12)      5 :  0.8710  0.1290  
 48       48  (11)      6 :  0.2800  0.7200  
 49       49   (9)      7 :  0.0210  0.9790  
 50       50  (30)      1 :  0.9890  0.0110  
 51       51   (8)      2 :  0.0360  0.9640  
 52       52   (9)      3 :  0.1470  0.8530  
 53       53  (43)      4 :  0.3530  0.6470  
 54       54  (21)      5 :  0.9910  0.0090  
 55       55  (20)      6 :  0.9720  0.0280  
 56       56   (6)      7 :  0.0420  0.9580  
 57       57  (15)      1 :  0.9400  0.0600  
 58       58   (7)      2 :  0.0270  0.9730  
 59       59  (15)      3 :  0.1250  0.8750  
 60       60   (9)      4 :  0.0630  0.9370  
 61       61  (33)      5 :  0.8700  0.1300  
 62       62  (12)      6 :  0.9620  0.0380  
 63       63  (57)      7 :  0.9350  0.0650  
 64       64  (23)      1 :  0.9890  0.0110  
 65       65  (31)      2 :  0.0420  0.9580  
 66       66  (17)      3 :  0.1510  0.8490  
 67       67  (10)      4 :  0.0150  0.9850  
 68       68   (8)      5 :  0.6990  0.3010  
 69       69  (41)      6 :  0.0880  0.9120  
 70       70  (17)      7 :  0.0560  0.9440  
 71       71  (29)      1 :  0.9720  0.0280  
 72       72  (51)      2 :  0.0190  0.9810  
 73       73  (22)      3 :  0.0120  0.9880  
 74       74  (14)      4 :  0.1690  0.8310  
 75       75  (18)      5 :  0.9840  0.0160  
 76       76  (25)      6 :  0.9340  0.0660  
 77       77  (12)      7 :  0.0510  0.9490  
 78       78  (21)      1 :  0.9870  0.0130  
 79       79  (14)      2 :  0.0080  0.9920  
 80       80  (22)      3 :  0.0160  0.9840  
 81       81  (11)      4 :  0.1240  0.8760  
 82       82  (25)      5 :  0.7650  0.2350  
 83       83  (12)      6 :  0.1760  0.8240  
 84       84  (18)      7 :  0.0490  0.9510  
 85       85   (9)      1 :  0.9790  0.0210  
 86       86  (24)      2 :  0.0470  0.9530  
 87       87  (47)      3 :  0.0320  0.9680  
 88       88  (27)      4 :  0.0220  0.9780  
 89       89  (14)      5 :  0.9380  0.0620  
 90       90  (24)      6 :  0.8830  0.1170  
 91       91  (20)      7 :  0.0380  0.9620  
 92       92  (10)      1 :  0.9830  0.0170  
 93       93  (21)      2 :  0.7990  0.2010  
 94       94  (27)      3 :  0.0090  0.9910  
 95       95   (9)      4 :  0.0270  0.9730  
 96       96  (40)      5 :  0.9380  0.0620  
 97       97  (26)      6 :  0.9790  0.0210  
 98       98  (15)      7 :  0.0810  0.9190  
 99       99  (23)      1 :  0.9520  0.0480  
100      100  (19)      2 :  0.0060  0.9940  
101      101  (60)      3 :  0.1520  0.8480  
102      102  (17)      4 :  0.0320  0.9680  
103      103  (18)      5 :  0.8620  0.1380  
104      104  (23)      6 :  0.6590  0.3410  
105      105  (20)      7 :  0.0360  0.9640  
