  1        1  (21)      1 :  0.0180  0.9700  0.0120  
  2        2   (8)      2 :  0.8410  0.1120  0.0470  
  3        3  (22)      3 :  0.1690  0.0300  0.8010  
  4        4  (12)      4 :  0.8460  0.0850  0.0690  
  5        5  (75)      5 :  0.0710  0.4270  0.5020  
  6        6  (23)      6 :  0.0160  0.1510  0.8330  
  7        7  (24)      7 :  0.0150  0.2770  0.7080  
  8        8  (40)      1 :  0.0190  0.7840  0.1970  
  9        9  (22)      2 :  0.9680  0.0170  0.0150  
 10       10  (33)      3 :  0.0260  0.7570  0.2170  
 11       11  (29)      4 :  0.9770  0.0050  0.0180  
 12       12  (25)      5 :  0.0230  0.9640  0.0130  
 13       13   (9)      6 :  0.0050  0.0140  0.9810  
 14       14  (52)      7 :  0.0330  0.0280  0.9389  
 15       15  (14)      1 :  0.0050  0.9810  0.0140  
 16       16  (17)      2 :  0.9560  0.0270  0.0170  
 17       17  (18)      3 :  0.3060  0.0120  0.6820  
 18       18  (14)      4 :  0.9460  0.0070  0.0470  
 19       19  (17)      5 :  0.1160  0.8360  0.0480  
 20       20   (9)      6 :  0.0700  0.0170  0.9130  
 21       21  (32)      7 :  0.0360  0.0150  0.9490  
 22       22  (12)      1 :  0.0160  0.9500  0.0340  
 23       23  (14)      2 :  0.9740  0.0060  0.0200  
 24       24  (16)      3 :  0.5560  0.0150  0.4290  
 25       25  (46)      4 :  0.9780  0.0110  0.0110  
 26       26  (10)      5 :  0.0410  0.9391  0.0200  
 27       27  (32)      6 :  0.0180  0.0120  0.9700  
 28       28  (18)      7 :  0.3570  0.0430  0.6000  
 29       29  (32)      1 :  0.0869  0.8392  0.0739  
 30       30  (18)      2 :  0.9500  0.0260  0.0240  
 31       31   (9)      3 :  0.2228  0.0080  0.7692  
 32       32  (32)      4 :  0.8580  0.0140  0.1280  
 33       33  (14)      5 :  0.1620  0.7330  0.1050  
 34       34  (30)      6 :  0.0370  0.0450  0.9180  
 35       35  (14)      7 :  0.2412  0.0300  0.7287  
 36       36  (21)      1 :  0.0430  0.9360  0.0210  
 37       37  (54)      2 :  0.8910  0.1010  0.0080  
 38       38  (45)      3 :  0.6710  0.0260  0.3030  
 39       39  (27)      4 :  0.9030  0.0510  0.0460  
 40       40  (13)      5 :  0.0320  0.9290  0.0390  
 41       41  (18)      6 :  0.0900  0.0070  0.9030  
 42       42  (66)      7 :  0.0660  0.1180  0.8160  
 43       43  (14)      1 :  0.0220  0.9710  0.0070  
 44       44  (22)      2 :  0.6510  0.2540  0.0950  
 45       45  (19)      3 :  0.2523  0.0831  0.6647  
 46       46  (22)      4 :  0.8380  0.0190  0.1430  
 47       47  (12)      5 :  0.0180  0.7260  0.2560  
 48       48  (11)      6 :  0.0630  0.0180  0.9190  
 49       49   (9)      7 :  0.2803  0.0100  0.7097  
 50       50  (30)      1 :  0.0060  0.9850  0.0090  
 51       51   (8)      2 :  0.8970  0.0580  0.0450  
 52       52   (9)      3 :  0.1010  0.0780  0.8210  
 53       53  (43)      4 :  0.7470  0.1630  0.0900  
 54       54  (21)      5 :  0.0050  0.9890  0.0060  
 55       55  (20)      6 :  0.0060  0.0180  0.9760  
 56       56   (6)      7 :  0.0090  0.0100  0.9810  
 57       57  (15)      1 :  0.0290  0.9460  0.0250  
 58       58   (7)      2 :  0.9770  0.0170  0.0060  
 59       59  (15)      3 :  0.3950  0.1410  0.4640  
 60       60   (9)      4 :  0.7820  0.0350  0.1830  
 61       61  (33)      5 :  0.0340  0.8650  0.1010  
 62       62  (12)      6 :  0.0140  0.1310  0.8550  
 63       63  (57)      7 :  0.0120  0.1570  0.8310  
 64       64  (23)      1 :  0.0140  0.9720  0.0140  
 65       65  (31)      2 :  0.9810  0.0130  0.0060  
 66       66  (17)      3 :  0.2240  0.2710  0.5050  
 67       67  (10)      4 :  0.8730  0.0190  0.1080  
 68       68   (8)      5 :  0.2450  0.6360  0.1190  
 69       69  (41)      6 :  0.0200  0.0080  0.9720  
 70       70  (17)      7 :  0.0150  0.0130  0.9720  
 71       71  (29)      1 :  0.0200  0.9650  0.0150  
 72       72  (51)      2 :  0.9650  0.0120  0.0230  
 73       73  (22)      3 :  0.7970  0.0260  0.1770  
 74       74  (14)      4 :  0.7890  0.1090  0.1020  
 75       75  (18)      5 :  0.0160  0.9640  0.0200  
 76       76  (25)      6 :  0.0220  0.0771  0.9009  
 77       77  (12)      7 :  0.0230  0.0340  0.9430  
 78       78  (21)      1 :  0.0080  0.9790  0.0130  
 79       79  (14)      2 :  0.9310  0.0090  0.0600  
 80       80  (22)      3 :  0.2288  0.0140  0.7572  
 81       81  (11)      4 :  0.9080  0.0750  0.0170  
 82       82  (25)      5 :  0.1220  0.6570  0.2210  
 83       83  (12)      6 :  0.0919  0.0100  0.8981  
 84       84  (18)      7 :  0.0090  0.0140  0.9770  
 85       85   (9)      1 :  0.0180  0.9600  0.0220  
 86       86  (24)      2 :  0.9720  0.0110  0.0170  
 87       87  (47)      3 :  0.9020  0.0240  0.0740  
 88       88  (27)      4 :  0.8360  0.0390  0.1250  
 89       89  (14)      5 :  0.0340  0.9461  0.0200  
 90       90  (24)      6 :  0.0190  0.0140  0.9670  
 91       91  (20)      7 :  0.0260  0.0150  0.9590  
 92       92  (10)      1 :  0.0080  0.9850  0.0070  
 93       93  (21)      2 :  0.4340  0.5540  0.0120  
 94       94  (27)      3 :  0.9540  0.0110  0.0350  
 95       95   (9)      4 :  0.5410  0.0200  0.4390  
 96       96  (40)      5 :  0.0590  0.6340  0.3070  
 97       97  (26)      6 :  0.0160  0.2807  0.7033  
 98       98  (15)      7 :  0.0460  0.0180  0.9360  
 99       99  (23)      1 :  0.0430  0.8660  0.0910  
100      100  (19)      2 :  0.9890  0.0040  0.0070  
101      101  (60)      3 :  0.1750  0.0520  0.7730  
102      102  (17)      4 :  0.8950  0.0610  0.0440  
103      103  (18)      5 :  0.0780  0.8620  0.0600  
104      104  (23)      6 :  0.0130  0.0410  0.9460  
105      105  (20)      7 :  0.1870  0.0500  0.7630  
