  1        1  (21)      1 :  0.0260  0.9630  0.0110  
  2        2   (8)      2 :  0.6930  0.0120  0.2950  
  3        3  (22)      3 :  0.9750  0.0150  0.0100  
  4        4  (12)      4 :  0.4870  0.3930  0.1200  
  5        5  (75)      5 :  0.0599  0.0440  0.8961  
  6        6  (23)      6 :  0.0230  0.9350  0.0420  
  7        7  (24)      7 :  0.0040  0.0570  0.9390  
  8        8  (40)      1 :  0.0330  0.7373  0.2298  
  9        9  (22)      2 :  0.8670  0.1100  0.0230  
 10       10  (33)      3 :  0.5150  0.3510  0.1340  
 11       11  (29)      4 :  0.2540  0.0090  0.7370  
 12       12  (25)      5 :  0.0260  0.0130  0.9610  
 13       13   (9)      6 :  0.0100  0.9810  0.0090  
 14       14  (52)      7 :  0.2610  0.0900  0.6490  
 15       15  (14)      1 :  0.0070  0.9840  0.0090  
 16       16  (17)      2 :  0.9120  0.0710  0.0170  
 17       17  (18)      3 :  0.9410  0.0210  0.0380  
 18       18  (14)      4 :  0.0390  0.0100  0.9510  
 19       19  (17)      5 :  0.0909  0.0370  0.8721  
 20       20   (9)      6 :  0.0550  0.9040  0.0410  
 21       21  (32)      7 :  0.0130  0.0110  0.9760  
 22       22  (12)      1 :  0.0240  0.9590  0.0170  
 23       23  (14)      2 :  0.9900  0.0040  0.0060  
 24       24  (16)      3 :  0.7140  0.0090  0.2770  
 25       25  (46)      4 :  0.0140  0.0090  0.9770  
 26       26  (10)      5 :  0.1190  0.0740  0.8070  
 27       27  (32)      6 :  0.0551  0.9259  0.0190  
 28       28  (18)      7 :  0.0950  0.0570  0.8480  
 29       29  (32)      1 :  0.3020  0.6620  0.0360  
 30       30  (18)      2 :  0.9320  0.0600  0.0080  
 31       31   (9)      3 :  0.7130  0.0290  0.2580  
 32       32  (32)      4 :  0.0870  0.0130  0.9000  
 33       33  (14)      5 :  0.1910  0.3470  0.4620  
 34       34  (30)      6 :  0.0150  0.9530  0.0320  
 35       35  (14)      7 :  0.0060  0.0070  0.9870  
 36       36  (21)      1 :  0.0140  0.9790  0.0070  
 37       37  (54)      2 :  0.9610  0.0320  0.0070  
 38       38  (45)      3 :  0.9470  0.0110  0.0420  
 39       39  (27)      4 :  0.4700  0.0790  0.4510  
 40       40  (13)      5 :  0.0370  0.5195  0.4436  
 41       41  (18)      6 :  0.1800  0.8090  0.0110  
 42       42  (66)      7 :  0.0290  0.0280  0.9430  
 43       43  (14)      1 :  0.0970  0.8960  0.0070  
 44       44  (22)      2 :  0.9080  0.0440  0.0480  
 45       45  (19)      3 :  0.8940  0.0300  0.0760  
 46       46  (22)      4 :  0.0110  0.0340  0.9550  
 47       47  (12)      5 :  0.0180  0.0200  0.9620  
 48       48  (11)      6 :  0.1010  0.8190  0.0800  
 49       49   (9)      7 :  0.3550  0.0140  0.6310  
 50       50  (30)      1 :  0.0080  0.9750  0.0170  
 51       51   (8)      2 :  0.9790  0.0130  0.0080  
 52       52   (9)      3 :  0.9260  0.0520  0.0220  
 53       53  (43)      4 :  0.0430  0.0340  0.9230  
 54       54  (21)      5 :  0.0120  0.0840  0.9040  
 55       55  (20)      6 :  0.0100  0.9810  0.0090  
 56       56   (6)      7 :  0.0120  0.0100  0.9780  
 57       57  (15)      1 :  0.0631  0.9219  0.0150  
 58       58   (7)      2 :  0.9420  0.0340  0.0240  
 59       59  (15)      3 :  0.7950  0.0620  0.1430  
 60       60   (9)      4 :  0.0080  0.1030  0.8890  
 61       61  (33)      5 :  0.0390  0.0260  0.9350  
 62       62  (12)      6 :  0.0190  0.6760  0.3050  
 63       63  (57)      7 :  0.0200  0.0390  0.9410  
 64       64  (23)      1 :  0.0120  0.9760  0.0120  
 65       65  (31)      2 :  0.9640  0.0140  0.0220  
 66       66  (17)      3 :  0.8068  0.0320  0.1612  
 67       67  (10)      4 :  0.1840  0.0110  0.8050  
 68       68   (8)      5 :  0.0100  0.0140  0.9760  
 69       69  (41)      6 :  0.3037  0.6543  0.0420  
 70       70  (17)      7 :  0.0140  0.1229  0.8631  
 71       71  (29)      1 :  0.0090  0.9770  0.0140  
 72       72  (51)      2 :  0.9610  0.0080  0.0310  
 73       73  (22)      3 :  0.9750  0.0110  0.0140  
 74       74  (14)      4 :  0.0200  0.0350  0.9450  
 75       75  (18)      5 :  0.0120  0.2540  0.7340  
 76       76  (25)      6 :  0.0990  0.8880  0.0130  
 77       77  (12)      7 :  0.0280  0.0160  0.9560  
 78       78  (21)      1 :  0.0050  0.9850  0.0100  
 79       79  (14)      2 :  0.9600  0.0170  0.0230  
 80       80  (22)      3 :  0.9281  0.0160  0.0559  
 81       81  (11)      4 :  0.0811  0.0370  0.8819  
 82       82  (25)      5 :  0.0340  0.0350  0.9310  
 83       83  (12)      6 :  0.1300  0.7250  0.1450  
 84       84  (18)      7 :  0.0110  0.0110  0.9780  
 85       85   (9)      1 :  0.0100  0.9660  0.0240  
 86       86  (24)      2 :  0.6950  0.2910  0.0140  
 87       87  (47)      3 :  0.9300  0.0460  0.0240  
 88       88  (27)      4 :  0.0750  0.0160  0.9090  
 89       89  (14)      5 :  0.0490  0.0110  0.9399  
 90       90  (24)      6 :  0.0260  0.9461  0.0280  
 91       91  (20)      7 :  0.0120  0.0370  0.9510  
 92       92  (10)      1 :  0.0100  0.9710  0.0190  
 93       93  (21)      2 :  0.7200  0.2030  0.0770  
 94       94  (27)      3 :  0.9800  0.0070  0.0130  
 95       95   (9)      4 :  0.0170  0.0150  0.9680  
 96       96  (40)      5 :  0.1030  0.0600  0.8370  
 97       97  (26)      6 :  0.0150  0.9430  0.0420  
 98       98  (15)      7 :  0.2290  0.1140  0.6570  
 99       99  (23)      1 :  0.0180  0.8690  0.1130  
100      100  (19)      2 :  0.9399  0.0060  0.0541  
101      101  (60)      3 :  0.3794  0.4685  0.1522  
102      102  (17)      4 :  0.0300  0.0110  0.9590  
103      103  (18)      5 :  0.4096  0.0290  0.5614  
104      104  (23)      6 :  0.0571  0.8178  0.1251  
105      105  (20)      7 :  0.0100  0.0140  0.9760  
