  1        1  (21)      1 :  0.0020  0.0260  0.0020  0.0020  0.0040  0.9640  
  2        2   (8)      2 :  0.6827  0.0060  0.0040  0.2192  0.0791  0.0090  
  3        3  (22)      3 :  0.0030  0.9880  0.0020  0.0030  0.0020  0.0020  
  4        4  (12)      4 :  0.0220  0.1191  0.0370  0.0040  0.6897  0.1281  
  5        5  (75)      5 :  0.0180  0.1229  0.0180  0.5265  0.2787  0.0360  
  6        6  (23)      6 :  0.0030  0.0080  0.9379  0.0310  0.0090  0.0110  
  7        7  (24)      7 :  0.0010  0.0020  0.0120  0.0460  0.8989  0.0400  
  8        8  (40)      1 :  0.0050  0.1060  0.0190  0.1000  0.1810  0.5890  
  9        9  (22)      2 :  0.9461  0.0090  0.0120  0.0080  0.0170  0.0080  
 10       10  (33)      3 :  0.0030  0.7570  0.0130  0.1270  0.0060  0.0940  
 11       11  (29)      4 :  0.0380  0.0090  0.0030  0.0030  0.9450  0.0020  
 12       12  (25)      5 :  0.0010  0.0030  0.0010  0.9910  0.0020  0.0020  
 13       13   (9)      6 :  0.0010  0.0020  0.9880  0.0040  0.0020  0.0030  
 14       14  (52)      7 :  0.0750  0.4470  0.0440  0.2130  0.1930  0.0280  
 15       15  (14)      1 :  0.0020  0.0050  0.0050  0.0020  0.0030  0.9830  
 16       16  (17)      2 :  0.9730  0.0040  0.0040  0.0030  0.0060  0.0100  
 17       17  (18)      3 :  0.0080  0.9690  0.0090  0.0040  0.0080  0.0020  
 18       18  (14)      4 :  0.0100  0.0030  0.0100  0.0090  0.9650  0.0030  
 19       19  (17)      5 :  0.0130  0.0050  0.0080  0.9510  0.0190  0.0040  
 20       20   (9)      6 :  0.0160  0.0050  0.9429  0.0030  0.0190  0.0140  
 21       21  (32)      7 :  0.0050  0.0210  0.0640  0.0520  0.8540  0.0040  
 22       22  (12)      1 :  0.0030  0.0030  0.0190  0.0020  0.0030  0.9700  
 23       23  (14)      2 :  0.9820  0.0100  0.0020  0.0020  0.0020  0.0020  
 24       24  (16)      3 :  0.0130  0.7067  0.0100  0.2392  0.0290  0.0020  
 25       25  (46)      4 :  0.0080  0.0030  0.0030  0.0070  0.9770  0.0020  
 26       26  (10)      5 :  0.0060  0.0390  0.0030  0.9370  0.0040  0.0110  
 27       27  (32)      6 :  0.0070  0.0090  0.9641  0.0040  0.0120  0.0040  
 28       28  (18)      7 :  0.1480  0.0020  0.0140  0.0050  0.8210  0.0100  
 29       29  (32)      1 :  0.0290  0.0490  0.0190  0.0080  0.0120  0.8831  
 30       30  (18)      2 :  0.9470  0.0160  0.0170  0.0040  0.0040  0.0120  
 31       31   (9)      3 :  0.0020  0.9290  0.0100  0.0050  0.0510  0.0030  
 32       32  (32)      4 :  0.0110  0.0260  0.0140  0.0180  0.9271  0.0040  
 33       33  (14)      5 :  0.0140  0.1798  0.0110  0.6294  0.0310  0.1349  
 34       34  (30)      6 :  0.0040  0.0030  0.9680  0.0110  0.0070  0.0070  
 35       35  (14)      7 :  0.0030  0.0030  0.0020  0.0040  0.9850  0.0030  
 36       36  (21)      1 :  0.0270  0.0140  0.0070  0.0050  0.0050  0.9421  
 37       37  (54)      2 :  0.9740  0.0030  0.0020  0.0030  0.0030  0.0150  
 38       38  (45)      3 :  0.0160  0.9440  0.0050  0.0100  0.0190  0.0060  
 39       39  (27)      4 :  0.2893  0.0450  0.0070  0.0120  0.6316  0.0150  
 40       40  (13)      5 :  0.0040  0.0110  0.0940  0.8650  0.0050  0.0210  
 41       41  (18)      6 :  0.0350  0.0060  0.9420  0.0020  0.0130  0.0020  
 42       42  (66)      7 :  0.0380  0.0060  0.0990  0.3540  0.4950  0.0080  
 43       43  (14)      1 :  0.0150  0.0210  0.0050  0.0050  0.0020  0.9520  
 44       44  (22)      2 :  0.8000  0.0220  0.0160  0.1380  0.0080  0.0160  
 45       45  (19)      3 :  0.0050  0.9421  0.0060  0.0040  0.0070  0.0360  
 46       46  (22)      4 :  0.0030  0.0020  0.0030  0.0020  0.9880  0.0020  
 47       47  (12)      5 :  0.0100  0.0120  0.0260  0.8611  0.0659  0.0250  
 48       48  (11)      6 :  0.0230  0.0741  0.8388  0.0230  0.0340  0.0070  
 49       49   (9)      7 :  0.1978  0.0300  0.0150  0.0050  0.7463  0.0060  
 50       50  (30)      1 :  0.0030  0.0040  0.0050  0.1080  0.0050  0.8750  
 51       51   (8)      2 :  0.7210  0.2520  0.0040  0.0080  0.0060  0.0090  
 52       52   (9)      3 :  0.0070  0.9490  0.0160  0.0050  0.0100  0.0130  
 53       53  (43)      4 :  0.0050  0.0541  0.0220  0.8128  0.1021  0.0040  
 54       54  (21)      5 :  0.0010  0.0020  0.0020  0.9910  0.0010  0.0030  
 55       55  (20)      6 :  0.0020  0.0020  0.9890  0.0020  0.0020  0.0030  
 56       56   (6)      7 :  0.0010  0.0390  0.0060  0.0130  0.9380  0.0030  
 57       57  (15)      1 :  0.0130  0.0140  0.0030  0.0030  0.0060  0.9610  
 58       58   (7)      2 :  0.9590  0.0050  0.0040  0.0050  0.0080  0.0190  
 59       59  (15)      3 :  0.0050  0.9211  0.0120  0.0400  0.0110  0.0110  
 60       60   (9)      4 :  0.0030  0.0040  0.0040  0.0040  0.9660  0.0190  
 61       61  (33)      5 :  0.0070  0.0120  0.0030  0.9700  0.0050  0.0030  
 62       62  (12)      6 :  0.0030  0.0120  0.6410  0.3280  0.0100  0.0060  
 63       63  (57)      7 :  0.0110  0.0070  0.0740  0.6730  0.2300  0.0050  
 64       64  (23)      1 :  0.0060  0.0020  0.0040  0.0040  0.0030  0.9810  
 65       65  (31)      2 :  0.9860  0.0020  0.0030  0.0030  0.0030  0.0030  
 66       66  (17)      3 :  0.0020  0.9410  0.0050  0.0350  0.0070  0.0100  
 67       67  (10)      4 :  0.0180  0.0140  0.0060  0.0030  0.9560  0.0030  
 68       68   (8)      5 :  0.0030  0.0020  0.0100  0.9260  0.0570  0.0020  
 69       69  (41)      6 :  0.0180  0.0639  0.8981  0.0040  0.0120  0.0040  
 70       70  (17)      7 :  0.0060  0.0080  0.0220  0.0050  0.9490  0.0100  
 71       71  (29)      1 :  0.0090  0.0050  0.0090  0.0120  0.0120  0.9530  
 72       72  (51)      2 :  0.8372  0.1189  0.0050  0.0100  0.0270  0.0020  
 73       73  (22)      3 :  0.0500  0.9170  0.0030  0.0060  0.0190  0.0050  
 74       74  (14)      4 :  0.0040  0.0140  0.0070  0.0120  0.9391  0.0240  
 75       75  (18)      5 :  0.0060  0.0020  0.0070  0.9670  0.0050  0.0130  
 76       76  (25)      6 :  0.0080  0.0030  0.9790  0.0040  0.0020  0.0040  
 77       77  (12)      7 :  0.0050  0.1470  0.0050  0.0450  0.7910  0.0070  
 78       78  (21)      1 :  0.0020  0.0020  0.0030  0.0020  0.0030  0.9880  
 79       79  (14)      2 :  0.9409  0.0050  0.0350  0.0100  0.0060  0.0030  
 80       80  (22)      3 :  0.0110  0.9340  0.0230  0.0070  0.0200  0.0050  
 81       81  (11)      4 :  0.0520  0.0100  0.0110  0.3240  0.5970  0.0060  
 82       82  (25)      5 :  0.0060  0.0620  0.0100  0.8970  0.0210  0.0040  
 83       83  (12)      6 :  0.0240  0.0240  0.7340  0.0060  0.2050  0.0070  
 84       84  (18)      7 :  0.0050  0.0110  0.0050  0.0190  0.9540  0.0060  
 85       85   (9)      1 :  0.0110  0.0030  0.1009  0.0290  0.0110  0.8452  
 86       86  (24)      2 :  0.9770  0.0020  0.0080  0.0020  0.0070  0.0040  
 87       87  (47)      3 :  0.0150  0.9480  0.0070  0.0230  0.0050  0.0020  
 88       88  (27)      4 :  0.0110  0.0170  0.0050  0.0110  0.9500  0.0060  
 89       89  (14)      5 :  0.0080  0.0090  0.0030  0.9690  0.0060  0.0050  
 90       90  (24)      6 :  0.0040  0.0090  0.9220  0.0050  0.0480  0.0120  
 91       91  (20)      7 :  0.0050  0.0080  0.0100  0.0060  0.9650  0.0060  
 92       92  (10)      1 :  0.0030  0.0030  0.0020  0.0090  0.0040  0.9790  
 93       93  (21)      2 :  0.6384  0.0030  0.0050  0.0659  0.0110  0.2767  
 94       94  (27)      3 :  0.0040  0.9860  0.0020  0.0020  0.0040  0.0020  
 95       95   (9)      4 :  0.0020  0.0040  0.0040  0.0020  0.9840  0.0040  
 96       96  (40)      5 :  0.0110  0.0130  0.0160  0.9510  0.0050  0.0040  
 97       97  (26)      6 :  0.0060  0.0030  0.9270  0.0140  0.0140  0.0360  
 98       98  (15)      7 :  0.0150  0.0100  0.2158  0.0060  0.7463  0.0070  
 99       99  (23)      1 :  0.0040  0.0180  0.0529  0.0220  0.0579  0.8452  
100      100  (19)      2 :  0.9720  0.0040  0.0010  0.0030  0.0170  0.0030  
101      101  (60)      3 :  0.0050  0.8520  0.0990  0.0140  0.0250  0.0050  
102      102  (17)      4 :  0.0180  0.0060  0.0050  0.0720  0.8960  0.0030  
103      103  (18)      5 :  0.0300  0.0801  0.0140  0.8338  0.0070  0.0350  
104      104  (23)      6 :  0.0080  0.0140  0.9039  0.0501  0.0190  0.0050  
105      105  (20)      7 :  0.0050  0.0030  0.0020  0.0060  0.9790  0.0050  
