  1        1  (21)      1 :  0.0060  0.0030  0.0080  0.0020  0.0030  0.9780  
  2        2   (8)      2 :  0.7190  0.0270  0.0090  0.1660  0.0740  0.0050  
  3        3  (22)      3 :  0.0040  0.0040  0.9800  0.0040  0.0020  0.0060  
  4        4  (12)      4 :  0.0060  0.0060  0.1180  0.0040  0.6360  0.2300  
  5        5  (75)      5 :  0.0160  0.3340  0.0920  0.4890  0.0260  0.0430  
  6        6  (23)      6 :  0.0040  0.0080  0.9020  0.0160  0.0390  0.0310  
  7        7  (24)      7 :  0.0010  0.9870  0.0020  0.0020  0.0030  0.0050  
  8        8  (40)      1 :  0.0060  0.1049  0.0230  0.0400  0.0120  0.8142  
  9        9  (22)      2 :  0.9560  0.0050  0.0060  0.0050  0.0160  0.0120  
 10       10  (33)      3 :  0.0020  0.0070  0.8018  0.1021  0.0050  0.0821  
 11       11  (29)      4 :  0.0250  0.0070  0.0040  0.0020  0.9600  0.0020  
 12       12  (25)      5 :  0.0010  0.0020  0.0020  0.9910  0.0020  0.0020  
 13       13   (9)      6 :  0.0020  0.0030  0.9840  0.0040  0.0020  0.0050  
 14       14  (52)      7 :  0.0430  0.3886  0.2897  0.2657  0.0050  0.0080  
 15       15  (14)      1 :  0.0020  0.0060  0.0070  0.0020  0.0020  0.9810  
 16       16  (17)      2 :  0.9750  0.0030  0.0030  0.0040  0.0040  0.0110  
 17       17  (18)      3 :  0.0100  0.0120  0.9710  0.0030  0.0020  0.0020  
 18       18  (14)      4 :  0.0130  0.0070  0.0050  0.0060  0.9660  0.0030  
 19       19  (17)      5 :  0.0400  0.0050  0.0150  0.8378  0.0941  0.0080  
 20       20   (9)      6 :  0.0160  0.0380  0.9000  0.0040  0.0250  0.0170  
 21       21  (32)      7 :  0.0030  0.9700  0.0110  0.0110  0.0030  0.0020  
 22       22  (12)      1 :  0.0020  0.0020  0.0040  0.0020  0.0040  0.9860  
 23       23  (14)      2 :  0.9890  0.0030  0.0030  0.0020  0.0020  0.0010  
 24       24  (16)      3 :  0.0150  0.0170  0.7608  0.1562  0.0501  0.0010  
 25       25  (46)      4 :  0.0030  0.0030  0.0020  0.0050  0.9850  0.0020  
 26       26  (10)      5 :  0.0090  0.0020  0.0120  0.9620  0.0070  0.0080  
 27       27  (32)      6 :  0.0080  0.0170  0.9600  0.0030  0.0040  0.0080  
 28       28  (18)      7 :  0.0971  0.8669  0.0100  0.0030  0.0110  0.0120  
 29       29  (32)      1 :  0.0619  0.0250  0.0719  0.0090  0.0070  0.8252  
 30       30  (18)      2 :  0.9700  0.0060  0.0080  0.0030  0.0030  0.0100  
 31       31   (9)      3 :  0.0030  0.0060  0.9760  0.0020  0.0110  0.0020  
 32       32  (32)      4 :  0.0060  0.0160  0.0090  0.0030  0.9630  0.0030  
 33       33  (14)      5 :  0.0150  0.0070  0.0271  0.6363  0.0140  0.3006  
 34       34  (30)      6 :  0.0120  0.0040  0.9149  0.0160  0.0280  0.0250  
 35       35  (14)      7 :  0.0080  0.9130  0.0020  0.0150  0.0580  0.0040  
 36       36  (21)      1 :  0.0150  0.0050  0.0070  0.0050  0.0070  0.9610  
 37       37  (54)      2 :  0.9530  0.0020  0.0030  0.0030  0.0040  0.0350  
 38       38  (45)      3 :  0.0190  0.0030  0.8970  0.0070  0.0700  0.0040  
 39       39  (27)      4 :  0.1091  0.0060  0.0310  0.0230  0.8048  0.0260  
 40       40  (13)      5 :  0.0040  0.0020  0.0420  0.9270  0.0030  0.0220  
 41       41  (18)      6 :  0.0430  0.0090  0.9370  0.0020  0.0040  0.0050  
 42       42  (66)      7 :  0.0130  0.8680  0.0500  0.0210  0.0360  0.0120  
 43       43  (14)      1 :  0.0140  0.0020  0.0180  0.0050  0.0050  0.9560  
 44       44  (22)      2 :  0.7413  0.0130  0.0809  0.1399  0.0040  0.0210  
 45       45  (19)      3 :  0.0070  0.0220  0.9460  0.0090  0.0030  0.0130  
 46       46  (22)      4 :  0.0030  0.0639  0.0040  0.0030  0.9231  0.0030  
 47       47  (12)      5 :  0.0130  0.2388  0.0240  0.6903  0.0150  0.0190  
 48       48  (11)      6 :  0.0100  0.0160  0.9560  0.0070  0.0070  0.0040  
 49       49   (9)      7 :  0.1990  0.7250  0.0420  0.0030  0.0260  0.0050  
 50       50  (30)      1 :  0.0050  0.0070  0.0050  0.0510  0.0030  0.9290  
 51       51   (8)      2 :  0.8819  0.0621  0.0180  0.0160  0.0050  0.0170  
 52       52   (9)      3 :  0.0110  0.0190  0.9510  0.0060  0.0020  0.0110  
 53       53  (43)      4 :  0.0020  0.0030  0.0340  0.0430  0.9109  0.0070  
 54       54  (21)      5 :  0.0010  0.0020  0.0020  0.9870  0.0020  0.0060  
 55       55  (20)      6 :  0.0120  0.0240  0.9119  0.0040  0.0030  0.0450  
 56       56   (6)      7 :  0.0020  0.9770  0.0040  0.0080  0.0050  0.0040  
 57       57  (15)      1 :  0.0090  0.0060  0.0060  0.0030  0.0020  0.9740  
 58       58   (7)      2 :  0.9470  0.0030  0.0060  0.0020  0.0280  0.0140  
 59       59  (15)      3 :  0.0060  0.0050  0.9030  0.0650  0.0070  0.0140  
 60       60   (9)      4 :  0.0030  0.0060  0.0050  0.0030  0.9660  0.0170  
 61       61  (33)      5 :  0.0190  0.0120  0.0160  0.9441  0.0060  0.0030  
 62       62  (12)      6 :  0.0050  0.0350  0.6040  0.3280  0.0210  0.0070  
 63       63  (57)      7 :  0.0090  0.9149  0.0150  0.0511  0.0050  0.0050  
 64       64  (23)      1 :  0.0060  0.0030  0.0040  0.0040  0.0030  0.9800  
 65       65  (31)      2 :  0.9830  0.0020  0.0030  0.0030  0.0070  0.0020  
 66       66  (17)      3 :  0.0060  0.0040  0.8262  0.1419  0.0090  0.0130  
 67       67  (10)      4 :  0.0260  0.0300  0.0130  0.0070  0.9141  0.0100  
 68       68   (8)      5 :  0.0050  0.0220  0.0040  0.8829  0.0841  0.0020  
 69       69  (41)      6 :  0.0050  0.0080  0.9750  0.0050  0.0050  0.0020  
 70       70  (17)      7 :  0.0140  0.9050  0.0580  0.0040  0.0090  0.0100  
 71       71  (29)      1 :  0.0100  0.0050  0.0140  0.0240  0.0140  0.9329  
 72       72  (51)      2 :  0.9170  0.0150  0.0120  0.0220  0.0290  0.0050  
 73       73  (22)      3 :  0.1687  0.0040  0.7894  0.0060  0.0240  0.0080  
 74       74  (14)      4 :  0.0040  0.0060  0.0060  0.0060  0.9640  0.0140  
 75       75  (18)      5 :  0.0070  0.0070  0.0060  0.9590  0.0070  0.0140  
 76       76  (25)      6 :  0.0220  0.0030  0.8879  0.0060  0.0050  0.0761  
 77       77  (12)      7 :  0.0090  0.9310  0.0080  0.0360  0.0090  0.0070  
 78       78  (21)      1 :  0.0030  0.0030  0.0030  0.0020  0.0020  0.9870  
 79       79  (14)      2 :  0.9401  0.0120  0.0170  0.0220  0.0060  0.0030  
 80       80  (22)      3 :  0.0450  0.0090  0.9200  0.0070  0.0160  0.0030  
 81       81  (11)      4 :  0.0160  0.0050  0.0190  0.0599  0.8861  0.0140  
 82       82  (25)      5 :  0.0070  0.0050  0.0190  0.9530  0.0120  0.0040  
 83       83  (12)      6 :  0.0150  0.1340  0.8230  0.0040  0.0100  0.0140  
 84       84  (18)      7 :  0.0030  0.9870  0.0020  0.0030  0.0030  0.0020  
 85       85   (9)      1 :  0.0090  0.0070  0.0120  0.0599  0.0080  0.9041  
 86       86  (24)      2 :  0.9660  0.0040  0.0070  0.0040  0.0100  0.0090  
 87       87  (47)      3 :  0.0130  0.0030  0.9580  0.0080  0.0150  0.0030  
 88       88  (27)      4 :  0.0130  0.0891  0.0240  0.0220  0.8448  0.0070  
 89       89  (14)      5 :  0.0140  0.0110  0.0090  0.9490  0.0110  0.0060  
 90       90  (24)      6 :  0.0040  0.0050  0.9490  0.0030  0.0280  0.0110  
 91       91  (20)      7 :  0.0050  0.9740  0.0110  0.0030  0.0030  0.0040  
 92       92  (10)      1 :  0.0020  0.0040  0.0020  0.0060  0.0050  0.9810  
 93       93  (21)      2 :  0.7413  0.0100  0.0040  0.0190  0.0040  0.2218  
 94       94  (27)      3 :  0.0170  0.0030  0.9520  0.0030  0.0220  0.0030  
 95       95   (9)      4 :  0.0040  0.2310  0.0200  0.0070  0.7280  0.0100  
 96       96  (40)      5 :  0.0160  0.0040  0.0380  0.9310  0.0070  0.0040  
 97       97  (26)      6 :  0.0100  0.0270  0.5580  0.0290  0.0110  0.3650  
 98       98  (15)      7 :  0.0979  0.7283  0.1229  0.0030  0.0240  0.0240  
 99       99  (23)      1 :  0.0020  0.0060  0.0280  0.0460  0.0200  0.8980  
100      100  (19)      2 :  0.9700  0.0100  0.0020  0.0020  0.0140  0.0020  
101      101  (60)      3 :  0.0060  0.0120  0.9229  0.0170  0.0200  0.0220  
102      102  (17)      4 :  0.0070  0.0070  0.0090  0.0110  0.9620  0.0040  
103      103  (18)      5 :  0.0060  0.0030  0.0080  0.9690  0.0040  0.0100  
104      104  (23)      6 :  0.0030  0.0450  0.8840  0.0600  0.0040  0.0040  
105      105  (20)      7 :  0.0100  0.7080  0.0060  0.0100  0.2540  0.0120  
