  1        1  (21)      1 :  0.0140  0.9810  0.0050  
  2        2   (8)      2 :  0.9489  0.0340  0.0170  
  3        3  (22)      3 :  0.6414  0.0859  0.2727  
  4        4  (12)      4 :  0.9201  0.0609  0.0190  
  5        5  (75)      5 :  0.1060  0.3610  0.5330  
  6        6  (23)      6 :  0.0460  0.2707  0.6833  
  7        7  (24)      7 :  0.0120  0.3100  0.6780  
  8        8  (40)      1 :  0.0090  0.9580  0.0330  
  9        9  (22)      2 :  0.9550  0.0280  0.0170  
 10       10  (33)      3 :  0.1100  0.8230  0.0670  
 11       11  (29)      4 :  0.9890  0.0040  0.0070  
 12       12  (25)      5 :  0.0160  0.9780  0.0060  
 13       13   (9)      6 :  0.0050  0.0080  0.9870  
 14       14  (52)      7 :  0.0880  0.1520  0.7600  
 15       15  (14)      1 :  0.0070  0.9299  0.0631  
 16       16  (17)      2 :  0.9220  0.0580  0.0200  
 17       17  (18)      3 :  0.8400  0.0400  0.1200  
 18       18  (14)      4 :  0.9640  0.0060  0.0300  
 19       19  (17)      5 :  0.3660  0.6020  0.0320  
 20       20   (9)      6 :  0.0180  0.0110  0.9710  
 21       21  (32)      7 :  0.0340  0.0110  0.9550  
 22       22  (12)      1 :  0.0150  0.9680  0.0170  
 23       23  (14)      2 :  0.9850  0.0060  0.0090  
 24       24  (16)      3 :  0.8960  0.0560  0.0480  
 25       25  (46)      4 :  0.9830  0.0080  0.0090  
 26       26  (10)      5 :  0.0450  0.9480  0.0070  
 27       27  (32)      6 :  0.0210  0.0080  0.9710  
 28       28  (18)      7 :  0.1920  0.0230  0.7850  
 29       29  (32)      1 :  0.0770  0.8770  0.0460  
 30       30  (18)      2 :  0.9100  0.0180  0.0720  
 31       31   (9)      3 :  0.8210  0.0160  0.1630  
 32       32  (32)      4 :  0.9400  0.0120  0.0480  
 33       33  (14)      5 :  0.0879  0.8771  0.0350  
 34       34  (30)      6 :  0.0260  0.0320  0.9420  
 35       35  (14)      7 :  0.1590  0.0730  0.7680  
 36       36  (21)      1 :  0.0090  0.9800  0.0110  
 37       37  (54)      2 :  0.9370  0.0560  0.0070  
 38       38  (45)      3 :  0.9740  0.0090  0.0170  
 39       39  (27)      4 :  0.9510  0.0310  0.0180  
 40       40  (13)      5 :  0.0150  0.9510  0.0340  
 41       41  (18)      6 :  0.0240  0.0040  0.9720  
 42       42  (66)      7 :  0.0200  0.0210  0.9590  
 43       43  (14)      1 :  0.0180  0.9770  0.0050  
 44       44  (22)      2 :  0.9060  0.0570  0.0370  
 45       45  (19)      3 :  0.8440  0.0380  0.1180  
 46       46  (22)      4 :  0.9500  0.0070  0.0430  
 47       47  (12)      5 :  0.0330  0.7510  0.2160  
 48       48  (11)      6 :  0.0260  0.0100  0.9640  
 49       49   (9)      7 :  0.3130  0.0050  0.6820  
 50       50  (30)      1 :  0.0060  0.9860  0.0080  
 51       51   (8)      2 :  0.9420  0.0360  0.0220  
 52       52   (9)      3 :  0.2260  0.5810  0.1930  
 53       53  (43)      4 :  0.8760  0.0480  0.0760  
 54       54  (21)      5 :  0.0030  0.9910  0.0060  
 55       55  (20)      6 :  0.0040  0.0060  0.9900  
 56       56   (6)      7 :  0.0190  0.0150  0.9660  
 57       57  (15)      1 :  0.0220  0.9700  0.0080  
 58       58   (7)      2 :  0.9840  0.0110  0.0050  
 59       59  (15)      3 :  0.6573  0.3227  0.0200  
 60       60   (9)      4 :  0.7888  0.0260  0.1852  
 61       61  (33)      5 :  0.0330  0.9409  0.0260  
 62       62  (12)      6 :  0.0120  0.1590  0.8290  
 63       63  (57)      7 :  0.0150  0.1250  0.8600  
 64       64  (23)      1 :  0.0080  0.9770  0.0150  
 65       65  (31)      2 :  0.9850  0.0100  0.0050  
 66       66  (17)      3 :  0.7330  0.2280  0.0390  
 67       67  (10)      4 :  0.9590  0.0160  0.0250  
 68       68   (8)      5 :  0.1640  0.7900  0.0460  
 69       69  (41)      6 :  0.0320  0.0070  0.9610  
 70       70  (17)      7 :  0.0120  0.0150  0.9730  
 71       71  (29)      1 :  0.0120  0.9800  0.0080  
 72       72  (51)      2 :  0.9880  0.0060  0.0060  
 73       73  (22)      3 :  0.9670  0.0210  0.0120  
 74       74  (14)      4 :  0.9131  0.0709  0.0160  
 75       75  (18)      5 :  0.0100  0.9680  0.0220  
 76       76  (25)      6 :  0.0100  0.0140  0.9760  
 77       77  (12)      7 :  0.0700  0.0510  0.8790  
 78       78  (21)      1 :  0.0100  0.9790  0.0110  
 79       79  (14)      2 :  0.8920  0.0110  0.0970  
 80       80  (22)      3 :  0.8970  0.0100  0.0930  
 81       81  (11)      4 :  0.9410  0.0470  0.0120  
 82       82  (25)      5 :  0.0690  0.8960  0.0350  
 83       83  (12)      6 :  0.0659  0.0100  0.9241  
 84       84  (18)      7 :  0.0100  0.0090  0.9810  
 85       85   (9)      1 :  0.0140  0.9300  0.0560  
 86       86  (24)      2 :  0.8820  0.0090  0.1090  
 87       87  (47)      3 :  0.9660  0.0170  0.0170  
 88       88  (27)      4 :  0.9500  0.0160  0.0340  
 89       89  (14)      5 :  0.0730  0.9010  0.0260  
 90       90  (24)      6 :  0.0340  0.0100  0.9560  
 91       91  (20)      7 :  0.0080  0.0120  0.9800  
 92       92  (10)      1 :  0.0050  0.9870  0.0080  
 93       93  (21)      2 :  0.5175  0.4635  0.0190  
 94       94  (27)      3 :  0.9900  0.0060  0.0040  
 95       95   (9)      4 :  0.8020  0.0460  0.1520  
 96       96  (40)      5 :  0.0400  0.7387  0.2212  
 97       97  (26)      6 :  0.0090  0.3110  0.6800  
 98       98  (15)      7 :  0.0400  0.0110  0.9490  
 99       99  (23)      1 :  0.0220  0.9530  0.0250  
100      100  (19)      2 :  0.9900  0.0040  0.0060  
101      101  (60)      3 :  0.2260  0.2200  0.5540  
102      102  (17)      4 :  0.9490  0.0270  0.0240  
103      103  (18)      5 :  0.0470  0.9270  0.0260  
104      104  (23)      6 :  0.0080  0.0390  0.9530  
105      105  (20)      7 :  0.2090  0.0580  0.7330  
