  1        1  (21)      1 :  0.0040  0.9830  0.0040  0.0020  0.0070  
  2        2   (8)      2 :  0.7373  0.0120  0.1459  0.0250  0.0799  
  3        3  (22)      3 :  0.0100  0.0030  0.0020  0.0080  0.9770  
  4        4  (12)      4 :  0.0090  0.0970  0.8600  0.0100  0.0240  
  5        5  (75)      5 :  0.0140  0.0150  0.0220  0.3640  0.5850  
  6        6  (23)      6 :  0.0040  0.0310  0.0150  0.7150  0.2350  
  7        7  (24)      7 :  0.0010  0.0080  0.0370  0.9520  0.0020  
  8        8  (40)      1 :  0.0060  0.8303  0.0110  0.0719  0.0808  
  9        9  (22)      2 :  0.9269  0.0210  0.0290  0.0160  0.0070  
 10       10  (33)      3 :  0.0030  0.0720  0.0040  0.0080  0.9130  
 11       11  (29)      4 :  0.0330  0.0020  0.9520  0.0060  0.0070  
 12       12  (25)      5 :  0.0020  0.0030  0.0030  0.0020  0.9900  
 13       13   (9)      6 :  0.0020  0.0040  0.0030  0.9860  0.0050  
 14       14  (52)      7 :  0.0301  0.0120  0.0070  0.1182  0.8327  
 15       15  (14)      1 :  0.0020  0.9830  0.0020  0.0110  0.0020  
 16       16  (17)      2 :  0.9640  0.0210  0.0050  0.0030  0.0070  
 17       17  (18)      3 :  0.0060  0.0030  0.0050  0.0210  0.9650  
 18       18  (14)      4 :  0.0110  0.0030  0.9750  0.0070  0.0040  
 19       19  (17)      5 :  0.0581  0.0160  0.0731  0.0911  0.7618  
 20       20   (9)      6 :  0.0070  0.0120  0.0100  0.9640  0.0070  
 21       21  (32)      7 :  0.0060  0.0030  0.0120  0.9470  0.0320  
 22       22  (12)      1 :  0.0030  0.9830  0.0060  0.0030  0.0050  
 23       23  (14)      2 :  0.9910  0.0020  0.0010  0.0030  0.0030  
 24       24  (16)      3 :  0.0080  0.0020  0.0100  0.0060  0.9740  
 25       25  (46)      4 :  0.0030  0.0020  0.9900  0.0020  0.0030  
 26       26  (10)      5 :  0.0050  0.0130  0.0040  0.0030  0.9750  
 27       27  (32)      6 :  0.0080  0.0060  0.0060  0.9740  0.0060  
 28       28  (18)      7 :  0.0980  0.0100  0.0250  0.8620  0.0050  
 29       29  (32)      1 :  0.0300  0.9100  0.0090  0.0280  0.0230  
 30       30  (18)      2 :  0.9530  0.0200  0.0040  0.0140  0.0090  
 31       31   (9)      3 :  0.0030  0.0020  0.0270  0.0140  0.9540  
 32       32  (32)      4 :  0.0070  0.0040  0.9620  0.0120  0.0150  
 33       33  (14)      5 :  0.0290  0.0611  0.0210  0.0390  0.8498  
 34       34  (30)      6 :  0.0100  0.0100  0.0140  0.9570  0.0090  
 35       35  (14)      7 :  0.0060  0.0080  0.4510  0.5230  0.0120  
 36       36  (21)      1 :  0.0130  0.9710  0.0050  0.0060  0.0050  
 37       37  (54)      2 :  0.9790  0.0140  0.0020  0.0020  0.0030  
 38       38  (45)      3 :  0.0130  0.0030  0.0549  0.0050  0.9241  
 39       39  (27)      4 :  0.2600  0.0070  0.7170  0.0090  0.0070  
 40       40  (13)      5 :  0.0070  0.0710  0.0090  0.0130  0.9000  
 41       41  (18)      6 :  0.1011  0.0020  0.0020  0.8909  0.0040  
 42       42  (66)      7 :  0.0060  0.0040  0.0180  0.9620  0.0100  
 43       43  (14)      1 :  0.0080  0.9740  0.0030  0.0020  0.0130  
 44       44  (22)      2 :  0.7920  0.0090  0.0050  0.0150  0.1790  
 45       45  (19)      3 :  0.0090  0.0300  0.0040  0.0280  0.9290  
 46       46  (22)      4 :  0.0020  0.0020  0.9810  0.0130  0.0020  
 47       47  (12)      5 :  0.0100  0.0700  0.0400  0.2230  0.6570  
 48       48  (11)      6 :  0.0250  0.0030  0.0080  0.9350  0.0290  
 49       49   (9)      7 :  0.1090  0.0040  0.0620  0.8190  0.0060  
 50       50  (30)      1 :  0.0040  0.9630  0.0130  0.0100  0.0100  
 51       51   (8)      2 :  0.7510  0.0100  0.0040  0.0110  0.2240  
 52       52   (9)      3 :  0.0050  0.0090  0.0020  0.0060  0.9780  
 53       53  (43)      4 :  0.0020  0.0060  0.9750  0.0100  0.0070  
 54       54  (21)      5 :  0.0020  0.1020  0.0020  0.0040  0.8900  
 55       55  (20)      6 :  0.0040  0.0070  0.0020  0.9830  0.0040  
 56       56   (6)      7 :  0.0020  0.0030  0.0120  0.8600  0.1230  
 57       57  (15)      1 :  0.0120  0.9740  0.0030  0.0050  0.0060  
 58       58   (7)      2 :  0.9320  0.0110  0.0480  0.0050  0.0040  
 59       59  (15)      3 :  0.0060  0.0080  0.0040  0.0080  0.9740  
 60       60   (9)      4 :  0.0020  0.0060  0.9850  0.0060  0.0010  
 61       61  (33)      5 :  0.0050  0.0040  0.0040  0.0040  0.9830  
 62       62  (12)      6 :  0.0050  0.0280  0.0150  0.9080  0.0440  
 63       63  (57)      7 :  0.0110  0.0050  0.0080  0.9480  0.0280  
 64       64  (23)      1 :  0.0040  0.9870  0.0020  0.0050  0.0020  
 65       65  (31)      2 :  0.9810  0.0030  0.0080  0.0040  0.0040  
 66       66  (17)      3 :  0.0020  0.0120  0.0070  0.0030  0.9760  
 67       67  (10)      4 :  0.0190  0.0050  0.9471  0.0180  0.0110  
 68       68   (8)      5 :  0.0060  0.0060  0.3580  0.0270  0.6030  
 69       69  (41)      6 :  0.0210  0.0030  0.0050  0.9610  0.0100  
 70       70  (17)      7 :  0.0040  0.0100  0.0230  0.9550  0.0080  
 71       71  (29)      1 :  0.0100  0.9570  0.0110  0.0120  0.0100  
 72       72  (51)      2 :  0.9199  0.0040  0.0140  0.0080  0.0541  
 73       73  (22)      3 :  0.0780  0.0040  0.0360  0.0050  0.8770  
 74       74  (14)      4 :  0.0030  0.0100  0.9700  0.0100  0.0070  
 75       75  (18)      5 :  0.0090  0.1502  0.0350  0.0340  0.7718  
 76       76  (25)      6 :  0.0380  0.0060  0.0030  0.9490  0.0040  
 77       77  (12)      7 :  0.0040  0.0060  0.0130  0.5335  0.4436  
 78       78  (21)      1 :  0.0030  0.9890  0.0020  0.0040  0.0020  
 79       79  (14)      2 :  0.9489  0.0030  0.0120  0.0230  0.0130  
 80       80  (22)      3 :  0.0190  0.0050  0.0110  0.0501  0.9149  
 81       81  (11)      4 :  0.0310  0.0120  0.9120  0.0070  0.0380  
 82       82  (25)      5 :  0.0040  0.0060  0.0100  0.0060  0.9740  
 83       83  (12)      6 :  0.0100  0.0400  0.0050  0.9369  0.0080  
 84       84  (18)      7 :  0.0030  0.0030  0.0040  0.9750  0.0150  
 85       85   (9)      1 :  0.0160  0.9289  0.0100  0.0310  0.0140  
 86       86  (24)      2 :  0.9800  0.0040  0.0070  0.0070  0.0020  
 87       87  (47)      3 :  0.0280  0.0060  0.0709  0.0040  0.8911  
 88       88  (27)      4 :  0.0180  0.0050  0.8298  0.0440  0.1031  
 89       89  (14)      5 :  0.0170  0.0160  0.0130  0.0070  0.9470  
 90       90  (24)      6 :  0.0050  0.0200  0.0240  0.9450  0.0060  
 91       91  (20)      7 :  0.0020  0.0090  0.0250  0.9580  0.0060  
 92       92  (10)      1 :  0.0030  0.9830  0.0040  0.0040  0.0060  
 93       93  (21)      2 :  0.5780  0.4100  0.0030  0.0030  0.0060  
 94       94  (27)      3 :  0.0110  0.0030  0.0080  0.0030  0.9750  
 95       95   (9)      4 :  0.0030  0.0440  0.8018  0.1261  0.0250  
 96       96  (40)      5 :  0.0080  0.0050  0.0040  0.0801  0.9029  
 97       97  (26)      6 :  0.0050  0.0340  0.0040  0.9489  0.0080  
 98       98  (15)      7 :  0.0880  0.0070  0.0040  0.8960  0.0050  
 99       99  (23)      1 :  0.0060  0.8981  0.0539  0.0130  0.0290  
100      100  (19)      2 :  0.9820  0.0020  0.0120  0.0020  0.0020  
101      101  (60)      3 :  0.0040  0.0160  0.1040  0.1450  0.7310  
102      102  (17)      4 :  0.0030  0.0030  0.9850  0.0040  0.0050  
103      103  (18)      5 :  0.0040  0.0050  0.0050  0.0030  0.9830  
104      104  (23)      6 :  0.0050  0.0040  0.0030  0.9560  0.0320  
105      105  (20)      7 :  0.0180  0.0120  0.3190  0.6410  0.0100  
