  1        1  (21)      1 :  0.0100  0.9790  0.0050  0.0030  0.0030  
  2        2   (8)      2 :  0.7680  0.0080  0.0930  0.0060  0.1250  
  3        3  (22)      3 :  0.9699  0.0040  0.0030  0.0180  0.0050  
  4        4  (12)      4 :  0.2997  0.1598  0.5155  0.0210  0.0040  
  5        5  (75)      5 :  0.0410  0.0250  0.3920  0.0160  0.5260  
  6        6  (23)      6 :  0.0090  0.0260  0.0190  0.8630  0.0830  
  7        7  (24)      7 :  0.0020  0.0430  0.9421  0.0070  0.0060  
  8        8  (40)      1 :  0.0160  0.8350  0.0560  0.0130  0.0800  
  9        9  (22)      2 :  0.8298  0.0110  0.0080  0.1381  0.0130  
 10       10  (33)      3 :  0.5250  0.2500  0.0130  0.0250  0.1870  
 11       11  (29)      4 :  0.1008  0.0040  0.8842  0.0050  0.0060  
 12       12  (25)      5 :  0.0050  0.0020  0.0030  0.0020  0.9880  
 13       13   (9)      6 :  0.0020  0.0030  0.0020  0.9900  0.0030  
 14       14  (52)      7 :  0.4164  0.0380  0.1321  0.0280  0.3854  
 15       15  (14)      1 :  0.0030  0.9850  0.0040  0.0050  0.0030  
 16       16  (17)      2 :  0.9220  0.0530  0.0090  0.0090  0.0070  
 17       17  (18)      3 :  0.9400  0.0040  0.0190  0.0290  0.0080  
 18       18  (14)      4 :  0.0140  0.0050  0.9500  0.0130  0.0180  
 19       19  (17)      5 :  0.0899  0.0070  0.0649  0.0340  0.8042  
 20       20   (9)      6 :  0.0130  0.0190  0.0370  0.9249  0.0060  
 21       21  (32)      7 :  0.0060  0.0030  0.9240  0.0150  0.0520  
 22       22  (12)      1 :  0.0140  0.9660  0.0070  0.0090  0.0040  
 23       23  (14)      2 :  0.9890  0.0020  0.0040  0.0030  0.0020  
 24       24  (16)      3 :  0.6610  0.0030  0.0170  0.0060  0.3130  
 25       25  (46)      4 :  0.0090  0.0040  0.9750  0.0050  0.0070  
 26       26  (10)      5 :  0.0260  0.0100  0.0040  0.0030  0.9570  
 27       27  (32)      6 :  0.0160  0.0040  0.0090  0.9650  0.0060  
 28       28  (18)      7 :  0.0330  0.0150  0.9270  0.0200  0.0050  
 29       29  (32)      1 :  0.1479  0.8092  0.0130  0.0150  0.0150  
 30       30  (18)      2 :  0.8900  0.0190  0.0040  0.0840  0.0030  
 31       31   (9)      3 :  0.7920  0.0090  0.1480  0.0270  0.0240  
 32       32  (32)      4 :  0.0430  0.0100  0.9080  0.0130  0.0260  
 33       33  (14)      5 :  0.0710  0.1610  0.0360  0.0060  0.7260  
 34       34  (30)      6 :  0.0080  0.0210  0.0140  0.9420  0.0150  
 35       35  (14)      7 :  0.0040  0.0060  0.9810  0.0020  0.0070  
 36       36  (21)      1 :  0.0070  0.9700  0.0050  0.0130  0.0050  
 37       37  (54)      2 :  0.8699  0.1201  0.0040  0.0030  0.0030  
 38       38  (45)      3 :  0.9490  0.0040  0.0280  0.0090  0.0100  
 39       39  (27)      4 :  0.4360  0.0380  0.4290  0.0430  0.0540  
 40       40  (13)      5 :  0.0070  0.0270  0.0030  0.0841  0.8789  
 41       41  (18)      6 :  0.0190  0.0040  0.0060  0.9690  0.0020  
 42       42  (66)      7 :  0.0130  0.0060  0.6620  0.0510  0.2680  
 43       43  (14)      1 :  0.0330  0.9520  0.0020  0.0070  0.0060  
 44       44  (22)      2 :  0.7950  0.0130  0.0080  0.0300  0.1540  
 45       45  (19)      3 :  0.9270  0.0140  0.0360  0.0130  0.0100  
 46       46  (22)      4 :  0.0020  0.0020  0.9860  0.0080  0.0020  
 47       47  (12)      5 :  0.0120  0.0220  0.1330  0.0150  0.8180  
 48       48  (11)      6 :  0.0160  0.0080  0.0240  0.9311  0.0210  
 49       49   (9)      7 :  0.1550  0.0030  0.8160  0.0230  0.0030  
 50       50  (30)      1 :  0.0050  0.9540  0.0080  0.0060  0.0270  
 51       51   (8)      2 :  0.9800  0.0070  0.0030  0.0070  0.0030  
 52       52   (9)      3 :  0.9439  0.0350  0.0060  0.0070  0.0080  
 53       53  (43)      4 :  0.0200  0.0120  0.0660  0.0120  0.8900  
 54       54  (21)      5 :  0.0020  0.0050  0.0020  0.0020  0.9890  
 55       55  (20)      6 :  0.0020  0.0030  0.0020  0.9900  0.0030  
 56       56   (6)      7 :  0.0080  0.0040  0.9560  0.0060  0.0260  
 57       57  (15)      1 :  0.0260  0.9590  0.0070  0.0030  0.0050  
 58       58   (7)      2 :  0.9410  0.0180  0.0210  0.0100  0.0100  
 59       59  (15)      3 :  0.7912  0.0290  0.0170  0.0100  0.1528  
 60       60   (9)      4 :  0.0030  0.0160  0.9690  0.0080  0.0040  
 61       61  (33)      5 :  0.0170  0.0070  0.0060  0.0050  0.9650  
 62       62  (12)      6 :  0.0080  0.0160  0.0420  0.6236  0.3103  
 63       63  (57)      7 :  0.0120  0.0100  0.7390  0.0910  0.1480  
 64       64  (23)      1 :  0.0050  0.9730  0.0060  0.0110  0.0050  
 65       65  (31)      2 :  0.9600  0.0160  0.0100  0.0040  0.0100  
 66       66  (17)      3 :  0.7110  0.0100  0.0140  0.0070  0.2580  
 67       67  (10)      4 :  0.0810  0.0040  0.9020  0.0070  0.0060  
 68       68   (8)      5 :  0.0020  0.0030  0.0230  0.0100  0.9620  
 69       69  (41)      6 :  0.0190  0.0020  0.0070  0.9680  0.0040  
 70       70  (17)      7 :  0.0060  0.0150  0.9039  0.0691  0.0060  
 71       71  (29)      1 :  0.0090  0.9510  0.0140  0.0120  0.0140  
 72       72  (51)      2 :  0.9690  0.0030  0.0120  0.0060  0.0100  
 73       73  (22)      3 :  0.9730  0.0080  0.0080  0.0030  0.0080  
 74       74  (14)      4 :  0.0080  0.0290  0.9249  0.0070  0.0310  
 75       75  (18)      5 :  0.0050  0.0090  0.0060  0.0140  0.9660  
 76       76  (25)      6 :  0.0060  0.0060  0.0050  0.9780  0.0050  
 77       77  (12)      7 :  0.0270  0.0100  0.8438  0.0060  0.1131  
 78       78  (21)      1 :  0.0030  0.9880  0.0030  0.0040  0.0020  
 79       79  (14)      2 :  0.8750  0.0040  0.0110  0.0920  0.0180  
 80       80  (22)      3 :  0.9520  0.0040  0.0230  0.0130  0.0080  
 81       81  (11)      4 :  0.0500  0.0250  0.6170  0.0090  0.2990  
 82       82  (25)      5 :  0.0120  0.0050  0.0090  0.0120  0.9620  
 83       83  (12)      6 :  0.0370  0.0120  0.1099  0.8332  0.0080  
 84       84  (18)      7 :  0.0090  0.0040  0.9421  0.0110  0.0340  
 85       85   (9)      1 :  0.0110  0.8740  0.0130  0.0770  0.0250  
 86       86  (24)      2 :  0.4150  0.0220  0.0190  0.5380  0.0060  
 87       87  (47)      3 :  0.9339  0.0150  0.0100  0.0190  0.0220  
 88       88  (27)      4 :  0.0270  0.0070  0.9469  0.0060  0.0130  
 89       89  (14)      5 :  0.0290  0.0050  0.0090  0.0030  0.9540  
 90       90  (24)      6 :  0.0140  0.0460  0.0530  0.8780  0.0090  
 91       91  (20)      7 :  0.0050  0.0060  0.9650  0.0170  0.0070  
 92       92  (10)      1 :  0.0030  0.9720  0.0080  0.0070  0.0100  
 93       93  (21)      2 :  0.7170  0.1720  0.0100  0.0060  0.0950  
 94       94  (27)      3 :  0.9820  0.0030  0.0070  0.0040  0.0040  
 95       95   (9)      4 :  0.0060  0.0070  0.9780  0.0040  0.0050  
 96       96  (40)      5 :  0.0130  0.0050  0.0110  0.0290  0.9420  
 97       97  (26)      6 :  0.0040  0.0970  0.0230  0.7880  0.0880  
 98       98  (15)      7 :  0.0700  0.0090  0.8290  0.0860  0.0060  
 99       99  (23)      1 :  0.0100  0.8390  0.0300  0.0320  0.0890  
100      100  (19)      2 :  0.9169  0.0050  0.0701  0.0020  0.0060  
101      101  (60)      3 :  0.4010  0.0380  0.0460  0.4510  0.0640  
102      102  (17)      4 :  0.0110  0.0050  0.9670  0.0040  0.0130  
103      103  (18)      5 :  0.0500  0.0090  0.0040  0.0060  0.9310  
104      104  (23)      6 :  0.0120  0.0070  0.0160  0.8531  0.1119  
105      105  (20)      7 :  0.0060  0.0120  0.9700  0.0030  0.0090  
