  1        1  (21)      1 :  0.0230  0.9690  0.0080  
  2        2   (8)      2 :  0.9020  0.0710  0.0270  
  3        3  (22)      3 :  0.3916  0.0460  0.5624  
  4        4  (12)      4 :  0.8720  0.0540  0.0740  
  5        5  (75)      5 :  0.0290  0.1850  0.7860  
  6        6  (23)      6 :  0.0370  0.3183  0.6446  
  7        7  (24)      7 :  0.0060  0.0260  0.9680  
  8        8  (40)      1 :  0.0190  0.8800  0.1010  
  9        9  (22)      2 :  0.9490  0.0260  0.0250  
 10       10  (33)      3 :  0.0310  0.9081  0.0609  
 11       11  (29)      4 :  0.9720  0.0050  0.0230  
 12       12  (25)      5 :  0.0250  0.9660  0.0090  
 13       13   (9)      6 :  0.0070  0.0310  0.9620  
 14       14  (52)      7 :  0.1200  0.0550  0.8250  
 15       15  (14)      1 :  0.0050  0.9450  0.0500  
 16       16  (17)      2 :  0.9520  0.0330  0.0150  
 17       17  (18)      3 :  0.6224  0.0150  0.3626  
 18       18  (14)      4 :  0.9471  0.0100  0.0430  
 19       19  (17)      5 :  0.1290  0.8420  0.0290  
 20       20   (9)      6 :  0.0620  0.0140  0.9240  
 21       21  (32)      7 :  0.0400  0.0100  0.9500  
 22       22  (12)      1 :  0.0150  0.9740  0.0110  
 23       23  (14)      2 :  0.9860  0.0050  0.0090  
 24       24  (16)      3 :  0.6690  0.0290  0.3020  
 25       25  (46)      4 :  0.9780  0.0080  0.0140  
 26       26  (10)      5 :  0.0300  0.9600  0.0100  
 27       27  (32)      6 :  0.0220  0.0130  0.9650  
 28       28  (18)      7 :  0.1471  0.0330  0.8198  
 29       29  (32)      1 :  0.1818  0.7792  0.0390  
 30       30  (18)      2 :  0.9300  0.0170  0.0530  
 31       31   (9)      3 :  0.4610  0.0200  0.5190  
 32       32  (32)      4 :  0.8899  0.0100  0.1001  
 33       33  (14)      5 :  0.1778  0.7602  0.0619  
 34       34  (30)      6 :  0.0640  0.0450  0.8910  
 35       35  (14)      7 :  0.2080  0.0250  0.7670  
 36       36  (21)      1 :  0.0160  0.9610  0.0230  
 37       37  (54)      2 :  0.9250  0.0660  0.0090  
 38       38  (45)      3 :  0.9150  0.0250  0.0600  
 39       39  (27)      4 :  0.9120  0.0300  0.0580  
 40       40  (13)      5 :  0.0550  0.9190  0.0260  
 41       41  (18)      6 :  0.0680  0.0060  0.9260  
 42       42  (66)      7 :  0.0350  0.0360  0.9290  
 43       43  (14)      1 :  0.0240  0.9700  0.0060  
 44       44  (22)      2 :  0.7822  0.1768  0.0410  
 45       45  (19)      3 :  0.5880  0.1720  0.2400  
 46       46  (22)      4 :  0.4040  0.0070  0.5890  
 47       47  (12)      5 :  0.0190  0.8010  0.1800  
 48       48  (11)      6 :  0.0890  0.0180  0.8930  
 49       49   (9)      7 :  0.2660  0.0100  0.7240  
 50       50  (30)      1 :  0.0060  0.9880  0.0060  
 51       51   (8)      2 :  0.9000  0.0700  0.0300  
 52       52   (9)      3 :  0.2192  0.4134  0.3674  
 53       53  (43)      4 :  0.7660  0.1530  0.0810  
 54       54  (21)      5 :  0.0050  0.9880  0.0070  
 55       55  (20)      6 :  0.0050  0.0200  0.9750  
 56       56   (6)      7 :  0.0070  0.0100  0.9830  
 57       57  (15)      1 :  0.0350  0.9460  0.0190  
 58       58   (7)      2 :  0.9730  0.0210  0.0060  
 59       59  (15)      3 :  0.6570  0.2650  0.0780  
 60       60   (9)      4 :  0.7090  0.0210  0.2700  
 61       61  (33)      5 :  0.0430  0.8960  0.0610  
 62       62  (12)      6 :  0.0140  0.1211  0.8649  
 63       63  (57)      7 :  0.0170  0.0300  0.9530  
 64       64  (23)      1 :  0.0080  0.9750  0.0170  
 65       65  (31)      2 :  0.9770  0.0160  0.0070  
 66       66  (17)      3 :  0.3000  0.5900  0.1100  
 67       67  (10)      4 :  0.8118  0.0160  0.1722  
 68       68   (8)      5 :  0.2637  0.6513  0.0849  
 69       69  (41)      6 :  0.0470  0.0100  0.9430  
 70       70  (17)      7 :  0.0120  0.0180  0.9700  
 71       71  (29)      1 :  0.0170  0.9710  0.0120  
 72       72  (51)      2 :  0.9780  0.0100  0.0120  
 73       73  (22)      3 :  0.9420  0.0230  0.0350  
 74       74  (14)      4 :  0.8511  0.0699  0.0789  
 75       75  (18)      5 :  0.0090  0.9800  0.0110  
 76       76  (25)      6 :  0.0210  0.0350  0.9439  
 77       77  (12)      7 :  0.0460  0.0360  0.9180  
 78       78  (21)      1 :  0.0090  0.9780  0.0130  
 79       79  (14)      2 :  0.8960  0.0080  0.0960  
 80       80  (22)      3 :  0.5940  0.0260  0.3800  
 81       81  (11)      4 :  0.9330  0.0530  0.0140  
 82       82  (25)      5 :  0.0950  0.8410  0.0640  
 83       83  (12)      6 :  0.0400  0.0220  0.9380  
 84       84  (18)      7 :  0.0140  0.0130  0.9730  
 85       85   (9)      1 :  0.0160  0.9610  0.0230  
 86       86  (24)      2 :  0.9440  0.0130  0.0430  
 87       87  (47)      3 :  0.9251  0.0280  0.0470  
 88       88  (27)      4 :  0.8300  0.0320  0.1380  
 89       89  (14)      5 :  0.0360  0.9460  0.0180  
 90       90  (24)      6 :  0.0260  0.0190  0.9550  
 91       91  (20)      7 :  0.0070  0.0150  0.9780  
 92       92  (10)      1 :  0.0060  0.9860  0.0080  
 93       93  (21)      2 :  0.4380  0.5450  0.0170  
 94       94  (27)      3 :  0.9840  0.0070  0.0090  
 95       95   (9)      4 :  0.5270  0.0120  0.4610  
 96       96  (40)      5 :  0.0610  0.7340  0.2050  
 97       97  (26)      6 :  0.0190  0.5710  0.4100  
 98       98  (15)      7 :  0.0290  0.0090  0.9620  
 99       99  (23)      1 :  0.0250  0.9190  0.0560  
100      100  (19)      2 :  0.9880  0.0050  0.0070  
101      101  (60)      3 :  0.2480  0.0790  0.6730  
102      102  (17)      4 :  0.8080  0.0970  0.0950  
103      103  (18)      5 :  0.0870  0.8800  0.0330  
104      104  (23)      6 :  0.0140  0.0230  0.9630  
105      105  (20)      7 :  0.0730  0.0400  0.8870  
