  1        1  (21)      1 :  0.9640  0.0360  
  2        2   (8)      2 :  0.1370  0.8630  
  3        3  (22)      3 :  0.0440  0.9560  
  4        4  (12)      4 :  0.0500  0.9500  
  5        5  (75)      5 :  0.5900  0.4100  
  6        6  (23)      6 :  0.6030  0.3970  
  7        7  (24)      7 :  0.9290  0.0710  
  8        8  (40)      1 :  0.8800  0.1200  
  9        9  (22)      2 :  0.0630  0.9370  
 10       10  (33)      3 :  0.9190  0.0810  
 11       11  (29)      4 :  0.0110  0.9890  
 12       12  (25)      5 :  0.9460  0.0540  
 13       13   (9)      6 :  0.7470  0.2530  
 14       14  (52)      7 :  0.1510  0.8490  
 15       15  (14)      1 :  0.9860  0.0140  
 16       16  (17)      2 :  0.1030  0.8970  
 17       17  (18)      3 :  0.0400  0.9600  
 18       18  (14)      4 :  0.0160  0.9840  
 19       19  (17)      5 :  0.8090  0.1910  
 20       20   (9)      6 :  0.3150  0.6850  
 21       21  (32)      7 :  0.0560  0.9440  
 22       22  (12)      1 :  0.9820  0.0180  
 23       23  (14)      2 :  0.0120  0.9880  
 24       24  (16)      3 :  0.0380  0.9620  
 25       25  (46)      4 :  0.0250  0.9750  
 26       26  (10)      5 :  0.9570  0.0430  
 27       27  (32)      6 :  0.2660  0.7340  
 28       28  (18)      7 :  0.0630  0.9370  
 29       29  (32)      1 :  0.8510  0.1490  
 30       30  (18)      2 :  0.0450  0.9550  
 31       31   (9)      3 :  0.0230  0.9770  
 32       32  (32)      4 :  0.0250  0.9750  
 33       33  (14)      5 :  0.7060  0.2940  
 34       34  (30)      6 :  0.5890  0.4110  
 35       35  (14)      7 :  0.0570  0.9430  
 36       36  (21)      1 :  0.9780  0.0220  
 37       37  (54)      2 :  0.2250  0.7750  
 38       38  (45)      3 :  0.0220  0.9780  
 39       39  (27)      4 :  0.0490  0.9510  
 40       40  (13)      5 :  0.9320  0.0680  
 41       41  (18)      6 :  0.1080  0.8920  
 42       42  (66)      7 :  0.2850  0.7150  
 43       43  (14)      1 :  0.9660  0.0340  
 44       44  (22)      2 :  0.3570  0.6430  
 45       45  (19)      3 :  0.0900  0.9100  
 46       46  (22)      4 :  0.0230  0.9770  
 47       47  (12)      5 :  0.8460  0.1540  
 48       48  (11)      6 :  0.1720  0.8280  
 49       49   (9)      7 :  0.0290  0.9710  
 50       50  (30)      1 :  0.9870  0.0130  
 51       51   (8)      2 :  0.0550  0.9450  
 52       52   (9)      3 :  0.4240  0.5760  
 53       53  (43)      4 :  0.2150  0.7850  
 54       54  (21)      5 :  0.9870  0.0130  
 55       55  (20)      6 :  0.9510  0.0490  
 56       56   (6)      7 :  0.0630  0.9370  
 57       57  (15)      1 :  0.9360  0.0640  
 58       58   (7)      2 :  0.0780  0.9220  
 59       59  (15)      3 :  0.1860  0.8140  
 60       60   (9)      4 :  0.0540  0.9460  
 61       61  (33)      5 :  0.8410  0.1590  
 62       62  (12)      6 :  0.8680  0.1320  
 63       63  (57)      7 :  0.8940  0.1060  
 64       64  (23)      1 :  0.9840  0.0160  
 65       65  (31)      2 :  0.0880  0.9120  
 66       66  (17)      3 :  0.4460  0.5540  
 67       67  (10)      4 :  0.0200  0.9800  
 68       68   (8)      5 :  0.7680  0.2320  
 69       69  (41)      6 :  0.0750  0.9250  
 70       70  (17)      7 :  0.1320  0.8680  
 71       71  (29)      1 :  0.9660  0.0340  
 72       72  (51)      2 :  0.0230  0.9770  
 73       73  (22)      3 :  0.0210  0.9790  
 74       74  (14)      4 :  0.0870  0.9130  
 75       75  (18)      5 :  0.9850  0.0150  
 76       76  (25)      6 :  0.7350  0.2650  
 77       77  (12)      7 :  0.0620  0.9380  
 78       78  (21)      1 :  0.9820  0.0180  
 79       79  (14)      2 :  0.0140  0.9860  
 80       80  (22)      3 :  0.0230  0.9770  
 81       81  (11)      4 :  0.1080  0.8920  
 82       82  (25)      5 :  0.8070  0.1930  
 83       83  (12)      6 :  0.2460  0.7540  
 84       84  (18)      7 :  0.0390  0.9610  
 85       85   (9)      1 :  0.9770  0.0230  
 86       86  (24)      2 :  0.0690  0.9310  
 87       87  (47)      3 :  0.0600  0.9400  
 88       88  (27)      4 :  0.0300  0.9700  
 89       89  (14)      5 :  0.9340  0.0660  
 90       90  (24)      6 :  0.5170  0.4830  
 91       91  (20)      7 :  0.0820  0.9180  
 92       92  (10)      1 :  0.9840  0.0160  
 93       93  (21)      2 :  0.7680  0.2320  
 94       94  (27)      3 :  0.0140  0.9860  
 95       95   (9)      4 :  0.0250  0.9750  
 96       96  (40)      5 :  0.9180  0.0820  
 97       97  (26)      6 :  0.9580  0.0420  
 98       98  (15)      7 :  0.0500  0.9500  
 99       99  (23)      1 :  0.9130  0.0870  
100      100  (19)      2 :  0.0090  0.9910  
101      101  (60)      3 :  0.2030  0.7970  
102      102  (17)      4 :  0.0810  0.9190  
103      103  (18)      5 :  0.8530  0.1470  
104      104  (23)      6 :  0.3570  0.6430  
105      105  (20)      7 :  0.0790  0.9210  
