  1        1  (21)      1 :  0.9580  0.0420  
  2        2   (8)      2 :  0.1780  0.8220  
  3        3  (22)      3 :  0.0570  0.9430  
  4        4  (12)      4 :  0.1140  0.8860  
  5        5  (75)      5 :  0.4480  0.5520  
  6        6  (23)      6 :  0.7830  0.2170  
  7        7  (24)      7 :  0.7510  0.2490  
  8        8  (40)      1 :  0.8970  0.1030  
  9        9  (22)      2 :  0.0950  0.9050  
 10       10  (33)      3 :  0.8810  0.1190  
 11       11  (29)      4 :  0.0120  0.9880  
 12       12  (25)      5 :  0.9270  0.0730  
 13       13   (9)      6 :  0.7340  0.2660  
 14       14  (52)      7 :  0.2850  0.7150  
 15       15  (14)      1 :  0.9870  0.0130  
 16       16  (17)      2 :  0.3380  0.6620  
 17       17  (18)      3 :  0.0360  0.9640  
 18       18  (14)      4 :  0.0250  0.9750  
 19       19  (17)      5 :  0.7550  0.2450  
 20       20   (9)      6 :  0.5630  0.4370  
 21       21  (32)      7 :  0.0460  0.9540  
 22       22  (12)      1 :  0.9720  0.0280  
 23       23  (14)      2 :  0.0140  0.9860  
 24       24  (16)      3 :  0.0380  0.9620  
 25       25  (46)      4 :  0.0280  0.9720  
 26       26  (10)      5 :  0.9480  0.0520  
 27       27  (32)      6 :  0.5470  0.4530  
 28       28  (18)      7 :  0.0440  0.9560  
 29       29  (32)      1 :  0.8990  0.1010  
 30       30  (18)      2 :  0.0950  0.9050  
 31       31   (9)      3 :  0.0240  0.9760  
 32       32  (32)      4 :  0.0310  0.9690  
 33       33  (14)      5 :  0.6220  0.3780  
 34       34  (30)      6 :  0.8040  0.1960  
 35       35  (14)      7 :  0.0750  0.9250  
 36       36  (21)      1 :  0.9710  0.0290  
 37       37  (54)      2 :  0.4280  0.5720  
 38       38  (45)      3 :  0.0240  0.9760  
 39       39  (27)      4 :  0.0470  0.9530  
 40       40  (13)      5 :  0.9650  0.0350  
 41       41  (18)      6 :  0.1820  0.8180  
 42       42  (66)      7 :  0.1340  0.8660  
 43       43  (14)      1 :  0.9700  0.0300  
 44       44  (22)      2 :  0.4320  0.5680  
 45       45  (19)      3 :  0.0680  0.9320  
 46       46  (22)      4 :  0.0300  0.9700  
 47       47  (12)      5 :  0.7910  0.2090  
 48       48  (11)      6 :  0.2810  0.7190  
 49       49   (9)      7 :  0.0170  0.9830  
 50       50  (30)      1 :  0.9800  0.0200  
 51       51   (8)      2 :  0.0690  0.9310  
 52       52   (9)      3 :  0.1960  0.8040  
 53       53  (43)      4 :  0.2340  0.7660  
 54       54  (21)      5 :  0.9810  0.0190  
 55       55  (20)      6 :  0.9450  0.0550  
 56       56   (6)      7 :  0.0660  0.9340  
 57       57  (15)      1 :  0.9570  0.0430  
 58       58   (7)      2 :  0.1080  0.8920  
 59       59  (15)      3 :  0.2700  0.7300  
 60       60   (9)      4 :  0.0630  0.9370  
 61       61  (33)      5 :  0.8030  0.1970  
 62       62  (12)      6 :  0.8670  0.1330  
 63       63  (57)      7 :  0.8320  0.1680  
 64       64  (23)      1 :  0.9830  0.0170  
 65       65  (31)      2 :  0.0460  0.9540  
 66       66  (17)      3 :  0.3400  0.6600  
 67       67  (10)      4 :  0.0210  0.9790  
 68       68   (8)      5 :  0.7150  0.2850  
 69       69  (41)      6 :  0.1230  0.8770  
 70       70  (17)      7 :  0.1150  0.8850  
 71       71  (29)      1 :  0.9640  0.0360  
 72       72  (51)      2 :  0.0250  0.9750  
 73       73  (22)      3 :  0.0190  0.9810  
 74       74  (14)      4 :  0.0780  0.9220  
 75       75  (18)      5 :  0.9770  0.0230  
 76       76  (25)      6 :  0.8650  0.1350  
 77       77  (12)      7 :  0.0760  0.9240  
 78       78  (21)      1 :  0.9820  0.0180  
 79       79  (14)      2 :  0.0140  0.9860  
 80       80  (22)      3 :  0.0460  0.9540  
 81       81  (11)      4 :  0.2260  0.7740  
 82       82  (25)      5 :  0.8210  0.1790  
 83       83  (12)      6 :  0.4310  0.5690  
 84       84  (18)      7 :  0.0590  0.9410  
 85       85   (9)      1 :  0.9800  0.0200  
 86       86  (24)      2 :  0.0860  0.9140  
 87       87  (47)      3 :  0.0990  0.9010  
 88       88  (27)      4 :  0.0290  0.9710  
 89       89  (14)      5 :  0.9160  0.0840  
 90       90  (24)      6 :  0.7760  0.2240  
 91       91  (20)      7 :  0.0950  0.9050  
 92       92  (10)      1 :  0.9750  0.0250  
 93       93  (21)      2 :  0.8800  0.1200  
 94       94  (27)      3 :  0.0140  0.9860  
 95       95   (9)      4 :  0.0840  0.9160  
 96       96  (40)      5 :  0.8650  0.1350  
 97       97  (26)      6 :  0.9480  0.0520  
 98       98  (15)      7 :  0.0590  0.9410  
 99       99  (23)      1 :  0.9360  0.0640  
100      100  (19)      2 :  0.0140  0.9860  
101      101  (60)      3 :  0.4680  0.5320  
102      102  (17)      4 :  0.0230  0.9770  
103      103  (18)      5 :  0.8220  0.1780  
104      104  (23)      6 :  0.6240  0.3760  
105      105  (20)      7 :  0.0880  0.9120  
