  1        1  (21)      1 :  0.0040  0.9850  0.0030  0.0080  
  2        2   (8)      2 :  0.0070  0.0070  0.1381  0.8478  
  3        3  (22)      3 :  0.0340  0.0060  0.9461  0.0140  
  4        4  (12)      4 :  0.0270  0.2062  0.0200  0.7467  
  5        5  (75)      5 :  0.0150  0.0180  0.9499  0.0170  
  6        6  (23)      6 :  0.9369  0.0210  0.0270  0.0150  
  7        7  (24)      7 :  0.0100  0.3930  0.5860  0.0110  
  8        8  (40)      1 :  0.0110  0.5045  0.4735  0.0110  
  9        9  (22)      2 :  0.0260  0.0090  0.0060  0.9590  
 10       10  (33)      3 :  0.0120  0.0550  0.9290  0.0040  
 11       11  (29)      4 :  0.0030  0.0040  0.0070  0.9860  
 12       12  (25)      5 :  0.0030  0.0050  0.9870  0.0050  
 13       13   (9)      6 :  0.9920  0.0030  0.0030  0.0020  
 14       14  (52)      7 :  0.0290  0.0100  0.9380  0.0230  
 15       15  (14)      1 :  0.0300  0.9590  0.0080  0.0030  
 16       16  (17)      2 :  0.0080  0.0170  0.0080  0.9670  
 17       17  (18)      3 :  0.0050  0.0070  0.9770  0.0110  
 18       18  (14)      4 :  0.0140  0.0030  0.0060  0.9770  
 19       19  (17)      5 :  0.0170  0.0100  0.8192  0.1538  
 20       20   (9)      6 :  0.9261  0.0120  0.0080  0.0539  
 21       21  (32)      7 :  0.0710  0.0050  0.8760  0.0480  
 22       22  (12)      1 :  0.0100  0.9810  0.0050  0.0040  
 23       23  (14)      2 :  0.0040  0.0030  0.0160  0.9770  
 24       24  (16)      3 :  0.0080  0.0020  0.8519  0.1381  
 25       25  (46)      4 :  0.0030  0.0040  0.0050  0.9880  
 26       26  (10)      5 :  0.0040  0.0250  0.9600  0.0110  
 27       27  (32)      6 :  0.9710  0.0050  0.0110  0.0130  
 28       28  (18)      7 :  0.0480  0.1089  0.1608  0.6823  
 29       29  (32)      1 :  0.0090  0.9310  0.0410  0.0190  
 30       30  (18)      2 :  0.0560  0.0190  0.0050  0.9200  
 31       31   (9)      3 :  0.0280  0.0040  0.9170  0.0510  
 32       32  (32)      4 :  0.0100  0.0060  0.0800  0.9040  
 33       33  (14)      5 :  0.0300  0.0549  0.8871  0.0280  
 34       34  (30)      6 :  0.9710  0.0100  0.0080  0.0110  
 35       35  (14)      7 :  0.0040  0.0130  0.6390  0.3440  
 36       36  (21)      1 :  0.0100  0.9570  0.0100  0.0230  
 37       37  (54)      2 :  0.0060  0.0730  0.0050  0.9160  
 38       38  (45)      3 :  0.0130  0.0070  0.6384  0.3417  
 39       39  (27)      4 :  0.0170  0.0110  0.0140  0.9580  
 40       40  (13)      5 :  0.1942  0.0290  0.7648  0.0120  
 41       41  (18)      6 :  0.9260  0.0040  0.0050  0.0650  
 42       42  (66)      7 :  0.1798  0.0290  0.4765  0.3147  
 43       43  (14)      1 :  0.0080  0.9710  0.0080  0.0130  
 44       44  (22)      2 :  0.0480  0.0150  0.4590  0.4780  
 45       45  (19)      3 :  0.0140  0.0350  0.9059  0.0450  
 46       46  (22)      4 :  0.0170  0.0190  0.0440  0.9200  
 47       47  (12)      5 :  0.0120  0.0270  0.9490  0.0120  
 48       48  (11)      6 :  0.8850  0.0070  0.0310  0.0770  
 49       49   (9)      7 :  0.0791  0.0130  0.2933  0.6146  
 50       50  (30)      1 :  0.0120  0.9330  0.0470  0.0080  
 51       51   (8)      2 :  0.0070  0.0260  0.0961  0.8709  
 52       52   (9)      3 :  0.0060  0.0100  0.9790  0.0050  
 53       53  (43)      4 :  0.2677  0.0230  0.0150  0.6943  
 54       54  (21)      5 :  0.0050  0.0280  0.9650  0.0020  
 55       55  (20)      6 :  0.9880  0.0050  0.0040  0.0030  
 56       56   (6)      7 :  0.0140  0.0050  0.9750  0.0060  
 57       57  (15)      1 :  0.0040  0.9530  0.0340  0.0090  
 58       58   (7)      2 :  0.0040  0.0110  0.0050  0.9800  
 59       59  (15)      3 :  0.0210  0.0230  0.8899  0.0661  
 60       60   (9)      4 :  0.0509  0.0669  0.0100  0.8721  
 61       61  (33)      5 :  0.0050  0.0060  0.9810  0.0080  
 62       62  (12)      6 :  0.6500  0.0370  0.3050  0.0080  
 63       63  (57)      7 :  0.0220  0.0110  0.9550  0.0120  
 64       64  (23)      1 :  0.0150  0.9730  0.0040  0.0080  
 65       65  (31)      2 :  0.0030  0.0080  0.0050  0.9840  
 66       66  (17)      3 :  0.0040  0.0130  0.9720  0.0110  
 67       67  (10)      4 :  0.0100  0.0240  0.0410  0.9250  
 68       68   (8)      5 :  0.0330  0.0090  0.9040  0.0540  
 69       69  (41)      6 :  0.9450  0.0050  0.0290  0.0210  
 70       70  (17)      7 :  0.2042  0.0170  0.7457  0.0330  
 71       71  (29)      1 :  0.0250  0.8899  0.0250  0.0601  
 72       72  (51)      2 :  0.0050  0.0040  0.0210  0.9700  
 73       73  (22)      3 :  0.0030  0.0180  0.3890  0.5900  
 74       74  (14)      4 :  0.0140  0.0780  0.0180  0.8900  
 75       75  (18)      5 :  0.0180  0.0270  0.9459  0.0090  
 76       76  (25)      6 :  0.9720  0.0170  0.0060  0.0050  
 77       77  (12)      7 :  0.0070  0.0040  0.9830  0.0060  
 78       78  (21)      1 :  0.0030  0.9920  0.0030  0.0020  
 79       79  (14)      2 :  0.0260  0.0040  0.0120  0.9580  
 80       80  (22)      3 :  0.0400  0.0060  0.8590  0.0950  
 81       81  (11)      4 :  0.0110  0.0110  0.0260  0.9520  
 82       82  (25)      5 :  0.0090  0.0070  0.9740  0.0100  
 83       83  (12)      6 :  0.8170  0.0120  0.0550  0.1160  
 84       84  (18)      7 :  0.0200  0.0070  0.9500  0.0230  
 85       85   (9)      1 :  0.1100  0.8490  0.0160  0.0250  
 86       86  (24)      2 :  0.1369  0.0060  0.0050  0.8521  
 87       87  (47)      3 :  0.0250  0.0050  0.7200  0.2500  
 88       88  (27)      4 :  0.0070  0.0100  0.0480  0.9350  
 89       89  (14)      5 :  0.0030  0.0080  0.9760  0.0130  
 90       90  (24)      6 :  0.9590  0.0110  0.0130  0.0170  
 91       91  (20)      7 :  0.0370  0.0160  0.9340  0.0130  
 92       92  (10)      1 :  0.0030  0.9840  0.0080  0.0050  
 93       93  (21)      2 :  0.0130  0.1950  0.0480  0.7440  
 94       94  (27)      3 :  0.0050  0.0150  0.1890  0.7910  
 95       95   (9)      4 :  0.0220  0.1610  0.2580  0.5590  
 96       96  (40)      5 :  0.0620  0.0090  0.9120  0.0170  
 97       97  (26)      6 :  0.8800  0.0890  0.0170  0.0140  
 98       98  (15)      7 :  0.2570  0.0200  0.5850  0.1380  
 99       99  (23)      1 :  0.0599  0.8851  0.0430  0.0120  
100      100  (19)      2 :  0.0020  0.0020  0.0040  0.9920  
101      101  (60)      3 :  0.1990  0.0130  0.7570  0.0310  
102      102  (17)      4 :  0.0090  0.0250  0.0310  0.9350  
103      103  (18)      5 :  0.0150  0.0400  0.9310  0.0140  
104      104  (23)      6 :  0.9210  0.0070  0.0660  0.0060  
105      105  (20)      7 :  0.0060  0.0240  0.9230  0.0470  
