  1        1  (21)      1 :  0.0030  0.0650  0.0020  0.0020  0.0050  0.9230  
  2        2   (8)      2 :  0.7542  0.0080  0.0080  0.1449  0.0779  0.0070  
  3        3  (22)      3 :  0.0040  0.9870  0.0020  0.0020  0.0020  0.0030  
  4        4  (12)      4 :  0.0100  0.1350  0.0090  0.0040  0.7440  0.0980  
  5        5  (75)      5 :  0.0100  0.1400  0.0220  0.2530  0.5310  0.0440  
  6        6  (23)      6 :  0.0040  0.0240  0.8350  0.0900  0.0100  0.0370  
  7        7  (24)      7 :  0.0010  0.0020  0.0040  0.0050  0.9770  0.0110  
  8        8  (40)      1 :  0.0100  0.0310  0.0110  0.0519  0.0460  0.8501  
  9        9  (22)      2 :  0.9370  0.0070  0.0290  0.0100  0.0080  0.0090  
 10       10  (33)      3 :  0.0050  0.7764  0.0110  0.0828  0.0130  0.1118  
 11       11  (29)      4 :  0.0410  0.0140  0.0030  0.0030  0.9351  0.0040  
 12       12  (25)      5 :  0.0020  0.0030  0.0010  0.9900  0.0020  0.0020  
 13       13   (9)      6 :  0.0010  0.0040  0.9880  0.0030  0.0020  0.0020  
 14       14  (52)      7 :  0.0530  0.7280  0.0430  0.0940  0.0570  0.0250  
 15       15  (14)      1 :  0.0020  0.0040  0.0160  0.0030  0.0050  0.9700  
 16       16  (17)      2 :  0.9700  0.0040  0.0050  0.0050  0.0070  0.0090  
 17       17  (18)      3 :  0.0050  0.9800  0.0040  0.0030  0.0050  0.0030  
 18       18  (14)      4 :  0.0370  0.0040  0.0130  0.0080  0.9360  0.0020  
 19       19  (17)      5 :  0.0970  0.0070  0.0160  0.7740  0.0990  0.0070  
 20       20   (9)      6 :  0.0080  0.0080  0.8212  0.0080  0.1389  0.0160  
 21       21  (32)      7 :  0.0030  0.0300  0.0280  0.0170  0.9190  0.0030  
 22       22  (12)      1 :  0.0030  0.0050  0.0060  0.0030  0.0030  0.9800  
 23       23  (14)      2 :  0.9800  0.0120  0.0020  0.0020  0.0020  0.0020  
 24       24  (16)      3 :  0.0070  0.7420  0.0050  0.2180  0.0260  0.0020  
 25       25  (46)      4 :  0.0060  0.0050  0.0040  0.0060  0.9760  0.0030  
 26       26  (10)      5 :  0.0080  0.0220  0.0030  0.9530  0.0030  0.0110  
 27       27  (32)      6 :  0.0080  0.0140  0.9510  0.0040  0.0170  0.0060  
 28       28  (18)      7 :  0.1542  0.0040  0.0120  0.0050  0.8108  0.0140  
 29       29  (32)      1 :  0.0790  0.0610  0.0220  0.0110  0.0240  0.8030  
 30       30  (18)      2 :  0.9349  0.0130  0.0260  0.0040  0.0060  0.0160  
 31       31   (9)      3 :  0.0030  0.9630  0.0140  0.0050  0.0120  0.0030  
 32       32  (32)      4 :  0.0240  0.0470  0.0140  0.0350  0.8731  0.0070  
 33       33  (14)      5 :  0.0200  0.1730  0.0080  0.6310  0.0150  0.1530  
 34       34  (30)      6 :  0.0150  0.0030  0.9530  0.0090  0.0080  0.0120  
 35       35  (14)      7 :  0.0040  0.0030  0.0020  0.0070  0.9800  0.0040  
 36       36  (21)      1 :  0.0110  0.0060  0.0070  0.0070  0.0030  0.9660  
 37       37  (54)      2 :  0.9710  0.0040  0.0030  0.0030  0.0030  0.0160  
 38       38  (45)      3 :  0.0640  0.8670  0.0080  0.0110  0.0430  0.0070  
 39       39  (27)      4 :  0.3590  0.0230  0.0180  0.0220  0.5590  0.0190  
 40       40  (13)      5 :  0.0050  0.0090  0.0370  0.9341  0.0040  0.0110  
 41       41  (18)      6 :  0.0720  0.0040  0.9120  0.0030  0.0070  0.0020  
 42       42  (66)      7 :  0.0090  0.0090  0.0910  0.0580  0.8270  0.0060  
 43       43  (14)      1 :  0.0090  0.0230  0.0050  0.0060  0.0030  0.9540  
 44       44  (22)      2 :  0.7020  0.1860  0.0060  0.0910  0.0070  0.0080  
 45       45  (19)      3 :  0.0050  0.9450  0.0070  0.0060  0.0080  0.0290  
 46       46  (22)      4 :  0.0020  0.0020  0.0060  0.0010  0.9870  0.0020  
 47       47  (12)      5 :  0.0130  0.0090  0.0380  0.7910  0.1130  0.0360  
 48       48  (11)      6 :  0.0130  0.0509  0.8661  0.0140  0.0480  0.0080  
 49       49   (9)      7 :  0.1950  0.0290  0.0110  0.0030  0.7590  0.0030  
 50       50  (30)      1 :  0.0070  0.0040  0.0050  0.0380  0.0060  0.9399  
 51       51   (8)      2 :  0.8960  0.0710  0.0040  0.0070  0.0060  0.0160  
 52       52   (9)      3 :  0.0100  0.9450  0.0080  0.0140  0.0060  0.0170  
 53       53  (43)      4 :  0.0040  0.0380  0.0240  0.9080  0.0150  0.0110  
 54       54  (21)      5 :  0.0010  0.0010  0.0010  0.9920  0.0020  0.0030  
 55       55  (20)      6 :  0.0020  0.0010  0.9900  0.0020  0.0020  0.0030  
 56       56   (6)      7 :  0.0010  0.1111  0.0060  0.0120  0.8659  0.0040  
 57       57  (15)      1 :  0.0120  0.0200  0.0020  0.0030  0.0040  0.9590  
 58       58   (7)      2 :  0.9210  0.0060  0.0060  0.0040  0.0230  0.0400  
 59       59  (15)      3 :  0.0070  0.8609  0.0090  0.0821  0.0120  0.0290  
 60       60   (9)      4 :  0.0020  0.0030  0.0080  0.0030  0.9710  0.0130  
 61       61  (33)      5 :  0.0150  0.0700  0.0050  0.9000  0.0060  0.0040  
 62       62  (12)      6 :  0.0040  0.0240  0.6364  0.2837  0.0280  0.0240  
 63       63  (57)      7 :  0.0180  0.0080  0.0370  0.0290  0.8989  0.0090  
 64       64  (23)      1 :  0.0030  0.0030  0.0050  0.0030  0.0040  0.9820  
 65       65  (31)      2 :  0.9870  0.0030  0.0020  0.0020  0.0040  0.0020  
 66       66  (17)      3 :  0.0040  0.8830  0.0050  0.0950  0.0070  0.0060  
 67       67  (10)      4 :  0.0260  0.0090  0.0060  0.0060  0.9489  0.0040  
 68       68   (8)      5 :  0.0050  0.0030  0.0100  0.9391  0.0400  0.0030  
 69       69  (41)      6 :  0.0080  0.0330  0.9450  0.0030  0.0080  0.0030  
 70       70  (17)      7 :  0.0080  0.0621  0.0250  0.0070  0.8869  0.0110  
 71       71  (29)      1 :  0.0150  0.0070  0.0170  0.0440  0.0110  0.9060  
 72       72  (51)      2 :  0.9011  0.0659  0.0040  0.0110  0.0150  0.0030  
 73       73  (22)      3 :  0.1110  0.8630  0.0020  0.0080  0.0080  0.0080  
 74       74  (14)      4 :  0.0040  0.0080  0.0080  0.0180  0.9370  0.0250  
 75       75  (18)      5 :  0.0100  0.0020  0.0140  0.9540  0.0060  0.0140  
 76       76  (25)      6 :  0.0040  0.0030  0.9760  0.0020  0.0030  0.0120  
 77       77  (12)      7 :  0.0050  0.1360  0.0030  0.0360  0.8130  0.0070  
 78       78  (21)      1 :  0.0030  0.0030  0.0030  0.0010  0.0020  0.9880  
 79       79  (14)      2 :  0.9159  0.0080  0.0390  0.0200  0.0130  0.0040  
 80       80  (22)      3 :  0.0140  0.9600  0.0060  0.0090  0.0090  0.0020  
 81       81  (11)      4 :  0.0320  0.0110  0.0110  0.3357  0.6054  0.0050  
 82       82  (25)      5 :  0.0030  0.0200  0.0060  0.9609  0.0070  0.0030  
 83       83  (12)      6 :  0.0240  0.0110  0.8650  0.0050  0.0870  0.0080  
 84       84  (18)      7 :  0.0050  0.0100  0.0080  0.0070  0.9630  0.0070  
 85       85   (9)      1 :  0.0090  0.0020  0.0610  0.0200  0.0130  0.8950  
 86       86  (24)      2 :  0.9620  0.0030  0.0200  0.0040  0.0060  0.0050  
 87       87  (47)      3 :  0.0070  0.9670  0.0080  0.0100  0.0040  0.0040  
 88       88  (27)      4 :  0.0150  0.0360  0.0040  0.0070  0.9321  0.0060  
 89       89  (14)      5 :  0.0200  0.0340  0.0050  0.9190  0.0130  0.0090  
 90       90  (24)      6 :  0.0090  0.0070  0.9450  0.0030  0.0240  0.0120  
 91       91  (20)      7 :  0.0040  0.0080  0.0370  0.0100  0.9340  0.0070  
 92       92  (10)      1 :  0.0020  0.0030  0.0030  0.0090  0.0050  0.9780  
 93       93  (21)      2 :  0.7420  0.0030  0.0050  0.0250  0.0050  0.2200  
 94       94  (27)      3 :  0.0070  0.9780  0.0020  0.0040  0.0060  0.0030  
 95       95   (9)      4 :  0.0040  0.0100  0.0050  0.0060  0.9700  0.0050  
 96       96  (40)      5 :  0.0100  0.0190  0.0260  0.9360  0.0050  0.0040  
 97       97  (26)      6 :  0.0090  0.0030  0.9001  0.0340  0.0080  0.0460  
 98       98  (15)      7 :  0.0641  0.0090  0.2703  0.0040  0.6466  0.0060  
 99       99  (23)      1 :  0.0050  0.0100  0.0110  0.0549  0.0130  0.9061  
100      100  (19)      2 :  0.9820  0.0020  0.0010  0.0020  0.0110  0.0020  
101      101  (60)      3 :  0.0070  0.6723  0.2438  0.0430  0.0240  0.0100  
102      102  (17)      4 :  0.0090  0.0040  0.0080  0.0160  0.9580  0.0050  
103      103  (18)      5 :  0.0200  0.0280  0.0040  0.9340  0.0040  0.0100  
104      104  (23)      6 :  0.0110  0.0140  0.8230  0.1190  0.0290  0.0040  
105      105  (20)      7 :  0.0070  0.0110  0.0020  0.0180  0.9510  0.0110  
