  1        1  (21)      1 :  0.0040  0.8290  0.0260  0.1330  0.0040  0.0010  0.0020  0.0010  
  2        2   (8)      2 :  0.0700  0.0050  0.0090  0.0170  0.7270  0.1350  0.0040  0.0330  
  3        3  (22)      3 :  0.0020  0.0030  0.9760  0.0030  0.0040  0.0030  0.0050  0.0040  
  4        4  (12)      4 :  0.6410  0.1170  0.1880  0.0070  0.0140  0.0030  0.0160  0.0140  
  5        5  (75)      5 :  0.0400  0.0180  0.1160  0.0570  0.0130  0.4340  0.0350  0.2870  
  6        6  (23)      6 :  0.0220  0.0080  0.0140  0.0570  0.0040  0.0720  0.8180  0.0050  
  7        7  (24)      7 :  0.0060  0.0070  0.0020  0.0180  0.0010  0.0030  0.0050  0.9580  
  8        8  (40)      1 :  0.0190  0.4955  0.0250  0.3197  0.0090  0.0390  0.0150  0.0779  
  9        9  (22)      2 :  0.0190  0.0190  0.0080  0.0100  0.8859  0.0140  0.0380  0.0060  
 10       10  (33)      3 :  0.0050  0.1770  0.6390  0.0030  0.0030  0.1560  0.0130  0.0040  
 11       11  (29)      4 :  0.9251  0.0020  0.0140  0.0020  0.0430  0.0040  0.0030  0.0070  
 12       12  (25)      5 :  0.0020  0.0020  0.0050  0.0010  0.0020  0.9830  0.0020  0.0030  
 13       13   (9)      6 :  0.0030  0.0040  0.0020  0.0020  0.0020  0.0030  0.9800  0.0040  
 14       14  (52)      7 :  0.0040  0.0110  0.3487  0.0330  0.0659  0.2498  0.0240  0.2637  
 15       15  (14)      1 :  0.0020  0.9430  0.0030  0.0340  0.0020  0.0030  0.0080  0.0050  
 16       16  (17)      2 :  0.0040  0.0080  0.0040  0.0370  0.9361  0.0030  0.0040  0.0040  
 17       17  (18)      3 :  0.0030  0.0020  0.9670  0.0090  0.0030  0.0030  0.0050  0.0080  
 18       18  (14)      4 :  0.9610  0.0020  0.0030  0.0040  0.0120  0.0040  0.0070  0.0070  
 19       19  (17)      5 :  0.0700  0.0080  0.0100  0.0080  0.1090  0.7790  0.0090  0.0070  
 20       20   (9)      6 :  0.0240  0.0080  0.0080  0.0410  0.0110  0.0040  0.8989  0.0050  
 21       21  (32)      7 :  0.0050  0.0020  0.0080  0.0040  0.0040  0.0160  0.0130  0.9480  
 22       22  (12)      1 :  0.0090  0.9491  0.0050  0.0200  0.0040  0.0040  0.0070  0.0020  
 23       23  (14)      2 :  0.0020  0.0010  0.0080  0.0020  0.9810  0.0030  0.0010  0.0020  
 24       24  (16)      3 :  0.0729  0.0020  0.6893  0.0030  0.0060  0.1938  0.0180  0.0150  
 25       25  (46)      4 :  0.9800  0.0030  0.0020  0.0020  0.0030  0.0050  0.0020  0.0030  
 26       26  (10)      5 :  0.0070  0.0210  0.0080  0.0020  0.0100  0.9479  0.0020  0.0020  
 27       27  (32)      6 :  0.0070  0.0020  0.0140  0.0030  0.0050  0.0060  0.9510  0.0120  
 28       28  (18)      7 :  0.0070  0.0080  0.0030  0.0060  0.0710  0.0030  0.0070  0.8950  
 29       29  (32)      1 :  0.0070  0.0150  0.0729  0.8272  0.0140  0.0070  0.0470  0.0100  
 30       30  (18)      2 :  0.0020  0.0170  0.0180  0.0060  0.9369  0.0030  0.0120  0.0050  
 31       31   (9)      3 :  0.0180  0.0030  0.9451  0.0040  0.0060  0.0040  0.0130  0.0070  
 32       32  (32)      4 :  0.9489  0.0020  0.0070  0.0080  0.0050  0.0030  0.0080  0.0180  
 33       33  (14)      5 :  0.0140  0.0070  0.1060  0.1490  0.0210  0.6840  0.0090  0.0100  
 34       34  (30)      6 :  0.0080  0.0040  0.0020  0.0090  0.0090  0.0110  0.9510  0.0060  
 35       35  (14)      7 :  0.0611  0.0090  0.0050  0.0030  0.0090  0.0180  0.0020  0.8929  
 36       36  (21)      1 :  0.0060  0.8930  0.0060  0.0560  0.0190  0.0070  0.0090  0.0040  
 37       37  (54)      2 :  0.0030  0.0100  0.0030  0.0170  0.9620  0.0020  0.0020  0.0010  
 38       38  (45)      3 :  0.0760  0.0050  0.8770  0.0050  0.0160  0.0110  0.0070  0.0030  
 39       39  (27)      4 :  0.6414  0.0080  0.0160  0.0779  0.2248  0.0100  0.0110  0.0110  
 40       40  (13)      5 :  0.0060  0.0160  0.0060  0.0120  0.0040  0.8959  0.0571  0.0030  
 41       41  (18)      6 :  0.0030  0.0020  0.0050  0.0120  0.0250  0.0020  0.9450  0.0060  
 42       42  (66)      7 :  0.0200  0.0060  0.0080  0.0030  0.0070  0.0858  0.0928  0.7774  
 43       43  (14)      1 :  0.0030  0.4565  0.0120  0.5135  0.0050  0.0030  0.0050  0.0020  
 44       44  (22)      2 :  0.0040  0.0060  0.1620  0.0220  0.6900  0.0830  0.0040  0.0290  
 45       45  (19)      3 :  0.0030  0.0080  0.9080  0.0050  0.0060  0.0050  0.0070  0.0580  
 46       46  (22)      4 :  0.9660  0.0030  0.0030  0.0020  0.0020  0.0020  0.0050  0.0170  
 47       47  (12)      5 :  0.0060  0.0050  0.0060  0.0170  0.0040  0.5445  0.0070  0.4106  
 48       48  (11)      6 :  0.0180  0.0120  0.0170  0.0050  0.0270  0.0120  0.8740  0.0350  
 49       49   (9)      7 :  0.0230  0.0040  0.0330  0.0030  0.0350  0.0020  0.0100  0.8901  
 50       50  (30)      1 :  0.0040  0.9489  0.0030  0.0070  0.0030  0.0190  0.0100  0.0050  
 51       51   (8)      2 :  0.0060  0.0100  0.1520  0.0070  0.7930  0.0120  0.0090  0.0110  
 52       52   (9)      3 :  0.0020  0.0220  0.9249  0.0040  0.0070  0.0100  0.0060  0.0240  
 53       53  (43)      4 :  0.9420  0.0170  0.0110  0.0020  0.0020  0.0080  0.0140  0.0040  
 54       54  (21)      5 :  0.0020  0.0040  0.0030  0.0140  0.0020  0.9670  0.0040  0.0040  
 55       55  (20)      6 :  0.0010  0.0020  0.0010  0.0030  0.0040  0.0030  0.9840  0.0020  
 56       56   (6)      7 :  0.0060  0.0040  0.0330  0.0020  0.0030  0.0080  0.0030  0.9410  
 57       57  (15)      1 :  0.0030  0.8492  0.0190  0.0729  0.0200  0.0040  0.0030  0.0290  
 58       58   (7)      2 :  0.0659  0.0130  0.0050  0.0160  0.8891  0.0050  0.0030  0.0030  
 59       59  (15)      3 :  0.0100  0.0070  0.8660  0.0100  0.0040  0.0940  0.0050  0.0040  
 60       60   (9)      4 :  0.9660  0.0150  0.0030  0.0020  0.0020  0.0020  0.0040  0.0060  
 61       61  (33)      5 :  0.0040  0.0050  0.0150  0.0020  0.0120  0.9481  0.0030  0.0110  
 62       62  (12)      6 :  0.0180  0.0230  0.0330  0.0180  0.0030  0.1702  0.6296  0.1051  
 63       63  (57)      7 :  0.0050  0.0050  0.0080  0.0050  0.0110  0.0400  0.0230  0.9030  
 64       64  (23)      1 :  0.0020  0.8242  0.0020  0.1538  0.0040  0.0030  0.0060  0.0050  
 65       65  (31)      2 :  0.0110  0.0010  0.0020  0.0030  0.9750  0.0030  0.0020  0.0030  
 66       66  (17)      3 :  0.0110  0.0160  0.7518  0.1091  0.0020  0.1021  0.0060  0.0020  
 67       67  (10)      4 :  0.8779  0.0100  0.0200  0.0050  0.0380  0.0090  0.0100  0.0300  
 68       68   (8)      5 :  0.1800  0.0020  0.0030  0.0050  0.0040  0.7650  0.0090  0.0320  
 69       69  (41)      6 :  0.0060  0.0030  0.0280  0.0020  0.0100  0.0060  0.9370  0.0080  
 70       70  (17)      7 :  0.0110  0.0070  0.0100  0.0430  0.0120  0.0040  0.0690  0.8440  
 71       71  (29)      1 :  0.0130  0.9090  0.0070  0.0230  0.0080  0.0180  0.0130  0.0090  
 72       72  (51)      2 :  0.0360  0.0030  0.0980  0.0080  0.8230  0.0180  0.0040  0.0100  
 73       73  (22)      3 :  0.0380  0.0130  0.8850  0.0030  0.0360  0.0150  0.0040  0.0060  
 74       74  (14)      4 :  0.9610  0.0070  0.0050  0.0080  0.0040  0.0050  0.0060  0.0040  
 75       75  (18)      5 :  0.0030  0.0160  0.0020  0.0040  0.0040  0.9630  0.0060  0.0020  
 76       76  (25)      6 :  0.0030  0.0060  0.0040  0.0440  0.0090  0.0030  0.9291  0.0020  
 77       77  (12)      7 :  0.0180  0.0050  0.0649  0.0270  0.0070  0.0480  0.0040  0.8262  
 78       78  (21)      1 :  0.0020  0.0601  0.0020  0.9229  0.0020  0.0020  0.0060  0.0030  
 79       79  (14)      2 :  0.0030  0.0020  0.0030  0.0040  0.9238  0.0110  0.0411  0.0120  
 80       80  (22)      3 :  0.0110  0.0060  0.9400  0.0020  0.0160  0.0040  0.0090  0.0120  
 81       81  (11)      4 :  0.8350  0.0370  0.0140  0.0040  0.0300  0.0560  0.0200  0.0040  
 82       82  (25)      5 :  0.0140  0.0060  0.0350  0.0040  0.0070  0.9170  0.0080  0.0090  
 83       83  (12)      6 :  0.0310  0.0180  0.0110  0.0170  0.0220  0.0060  0.8002  0.0949  
 84       84  (18)      7 :  0.0020  0.0020  0.0030  0.0020  0.0020  0.0040  0.0030  0.9820  
 85       85   (9)      1 :  0.0040  0.1260  0.0040  0.8160  0.0060  0.0270  0.0130  0.0040  
 86       86  (24)      2 :  0.0210  0.0110  0.0030  0.0030  0.9119  0.0030  0.0410  0.0060  
 87       87  (47)      3 :  0.0120  0.0030  0.9550  0.0070  0.0070  0.0070  0.0060  0.0030  
 88       88  (27)      4 :  0.8670  0.0040  0.0350  0.0080  0.0170  0.0190  0.0080  0.0420  
 89       89  (14)      5 :  0.0110  0.0030  0.0130  0.0270  0.0180  0.9160  0.0070  0.0050  
 90       90  (24)      6 :  0.0959  0.0260  0.0110  0.0140  0.0100  0.0070  0.8232  0.0130  
 91       91  (20)      7 :  0.0070  0.0040  0.0060  0.0030  0.0020  0.0040  0.0100  0.9640  
 92       92  (10)      1 :  0.0050  0.7440  0.0030  0.2240  0.0030  0.0140  0.0040  0.0030  
 93       93  (21)      2 :  0.0040  0.0421  0.0030  0.1162  0.7605  0.0461  0.0110  0.0170  
 94       94  (27)      3 :  0.0040  0.0020  0.9810  0.0030  0.0030  0.0020  0.0020  0.0030  
 95       95   (9)      4 :  0.7460  0.0110  0.0260  0.0030  0.0040  0.0030  0.0060  0.2010  
 96       96  (40)      5 :  0.0050  0.0100  0.0310  0.0060  0.0140  0.8780  0.0490  0.0070  
 97       97  (26)      6 :  0.0070  0.0130  0.0040  0.0370  0.0090  0.0350  0.8849  0.0100  
 98       98  (15)      7 :  0.0070  0.0100  0.0030  0.0020  0.0100  0.0020  0.3644  0.6016  
 99       99  (23)      1 :  0.1578  0.3367  0.0170  0.3796  0.0110  0.0759  0.0170  0.0050  
100      100  (19)      2 :  0.0070  0.0030  0.0040  0.0010  0.9730  0.0020  0.0010  0.0090  
101      101  (60)      3 :  0.0240  0.0050  0.7300  0.0440  0.0050  0.0180  0.1510  0.0230  
102      102  (17)      4 :  0.9490  0.0050  0.0050  0.0040  0.0050  0.0100  0.0130  0.0090  
103      103  (18)      5 :  0.0030  0.0030  0.0180  0.0871  0.0070  0.8729  0.0040  0.0050  
104      104  (23)      6 :  0.0030  0.0030  0.0140  0.0300  0.0050  0.0260  0.8740  0.0450  
105      105  (20)      7 :  0.2807  0.0080  0.0040  0.0080  0.0040  0.0070  0.0030  0.6853  
