  1        1  (21)      1 :  0.9470  0.0530  
  2        2   (8)      2 :  0.0770  0.9230  
  3        3  (22)      3 :  0.2250  0.7750  
  4        4  (12)      4 :  0.0940  0.9060  
  5        5  (75)      5 :  0.7440  0.2560  
  6        6  (23)      6 :  0.8920  0.1080  
  7        7  (24)      7 :  0.9670  0.0330  
  8        8  (40)      1 :  0.9630  0.0370  
  9        9  (22)      2 :  0.0360  0.9640  
 10       10  (33)      3 :  0.8840  0.1160  
 11       11  (29)      4 :  0.0130  0.9870  
 12       12  (25)      5 :  0.9170  0.0830  
 13       13   (9)      6 :  0.9480  0.0520  
 14       14  (52)      7 :  0.6590  0.3410  
 15       15  (14)      1 :  0.9820  0.0180  
 16       16  (17)      2 :  0.0430  0.9570  
 17       17  (18)      3 :  0.1250  0.8750  
 18       18  (14)      4 :  0.0260  0.9740  
 19       19  (17)      5 :  0.7070  0.2930  
 20       20   (9)      6 :  0.6330  0.3670  
 21       21  (32)      7 :  0.6600  0.3400  
 22       22  (12)      1 :  0.9570  0.0430  
 23       23  (14)      2 :  0.0150  0.9850  
 24       24  (16)      3 :  0.1520  0.8480  
 25       25  (46)      4 :  0.0260  0.9740  
 26       26  (10)      5 :  0.9030  0.0970  
 27       27  (32)      6 :  0.7490  0.2510  
 28       28  (18)      7 :  0.4190  0.5810  
 29       29  (32)      1 :  0.7850  0.2150  
 30       30  (18)      2 :  0.0510  0.9490  
 31       31   (9)      3 :  0.1230  0.8770  
 32       32  (32)      4 :  0.0470  0.9530  
 33       33  (14)      5 :  0.8200  0.1800  
 34       34  (30)      6 :  0.8680  0.1320  
 35       35  (14)      7 :  0.4410  0.5590  
 36       36  (21)      1 :  0.9760  0.0240  
 37       37  (54)      2 :  0.0590  0.9410  
 38       38  (45)      3 :  0.0470  0.9530  
 39       39  (27)      4 :  0.0670  0.9330  
 40       40  (13)      5 :  0.9520  0.0480  
 41       41  (18)      6 :  0.6440  0.3560  
 42       42  (66)      7 :  0.7090  0.2910  
 43       43  (14)      1 :  0.9060  0.0940  
 44       44  (22)      2 :  0.1000  0.9000  
 45       45  (19)      3 :  0.1640  0.8360  
 46       46  (22)      4 :  0.1140  0.8860  
 47       47  (12)      5 :  0.9200  0.0800  
 48       48  (11)      6 :  0.5240  0.4760  
 49       49   (9)      7 :  0.1640  0.8360  
 50       50  (30)      1 :  0.9820  0.0180  
 51       51   (8)      2 :  0.0810  0.9190  
 52       52   (9)      3 :  0.6990  0.3010  
 53       53  (43)      4 :  0.0990  0.9010  
 54       54  (21)      5 :  0.9860  0.0140  
 55       55  (20)      6 :  0.9820  0.0180  
 56       56   (6)      7 :  0.6770  0.3230  
 57       57  (15)      1 :  0.9310  0.0690  
 58       58   (7)      2 :  0.0320  0.9680  
 59       59  (15)      3 :  0.4040  0.5960  
 60       60   (9)      4 :  0.2040  0.7960  
 61       61  (33)      5 :  0.8680  0.1320  
 62       62  (12)      6 :  0.9290  0.0710  
 63       63  (57)      7 :  0.9370  0.0630  
 64       64  (23)      1 :  0.9820  0.0180  
 65       65  (31)      2 :  0.0200  0.9800  
 66       66  (17)      3 :  0.4340  0.5660  
 67       67  (10)      4 :  0.0740  0.9260  
 68       68   (8)      5 :  0.7720  0.2280  
 69       69  (41)      6 :  0.4000  0.6000  
 70       70  (17)      7 :  0.6800  0.3200  
 71       71  (29)      1 :  0.9610  0.0390  
 72       72  (51)      2 :  0.0190  0.9810  
 73       73  (22)      3 :  0.0410  0.9590  
 74       74  (14)      4 :  0.1010  0.8990  
 75       75  (18)      5 :  0.9700  0.0300  
 76       76  (25)      6 :  0.8930  0.1070  
 77       77  (12)      7 :  0.6490  0.3510  
 78       78  (21)      1 :  0.9760  0.0240  
 79       79  (14)      2 :  0.0300  0.9700  
 80       80  (22)      3 :  0.0740  0.9260  
 81       81  (11)      4 :  0.0950  0.9050  
 82       82  (25)      5 :  0.8200  0.1800  
 83       83  (12)      6 :  0.6390  0.3610  
 84       84  (18)      7 :  0.7430  0.2570  
 85       85   (9)      1 :  0.9720  0.0280  
 86       86  (24)      2 :  0.0400  0.9600  
 87       87  (47)      3 :  0.0590  0.9410  
 88       88  (27)      4 :  0.0570  0.9430  
 89       89  (14)      5 :  0.8850  0.1150  
 90       90  (24)      6 :  0.9160  0.0840  
 91       91  (20)      7 :  0.7970  0.2030  
 92       92  (10)      1 :  0.9720  0.0280  
 93       93  (21)      2 :  0.4400  0.5600  
 94       94  (27)      3 :  0.0150  0.9850  
 95       95   (9)      4 :  0.2340  0.7660  
 96       96  (40)      5 :  0.9090  0.0910  
 97       97  (26)      6 :  0.9650  0.0350  
 98       98  (15)      7 :  0.6710  0.3290  
 99       99  (23)      1 :  0.8700  0.1300  
100      100  (19)      2 :  0.0110  0.9890  
101      101  (60)      3 :  0.5740  0.4260  
102      102  (17)      4 :  0.0660  0.9340  
103      103  (18)      5 :  0.8080  0.1920  
104      104  (23)      6 :  0.8620  0.1380  
105      105  (20)      7 :  0.5730  0.4270  
