  1        1  (21)      1 :  0.0030  0.0740  0.0020  0.0020  0.0020  0.9170  
  2        2   (8)      2 :  0.7293  0.0060  0.0040  0.1688  0.0839  0.0080  
  3        3  (22)      3 :  0.0060  0.9810  0.0050  0.0030  0.0020  0.0030  
  4        4  (12)      4 :  0.0180  0.0681  0.0070  0.0040  0.8118  0.0911  
  5        5  (75)      5 :  0.0220  0.0400  0.0210  0.5880  0.3080  0.0210  
  6        6  (23)      6 :  0.0030  0.0170  0.8669  0.0881  0.0150  0.0100  
  7        7  (24)      7 :  0.0010  0.0020  0.0200  0.0630  0.8820  0.0320  
  8        8  (40)      1 :  0.0060  0.0470  0.0140  0.0430  0.0570  0.8330  
  9        9  (22)      2 :  0.9220  0.0080  0.0250  0.0080  0.0160  0.0210  
 10       10  (33)      3 :  0.0040  0.5700  0.0120  0.2840  0.0040  0.1260  
 11       11  (29)      4 :  0.0270  0.0130  0.0030  0.0030  0.9510  0.0030  
 12       12  (25)      5 :  0.0020  0.0050  0.0010  0.9880  0.0020  0.0020  
 13       13   (9)      6 :  0.0010  0.0030  0.9880  0.0020  0.0030  0.0030  
 14       14  (52)      7 :  0.0501  0.7127  0.0490  0.1311  0.0290  0.0280  
 15       15  (14)      1 :  0.0020  0.0040  0.0110  0.0020  0.0030  0.9780  
 16       16  (17)      2 :  0.9670  0.0030  0.0060  0.0040  0.0030  0.0170  
 17       17  (18)      3 :  0.0060  0.9680  0.0100  0.0060  0.0070  0.0030  
 18       18  (14)      4 :  0.0180  0.0070  0.0100  0.0060  0.9560  0.0030  
 19       19  (17)      5 :  0.0870  0.0070  0.0350  0.8390  0.0260  0.0060  
 20       20   (9)      6 :  0.0120  0.0100  0.9351  0.0060  0.0180  0.0190  
 21       21  (32)      7 :  0.0050  0.0400  0.0200  0.0420  0.8899  0.0030  
 22       22  (12)      1 :  0.0030  0.0040  0.0050  0.0050  0.0050  0.9780  
 23       23  (14)      2 :  0.9870  0.0050  0.0020  0.0020  0.0020  0.0020  
 24       24  (16)      3 :  0.0100  0.7660  0.0090  0.1790  0.0340  0.0020  
 25       25  (46)      4 :  0.0070  0.0030  0.0030  0.0060  0.9790  0.0020  
 26       26  (10)      5 :  0.0070  0.0130  0.0050  0.9590  0.0030  0.0130  
 27       27  (32)      6 :  0.0070  0.0080  0.9710  0.0030  0.0070  0.0040  
 28       28  (18)      7 :  0.1070  0.0040  0.0180  0.0050  0.8520  0.0140  
 29       29  (32)      1 :  0.0340  0.0621  0.0240  0.0100  0.0130  0.8569  
 30       30  (18)      2 :  0.9250  0.0320  0.0130  0.0040  0.0050  0.0210  
 31       31   (9)      3 :  0.0020  0.9620  0.0140  0.0030  0.0170  0.0020  
 32       32  (32)      4 :  0.0100  0.0390  0.0090  0.0160  0.9220  0.0040  
 33       33  (14)      5 :  0.0140  0.1812  0.0370  0.7107  0.0190  0.0380  
 34       34  (30)      6 :  0.0110  0.0040  0.9550  0.0110  0.0100  0.0090  
 35       35  (14)      7 :  0.0040  0.0050  0.0020  0.0080  0.9760  0.0050  
 36       36  (21)      1 :  0.0070  0.0040  0.0070  0.0060  0.0050  0.9710  
 37       37  (54)      2 :  0.9770  0.0040  0.0030  0.0030  0.0020  0.0110  
 38       38  (45)      3 :  0.0220  0.9230  0.0050  0.0120  0.0340  0.0040  
 39       39  (27)      4 :  0.3714  0.0220  0.0110  0.0070  0.5796  0.0090  
 40       40  (13)      5 :  0.0050  0.0090  0.0410  0.9200  0.0040  0.0210  
 41       41  (18)      6 :  0.0791  0.0140  0.8969  0.0020  0.0060  0.0020  
 42       42  (66)      7 :  0.0080  0.0080  0.1050  0.0730  0.8020  0.0040  
 43       43  (14)      1 :  0.0140  0.0520  0.0060  0.0050  0.0020  0.9210  
 44       44  (22)      2 :  0.7770  0.0250  0.0260  0.1540  0.0070  0.0110  
 45       45  (19)      3 :  0.0040  0.9369  0.0130  0.0070  0.0100  0.0290  
 46       46  (22)      4 :  0.0020  0.0010  0.0050  0.0020  0.9880  0.0020  
 47       47  (12)      5 :  0.0080  0.0080  0.0100  0.8690  0.0830  0.0220  
 48       48  (11)      6 :  0.0170  0.0270  0.8839  0.0150  0.0511  0.0060  
 49       49   (9)      7 :  0.0920  0.0150  0.0060  0.0020  0.8810  0.0040  
 50       50  (30)      1 :  0.0040  0.0050  0.0100  0.0350  0.0080  0.9380  
 51       51   (8)      2 :  0.7133  0.2647  0.0030  0.0060  0.0060  0.0070  
 52       52   (9)      3 :  0.0070  0.9670  0.0040  0.0080  0.0060  0.0080  
 53       53  (43)      4 :  0.0040  0.1720  0.0890  0.2380  0.4830  0.0140  
 54       54  (21)      5 :  0.0010  0.0040  0.0030  0.9860  0.0020  0.0040  
 55       55  (20)      6 :  0.0030  0.0010  0.9870  0.0040  0.0020  0.0030  
 56       56   (6)      7 :  0.0020  0.0310  0.0040  0.0250  0.9339  0.0040  
 57       57  (15)      1 :  0.0110  0.0110  0.0040  0.0040  0.0030  0.9670  
 58       58   (7)      2 :  0.9530  0.0100  0.0050  0.0050  0.0120  0.0150  
 59       59  (15)      3 :  0.0050  0.8498  0.0180  0.1051  0.0070  0.0150  
 60       60   (9)      4 :  0.0030  0.0020  0.0050  0.0020  0.9770  0.0110  
 61       61  (33)      5 :  0.0080  0.0170  0.0040  0.9610  0.0070  0.0030  
 62       62  (12)      6 :  0.0040  0.0080  0.5670  0.3870  0.0200  0.0140  
 63       63  (57)      7 :  0.0130  0.0060  0.0530  0.7590  0.1640  0.0050  
 64       64  (23)      1 :  0.0040  0.0030  0.0040  0.0030  0.0030  0.9830  
 65       65  (31)      2 :  0.9810  0.0030  0.0030  0.0060  0.0040  0.0030  
 66       66  (17)      3 :  0.0030  0.9019  0.0050  0.0551  0.0050  0.0300  
 67       67  (10)      4 :  0.0230  0.0180  0.0050  0.0040  0.9470  0.0030  
 68       68   (8)      5 :  0.0050  0.0020  0.0080  0.9230  0.0600  0.0020  
 69       69  (41)      6 :  0.0120  0.0300  0.9441  0.0040  0.0070  0.0030  
 70       70  (17)      7 :  0.0050  0.0180  0.0921  0.0080  0.8579  0.0190  
 71       71  (29)      1 :  0.0100  0.0060  0.0100  0.0130  0.0120  0.9491  
 72       72  (51)      2 :  0.8422  0.1279  0.0040  0.0050  0.0170  0.0040  
 73       73  (22)      3 :  0.0790  0.8900  0.0030  0.0070  0.0160  0.0050  
 74       74  (14)      4 :  0.0060  0.0100  0.0050  0.0080  0.9570  0.0140  
 75       75  (18)      5 :  0.0060  0.0030  0.0090  0.9690  0.0040  0.0090  
 76       76  (25)      6 :  0.0120  0.0030  0.9710  0.0050  0.0030  0.0060  
 77       77  (12)      7 :  0.0050  0.1190  0.0060  0.1200  0.7450  0.0050  
 78       78  (21)      1 :  0.0030  0.0020  0.0040  0.0030  0.0030  0.9850  
 79       79  (14)      2 :  0.9389  0.0160  0.0180  0.0100  0.0140  0.0030  
 80       80  (22)      3 :  0.0260  0.8989  0.0340  0.0160  0.0200  0.0050  
 81       81  (11)      4 :  0.0850  0.0070  0.0090  0.2260  0.6640  0.0090  
 82       82  (25)      5 :  0.0060  0.0320  0.0050  0.9400  0.0130  0.0040  
 83       83  (12)      6 :  0.0150  0.0160  0.8100  0.0060  0.1090  0.0440  
 84       84  (18)      7 :  0.0040  0.0250  0.0130  0.0270  0.9259  0.0050  
 85       85   (9)      1 :  0.0140  0.0030  0.0840  0.0530  0.0130  0.8330  
 86       86  (24)      2 :  0.9740  0.0020  0.0110  0.0030  0.0050  0.0050  
 87       87  (47)      3 :  0.0060  0.9630  0.0090  0.0120  0.0040  0.0060  
 88       88  (27)      4 :  0.0160  0.0300  0.0060  0.0090  0.9320  0.0070  
 89       89  (14)      5 :  0.0130  0.0150  0.0040  0.9520  0.0060  0.0100  
 90       90  (24)      6 :  0.0050  0.0110  0.9380  0.0080  0.0220  0.0160  
 91       91  (20)      7 :  0.0040  0.0040  0.0220  0.0070  0.9570  0.0060  
 92       92  (10)      1 :  0.0030  0.0030  0.0030  0.0090  0.0040  0.9780  
 93       93  (21)      2 :  0.6006  0.0030  0.0030  0.0200  0.0070  0.3664  
 94       94  (27)      3 :  0.0030  0.9890  0.0020  0.0020  0.0020  0.0020  
 95       95   (9)      4 :  0.0020  0.0090  0.0050  0.0040  0.9730  0.0070  
 96       96  (40)      5 :  0.0130  0.0120  0.0250  0.9400  0.0060  0.0040  
 97       97  (26)      6 :  0.0070  0.0020  0.8597  0.0681  0.0130  0.0501  
 98       98  (15)      7 :  0.1450  0.0210  0.1430  0.0050  0.6800  0.0060  
 99       99  (23)      1 :  0.0020  0.0310  0.0190  0.0430  0.0360  0.8689  
100      100  (19)      2 :  0.9800  0.0020  0.0010  0.0020  0.0120  0.0030  
101      101  (60)      3 :  0.0080  0.5700  0.3380  0.0130  0.0620  0.0090  
102      102  (17)      4 :  0.0070  0.0060  0.0030  0.0080  0.9730  0.0030  
103      103  (18)      5 :  0.0100  0.0450  0.0040  0.9330  0.0030  0.0050  
104      104  (23)      6 :  0.0080  0.0180  0.9001  0.0609  0.0080  0.0050  
105      105  (20)      7 :  0.0050  0.0030  0.0020  0.0070  0.9720  0.0110  
