  1        1  (21)      1 :  0.9431  0.0020  0.0030  0.0040  0.0030  0.0430  0.0020  
  2        2   (8)      2 :  0.0110  0.0090  0.0751  0.0460  0.7548  0.0080  0.0961  
  3        3  (22)      3 :  0.0030  0.0020  0.0020  0.0030  0.0030  0.9850  0.0020  
  4        4  (12)      4 :  0.1199  0.0040  0.7722  0.0080  0.0090  0.0829  0.0040  
  5        5  (75)      5 :  0.0361  0.0170  0.0210  0.5932  0.0090  0.0862  0.2375  
  6        6  (23)      6 :  0.0240  0.8350  0.0140  0.0030  0.0040  0.0150  0.1050  
  7        7  (24)      7 :  0.0060  0.0020  0.0040  0.9830  0.0010  0.0020  0.0020  
  8        8  (40)      1 :  0.8290  0.0140  0.0160  0.0720  0.0090  0.0280  0.0320  
  9        9  (22)      2 :  0.0090  0.0180  0.0180  0.0040  0.9390  0.0050  0.0070  
 10       10  (33)      3 :  0.0870  0.0080  0.0060  0.0100  0.0040  0.7620  0.1230  
 11       11  (29)      4 :  0.0030  0.0030  0.9520  0.0070  0.0140  0.0170  0.0040  
 12       12  (25)      5 :  0.0020  0.0010  0.0020  0.0030  0.0010  0.0030  0.9880  
 13       13   (9)      6 :  0.0020  0.9880  0.0020  0.0020  0.0010  0.0030  0.0020  
 14       14  (52)      7 :  0.0170  0.0310  0.0090  0.4995  0.0310  0.2252  0.1872  
 15       15  (14)      1 :  0.9690  0.0160  0.0030  0.0050  0.0020  0.0030  0.0020  
 16       16  (17)      2 :  0.0180  0.0030  0.0070  0.0050  0.9570  0.0030  0.0070  
 17       17  (18)      3 :  0.0030  0.0030  0.0020  0.0170  0.0030  0.9680  0.0040  
 18       18  (14)      4 :  0.0020  0.0080  0.9640  0.0070  0.0110  0.0030  0.0050  
 19       19  (17)      5 :  0.0050  0.0130  0.2078  0.0050  0.0390  0.0060  0.7243  
 20       20   (9)      6 :  0.0140  0.8550  0.0780  0.0280  0.0110  0.0080  0.0060  
 21       21  (32)      7 :  0.0030  0.0130  0.0050  0.9590  0.0030  0.0110  0.0060  
 22       22  (12)      1 :  0.9770  0.0060  0.0060  0.0020  0.0030  0.0030  0.0030  
 23       23  (14)      2 :  0.0010  0.0020  0.0020  0.0020  0.9830  0.0080  0.0020  
 24       24  (16)      3 :  0.0030  0.0070  0.0280  0.0240  0.0040  0.6670  0.2670  
 25       25  (46)      4 :  0.0020  0.0020  0.9870  0.0020  0.0020  0.0020  0.0030  
 26       26  (10)      5 :  0.0120  0.0020  0.0060  0.0020  0.0070  0.0130  0.9580  
 27       27  (32)      6 :  0.0040  0.9570  0.0060  0.0130  0.0070  0.0100  0.0030  
 28       28  (18)      7 :  0.0070  0.0070  0.0110  0.8559  0.1111  0.0050  0.0030  
 29       29  (32)      1 :  0.8062  0.0180  0.0080  0.0120  0.0689  0.0749  0.0120  
 30       30  (18)      2 :  0.0180  0.0270  0.0060  0.0060  0.9221  0.0190  0.0020  
 31       31   (9)      3 :  0.0030  0.0160  0.0080  0.0110  0.0020  0.9560  0.0040  
 32       32  (32)      4 :  0.0050  0.0070  0.9530  0.0140  0.0080  0.0090  0.0040  
 33       33  (14)      5 :  0.1698  0.0070  0.0090  0.0150  0.0090  0.1409  0.6494  
 34       34  (30)      6 :  0.0070  0.9540  0.0130  0.0060  0.0100  0.0030  0.0070  
 35       35  (14)      7 :  0.0040  0.0020  0.0501  0.9269  0.0060  0.0030  0.0080  
 36       36  (21)      1 :  0.9600  0.0050  0.0050  0.0040  0.0110  0.0070  0.0080  
 37       37  (54)      2 :  0.0190  0.0020  0.0030  0.0020  0.9690  0.0030  0.0020  
 38       38  (45)      3 :  0.0050  0.0070  0.1658  0.0040  0.0350  0.7752  0.0080  
 39       39  (27)      4 :  0.0360  0.0250  0.7060  0.0070  0.1840  0.0220  0.0200  
 40       40  (13)      5 :  0.0140  0.0410  0.0050  0.0030  0.0050  0.0070  0.9249  
 41       41  (18)      6 :  0.0020  0.9199  0.0030  0.0100  0.0601  0.0030  0.0020  
 42       42  (66)      7 :  0.0050  0.0931  0.0200  0.8228  0.0110  0.0060  0.0420  
 43       43  (14)      1 :  0.9471  0.0050  0.0030  0.0030  0.0090  0.0259  0.0070  
 44       44  (22)      2 :  0.0120  0.0090  0.0040  0.0160  0.7260  0.1570  0.0760  
 45       45  (19)      3 :  0.0230  0.0060  0.0030  0.0390  0.0070  0.9179  0.0040  
 46       46  (22)      4 :  0.0020  0.0060  0.9590  0.0260  0.0020  0.0030  0.0020  
 47       47  (12)      5 :  0.0150  0.0240  0.0080  0.2927  0.0100  0.0060  0.6444  
 48       48  (11)      6 :  0.0060  0.8759  0.0250  0.0200  0.0140  0.0390  0.0200  
 49       49   (9)      7 :  0.0020  0.0100  0.0340  0.6807  0.2472  0.0240  0.0020  
 50       50  (30)      1 :  0.9291  0.0060  0.0110  0.0110  0.0060  0.0050  0.0319  
 51       51   (8)      2 :  0.0130  0.0040  0.0050  0.0310  0.8861  0.0519  0.0090  
 52       52   (9)      3 :  0.0100  0.0100  0.0030  0.0490  0.0090  0.8950  0.0240  
 53       53  (43)      4 :  0.0090  0.0390  0.9240  0.0030  0.0020  0.0110  0.0120  
 54       54  (21)      5 :  0.0030  0.0020  0.0010  0.0030  0.0010  0.0010  0.9890  
 55       55  (20)      6 :  0.0020  0.9900  0.0010  0.0020  0.0020  0.0010  0.0020  
 56       56   (6)      7 :  0.0030  0.0030  0.0020  0.9630  0.0020  0.0210  0.0060  
 57       57  (15)      1 :  0.9580  0.0040  0.0030  0.0050  0.0110  0.0160  0.0030  
 58       58   (7)      2 :  0.0320  0.0040  0.0779  0.0040  0.8721  0.0070  0.0030  
 59       59  (15)      3 :  0.0130  0.0080  0.0090  0.0070  0.0040  0.8000  0.1590  
 60       60   (9)      4 :  0.0090  0.0080  0.9701  0.0060  0.0020  0.0030  0.0020  
 61       61  (33)      5 :  0.0030  0.0030  0.0040  0.0130  0.0120  0.0340  0.9309  
 62       62  (12)      6 :  0.0130  0.6096  0.0060  0.0180  0.0040  0.0300  0.3193  
 63       63  (57)      7 :  0.0060  0.0200  0.0050  0.9411  0.0080  0.0060  0.0140  
 64       64  (23)      1 :  0.9850  0.0030  0.0020  0.0030  0.0030  0.0020  0.0020  
 65       65  (31)      2 :  0.0020  0.0020  0.0060  0.0020  0.9810  0.0030  0.0040  
 66       66  (17)      3 :  0.0120  0.0050  0.0160  0.0030  0.0040  0.8871  0.0729  
 67       67  (10)      4 :  0.0050  0.0060  0.9170  0.0270  0.0220  0.0180  0.0050  
 68       68   (8)      5 :  0.0030  0.0070  0.0791  0.0210  0.0090  0.0030  0.8779  
 69       69  (41)      6 :  0.0020  0.9351  0.0090  0.0090  0.0110  0.0310  0.0030  
 70       70  (17)      7 :  0.0070  0.0320  0.0060  0.9090  0.0130  0.0280  0.0050  
 71       71  (29)      1 :  0.9160  0.0160  0.0100  0.0070  0.0140  0.0090  0.0280  
 72       72  (51)      2 :  0.0030  0.0050  0.0190  0.0070  0.9100  0.0380  0.0180  
 73       73  (22)      3 :  0.0050  0.0030  0.0280  0.0020  0.0951  0.8589  0.0080  
 74       74  (14)      4 :  0.0170  0.0080  0.9560  0.0040  0.0030  0.0050  0.0070  
 75       75  (18)      5 :  0.0110  0.0130  0.0040  0.0070  0.0060  0.0010  0.9580  
 76       76  (25)      6 :  0.0120  0.9730  0.0020  0.0020  0.0060  0.0030  0.0020  
 77       77  (12)      7 :  0.0030  0.0020  0.0090  0.9319  0.0030  0.0380  0.0130  
 78       78  (21)      1 :  0.9810  0.0030  0.0040  0.0040  0.0030  0.0030  0.0020  
 79       79  (14)      2 :  0.0040  0.0410  0.0090  0.0120  0.9149  0.0050  0.0140  
 80       80  (22)      3 :  0.0020  0.0060  0.0060  0.0230  0.0110  0.9440  0.0080  
 81       81  (11)      4 :  0.0120  0.0180  0.8520  0.0040  0.0120  0.0070  0.0950  
 82       82  (25)      5 :  0.0040  0.0070  0.0060  0.0040  0.0040  0.0200  0.9550  
 83       83  (12)      6 :  0.0070  0.8550  0.0080  0.0770  0.0320  0.0150  0.0060  
 84       84  (18)      7 :  0.0040  0.0050  0.0040  0.9741  0.0040  0.0040  0.0050  
 85       85   (9)      1 :  0.9010  0.0620  0.0090  0.0050  0.0050  0.0020  0.0160  
 86       86  (24)      2 :  0.0090  0.0290  0.0090  0.0060  0.9380  0.0050  0.0040  
 87       87  (47)      3 :  0.0030  0.0070  0.0250  0.0020  0.0060  0.9510  0.0060  
 88       88  (27)      4 :  0.0070  0.0040  0.7928  0.0651  0.0210  0.0921  0.0180  
 89       89  (14)      5 :  0.0100  0.0060  0.0140  0.0170  0.0150  0.0250  0.9130  
 90       90  (24)      6 :  0.0130  0.9260  0.0380  0.0060  0.0070  0.0070  0.0030  
 91       91  (20)      7 :  0.0050  0.0130  0.0040  0.9640  0.0020  0.0060  0.0060  
 92       92  (10)      1 :  0.9750  0.0020  0.0040  0.0030  0.0020  0.0030  0.0110  
 93       93  (21)      2 :  0.1840  0.0080  0.0040  0.0140  0.7510  0.0030  0.0360  
 94       94  (27)      3 :  0.0030  0.0020  0.0040  0.0040  0.0070  0.9760  0.0040  
 95       95   (9)      4 :  0.0060  0.0060  0.6330  0.3410  0.0040  0.0040  0.0060  
 96       96  (40)      5 :  0.0040  0.0220  0.0030  0.0060  0.0060  0.0180  0.9410  
 97       97  (26)      6 :  0.0380  0.9040  0.0040  0.0040  0.0060  0.0030  0.0410  
 98       98  (15)      7 :  0.0030  0.3183  0.0040  0.5936  0.0751  0.0040  0.0020  
 99       99  (23)      1 :  0.8670  0.0100  0.0160  0.0060  0.0060  0.0070  0.0880  
100      100  (19)      2 :  0.0020  0.0010  0.0110  0.0030  0.9790  0.0020  0.0020  
101      101  (60)      3 :  0.0090  0.1433  0.0261  0.0160  0.0050  0.7635  0.0371  
102      102  (17)      4 :  0.0040  0.0090  0.9670  0.0060  0.0050  0.0030  0.0060  
103      103  (18)      5 :  0.0130  0.0050  0.0020  0.0040  0.0130  0.0230  0.9400  
104      104  (23)      6 :  0.0040  0.7752  0.0040  0.0639  0.0070  0.0120  0.1339  
105      105  (20)      7 :  0.0180  0.0040  0.0559  0.8771  0.0110  0.0070  0.0270  
