  1        1  (21)      1 :  0.0040  0.0120  0.0020  0.0020  0.0030  0.9770  
  2        2   (8)      2 :  0.7978  0.0260  0.0020  0.1201  0.0501  0.0040  
  3        3  (22)      3 :  0.0140  0.9421  0.0160  0.0070  0.0070  0.0140  
  4        4  (12)      4 :  0.0090  0.9070  0.0070  0.0040  0.0060  0.0670  
  5        5  (75)      5 :  0.0150  0.0579  0.0130  0.1958  0.6843  0.0340  
  6        6  (23)      6 :  0.0050  0.0659  0.8382  0.0599  0.0040  0.0270  
  7        7  (24)      7 :  0.0010  0.0050  0.0030  0.0070  0.9720  0.0120  
  8        8  (40)      1 :  0.0080  0.0290  0.0100  0.0660  0.0350  0.8520  
  9        9  (22)      2 :  0.9520  0.0120  0.0100  0.0070  0.0050  0.0140  
 10       10  (33)      3 :  0.0030  0.7137  0.0050  0.0350  0.0060  0.2372  
 11       11  (29)      4 :  0.0100  0.9780  0.0020  0.0030  0.0050  0.0020  
 12       12  (25)      5 :  0.0010  0.0030  0.0010  0.9910  0.0020  0.0020  
 13       13   (9)      6 :  0.0010  0.0020  0.9900  0.0020  0.0020  0.0030  
 14       14  (52)      7 :  0.0551  0.0080  0.0110  0.1792  0.7297  0.0170  
 15       15  (14)      1 :  0.0020  0.0050  0.0210  0.0030  0.0050  0.9640  
 16       16  (17)      2 :  0.9710  0.0040  0.0050  0.0040  0.0030  0.0130  
 17       17  (18)      3 :  0.0050  0.9670  0.0070  0.0100  0.0070  0.0040  
 18       18  (14)      4 :  0.0180  0.9410  0.0140  0.0090  0.0140  0.0040  
 19       19  (17)      5 :  0.1229  0.0440  0.0140  0.8052  0.0090  0.0050  
 20       20   (9)      6 :  0.0180  0.0080  0.9300  0.0030  0.0190  0.0220  
 21       21  (32)      7 :  0.0050  0.0110  0.0120  0.0060  0.9630  0.0030  
 22       22  (12)      1 :  0.0040  0.0040  0.0080  0.0030  0.0020  0.9790  
 23       23  (14)      2 :  0.9870  0.0030  0.0020  0.0030  0.0040  0.0010  
 24       24  (16)      3 :  0.0060  0.8370  0.0050  0.1440  0.0060  0.0020  
 25       25  (46)      4 :  0.0080  0.9580  0.0050  0.0190  0.0070  0.0030  
 26       26  (10)      5 :  0.0090  0.0150  0.0020  0.9630  0.0020  0.0090  
 27       27  (32)      6 :  0.0090  0.0080  0.9640  0.0040  0.0130  0.0020  
 28       28  (18)      7 :  0.1360  0.0030  0.0070  0.0050  0.8410  0.0080  
 29       29  (32)      1 :  0.0410  0.0150  0.0290  0.0080  0.0090  0.8980  
 30       30  (18)      2 :  0.9441  0.0080  0.0170  0.0030  0.0060  0.0220  
 31       31   (9)      3 :  0.0050  0.9730  0.0050  0.0030  0.0120  0.0020  
 32       32  (32)      4 :  0.0060  0.9499  0.0050  0.0050  0.0310  0.0030  
 33       33  (14)      5 :  0.0130  0.0970  0.0120  0.7840  0.0090  0.0850  
 34       34  (30)      6 :  0.0060  0.0070  0.9590  0.0140  0.0070  0.0070  
 35       35  (14)      7 :  0.0050  0.0100  0.0020  0.0100  0.9690  0.0040  
 36       36  (21)      1 :  0.0080  0.0030  0.0080  0.0070  0.0030  0.9710  
 37       37  (54)      2 :  0.9760  0.0030  0.0030  0.0030  0.0020  0.0130  
 38       38  (45)      3 :  0.0090  0.9719  0.0070  0.0060  0.0030  0.0030  
 39       39  (27)      4 :  0.0490  0.9111  0.0090  0.0110  0.0070  0.0130  
 40       40  (13)      5 :  0.0050  0.0050  0.0320  0.9360  0.0040  0.0180  
 41       41  (18)      6 :  0.0260  0.0030  0.9630  0.0010  0.0050  0.0020  
 42       42  (66)      7 :  0.0090  0.0100  0.0350  0.0440  0.8960  0.0060  
 43       43  (14)      1 :  0.0050  0.0080  0.0050  0.0050  0.0010  0.9760  
 44       44  (22)      2 :  0.9300  0.0150  0.0070  0.0320  0.0070  0.0090  
 45       45  (19)      3 :  0.0050  0.9239  0.0110  0.0050  0.0440  0.0110  
 46       46  (22)      4 :  0.0020  0.9650  0.0030  0.0030  0.0240  0.0030  
 47       47  (12)      5 :  0.0130  0.0200  0.0210  0.7600  0.1670  0.0190  
 48       48  (11)      6 :  0.0120  0.0271  0.9068  0.0090  0.0321  0.0130  
 49       49   (9)      7 :  0.2322  0.0380  0.0080  0.0020  0.7167  0.0030  
 50       50  (30)      1 :  0.0050  0.0050  0.0060  0.0660  0.0040  0.9140  
 51       51   (8)      2 :  0.9010  0.0400  0.0080  0.0100  0.0170  0.0240  
 52       52   (9)      3 :  0.0130  0.5660  0.0100  0.0980  0.1310  0.1820  
 53       53  (43)      4 :  0.0030  0.8170  0.0370  0.1330  0.0040  0.0060  
 54       54  (21)      5 :  0.0010  0.0010  0.0010  0.9900  0.0020  0.0050  
 55       55  (20)      6 :  0.0020  0.0010  0.9910  0.0020  0.0020  0.0020  
 56       56   (6)      7 :  0.0020  0.0060  0.0020  0.0080  0.9790  0.0030  
 57       57  (15)      1 :  0.0120  0.0060  0.0030  0.0030  0.0090  0.9670  
 58       58   (7)      2 :  0.9780  0.0070  0.0030  0.0030  0.0020  0.0070  
 59       59  (15)      3 :  0.0040  0.8710  0.0050  0.1020  0.0030  0.0150  
 60       60   (9)      4 :  0.0030  0.8750  0.0320  0.0030  0.0530  0.0340  
 61       61  (33)      5 :  0.0050  0.0060  0.0030  0.9720  0.0120  0.0020  
 62       62  (12)      6 :  0.0050  0.0120  0.5620  0.3730  0.0360  0.0120  
 63       63  (57)      7 :  0.0090  0.0040  0.0130  0.0370  0.9319  0.0050  
 64       64  (23)      1 :  0.0060  0.0020  0.0050  0.0040  0.0030  0.9800  
 65       65  (31)      2 :  0.9850  0.0040  0.0020  0.0030  0.0020  0.0040  
 66       66  (17)      3 :  0.0040  0.9130  0.0050  0.0550  0.0030  0.0200  
 67       67  (10)      4 :  0.0150  0.9540  0.0040  0.0040  0.0180  0.0050  
 68       68   (8)      5 :  0.0080  0.0080  0.0060  0.9540  0.0220  0.0020  
 69       69  (41)      6 :  0.0240  0.0100  0.9470  0.0040  0.0120  0.0030  
 70       70  (17)      7 :  0.0140  0.0060  0.0300  0.0030  0.9410  0.0060  
 71       71  (29)      1 :  0.0100  0.0120  0.0080  0.0170  0.0060  0.9471  
 72       72  (51)      2 :  0.9650  0.0190  0.0030  0.0030  0.0080  0.0020  
 73       73  (22)      3 :  0.0281  0.9559  0.0020  0.0070  0.0030  0.0040  
 74       74  (14)      4 :  0.0030  0.9730  0.0030  0.0070  0.0040  0.0100  
 75       75  (18)      5 :  0.0080  0.0020  0.0080  0.9710  0.0030  0.0080  
 76       76  (25)      6 :  0.0050  0.0020  0.9830  0.0030  0.0030  0.0040  
 77       77  (12)      7 :  0.0080  0.0110  0.0030  0.0180  0.9550  0.0050  
 78       78  (21)      1 :  0.0040  0.0030  0.0030  0.0020  0.0040  0.9840  
 79       79  (14)      2 :  0.9470  0.0040  0.0270  0.0080  0.0120  0.0020  
 80       80  (22)      3 :  0.0100  0.9650  0.0060  0.0030  0.0130  0.0030  
 81       81  (11)      4 :  0.0110  0.8769  0.0100  0.0871  0.0040  0.0110  
 82       82  (25)      5 :  0.0070  0.0200  0.0080  0.9520  0.0090  0.0040  
 83       83  (12)      6 :  0.0310  0.0681  0.8068  0.0050  0.0791  0.0100  
 84       84  (18)      7 :  0.0030  0.0030  0.0040  0.0040  0.9840  0.0020  
 85       85   (9)      1 :  0.0080  0.0060  0.1140  0.0110  0.0060  0.8550  
 86       86  (24)      2 :  0.9730  0.0030  0.0130  0.0020  0.0050  0.0040  
 87       87  (47)      3 :  0.0240  0.9520  0.0060  0.0110  0.0030  0.0040  
 88       88  (27)      4 :  0.0120  0.8949  0.0040  0.0070  0.0771  0.0050  
 89       89  (14)      5 :  0.0100  0.0130  0.0030  0.9490  0.0210  0.0040  
 90       90  (24)      6 :  0.0050  0.0561  0.9238  0.0020  0.0050  0.0080  
 91       91  (20)      7 :  0.0020  0.0040  0.0210  0.0050  0.9610  0.0070  
 92       92  (10)      1 :  0.0030  0.0020  0.0030  0.0070  0.0040  0.9810  
 93       93  (21)      2 :  0.8549  0.0030  0.0110  0.0621  0.0230  0.0460  
 94       94  (27)      3 :  0.0050  0.9890  0.0010  0.0010  0.0020  0.0020  
 95       95   (9)      4 :  0.0040  0.8222  0.0050  0.0050  0.1339  0.0300  
 96       96  (40)      5 :  0.0080  0.0080  0.0170  0.9600  0.0050  0.0020  
 97       97  (26)      6 :  0.0060  0.0040  0.8909  0.0571  0.0060  0.0360  
 98       98  (15)      7 :  0.0340  0.0220  0.3213  0.0030  0.6126  0.0070  
 99       99  (23)      1 :  0.0020  0.1439  0.0120  0.0380  0.0040  0.8002  
100      100  (19)      2 :  0.9780  0.0060  0.0010  0.0020  0.0110  0.0020  
101      101  (60)      3 :  0.0040  0.7990  0.1640  0.0180  0.0090  0.0060  
102      102  (17)      4 :  0.0160  0.9280  0.0090  0.0350  0.0070  0.0050  
103      103  (18)      5 :  0.0160  0.0110  0.0030  0.9520  0.0100  0.0080  
104      104  (23)      6 :  0.0030  0.0100  0.7990  0.1600  0.0240  0.0040  
105      105  (20)      7 :  0.0140  0.0660  0.0030  0.0120  0.8900  0.0150  
