  1        1  (21)      1 :  0.0030  0.9010  0.0820  0.0020  0.0040  0.0020  0.0020  0.0040  
  2        2   (8)      2 :  0.0770  0.0040  0.0080  0.0090  0.6990  0.1670  0.0060  0.0300  
  3        3  (22)      3 :  0.0020  0.0030  0.9810  0.0020  0.0030  0.0030  0.0030  0.0030  
  4        4  (12)      4 :  0.6580  0.2320  0.0760  0.0030  0.0100  0.0020  0.0150  0.0040  
  5        5  (75)      5 :  0.0280  0.0300  0.0929  0.0100  0.0230  0.4156  0.0210  0.3796  
  6        6  (23)      6 :  0.0400  0.0110  0.0180  0.0030  0.0030  0.0270  0.8900  0.0080  
  7        7  (24)      7 :  0.0040  0.0030  0.0030  0.9660  0.0010  0.0030  0.0020  0.0180  
  8        8  (40)      1 :  0.0100  0.7808  0.0511  0.0110  0.0080  0.0290  0.0060  0.1041  
  9        9  (22)      2 :  0.0160  0.0090  0.0040  0.0060  0.9420  0.0060  0.0130  0.0040  
 10       10  (33)      3 :  0.0040  0.0780  0.7930  0.0120  0.0030  0.0850  0.0110  0.0140  
 11       11  (29)      4 :  0.9550  0.0020  0.0110  0.0030  0.0170  0.0020  0.0030  0.0070  
 12       12  (25)      5 :  0.0020  0.0010  0.0050  0.0020  0.0020  0.9850  0.0010  0.0020  
 13       13   (9)      6 :  0.0020  0.0030  0.0030  0.0030  0.0020  0.0030  0.9820  0.0020  
 14       14  (52)      7 :  0.0050  0.0070  0.1068  0.0040  0.0599  0.3603  0.0279  0.4291  
 15       15  (14)      1 :  0.0020  0.9670  0.0030  0.0120  0.0030  0.0020  0.0080  0.0030  
 16       16  (17)      2 :  0.0050  0.0110  0.0040  0.0030  0.9670  0.0040  0.0030  0.0030  
 17       17  (18)      3 :  0.0020  0.0020  0.9620  0.0130  0.0050  0.0030  0.0030  0.0100  
 18       18  (14)      4 :  0.9650  0.0030  0.0020  0.0020  0.0120  0.0030  0.0060  0.0070  
 19       19  (17)      5 :  0.0900  0.0090  0.0050  0.0010  0.0530  0.8180  0.0170  0.0070  
 20       20   (9)      6 :  0.0340  0.0090  0.0050  0.0050  0.0110  0.0030  0.9201  0.0130  
 21       21  (32)      7 :  0.0060  0.0030  0.0160  0.0220  0.0050  0.0160  0.0090  0.9231  
 22       22  (12)      1 :  0.0050  0.9760  0.0020  0.0050  0.0020  0.0030  0.0040  0.0030  
 23       23  (14)      2 :  0.0030  0.0010  0.0040  0.0010  0.9850  0.0020  0.0020  0.0020  
 24       24  (16)      3 :  0.0999  0.0020  0.6374  0.0320  0.0060  0.2008  0.0090  0.0130  
 25       25  (46)      4 :  0.9810  0.0020  0.0020  0.0060  0.0030  0.0020  0.0020  0.0020  
 26       26  (10)      5 :  0.0050  0.0110  0.0540  0.0010  0.0080  0.9130  0.0060  0.0020  
 27       27  (32)      6 :  0.0070  0.0060  0.0080  0.0030  0.0050  0.0050  0.9490  0.0170  
 28       28  (18)      7 :  0.0110  0.0120  0.0040  0.0330  0.1460  0.0040  0.0150  0.7750  
 29       29  (32)      1 :  0.0050  0.7385  0.0908  0.0130  0.0868  0.0090  0.0210  0.0359  
 30       30  (18)      2 :  0.0030  0.0080  0.0120  0.0020  0.9610  0.0020  0.0070  0.0050  
 31       31   (9)      3 :  0.0190  0.0020  0.9431  0.0020  0.0040  0.0040  0.0110  0.0150  
 32       32  (32)      4 :  0.9580  0.0030  0.0100  0.0060  0.0040  0.0020  0.0100  0.0070  
 33       33  (14)      5 :  0.0140  0.1918  0.1149  0.0020  0.0240  0.6274  0.0170  0.0090  
 34       34  (30)      6 :  0.0080  0.0080  0.0020  0.0040  0.0060  0.0080  0.9600  0.0040  
 35       35  (14)      7 :  0.1001  0.0060  0.0030  0.1061  0.0040  0.0110  0.0030  0.7668  
 36       36  (21)      1 :  0.0030  0.9510  0.0060  0.0030  0.0140  0.0090  0.0090  0.0050  
 37       37  (54)      2 :  0.0040  0.0310  0.0020  0.0010  0.9550  0.0030  0.0020  0.0020  
 38       38  (45)      3 :  0.0860  0.0050  0.8560  0.0020  0.0220  0.0110  0.0100  0.0080  
 39       39  (27)      4 :  0.7958  0.0140  0.0210  0.0010  0.1291  0.0160  0.0140  0.0090  
 40       40  (13)      5 :  0.0040  0.0160  0.0050  0.0030  0.0050  0.8733  0.0908  0.0030  
 41       41  (18)      6 :  0.0020  0.0020  0.0030  0.0040  0.0250  0.0010  0.9590  0.0040  
 42       42  (66)      7 :  0.0450  0.0060  0.0040  0.0070  0.0090  0.0250  0.0619  0.8422  
 43       43  (14)      1 :  0.0030  0.8991  0.0729  0.0040  0.0090  0.0030  0.0070  0.0020  
 44       44  (22)      2 :  0.0030  0.0070  0.1722  0.0030  0.6997  0.0901  0.0080  0.0170  
 45       45  (19)      3 :  0.0030  0.0320  0.8751  0.0030  0.0030  0.0080  0.0080  0.0679  
 46       46  (22)      4 :  0.8789  0.0020  0.0030  0.0881  0.0020  0.0020  0.0080  0.0160  
 47       47  (12)      5 :  0.0110  0.0070  0.0070  0.0040  0.0070  0.6080  0.0120  0.3440  
 48       48  (11)      6 :  0.0180  0.0050  0.0160  0.0010  0.0140  0.0110  0.8930  0.0420  
 49       49   (9)      7 :  0.0380  0.0050  0.0420  0.0010  0.0991  0.0050  0.0090  0.8008  
 50       50  (30)      1 :  0.0040  0.9120  0.0050  0.0050  0.0060  0.0600  0.0040  0.0040  
 51       51   (8)      2 :  0.0040  0.0190  0.0631  0.0010  0.8278  0.0180  0.0040  0.0631  
 52       52   (9)      3 :  0.0020  0.0060  0.8859  0.0040  0.0120  0.0150  0.0050  0.0701  
 53       53  (43)      4 :  0.8900  0.0060  0.0070  0.0010  0.0020  0.0470  0.0440  0.0030  
 54       54  (21)      5 :  0.0010  0.0050  0.0010  0.0020  0.0010  0.9870  0.0010  0.0020  
 55       55  (20)      6 :  0.0020  0.0040  0.0020  0.0250  0.0050  0.0020  0.9560  0.0040  
 56       56   (6)      7 :  0.0030  0.0030  0.0110  0.0020  0.0020  0.0050  0.0020  0.9720  
 57       57  (15)      1 :  0.0020  0.9540  0.0170  0.0050  0.0110  0.0020  0.0020  0.0070  
 58       58   (7)      2 :  0.0370  0.0160  0.0060  0.0020  0.9261  0.0040  0.0060  0.0030  
 59       59  (15)      3 :  0.0090  0.0370  0.8380  0.0030  0.0060  0.0910  0.0110  0.0050  
 60       60   (9)      4 :  0.9520  0.0200  0.0030  0.0020  0.0030  0.0020  0.0090  0.0090  
 61       61  (33)      5 :  0.0060  0.0040  0.0410  0.0020  0.0230  0.9051  0.0050  0.0140  
 62       62  (12)      6 :  0.0180  0.0080  0.0240  0.0030  0.0040  0.3090  0.5460  0.0880  
 63       63  (57)      7 :  0.0080  0.0040  0.0090  0.3616  0.0230  0.4855  0.0240  0.0849  
 64       64  (23)      1 :  0.0040  0.9720  0.0030  0.0020  0.0080  0.0030  0.0050  0.0030  
 65       65  (31)      2 :  0.0080  0.0020  0.0020  0.0280  0.9550  0.0020  0.0020  0.0010  
 66       66  (17)      3 :  0.0080  0.0100  0.9011  0.0010  0.0040  0.0669  0.0040  0.0050  
 67       67  (10)      4 :  0.8860  0.0040  0.0270  0.0040  0.0330  0.0090  0.0070  0.0300  
 68       68   (8)      5 :  0.1110  0.0020  0.0020  0.0100  0.0030  0.8570  0.0040  0.0110  
 69       69  (41)      6 :  0.0040  0.0030  0.0170  0.0040  0.0100  0.0050  0.9500  0.0070  
 70       70  (17)      7 :  0.0060  0.0070  0.0050  0.0120  0.0130  0.0050  0.0890  0.8630  
 71       71  (29)      1 :  0.0140  0.9150  0.0040  0.0020  0.0100  0.0290  0.0150  0.0110  
 72       72  (51)      2 :  0.0150  0.0040  0.0480  0.0040  0.8920  0.0200  0.0050  0.0120  
 73       73  (22)      3 :  0.0260  0.0110  0.8790  0.0020  0.0680  0.0080  0.0030  0.0030  
 74       74  (14)      4 :  0.9520  0.0140  0.0070  0.0040  0.0050  0.0040  0.0080  0.0060  
 75       75  (18)      5 :  0.0050  0.0150  0.0030  0.0020  0.0080  0.9380  0.0130  0.0160  
 76       76  (25)      6 :  0.0030  0.0050  0.0030  0.0090  0.0110  0.0050  0.9620  0.0020  
 77       77  (12)      7 :  0.0060  0.0050  0.0280  0.0020  0.0060  0.0330  0.0020  0.9180  
 78       78  (21)      1 :  0.0030  0.9760  0.0020  0.0060  0.0040  0.0020  0.0050  0.0020  
 79       79  (14)      2 :  0.0050  0.0020  0.0050  0.0020  0.9180  0.0250  0.0260  0.0170  
 80       80  (22)      3 :  0.0170  0.0030  0.8480  0.0020  0.0780  0.0160  0.0120  0.0240  
 81       81  (11)      4 :  0.8620  0.0180  0.0130  0.0060  0.0200  0.0710  0.0070  0.0030  
 82       82  (25)      5 :  0.0180  0.0060  0.0270  0.0040  0.0100  0.9231  0.0070  0.0050  
 83       83  (12)      6 :  0.0140  0.0060  0.0160  0.0030  0.0220  0.0030  0.7958  0.1401  
 84       84  (18)      7 :  0.0040  0.0020  0.0030  0.0030  0.0020  0.0050  0.0040  0.9770  
 85       85   (9)      1 :  0.0070  0.7552  0.0030  0.0030  0.0210  0.0450  0.1558  0.0100  
 86       86  (24)      2 :  0.0150  0.0070  0.0030  0.0040  0.9450  0.0030  0.0180  0.0050  
 87       87  (47)      3 :  0.0050  0.0020  0.9730  0.0020  0.0050  0.0050  0.0060  0.0020  
 88       88  (27)      4 :  0.8052  0.0100  0.0370  0.0030  0.0130  0.0200  0.0060  0.1059  
 89       89  (14)      5 :  0.0090  0.0040  0.0150  0.0030  0.0110  0.9329  0.0050  0.0200  
 90       90  (24)      6 :  0.0280  0.0090  0.0140  0.0030  0.0060  0.0040  0.9211  0.0150  
 91       91  (20)      7 :  0.0020  0.0020  0.0020  0.0010  0.0030  0.0020  0.0110  0.9770  
 92       92  (10)      1 :  0.0070  0.9730  0.0030  0.0020  0.0030  0.0060  0.0030  0.0030  
 93       93  (21)      2 :  0.0040  0.2232  0.0030  0.0050  0.7377  0.0150  0.0040  0.0080  
 94       94  (27)      3 :  0.0050  0.0020  0.9820  0.0020  0.0030  0.0020  0.0020  0.0020  
 95       95   (9)      4 :  0.7528  0.0080  0.0310  0.0130  0.0040  0.0080  0.0050  0.1782  
 96       96  (40)      5 :  0.0060  0.0040  0.0190  0.0270  0.0150  0.9041  0.0180  0.0070  
 97       97  (26)      6 :  0.0060  0.0320  0.0020  0.0060  0.0070  0.0220  0.9170  0.0080  
 98       98  (15)      7 :  0.0220  0.0090  0.0090  0.0540  0.0780  0.0050  0.2520  0.5710  
 99       99  (23)      1 :  0.0349  0.8832  0.0150  0.0050  0.0030  0.0349  0.0160  0.0080  
100      100  (19)      2 :  0.0110  0.0030  0.0020  0.0030  0.9720  0.0020  0.0020  0.0050  
101      101  (60)      3 :  0.0350  0.0440  0.5744  0.0050  0.0050  0.0230  0.2887  0.0250  
102      102  (17)      4 :  0.9530  0.0030  0.0050  0.0040  0.0040  0.0110  0.0120  0.0080  
103      103  (18)      5 :  0.0030  0.0080  0.0200  0.0529  0.0100  0.8991  0.0040  0.0030  
104      104  (23)      6 :  0.0040  0.0030  0.0080  0.0020  0.0040  0.0590  0.7800  0.1400  
105      105  (20)      7 :  0.2635  0.0150  0.0050  0.0170  0.0070  0.0140  0.0080  0.6703  
