  1        1  (21)      1 :  0.0320  0.9600  0.0080  
  2        2   (8)      2 :  0.9040  0.0600  0.0360  
  3        3  (22)      3 :  0.3520  0.1320  0.5160  
  4        4  (12)      4 :  0.7820  0.1680  0.0500  
  5        5  (75)      5 :  0.1201  0.3944  0.4855  
  6        6  (23)      6 :  0.0570  0.1850  0.7580  
  7        7  (24)      7 :  0.0100  0.0829  0.9071  
  8        8  (40)      1 :  0.0200  0.8930  0.0870  
  9        9  (22)      2 :  0.9350  0.0340  0.0310  
 10       10  (33)      3 :  0.0800  0.7930  0.1270  
 11       11  (29)      4 :  0.9790  0.0070  0.0140  
 12       12  (25)      5 :  0.0350  0.9530  0.0120  
 13       13   (9)      6 :  0.0070  0.0190  0.9740  
 14       14  (52)      7 :  0.1139  0.1099  0.7762  
 15       15  (14)      1 :  0.0060  0.9409  0.0531  
 16       16  (17)      2 :  0.9300  0.0570  0.0130  
 17       17  (18)      3 :  0.6400  0.0190  0.3410  
 18       18  (14)      4 :  0.9550  0.0120  0.0330  
 19       19  (17)      5 :  0.3170  0.6500  0.0330  
 20       20   (9)      6 :  0.0470  0.0210  0.9320  
 21       21  (32)      7 :  0.0290  0.0230  0.9480  
 22       22  (12)      1 :  0.0150  0.9710  0.0140  
 23       23  (14)      2 :  0.9810  0.0060  0.0130  
 24       24  (16)      3 :  0.6210  0.0210  0.3580  
 25       25  (46)      4 :  0.9670  0.0140  0.0190  
 26       26  (10)      5 :  0.1740  0.8100  0.0160  
 27       27  (32)      6 :  0.0260  0.0190  0.9550  
 28       28  (18)      7 :  0.2670  0.0330  0.7000  
 29       29  (32)      1 :  0.2050  0.6780  0.1170  
 30       30  (18)      2 :  0.9190  0.0360  0.0450  
 31       31   (9)      3 :  0.4705  0.0150  0.5145  
 32       32  (32)      4 :  0.8140  0.0190  0.1670  
 33       33  (14)      5 :  0.2700  0.6820  0.0480  
 34       34  (30)      6 :  0.0560  0.0880  0.8560  
 35       35  (14)      7 :  0.2470  0.0690  0.6840  
 36       36  (21)      1 :  0.0310  0.9450  0.0240  
 37       37  (54)      2 :  0.8740  0.1150  0.0110  
 38       38  (45)      3 :  0.9000  0.0190  0.0810  
 39       39  (27)      4 :  0.8830  0.0680  0.0490  
 40       40  (13)      5 :  0.0240  0.9299  0.0460  
 41       41  (18)      6 :  0.0599  0.0100  0.9301  
 42       42  (66)      7 :  0.0480  0.0430  0.9090  
 43       43  (14)      1 :  0.0591  0.9269  0.0140  
 44       44  (22)      2 :  0.6577  0.2853  0.0571  
 45       45  (19)      3 :  0.6030  0.1350  0.2620  
 46       46  (22)      4 :  0.4500  0.0130  0.5370  
 47       47  (12)      5 :  0.0610  0.6580  0.2810  
 48       48  (11)      6 :  0.0730  0.0190  0.9080  
 49       49   (9)      7 :  0.3730  0.0120  0.6150  
 50       50  (30)      1 :  0.0100  0.9760  0.0140  
 51       51   (8)      2 :  0.8490  0.1040  0.0470  
 52       52   (9)      3 :  0.3170  0.2550  0.4280  
 53       53  (43)      4 :  0.3047  0.6134  0.0819  
 54       54  (21)      5 :  0.0060  0.9850  0.0090  
 55       55  (20)      6 :  0.0090  0.0330  0.9580  
 56       56   (6)      7 :  0.0150  0.0170  0.9680  
 57       57  (15)      1 :  0.0220  0.9630  0.0150  
 58       58   (7)      2 :  0.9590  0.0310  0.0100  
 59       59  (15)      3 :  0.5780  0.3670  0.0550  
 60       60   (9)      4 :  0.7180  0.0500  0.2320  
 61       61  (33)      5 :  0.2420  0.6810  0.0770  
 62       62  (12)      6 :  0.0470  0.1630  0.7900  
 63       63  (57)      7 :  0.0180  0.0230  0.9590  
 64       64  (23)      1 :  0.0150  0.9660  0.0190  
 65       65  (31)      2 :  0.9800  0.0120  0.0080  
 66       66  (17)      3 :  0.5010  0.3590  0.1400  
 67       67  (10)      4 :  0.8480  0.0290  0.1230  
 68       68   (8)      5 :  0.1720  0.7360  0.0920  
 69       69  (41)      6 :  0.0240  0.0100  0.9660  
 70       70  (17)      7 :  0.0190  0.0150  0.9660  
 71       71  (29)      1 :  0.0270  0.9540  0.0190  
 72       72  (51)      2 :  0.9620  0.0140  0.0240  
 73       73  (22)      3 :  0.9340  0.0330  0.0330  
 74       74  (14)      4 :  0.8230  0.1130  0.0640  
 75       75  (18)      5 :  0.0210  0.8930  0.0860  
 76       76  (25)      6 :  0.0580  0.1050  0.8370  
 77       77  (12)      7 :  0.0950  0.0720  0.8330  
 78       78  (21)      1 :  0.0140  0.9620  0.0240  
 79       79  (14)      2 :  0.8750  0.0160  0.1090  
 80       80  (22)      3 :  0.6680  0.0230  0.3090  
 81       81  (11)      4 :  0.8550  0.1260  0.0190  
 82       82  (25)      5 :  0.2148  0.7263  0.0589  
 83       83  (12)      6 :  0.0470  0.0160  0.9370  
 84       84  (18)      7 :  0.0200  0.0140  0.9660  
 85       85   (9)      1 :  0.0250  0.9340  0.0410  
 86       86  (24)      2 :  0.8840  0.0350  0.0810  
 87       87  (47)      3 :  0.8492  0.0410  0.1099  
 88       88  (27)      4 :  0.8560  0.0470  0.0970  
 89       89  (14)      5 :  0.1190  0.8400  0.0410  
 90       90  (24)      6 :  0.0330  0.0380  0.9291  
 91       91  (20)      7 :  0.0130  0.0130  0.9740  
 92       92  (10)      1 :  0.0200  0.9700  0.0100  
 93       93  (21)      2 :  0.5550  0.4260  0.0190  
 94       94  (27)      3 :  0.9730  0.0150  0.0120  
 95       95   (9)      4 :  0.6200  0.0270  0.3530  
 96       96  (40)      5 :  0.3240  0.3590  0.3170  
 97       97  (26)      6 :  0.0180  0.3680  0.6140  
 98       98  (15)      7 :  0.0910  0.0150  0.8940  
 99       99  (23)      1 :  0.0270  0.9400  0.0330  
100      100  (19)      2 :  0.9830  0.0070  0.0100  
101      101  (60)      3 :  0.1330  0.3120  0.5550  
102      102  (17)      4 :  0.8610  0.0330  0.1060  
103      103  (18)      5 :  0.1339  0.8162  0.0500  
104      104  (23)      6 :  0.0230  0.0430  0.9339  
105      105  (20)      7 :  0.1340  0.0680  0.7980  
