  1        1  (21)      1 :  0.0040  0.0060  0.0030  0.0020  0.0040  0.9810  
  2        2   (8)      2 :  0.6643  0.0160  0.0040  0.2478  0.0619  0.0060  
  3        3  (22)      3 :  0.0140  0.9730  0.0050  0.0020  0.0020  0.0040  
  4        4  (12)      4 :  0.0120  0.0370  0.0190  0.0050  0.7317  0.1952  
  5        5  (75)      5 :  0.0130  0.6374  0.0190  0.2667  0.0210  0.0430  
  6        6  (23)      6 :  0.0050  0.0060  0.8921  0.0639  0.0210  0.0120  
  7        7  (24)      7 :  0.0030  0.0310  0.0100  0.3700  0.0660  0.5200  
  8        8  (40)      1 :  0.0080  0.2232  0.0140  0.0611  0.0300  0.6637  
  9        9  (22)      2 :  0.9129  0.0050  0.0140  0.0070  0.0501  0.0110  
 10       10  (33)      3 :  0.0040  0.5130  0.0100  0.3380  0.0080  0.1270  
 11       11  (29)      4 :  0.0300  0.0080  0.0020  0.0040  0.9530  0.0030  
 12       12  (25)      5 :  0.0030  0.0030  0.0020  0.9870  0.0020  0.0030  
 13       13   (9)      6 :  0.0020  0.0030  0.9880  0.0030  0.0020  0.0020  
 14       14  (52)      7 :  0.0661  0.8438  0.0230  0.0470  0.0070  0.0130  
 15       15  (14)      1 :  0.0030  0.0080  0.0180  0.0070  0.0040  0.9600  
 16       16  (17)      2 :  0.9570  0.0040  0.0070  0.0090  0.0110  0.0120  
 17       17  (18)      3 :  0.0040  0.9840  0.0030  0.0030  0.0020  0.0040  
 18       18  (14)      4 :  0.0080  0.0050  0.0050  0.0050  0.9740  0.0030  
 19       19  (17)      5 :  0.0330  0.0100  0.0140  0.8030  0.1330  0.0070  
 20       20   (9)      6 :  0.0270  0.0070  0.9321  0.0040  0.0190  0.0110  
 21       21  (32)      7 :  0.0140  0.8760  0.0390  0.0510  0.0130  0.0070  
 22       22  (12)      1 :  0.0030  0.0030  0.0110  0.0030  0.0050  0.9750  
 23       23  (14)      2 :  0.9800  0.0110  0.0020  0.0030  0.0020  0.0020  
 24       24  (16)      3 :  0.0220  0.6500  0.0030  0.2650  0.0580  0.0020  
 25       25  (46)      4 :  0.0050  0.0020  0.0020  0.0120  0.9770  0.0020  
 26       26  (10)      5 :  0.0050  0.0040  0.0040  0.9690  0.0070  0.0110  
 27       27  (32)      6 :  0.0100  0.0280  0.9460  0.0060  0.0060  0.0040  
 28       28  (18)      7 :  0.2840  0.5820  0.0100  0.0080  0.0330  0.0830  
 29       29  (32)      1 :  0.0460  0.0440  0.0070  0.0090  0.0060  0.8880  
 30       30  (18)      2 :  0.9540  0.0080  0.0130  0.0040  0.0050  0.0160  
 31       31   (9)      3 :  0.0040  0.9620  0.0100  0.0020  0.0200  0.0020  
 32       32  (32)      4 :  0.0090  0.0360  0.0060  0.0090  0.9369  0.0030  
 33       33  (14)      5 :  0.0180  0.0941  0.0180  0.7237  0.0390  0.1071  
 34       34  (30)      6 :  0.0070  0.0030  0.9610  0.0080  0.0150  0.0060  
 35       35  (14)      7 :  0.0040  0.5960  0.0020  0.0100  0.3820  0.0060  
 36       36  (21)      1 :  0.0220  0.0050  0.0110  0.0060  0.0060  0.9500  
 37       37  (54)      2 :  0.9770  0.0040  0.0030  0.0030  0.0030  0.0100  
 38       38  (45)      3 :  0.0130  0.5886  0.0060  0.0230  0.3644  0.0050  
 39       39  (27)      4 :  0.2877  0.0150  0.0170  0.0120  0.6563  0.0120  
 40       40  (13)      5 :  0.0060  0.0050  0.1169  0.8412  0.0180  0.0130  
 41       41  (18)      6 :  0.1239  0.0050  0.8611  0.0020  0.0040  0.0040  
 42       42  (66)      7 :  0.0470  0.0950  0.1760  0.3450  0.3090  0.0280  
 43       43  (14)      1 :  0.0180  0.0080  0.0070  0.0060  0.0050  0.9560  
 44       44  (22)      2 :  0.7137  0.0741  0.0120  0.1812  0.0070  0.0120  
 45       45  (19)      3 :  0.0050  0.9750  0.0050  0.0030  0.0030  0.0090  
 46       46  (22)      4 :  0.0030  0.0060  0.0030  0.0020  0.9820  0.0040  
 47       47  (12)      5 :  0.0180  0.0960  0.0180  0.8160  0.0140  0.0380  
 48       48  (11)      6 :  0.0270  0.0509  0.8472  0.0060  0.0649  0.0040  
 49       49   (9)      7 :  0.2713  0.6767  0.0170  0.0040  0.0240  0.0070  
 50       50  (30)      1 :  0.0060  0.0060  0.0090  0.1608  0.0060  0.8122  
 51       51   (8)      2 :  0.7800  0.1820  0.0060  0.0070  0.0060  0.0190  
 52       52   (9)      3 :  0.0060  0.9650  0.0050  0.0140  0.0030  0.0070  
 53       53  (43)      4 :  0.0030  0.0070  0.0480  0.0070  0.9300  0.0050  
 54       54  (21)      5 :  0.0010  0.0030  0.0020  0.9880  0.0020  0.0040  
 55       55  (20)      6 :  0.0040  0.0020  0.9860  0.0030  0.0020  0.0030  
 56       56   (6)      7 :  0.0020  0.9721  0.0070  0.0060  0.0080  0.0050  
 57       57  (15)      1 :  0.0140  0.0310  0.0030  0.0060  0.0040  0.9420  
 58       58   (7)      2 :  0.9370  0.0040  0.0050  0.0040  0.0310  0.0190  
 59       59  (15)      3 :  0.0080  0.8320  0.0270  0.0840  0.0190  0.0300  
 60       60   (9)      4 :  0.0030  0.0040  0.0170  0.0020  0.9570  0.0170  
 61       61  (33)      5 :  0.0090  0.0200  0.0040  0.9600  0.0040  0.0030  
 62       62  (12)      6 :  0.0050  0.0350  0.6500  0.2660  0.0190  0.0250  
 63       63  (57)      7 :  0.0160  0.0170  0.0280  0.9211  0.0070  0.0110  
 64       64  (23)      1 :  0.0090  0.0030  0.0090  0.0030  0.0030  0.9730  
 65       65  (31)      2 :  0.9730  0.0020  0.0020  0.0080  0.0090  0.0060  
 66       66  (17)      3 :  0.0060  0.7592  0.0060  0.1928  0.0130  0.0230  
 67       67  (10)      4 :  0.0180  0.0360  0.0100  0.0050  0.9240  0.0070  
 68       68   (8)      5 :  0.0060  0.0060  0.0150  0.9149  0.0551  0.0030  
 69       69  (41)      6 :  0.0260  0.0410  0.9140  0.0060  0.0070  0.0060  
 70       70  (17)      7 :  0.0040  0.8250  0.1280  0.0040  0.0250  0.0140  
 71       71  (29)      1 :  0.0270  0.0140  0.0190  0.0340  0.0200  0.8861  
 72       72  (51)      2 :  0.8760  0.0550  0.0060  0.0230  0.0360  0.0040  
 73       73  (22)      3 :  0.4190  0.5440  0.0020  0.0100  0.0180  0.0070  
 74       74  (14)      4 :  0.0060  0.0080  0.0090  0.0060  0.9389  0.0320  
 75       75  (18)      5 :  0.0050  0.0040  0.0040  0.9650  0.0060  0.0160  
 76       76  (25)      6 :  0.0060  0.0030  0.9670  0.0070  0.0020  0.0150  
 77       77  (12)      7 :  0.0030  0.9640  0.0040  0.0160  0.0060  0.0070  
 78       78  (21)      1 :  0.0020  0.0020  0.0030  0.0020  0.0030  0.9880  
 79       79  (14)      2 :  0.9520  0.0080  0.0280  0.0050  0.0040  0.0030  
 80       80  (22)      3 :  0.0130  0.9560  0.0120  0.0030  0.0120  0.0040  
 81       81  (11)      4 :  0.0180  0.0050  0.0110  0.0609  0.8971  0.0080  
 82       82  (25)      5 :  0.0110  0.0549  0.0130  0.8991  0.0170  0.0050  
 83       83  (12)      6 :  0.0310  0.1311  0.7718  0.0050  0.0531  0.0080  
 84       84  (18)      7 :  0.0060  0.9411  0.0150  0.0170  0.0140  0.0070  
 85       85   (9)      1 :  0.0160  0.0050  0.1060  0.0260  0.0100  0.8370  
 86       86  (24)      2 :  0.9610  0.0030  0.0200  0.0030  0.0060  0.0070  
 87       87  (47)      3 :  0.0840  0.7070  0.0270  0.1130  0.0630  0.0060  
 88       88  (27)      4 :  0.0170  0.1578  0.0080  0.0110  0.8002  0.0060  
 89       89  (14)      5 :  0.0060  0.0160  0.0040  0.9560  0.0100  0.0080  
 90       90  (24)      6 :  0.0070  0.0100  0.9320  0.0050  0.0360  0.0100  
 91       91  (20)      7 :  0.0030  0.9461  0.0240  0.0090  0.0090  0.0090  
 92       92  (10)      1 :  0.0030  0.0040  0.0020  0.0080  0.0040  0.9790  
 93       93  (21)      2 :  0.6990  0.0090  0.0090  0.1900  0.0060  0.0870  
 94       94  (27)      3 :  0.1080  0.8670  0.0030  0.0030  0.0130  0.0060  
 95       95   (9)      4 :  0.0030  0.2280  0.0070  0.0070  0.6950  0.0600  
 96       96  (40)      5 :  0.0120  0.0080  0.0240  0.9470  0.0040  0.0050  
 97       97  (26)      6 :  0.0100  0.0070  0.8660  0.0270  0.0070  0.0830  
 98       98  (15)      7 :  0.0660  0.6580  0.2020  0.0190  0.0220  0.0330  
 99       99  (23)      1 :  0.0040  0.0160  0.0511  0.0260  0.0250  0.8779  
100      100  (19)      2 :  0.9419  0.0070  0.0010  0.0040  0.0440  0.0020  
101      101  (60)      3 :  0.0110  0.4950  0.2920  0.1200  0.0700  0.0120  
102      102  (17)      4 :  0.0050  0.0060  0.0040  0.0140  0.9620  0.0090  
103      103  (18)      5 :  0.0430  0.0120  0.0110  0.9110  0.0040  0.0190  
104      104  (23)      6 :  0.0090  0.0460  0.9049  0.0300  0.0040  0.0060  
105      105  (20)      7 :  0.0110  0.8520  0.0050  0.0320  0.0790  0.0210  
