  1        1  (21)      1 :  0.0030  0.9830  0.0080  0.0030  0.0030  
  2        2   (8)      2 :  0.8740  0.0060  0.0340  0.0100  0.0760  
  3        3  (22)      3 :  0.0210  0.0120  0.2977  0.2138  0.4555  
  4        4  (12)      4 :  0.0390  0.0600  0.8840  0.0100  0.0070  
  5        5  (75)      5 :  0.0210  0.0220  0.0450  0.1748  0.7373  
  6        6  (23)      6 :  0.0030  0.0350  0.0991  0.6587  0.2042  
  7        7  (24)      7 :  0.0020  0.0340  0.0230  0.9380  0.0030  
  8        8  (40)      1 :  0.0050  0.7390  0.0130  0.0780  0.1650  
  9        9  (22)      2 :  0.9449  0.0070  0.0300  0.0090  0.0090  
 10       10  (33)      3 :  0.0030  0.1009  0.1119  0.0200  0.7642  
 11       11  (29)      4 :  0.0130  0.0020  0.9760  0.0050  0.0040  
 12       12  (25)      5 :  0.0020  0.0020  0.0020  0.0020  0.9920  
 13       13   (9)      6 :  0.0020  0.0040  0.0030  0.9870  0.0040  
 14       14  (52)      7 :  0.0340  0.0070  0.0080  0.6450  0.3060  
 15       15  (14)      1 :  0.0030  0.9710  0.0030  0.0190  0.0040  
 16       16  (17)      2 :  0.9770  0.0050  0.0080  0.0040  0.0060  
 17       17  (18)      3 :  0.0400  0.0060  0.3546  0.1618  0.4376  
 18       18  (14)      4 :  0.0210  0.0030  0.9620  0.0080  0.0060  
 19       19  (17)      5 :  0.0541  0.0080  0.0190  0.0480  0.8709  
 20       20   (9)      6 :  0.0180  0.0090  0.0170  0.9510  0.0050  
 21       21  (32)      7 :  0.0040  0.0030  0.0090  0.9389  0.0450  
 22       22  (12)      1 :  0.0040  0.9770  0.0070  0.0070  0.0050  
 23       23  (14)      2 :  0.9910  0.0010  0.0020  0.0030  0.0030  
 24       24  (16)      3 :  0.0100  0.0020  0.4210  0.0170  0.5500  
 25       25  (46)      4 :  0.0080  0.0030  0.9820  0.0040  0.0030  
 26       26  (10)      5 :  0.0070  0.0130  0.0070  0.0020  0.9710  
 27       27  (32)      6 :  0.0070  0.0060  0.0080  0.9750  0.0040  
 28       28  (18)      7 :  0.1370  0.0180  0.0250  0.8140  0.0060  
 29       29  (32)      1 :  0.0620  0.8560  0.0140  0.0490  0.0190  
 30       30  (18)      2 :  0.9600  0.0140  0.0100  0.0120  0.0040  
 31       31   (9)      3 :  0.0040  0.0020  0.6507  0.0390  0.3043  
 32       32  (32)      4 :  0.0100  0.0030  0.9620  0.0200  0.0050  
 33       33  (14)      5 :  0.0100  0.1249  0.0280  0.0280  0.8092  
 34       34  (30)      6 :  0.0120  0.0130  0.0140  0.9500  0.0110  
 35       35  (14)      7 :  0.0040  0.0120  0.5010  0.4630  0.0200  
 36       36  (21)      1 :  0.0060  0.9750  0.0030  0.0070  0.0090  
 37       37  (54)      2 :  0.9770  0.0160  0.0020  0.0020  0.0030  
 38       38  (45)      3 :  0.0220  0.0040  0.6780  0.0090  0.2870  
 39       39  (27)      4 :  0.2310  0.0070  0.7340  0.0210  0.0070  
 40       40  (13)      5 :  0.0080  0.0110  0.0060  0.0160  0.9590  
 41       41  (18)      6 :  0.0350  0.0030  0.0050  0.9550  0.0020  
 42       42  (66)      7 :  0.0090  0.0080  0.0300  0.9260  0.0270  
 43       43  (14)      1 :  0.0090  0.9710  0.0090  0.0040  0.0070  
 44       44  (22)      2 :  0.7882  0.0060  0.0100  0.0070  0.1888  
 45       45  (19)      3 :  0.0190  0.0709  0.4505  0.1039  0.3556  
 46       46  (22)      4 :  0.0020  0.0030  0.9840  0.0090  0.0020  
 47       47  (12)      5 :  0.0120  0.0460  0.0150  0.1470  0.7800  
 48       48  (11)      6 :  0.0210  0.0050  0.0340  0.9160  0.0240  
 49       49   (9)      7 :  0.1840  0.0040  0.0560  0.7520  0.0040  
 50       50  (30)      1 :  0.0040  0.9670  0.0050  0.0060  0.0180  
 51       51   (8)      2 :  0.9001  0.0210  0.0240  0.0230  0.0320  
 52       52   (9)      3 :  0.0210  0.0670  0.0750  0.2090  0.6280  
 53       53  (43)      4 :  0.0030  0.0060  0.9690  0.0050  0.0170  
 54       54  (21)      5 :  0.0010  0.0070  0.0020  0.0030  0.9870  
 55       55  (20)      6 :  0.0040  0.0120  0.0020  0.9790  0.0030  
 56       56   (6)      7 :  0.0040  0.0040  0.0370  0.8590  0.0960  
 57       57  (15)      1 :  0.0150  0.9660  0.0050  0.0070  0.0070  
 58       58   (7)      2 :  0.9361  0.0170  0.0330  0.0050  0.0090  
 59       59  (15)      3 :  0.0200  0.0200  0.2850  0.0120  0.6630  
 60       60   (9)      4 :  0.0050  0.0180  0.9340  0.0400  0.0030  
 61       61  (33)      5 :  0.0060  0.0040  0.0030  0.0030  0.9840  
 62       62  (12)      6 :  0.0130  0.0250  0.0070  0.6910  0.2640  
 63       63  (57)      7 :  0.0090  0.0040  0.0050  0.9199  0.0621  
 64       64  (23)      1 :  0.0030  0.9850  0.0030  0.0060  0.0030  
 65       65  (31)      2 :  0.9830  0.0030  0.0070  0.0020  0.0050  
 66       66  (17)      3 :  0.0040  0.0110  0.2088  0.0070  0.7692  
 67       67  (10)      4 :  0.0210  0.0060  0.9510  0.0150  0.0070  
 68       68   (8)      5 :  0.0110  0.0020  0.1480  0.0130  0.8260  
 69       69  (41)      6 :  0.0140  0.0040  0.0100  0.9600  0.0120  
 70       70  (17)      7 :  0.0050  0.0150  0.0110  0.9610  0.0080  
 71       71  (29)      1 :  0.0120  0.9381  0.0120  0.0260  0.0120  
 72       72  (51)      2 :  0.9309  0.0030  0.0430  0.0100  0.0130  
 73       73  (22)      3 :  0.2200  0.0050  0.5400  0.0060  0.2290  
 74       74  (14)      4 :  0.0040  0.0090  0.9780  0.0060  0.0030  
 75       75  (18)      5 :  0.0110  0.0100  0.0110  0.0140  0.9540  
 76       76  (25)      6 :  0.0690  0.0220  0.0050  0.9000  0.0040  
 77       77  (12)      7 :  0.0050  0.0050  0.0230  0.7323  0.2348  
 78       78  (21)      1 :  0.0020  0.9890  0.0030  0.0030  0.0030  
 79       79  (14)      2 :  0.9550  0.0030  0.0060  0.0240  0.0120  
 80       80  (22)      3 :  0.1080  0.0030  0.3260  0.1090  0.4540  
 81       81  (11)      4 :  0.0300  0.0150  0.8920  0.0070  0.0560  
 82       82  (25)      5 :  0.0130  0.0040  0.0080  0.0070  0.9680  
 83       83  (12)      6 :  0.0150  0.0180  0.0260  0.9370  0.0040  
 84       84  (18)      7 :  0.0050  0.0070  0.0060  0.9560  0.0260  
 85       85   (9)      1 :  0.0130  0.8989  0.0070  0.0440  0.0370  
 86       86  (24)      2 :  0.9750  0.0060  0.0060  0.0110  0.0020  
 87       87  (47)      3 :  0.0410  0.0040  0.6570  0.0100  0.2880  
 88       88  (27)      4 :  0.0110  0.0110  0.9181  0.0160  0.0440  
 89       89  (14)      5 :  0.0090  0.0060  0.0080  0.0040  0.9730  
 90       90  (24)      6 :  0.0070  0.0110  0.0540  0.9240  0.0040  
 91       91  (20)      7 :  0.0030  0.0060  0.0060  0.9740  0.0110  
 92       92  (10)      1 :  0.0030  0.9830  0.0040  0.0030  0.0070  
 93       93  (21)      2 :  0.7030  0.2640  0.0070  0.0120  0.0140  
 94       94  (27)      3 :  0.0280  0.0040  0.8028  0.0020  0.1632  
 95       95   (9)      4 :  0.0050  0.0100  0.8260  0.1320  0.0270  
 96       96  (40)      5 :  0.0070  0.0120  0.0070  0.0240  0.9500  
 97       97  (26)      6 :  0.0070  0.0941  0.0030  0.8599  0.0360  
 98       98  (15)      7 :  0.0160  0.0090  0.0120  0.9570  0.0060  
 99       99  (23)      1 :  0.0080  0.6937  0.2232  0.0150  0.0601  
100      100  (19)      2 :  0.9870  0.0020  0.0060  0.0020  0.0030  
101      101  (60)      3 :  0.0070  0.0070  0.3646  0.2058  0.4156  
102      102  (17)      4 :  0.0050  0.0090  0.9690  0.0060  0.0110  
103      103  (18)      5 :  0.0080  0.0050  0.0050  0.0070  0.9750  
104      104  (23)      6 :  0.0050  0.0030  0.0060  0.9471  0.0390  
105      105  (20)      7 :  0.0060  0.0130  0.1240  0.8430  0.0140  
