  1        1  (21)      1 :  0.9520  0.0010  0.0050  0.0020  0.0050  0.0330  0.0020  
  2        2   (8)      2 :  0.0060  0.0030  0.0900  0.0400  0.7490  0.0030  0.1090  
  3        3  (22)      3 :  0.0030  0.0030  0.0020  0.0050  0.0040  0.9800  0.0030  
  4        4  (12)      4 :  0.0630  0.0110  0.7840  0.0040  0.0040  0.1320  0.0020  
  5        5  (75)      5 :  0.0120  0.0260  0.0130  0.5650  0.0120  0.0220  0.3500  
  6        6  (23)      6 :  0.0090  0.7950  0.0390  0.0080  0.0040  0.0150  0.1300  
  7        7  (24)      7 :  0.0160  0.0060  0.0060  0.9660  0.0010  0.0020  0.0030  
  8        8  (40)      1 :  0.8238  0.0120  0.0160  0.0861  0.0080  0.0360  0.0180  
  9        9  (22)      2 :  0.0110  0.0300  0.0100  0.0050  0.9350  0.0040  0.0050  
 10       10  (33)      3 :  0.1481  0.0070  0.0030  0.0040  0.0020  0.6697  0.1662  
 11       11  (29)      4 :  0.0030  0.0030  0.9260  0.0080  0.0290  0.0270  0.0040  
 12       12  (25)      5 :  0.0020  0.0010  0.0020  0.0020  0.0010  0.0050  0.9870  
 13       13   (9)      6 :  0.0040  0.9810  0.0030  0.0020  0.0020  0.0050  0.0030  
 14       14  (52)      7 :  0.0120  0.0350  0.0040  0.6380  0.1790  0.0510  0.0810  
 15       15  (14)      1 :  0.9740  0.0110  0.0020  0.0060  0.0020  0.0030  0.0020  
 16       16  (17)      2 :  0.0110  0.0070  0.0110  0.0050  0.9560  0.0050  0.0050  
 17       17  (18)      3 :  0.0030  0.0050  0.0020  0.0060  0.0040  0.9760  0.0040  
 18       18  (14)      4 :  0.0020  0.0080  0.9590  0.0080  0.0130  0.0030  0.0070  
 19       19  (17)      5 :  0.0100  0.0180  0.0460  0.0090  0.0370  0.0100  0.8700  
 20       20   (9)      6 :  0.0150  0.9120  0.0350  0.0160  0.0140  0.0050  0.0030  
 21       21  (32)      7 :  0.0020  0.0070  0.0060  0.9630  0.0070  0.0080  0.0070  
 22       22  (12)      1 :  0.9770  0.0080  0.0040  0.0020  0.0030  0.0030  0.0030  
 23       23  (14)      2 :  0.0010  0.0020  0.0020  0.0020  0.9850  0.0050  0.0030  
 24       24  (16)      3 :  0.0010  0.0050  0.0240  0.0320  0.0140  0.7257  0.1982  
 25       25  (46)      4 :  0.0020  0.0020  0.9860  0.0020  0.0030  0.0010  0.0040  
 26       26  (10)      5 :  0.0070  0.0040  0.0040  0.0020  0.0060  0.0110  0.9660  
 27       27  (32)      6 :  0.0040  0.9690  0.0050  0.0110  0.0040  0.0040  0.0030  
 28       28  (18)      7 :  0.0070  0.0080  0.0050  0.8981  0.0739  0.0040  0.0040  
 29       29  (32)      1 :  0.8467  0.0200  0.0080  0.0130  0.0541  0.0461  0.0120  
 30       30  (18)      2 :  0.0080  0.0100  0.0030  0.0040  0.9660  0.0070  0.0020  
 31       31   (9)      3 :  0.0050  0.0060  0.0560  0.0250  0.0040  0.8990  0.0050  
 32       32  (32)      4 :  0.0020  0.0050  0.9620  0.0120  0.0090  0.0060  0.0040  
 33       33  (14)      5 :  0.0380  0.0230  0.0110  0.0070  0.0300  0.2020  0.6890  
 34       34  (30)      6 :  0.0060  0.9479  0.0200  0.0080  0.0080  0.0020  0.0080  
 35       35  (14)      7 :  0.0050  0.0020  0.0679  0.9061  0.0060  0.0020  0.0110  
 36       36  (21)      1 :  0.9479  0.0210  0.0040  0.0040  0.0110  0.0060  0.0060  
 37       37  (54)      2 :  0.0210  0.0030  0.0030  0.0020  0.9660  0.0030  0.0020  
 38       38  (45)      3 :  0.0040  0.0030  0.1687  0.0040  0.0110  0.8004  0.0090  
 39       39  (27)      4 :  0.0080  0.0230  0.8613  0.0070  0.0559  0.0279  0.0170  
 40       40  (13)      5 :  0.0320  0.0450  0.0270  0.0030  0.0100  0.0090  0.8741  
 41       41  (18)      6 :  0.0030  0.9520  0.0060  0.0050  0.0290  0.0030  0.0020  
 42       42  (66)      7 :  0.0070  0.0750  0.0320  0.7210  0.0170  0.0070  0.1410  
 43       43  (14)      1 :  0.9000  0.0040  0.0040  0.0020  0.0090  0.0740  0.0070  
 44       44  (22)      2 :  0.0110  0.0060  0.0110  0.0130  0.6803  0.1618  0.1169  
 45       45  (19)      3 :  0.0300  0.0060  0.0020  0.0210  0.0030  0.9339  0.0040  
 46       46  (22)      4 :  0.0020  0.0040  0.9750  0.0120  0.0010  0.0040  0.0020  
 47       47  (12)      5 :  0.0070  0.0140  0.0060  0.3504  0.0060  0.0060  0.6106  
 48       48  (11)      6 :  0.0060  0.8869  0.0470  0.0160  0.0250  0.0110  0.0080  
 49       49   (9)      7 :  0.0030  0.0100  0.0180  0.8160  0.0990  0.0510  0.0030  
 50       50  (30)      1 :  0.9131  0.0040  0.0040  0.0040  0.0050  0.0030  0.0669  
 51       51   (8)      2 :  0.0280  0.0050  0.0040  0.0210  0.8260  0.1090  0.0070  
 52       52   (9)      3 :  0.0260  0.0130  0.0020  0.1120  0.0170  0.8200  0.0100  
 53       53  (43)      4 :  0.0070  0.0250  0.9400  0.0040  0.0020  0.0080  0.0140  
 54       54  (21)      5 :  0.0030  0.0020  0.0010  0.0020  0.0010  0.0020  0.9890  
 55       55  (20)      6 :  0.0020  0.9880  0.0010  0.0030  0.0030  0.0010  0.0020  
 56       56   (6)      7 :  0.0030  0.0020  0.0050  0.9760  0.0010  0.0080  0.0050  
 57       57  (15)      1 :  0.9201  0.0030  0.0030  0.0370  0.0090  0.0230  0.0050  
 58       58   (7)      2 :  0.0240  0.0060  0.0210  0.0020  0.9370  0.0070  0.0030  
 59       59  (15)      3 :  0.0080  0.0100  0.0060  0.0050  0.0040  0.8730  0.0940  
 60       60   (9)      4 :  0.0110  0.0060  0.9700  0.0070  0.0020  0.0020  0.0020  
 61       61  (33)      5 :  0.0020  0.0050  0.0040  0.0100  0.0090  0.0310  0.9391  
 62       62  (12)      6 :  0.0120  0.6357  0.0060  0.0220  0.0020  0.0160  0.3064  
 63       63  (57)      7 :  0.0080  0.0150  0.0080  0.9029  0.0170  0.0040  0.0450  
 64       64  (23)      1 :  0.9760  0.0050  0.0030  0.0040  0.0050  0.0030  0.0040  
 65       65  (31)      2 :  0.0040  0.0020  0.0040  0.0030  0.9800  0.0030  0.0040  
 66       66  (17)      3 :  0.0320  0.0040  0.0030  0.0040  0.0020  0.9180  0.0370  
 67       67  (10)      4 :  0.0040  0.0080  0.8831  0.0749  0.0150  0.0100  0.0050  
 68       68   (8)      5 :  0.0020  0.0160  0.0950  0.0180  0.0220  0.0020  0.8450  
 69       69  (41)      6 :  0.0030  0.8661  0.0060  0.0170  0.0230  0.0799  0.0050  
 70       70  (17)      7 :  0.0090  0.0240  0.0050  0.9361  0.0110  0.0090  0.0060  
 71       71  (29)      1 :  0.9260  0.0090  0.0300  0.0090  0.0060  0.0060  0.0140  
 72       72  (51)      2 :  0.0030  0.0030  0.0270  0.0100  0.9080  0.0340  0.0150  
 73       73  (22)      3 :  0.0070  0.0030  0.0430  0.0030  0.0640  0.8750  0.0050  
 74       74  (14)      4 :  0.0120  0.0090  0.9610  0.0060  0.0030  0.0050  0.0040  
 75       75  (18)      5 :  0.0130  0.0060  0.0050  0.0020  0.0060  0.0020  0.9660  
 76       76  (25)      6 :  0.0020  0.9820  0.0020  0.0020  0.0050  0.0040  0.0030  
 77       77  (12)      7 :  0.0070  0.0030  0.0080  0.9380  0.0090  0.0200  0.0150  
 78       78  (21)      1 :  0.9880  0.0030  0.0020  0.0020  0.0020  0.0020  0.0010  
 79       79  (14)      2 :  0.0030  0.0210  0.0030  0.0270  0.9341  0.0060  0.0060  
 80       80  (22)      3 :  0.0050  0.0140  0.0160  0.0460  0.0220  0.8820  0.0150  
 81       81  (11)      4 :  0.0140  0.0100  0.9359  0.0030  0.0120  0.0040  0.0210  
 82       82  (25)      5 :  0.0050  0.0060  0.0110  0.0350  0.0070  0.0270  0.9090  
 83       83  (12)      6 :  0.0110  0.8178  0.0140  0.1041  0.0240  0.0230  0.0060  
 84       84  (18)      7 :  0.0020  0.0020  0.0040  0.9810  0.0020  0.0070  0.0020  
 85       85   (9)      1 :  0.8920  0.0540  0.0060  0.0060  0.0090  0.0020  0.0310  
 86       86  (24)      2 :  0.0100  0.0830  0.0410  0.0080  0.8510  0.0020  0.0050  
 87       87  (47)      3 :  0.0040  0.0080  0.0130  0.0030  0.0140  0.9480  0.0100  
 88       88  (27)      4 :  0.0090  0.0040  0.7084  0.2214  0.0230  0.0180  0.0160  
 89       89  (14)      5 :  0.0130  0.0050  0.0090  0.0110  0.0080  0.0070  0.9471  
 90       90  (24)      6 :  0.0080  0.9120  0.0460  0.0170  0.0050  0.0080  0.0040  
 91       91  (20)      7 :  0.0040  0.0100  0.0020  0.9710  0.0030  0.0060  0.0040  
 92       92  (10)      1 :  0.9690  0.0020  0.0020  0.0040  0.0020  0.0030  0.0180  
 93       93  (21)      2 :  0.2777  0.0060  0.0050  0.0090  0.6523  0.0030  0.0470  
 94       94  (27)      3 :  0.0010  0.0020  0.0080  0.0020  0.0040  0.9810  0.0020  
 95       95   (9)      4 :  0.0080  0.0040  0.8214  0.1437  0.0050  0.0140  0.0040  
 96       96  (40)      5 :  0.0050  0.0320  0.0030  0.0070  0.0100  0.0150  0.9279  
 97       97  (26)      6 :  0.0330  0.7840  0.0060  0.0100  0.0090  0.0060  0.1520  
 98       98  (15)      7 :  0.0060  0.1010  0.0100  0.7670  0.1090  0.0050  0.0020  
 99       99  (23)      1 :  0.8250  0.0130  0.0840  0.0110  0.0020  0.0250  0.0400  
100      100  (19)      2 :  0.0020  0.0020  0.0140  0.0150  0.9610  0.0040  0.0020  
101      101  (60)      3 :  0.0060  0.1341  0.0330  0.0190  0.0070  0.7898  0.0110  
102      102  (17)      4 :  0.0080  0.0110  0.9369  0.0080  0.0050  0.0040  0.0270  
103      103  (18)      5 :  0.0030  0.0020  0.0030  0.0080  0.0090  0.0459  0.9291  
104      104  (23)      6 :  0.0040  0.8810  0.0060  0.0700  0.0060  0.0140  0.0190  
105      105  (20)      7 :  0.0100  0.0030  0.2112  0.7457  0.0060  0.0150  0.0090  
