  1        1  (21)      1 :  0.0050  0.9190  0.0030  0.0030  0.0700  
  2        2   (8)      2 :  0.7057  0.0060  0.2543  0.0230  0.0110  
  3        3  (22)      3 :  0.0040  0.0060  0.0050  0.0030  0.9820  
  4        4  (12)      4 :  0.0160  0.0951  0.0060  0.8138  0.0691  
  5        5  (75)      5 :  0.0130  0.0180  0.8720  0.0120  0.0850  
  6        6  (23)      6 :  0.0040  0.0290  0.0090  0.9309  0.0270  
  7        7  (24)      7 :  0.0020  0.0280  0.9550  0.0120  0.0030  
  8        8  (40)      1 :  0.0090  0.8210  0.0880  0.0210  0.0610  
  9        9  (22)      2 :  0.9449  0.0130  0.0070  0.0300  0.0050  
 10       10  (33)      3 :  0.0030  0.1330  0.0380  0.0110  0.8150  
 11       11  (29)      4 :  0.0830  0.0030  0.0080  0.8450  0.0610  
 12       12  (25)      5 :  0.0030  0.0030  0.9710  0.0030  0.0200  
 13       13   (9)      6 :  0.0020  0.0050  0.0050  0.9820  0.0060  
 14       14  (52)      7 :  0.0320  0.0080  0.9140  0.0080  0.0380  
 15       15  (14)      1 :  0.0020  0.9860  0.0030  0.0060  0.0030  
 16       16  (17)      2 :  0.9710  0.0130  0.0060  0.0060  0.0040  
 17       17  (18)      3 :  0.0050  0.0030  0.0050  0.0040  0.9830  
 18       18  (14)      4 :  0.0260  0.0030  0.0080  0.9600  0.0030  
 19       19  (17)      5 :  0.0630  0.0100  0.8120  0.1080  0.0070  
 20       20   (9)      6 :  0.0080  0.0090  0.0060  0.9720  0.0050  
 21       21  (32)      7 :  0.0030  0.0030  0.9610  0.0160  0.0170  
 22       22  (12)      1 :  0.0040  0.9850  0.0020  0.0060  0.0030  
 23       23  (14)      2 :  0.9890  0.0010  0.0020  0.0030  0.0050  
 24       24  (16)      3 :  0.0090  0.0020  0.2312  0.0991  0.6587  
 25       25  (46)      4 :  0.0050  0.0030  0.0060  0.9820  0.0040  
 26       26  (10)      5 :  0.0160  0.0350  0.7033  0.0060  0.2398  
 27       27  (32)      6 :  0.0050  0.0070  0.0100  0.9730  0.0050  
 28       28  (18)      7 :  0.1620  0.0140  0.6650  0.1520  0.0070  
 29       29  (32)      1 :  0.0591  0.7998  0.0170  0.0160  0.1081  
 30       30  (18)      2 :  0.9680  0.0120  0.0030  0.0070  0.0100  
 31       31   (9)      3 :  0.0040  0.0030  0.0060  0.0300  0.9570  
 32       32  (32)      4 :  0.0100  0.0030  0.0100  0.9600  0.0170  
 33       33  (14)      5 :  0.0330  0.2770  0.4940  0.0270  0.1690  
 34       34  (30)      6 :  0.0070  0.0090  0.0060  0.9750  0.0030  
 35       35  (14)      7 :  0.0050  0.0050  0.9790  0.0080  0.0030  
 36       36  (21)      1 :  0.0130  0.9631  0.0070  0.0070  0.0100  
 37       37  (54)      2 :  0.9640  0.0250  0.0030  0.0040  0.0040  
 38       38  (45)      3 :  0.0320  0.0060  0.0120  0.0400  0.9101  
 39       39  (27)      4 :  0.1572  0.0200  0.0150  0.7778  0.0300  
 40       40  (13)      5 :  0.0100  0.1131  0.8188  0.0310  0.0270  
 41       41  (18)      6 :  0.0571  0.0040  0.0070  0.9269  0.0050  
 42       42  (66)      7 :  0.0220  0.0130  0.6294  0.3287  0.0070  
 43       43  (14)      1 :  0.0140  0.9040  0.0030  0.0050  0.0740  
 44       44  (22)      2 :  0.6980  0.0130  0.0500  0.0050  0.2340  
 45       45  (19)      3 :  0.0060  0.0360  0.0420  0.0110  0.9050  
 46       46  (22)      4 :  0.0030  0.0030  0.0160  0.9730  0.0050  
 47       47  (12)      5 :  0.0060  0.0070  0.9650  0.0100  0.0120  
 48       48  (11)      6 :  0.0150  0.0050  0.0130  0.9510  0.0160  
 49       49   (9)      7 :  0.2567  0.0050  0.5734  0.0639  0.1009  
 50       50  (30)      1 :  0.0080  0.9481  0.0330  0.0060  0.0050  
 51       51   (8)      2 :  0.8088  0.0240  0.0460  0.0070  0.1141  
 52       52   (9)      3 :  0.0190  0.0150  0.0670  0.0060  0.8930  
 53       53  (43)      4 :  0.0020  0.0070  0.0120  0.9690  0.0100  
 54       54  (21)      5 :  0.0020  0.0160  0.9780  0.0020  0.0020  
 55       55  (20)      6 :  0.0160  0.0390  0.0140  0.9289  0.0020  
 56       56   (6)      7 :  0.0030  0.0040  0.9670  0.0090  0.0170  
 57       57  (15)      1 :  0.0090  0.9580  0.0060  0.0040  0.0230  
 58       58   (7)      2 :  0.9550  0.0140  0.0050  0.0170  0.0090  
 59       59  (15)      3 :  0.0060  0.0510  0.0350  0.0200  0.8880  
 60       60   (9)      4 :  0.0040  0.0120  0.0060  0.9750  0.0030  
 61       61  (33)      5 :  0.0150  0.0060  0.9590  0.0040  0.0160  
 62       62  (12)      6 :  0.0060  0.0110  0.3163  0.6446  0.0220  
 63       63  (57)      7 :  0.0110  0.0040  0.9750  0.0060  0.0040  
 64       64  (23)      1 :  0.0080  0.9790  0.0040  0.0060  0.0030  
 65       65  (31)      2 :  0.9870  0.0030  0.0030  0.0040  0.0030  
 66       66  (17)      3 :  0.0030  0.0130  0.0150  0.0130  0.9560  
 67       67  (10)      4 :  0.0650  0.0050  0.0250  0.8610  0.0440  
 68       68   (8)      5 :  0.0060  0.0040  0.9500  0.0360  0.0040  
 69       69  (41)      6 :  0.0120  0.0040  0.0100  0.9010  0.0730  
 70       70  (17)      7 :  0.0120  0.0110  0.8280  0.1420  0.0070  
 71       71  (29)      1 :  0.0110  0.9439  0.0160  0.0200  0.0090  
 72       72  (51)      2 :  0.9149  0.0040  0.0290  0.0160  0.0360  
 73       73  (22)      3 :  0.0749  0.0080  0.0060  0.0100  0.9011  
 74       74  (14)      4 :  0.0070  0.0220  0.0110  0.9510  0.0090  
 75       75  (18)      5 :  0.0090  0.0200  0.9560  0.0120  0.0030  
 76       76  (25)      6 :  0.0200  0.0420  0.0050  0.9290  0.0040  
 77       77  (12)      7 :  0.0050  0.0040  0.9409  0.0040  0.0460  
 78       78  (21)      1 :  0.0040  0.9870  0.0030  0.0040  0.0020  
 79       79  (14)      2 :  0.9379  0.0040  0.0210  0.0300  0.0070  
 80       80  (22)      3 :  0.0650  0.0080  0.0380  0.0260  0.8630  
 81       81  (11)      4 :  0.0270  0.0070  0.0130  0.9340  0.0190  
 82       82  (25)      5 :  0.0080  0.0060  0.9350  0.0110  0.0400  
 83       83  (12)      6 :  0.0180  0.0180  0.0250  0.9259  0.0130  
 84       84  (18)      7 :  0.0030  0.0030  0.9820  0.0070  0.0050  
 85       85   (9)      1 :  0.0200  0.8541  0.0509  0.0699  0.0050  
 86       86  (24)      2 :  0.9600  0.0120  0.0040  0.0210  0.0030  
 87       87  (47)      3 :  0.0060  0.0030  0.0040  0.0060  0.9810  
 88       88  (27)      4 :  0.0230  0.0100  0.3217  0.5385  0.1069  
 89       89  (14)      5 :  0.0100  0.0060  0.9670  0.0080  0.0090  
 90       90  (24)      6 :  0.0050  0.0070  0.0050  0.9730  0.0100  
 91       91  (20)      7 :  0.0080  0.0060  0.9390  0.0440  0.0030  
 92       92  (10)      1 :  0.0040  0.9820  0.0060  0.0040  0.0040  
 93       93  (21)      2 :  0.7370  0.2380  0.0150  0.0050  0.0050  
 94       94  (27)      3 :  0.0050  0.0030  0.0020  0.0030  0.9870  
 95       95   (9)      4 :  0.0090  0.0130  0.0619  0.8781  0.0380  
 96       96  (40)      5 :  0.0320  0.0050  0.8740  0.0260  0.0630  
 97       97  (26)      6 :  0.0060  0.1280  0.0180  0.8450  0.0030  
 98       98  (15)      7 :  0.0550  0.0090  0.4220  0.5010  0.0130  
 99       99  (23)      1 :  0.0040  0.9050  0.0220  0.0430  0.0260  
100      100  (19)      2 :  0.9830  0.0030  0.0070  0.0030  0.0040  
101      101  (60)      3 :  0.0060  0.0290  0.0290  0.3806  0.5554  
102      102  (17)      4 :  0.0090  0.0040  0.0090  0.9690  0.0090  
103      103  (18)      5 :  0.0130  0.0350  0.8570  0.0060  0.0890  
104      104  (23)      6 :  0.0090  0.0070  0.2322  0.7247  0.0270  
105      105  (20)      7 :  0.0090  0.0150  0.9120  0.0570  0.0070  
