  1        1  (21)      1 :  0.9540  0.0020  0.0030  0.0030  0.0030  0.0330  0.0020  
  2        2   (8)      2 :  0.0030  0.0020  0.0410  0.0490  0.7678  0.0030  0.1341  
  3        3  (22)      3 :  0.0030  0.0030  0.0020  0.0030  0.0030  0.9850  0.0010  
  4        4  (12)      4 :  0.0861  0.0100  0.6837  0.0040  0.0100  0.2042  0.0020  
  5        5  (75)      5 :  0.0240  0.0110  0.0240  0.7103  0.0130  0.0410  0.1768  
  6        6  (23)      6 :  0.0400  0.8282  0.0230  0.0060  0.0030  0.0260  0.0739  
  7        7  (24)      7 :  0.0400  0.0030  0.0060  0.9429  0.0010  0.0020  0.0050  
  8        8  (40)      1 :  0.8202  0.0060  0.0130  0.0470  0.0060  0.0589  0.0490  
  9        9  (22)      2 :  0.0130  0.0120  0.0160  0.0040  0.9460  0.0030  0.0060  
 10       10  (33)      3 :  0.1269  0.0140  0.0040  0.0120  0.0030  0.7952  0.0450  
 11       11  (29)      4 :  0.0020  0.0020  0.9590  0.0060  0.0150  0.0120  0.0040  
 12       12  (25)      5 :  0.0020  0.0010  0.0020  0.0020  0.0020  0.0040  0.9870  
 13       13   (9)      6 :  0.0030  0.9880  0.0020  0.0020  0.0010  0.0020  0.0020  
 14       14  (52)      7 :  0.0100  0.0100  0.0050  0.6667  0.0681  0.0480  0.1922  
 15       15  (14)      1 :  0.9630  0.0170  0.0030  0.0060  0.0040  0.0050  0.0020  
 16       16  (17)      2 :  0.0120  0.0040  0.0050  0.0060  0.9640  0.0040  0.0050  
 17       17  (18)      3 :  0.0020  0.0040  0.0020  0.0030  0.0030  0.9830  0.0030  
 18       18  (14)      4 :  0.0030  0.0090  0.9680  0.0060  0.0070  0.0030  0.0040  
 19       19  (17)      5 :  0.0050  0.0090  0.1011  0.0080  0.0891  0.0050  0.7828  
 20       20   (9)      6 :  0.0210  0.9259  0.0240  0.0120  0.0130  0.0020  0.0020  
 21       21  (32)      7 :  0.0030  0.0110  0.0050  0.9590  0.0050  0.0100  0.0070  
 22       22  (12)      1 :  0.9790  0.0060  0.0030  0.0020  0.0030  0.0050  0.0020  
 23       23  (14)      2 :  0.0010  0.0020  0.0020  0.0030  0.9800  0.0100  0.0020  
 24       24  (16)      3 :  0.0010  0.0050  0.0260  0.0080  0.0040  0.6210  0.3350  
 25       25  (46)      4 :  0.0020  0.0020  0.9810  0.0030  0.0030  0.0020  0.0070  
 26       26  (10)      5 :  0.0080  0.0020  0.0040  0.0020  0.0120  0.0210  0.9510  
 27       27  (32)      6 :  0.0030  0.9600  0.0030  0.0140  0.0070  0.0100  0.0030  
 28       28  (18)      7 :  0.0100  0.0070  0.0060  0.8232  0.1469  0.0030  0.0040  
 29       29  (32)      1 :  0.8519  0.0440  0.0080  0.0080  0.0631  0.0220  0.0030  
 30       30  (18)      2 :  0.0310  0.0170  0.0060  0.0050  0.9230  0.0150  0.0030  
 31       31   (9)      3 :  0.0040  0.0110  0.0950  0.0200  0.0040  0.8620  0.0040  
 32       32  (32)      4 :  0.0030  0.0110  0.9430  0.0160  0.0060  0.0170  0.0040  
 33       33  (14)      5 :  0.0591  0.0380  0.0100  0.0130  0.0180  0.1211  0.7407  
 34       34  (30)      6 :  0.0100  0.9411  0.0120  0.0080  0.0060  0.0040  0.0190  
 35       35  (14)      7 :  0.0040  0.0020  0.0360  0.9430  0.0060  0.0020  0.0070  
 36       36  (21)      1 :  0.9650  0.0080  0.0030  0.0050  0.0060  0.0050  0.0080  
 37       37  (54)      2 :  0.0120  0.0030  0.0020  0.0020  0.9730  0.0040  0.0040  
 38       38  (45)      3 :  0.0050  0.0110  0.0911  0.0050  0.0340  0.8428  0.0110  
 39       39  (27)      4 :  0.0330  0.0100  0.8460  0.0090  0.0670  0.0260  0.0090  
 40       40  (13)      5 :  0.0150  0.0340  0.0030  0.0040  0.0060  0.0060  0.9320  
 41       41  (18)      6 :  0.0020  0.9429  0.0020  0.0090  0.0390  0.0040  0.0010  
 42       42  (66)      7 :  0.0060  0.0300  0.0420  0.8570  0.0100  0.0050  0.0500  
 43       43  (14)      1 :  0.9440  0.0030  0.0030  0.0020  0.0070  0.0360  0.0050  
 44       44  (22)      2 :  0.0070  0.0080  0.0060  0.0050  0.8630  0.0850  0.0260  
 45       45  (19)      3 :  0.0100  0.0060  0.0030  0.0350  0.0040  0.9391  0.0030  
 46       46  (22)      4 :  0.0020  0.0020  0.9860  0.0050  0.0020  0.0020  0.0010  
 47       47  (12)      5 :  0.0180  0.0260  0.0190  0.1480  0.0230  0.0110  0.7550  
 48       48  (11)      6 :  0.0080  0.8980  0.0190  0.0390  0.0110  0.0110  0.0140  
 49       49   (9)      7 :  0.0040  0.0090  0.0259  0.6737  0.2655  0.0190  0.0030  
 50       50  (30)      1 :  0.8950  0.0050  0.0050  0.0050  0.0040  0.0040  0.0820  
 51       51   (8)      2 :  0.0200  0.0070  0.0060  0.0140  0.8370  0.1070  0.0090  
 52       52   (9)      3 :  0.0130  0.0070  0.0020  0.1170  0.0140  0.8250  0.0220  
 53       53  (43)      4 :  0.0060  0.0340  0.9370  0.0030  0.0030  0.0060  0.0110  
 54       54  (21)      5 :  0.0050  0.0020  0.0010  0.0020  0.0010  0.0010  0.9880  
 55       55  (20)      6 :  0.0020  0.9890  0.0010  0.0030  0.0020  0.0010  0.0020  
 56       56   (6)      7 :  0.0030  0.0030  0.0050  0.9690  0.0030  0.0100  0.0070  
 57       57  (15)      1 :  0.9411  0.0030  0.0030  0.0070  0.0130  0.0300  0.0030  
 58       58   (7)      2 :  0.0110  0.0040  0.0140  0.0020  0.9630  0.0040  0.0020  
 59       59  (15)      3 :  0.0180  0.0090  0.0050  0.0040  0.0030  0.8880  0.0730  
 60       60   (9)      4 :  0.0140  0.0140  0.9530  0.0130  0.0020  0.0020  0.0020  
 61       61  (33)      5 :  0.0040  0.0030  0.0020  0.0090  0.0080  0.0110  0.9630  
 62       62  (12)      6 :  0.0310  0.5800  0.0100  0.0390  0.0030  0.0070  0.3300  
 63       63  (57)      7 :  0.0060  0.0130  0.0040  0.9409  0.0100  0.0060  0.0200  
 64       64  (23)      1 :  0.9810  0.0040  0.0020  0.0040  0.0050  0.0020  0.0020  
 65       65  (31)      2 :  0.0040  0.0030  0.0080  0.0040  0.9750  0.0020  0.0040  
 66       66  (17)      3 :  0.0090  0.0040  0.0110  0.0030  0.0030  0.9239  0.0460  
 67       67  (10)      4 :  0.0070  0.0060  0.9270  0.0190  0.0190  0.0190  0.0030  
 68       68   (8)      5 :  0.0020  0.0040  0.0490  0.0170  0.0070  0.0020  0.9189  
 69       69  (41)      6 :  0.0020  0.9280  0.0040  0.0100  0.0210  0.0330  0.0020  
 70       70  (17)      7 :  0.0060  0.0370  0.0040  0.9300  0.0120  0.0080  0.0030  
 71       71  (29)      1 :  0.9390  0.0070  0.0130  0.0060  0.0110  0.0080  0.0160  
 72       72  (51)      2 :  0.0030  0.0030  0.0100  0.0100  0.9401  0.0290  0.0050  
 73       73  (22)      3 :  0.0070  0.0030  0.0260  0.0040  0.0310  0.9200  0.0090  
 74       74  (14)      4 :  0.0120  0.0040  0.9690  0.0020  0.0020  0.0050  0.0060  
 75       75  (18)      5 :  0.0040  0.0080  0.0040  0.0020  0.0070  0.0020  0.9730  
 76       76  (25)      6 :  0.0060  0.9800  0.0020  0.0030  0.0050  0.0020  0.0020  
 77       77  (12)      7 :  0.0060  0.0030  0.0070  0.9390  0.0050  0.0200  0.0200  
 78       78  (21)      1 :  0.9830  0.0020  0.0020  0.0030  0.0050  0.0030  0.0020  
 79       79  (14)      2 :  0.0050  0.0260  0.0030  0.0120  0.9391  0.0050  0.0100  
 80       80  (22)      3 :  0.0040  0.0050  0.0450  0.0290  0.0090  0.9051  0.0030  
 81       81  (11)      4 :  0.0060  0.0110  0.8610  0.0030  0.0130  0.0050  0.1010  
 82       82  (25)      5 :  0.0040  0.0060  0.0110  0.0080  0.0040  0.0290  0.9379  
 83       83  (12)      6 :  0.0100  0.7990  0.0880  0.0660  0.0230  0.0100  0.0040  
 84       84  (18)      7 :  0.0020  0.0040  0.0020  0.9810  0.0030  0.0040  0.0040  
 85       85   (9)      1 :  0.8362  0.1209  0.0090  0.0110  0.0060  0.0030  0.0140  
 86       86  (24)      2 :  0.0040  0.0130  0.0070  0.0040  0.9670  0.0020  0.0030  
 87       87  (47)      3 :  0.0030  0.0110  0.0130  0.0030  0.0120  0.9460  0.0120  
 88       88  (27)      4 :  0.0040  0.0050  0.8272  0.1239  0.0210  0.0110  0.0080  
 89       89  (14)      5 :  0.0040  0.0030  0.0110  0.0190  0.0100  0.0100  0.9430  
 90       90  (24)      6 :  0.0040  0.9269  0.0390  0.0080  0.0050  0.0130  0.0040  
 91       91  (20)      7 :  0.0070  0.0150  0.0030  0.9640  0.0020  0.0040  0.0050  
 92       92  (10)      1 :  0.9770  0.0030  0.0020  0.0040  0.0020  0.0030  0.0090  
 93       93  (21)      2 :  0.0600  0.0140  0.0060  0.0210  0.8270  0.0030  0.0690  
 94       94  (27)      3 :  0.0020  0.0020  0.0020  0.0020  0.0020  0.9890  0.0010  
 95       95   (9)      4 :  0.0240  0.0060  0.7860  0.1650  0.0040  0.0070  0.0080  
 96       96  (40)      5 :  0.0040  0.0220  0.0030  0.0060  0.0110  0.0110  0.9430  
 97       97  (26)      6 :  0.0410  0.8770  0.0060  0.0050  0.0080  0.0020  0.0610  
 98       98  (15)      7 :  0.0040  0.3550  0.0090  0.5970  0.0240  0.0080  0.0030  
 99       99  (23)      1 :  0.8240  0.0240  0.0730  0.0040  0.0020  0.0330  0.0400  
100      100  (19)      2 :  0.0020  0.0010  0.0260  0.0100  0.9570  0.0020  0.0020  
101      101  (60)      3 :  0.0140  0.2897  0.0430  0.0140  0.0050  0.6154  0.0190  
102      102  (17)      4 :  0.0040  0.0050  0.9700  0.0040  0.0060  0.0030  0.0080  
103      103  (18)      5 :  0.0060  0.0040  0.0040  0.0070  0.0140  0.0280  0.9371  
104      104  (23)      6 :  0.0040  0.7650  0.0030  0.0160  0.0040  0.0110  0.1970  
105      105  (20)      7 :  0.0110  0.0030  0.1600  0.8040  0.0100  0.0060  0.0060  
