  1        1  (21)      1 :  0.0030  0.9530  0.0320  0.0020  0.0030  0.0020  0.0020  0.0030  
  2        2   (8)      2 :  0.0650  0.0050  0.0040  0.0060  0.7640  0.1160  0.0020  0.0380  
  3        3  (22)      3 :  0.0020  0.0020  0.9830  0.0010  0.0040  0.0020  0.0030  0.0030  
  4        4  (12)      4 :  0.7074  0.1102  0.1423  0.0020  0.0261  0.0020  0.0060  0.0040  
  5        5  (75)      5 :  0.0180  0.0350  0.0740  0.0070  0.0130  0.1550  0.0150  0.6830  
  6        6  (23)      6 :  0.0360  0.0180  0.0220  0.0190  0.0040  0.0570  0.8410  0.0030  
  7        7  (24)      7 :  0.0150  0.0230  0.0020  0.0010  0.0010  0.0060  0.0040  0.9480  
  8        8  (40)      1 :  0.0100  0.7720  0.0510  0.0580  0.0100  0.0500  0.0090  0.0400  
  9        9  (22)      2 :  0.0090  0.0110  0.0040  0.0110  0.9410  0.0070  0.0130  0.0040  
 10       10  (33)      3 :  0.0060  0.1190  0.8080  0.0040  0.0030  0.0430  0.0100  0.0070  
 11       11  (29)      4 :  0.9390  0.0040  0.0200  0.0050  0.0160  0.0030  0.0020  0.0110  
 12       12  (25)      5 :  0.0020  0.0020  0.0030  0.0020  0.0010  0.9850  0.0020  0.0030  
 13       13   (9)      6 :  0.0020  0.0020  0.0030  0.0040  0.0010  0.0020  0.9840  0.0020  
 14       14  (52)      7 :  0.0040  0.0180  0.0510  0.0230  0.0860  0.1660  0.0170  0.6350  
 15       15  (14)      1 :  0.0020  0.9620  0.0050  0.0040  0.0030  0.0030  0.0160  0.0050  
 16       16  (17)      2 :  0.0050  0.0090  0.0030  0.0020  0.9680  0.0050  0.0040  0.0040  
 17       17  (18)      3 :  0.0020  0.0030  0.9810  0.0010  0.0020  0.0040  0.0030  0.0040  
 18       18  (14)      4 :  0.9710  0.0020  0.0020  0.0030  0.0060  0.0050  0.0050  0.0060  
 19       19  (17)      5 :  0.1029  0.0060  0.0050  0.0030  0.1009  0.7662  0.0080  0.0080  
 20       20   (9)      6 :  0.0260  0.0240  0.0020  0.0030  0.0190  0.0040  0.9050  0.0170  
 21       21  (32)      7 :  0.0020  0.0010  0.0080  0.1550  0.0040  0.0050  0.0090  0.8160  
 22       22  (12)      1 :  0.0030  0.9690  0.0030  0.0120  0.0030  0.0020  0.0050  0.0030  
 23       23  (14)      2 :  0.0030  0.0010  0.0070  0.0010  0.9770  0.0050  0.0020  0.0040  
 24       24  (16)      3 :  0.0390  0.0020  0.6476  0.0030  0.0070  0.2863  0.0060  0.0090  
 25       25  (46)      4 :  0.9730  0.0020  0.0030  0.0060  0.0040  0.0070  0.0020  0.0030  
 26       26  (10)      5 :  0.0080  0.0110  0.0150  0.0010  0.0130  0.9480  0.0020  0.0020  
 27       27  (32)      6 :  0.0040  0.0030  0.0120  0.0080  0.0060  0.0040  0.9500  0.0130  
 28       28  (18)      7 :  0.0060  0.0110  0.0040  0.0050  0.1788  0.0040  0.0080  0.7832  
 29       29  (32)      1 :  0.0050  0.8611  0.0160  0.0020  0.0679  0.0100  0.0310  0.0070  
 30       30  (18)      2 :  0.0030  0.0190  0.0180  0.0130  0.9260  0.0030  0.0140  0.0040  
 31       31   (9)      3 :  0.1109  0.0020  0.8352  0.0110  0.0040  0.0020  0.0080  0.0270  
 32       32  (32)      4 :  0.9260  0.0050  0.0210  0.0130  0.0070  0.0040  0.0110  0.0130  
 33       33  (14)      5 :  0.0130  0.1160  0.1230  0.0020  0.0090  0.7140  0.0170  0.0060  
 34       34  (30)      6 :  0.0100  0.0040  0.0040  0.0140  0.0080  0.0170  0.9369  0.0060  
 35       35  (14)      7 :  0.0420  0.0060  0.0030  0.0050  0.0070  0.0100  0.0010  0.9260  
 36       36  (21)      1 :  0.0060  0.9580  0.0090  0.0010  0.0070  0.0090  0.0070  0.0030  
 37       37  (54)      2 :  0.0030  0.0150  0.0040  0.0020  0.9680  0.0040  0.0020  0.0020  
 38       38  (45)      3 :  0.1840  0.0050  0.7680  0.0020  0.0230  0.0070  0.0060  0.0050  
 39       39  (27)      4 :  0.8530  0.0160  0.0240  0.0100  0.0630  0.0120  0.0120  0.0100  
 40       40  (13)      5 :  0.0030  0.0200  0.0030  0.0070  0.0060  0.9190  0.0390  0.0030  
 41       41  (18)      6 :  0.0030  0.0020  0.0040  0.0010  0.0410  0.0010  0.9419  0.0060  
 42       42  (66)      7 :  0.0501  0.0060  0.0040  0.0100  0.0120  0.0551  0.0460  0.8168  
 43       43  (14)      1 :  0.0030  0.9399  0.0330  0.0040  0.0110  0.0040  0.0030  0.0020  
 44       44  (22)      2 :  0.0030  0.0080  0.0730  0.0260  0.8560  0.0260  0.0030  0.0050  
 45       45  (19)      3 :  0.0030  0.0090  0.9212  0.0100  0.0030  0.0030  0.0070  0.0439  
 46       46  (22)      4 :  0.9750  0.0020  0.0030  0.0030  0.0020  0.0010  0.0030  0.0110  
 47       47  (12)      5 :  0.0130  0.0200  0.0180  0.0270  0.0210  0.7193  0.0340  0.1479  
 48       48  (11)      6 :  0.0230  0.0100  0.0160  0.0130  0.0130  0.0070  0.8800  0.0380  
 49       49   (9)      7 :  0.0260  0.0040  0.0280  0.0030  0.2268  0.0030  0.0160  0.6933  
 50       50  (30)      1 :  0.0040  0.7820  0.0030  0.1410  0.0040  0.0530  0.0070  0.0060  
 51       51   (8)      2 :  0.0070  0.0180  0.1439  0.0110  0.7952  0.0110  0.0060  0.0080  
 52       52   (9)      3 :  0.0020  0.0120  0.7920  0.0010  0.0060  0.0240  0.0070  0.1560  
 53       53  (43)      4 :  0.0020  0.0010  0.0020  0.9870  0.0020  0.0010  0.0030  0.0020  
 54       54  (21)      5 :  0.0010  0.0050  0.0020  0.0450  0.0010  0.9411  0.0020  0.0030  
 55       55  (20)      6 :  0.0010  0.0020  0.0010  0.0010  0.0020  0.0020  0.9890  0.0020  
 56       56   (6)      7 :  0.0060  0.0020  0.0120  0.0020  0.0010  0.0070  0.0020  0.9679  
 57       57  (15)      1 :  0.0030  0.9500  0.0210  0.0020  0.0140  0.0030  0.0020  0.0050  
 58       58   (7)      2 :  0.0140  0.0080  0.0060  0.0030  0.9600  0.0030  0.0040  0.0020  
 59       59  (15)      3 :  0.0080  0.0200  0.8899  0.0010  0.0040  0.0591  0.0130  0.0050  
 60       60   (9)      4 :  0.9219  0.0120  0.0030  0.0320  0.0020  0.0020  0.0110  0.0160  
 61       61  (33)      5 :  0.0030  0.0040  0.0160  0.0020  0.0080  0.9530  0.0030  0.0110  
 62       62  (12)      6 :  0.0080  0.0130  0.0060  0.0040  0.0030  0.3744  0.5726  0.0190  
 63       63  (57)      7 :  0.0030  0.0050  0.0060  0.0030  0.0110  0.0310  0.0130  0.9280  
 64       64  (23)      1 :  0.0020  0.9770  0.0020  0.0020  0.0040  0.0030  0.0050  0.0050  
 65       65  (31)      2 :  0.0050  0.0040  0.0020  0.0030  0.9790  0.0030  0.0020  0.0020  
 66       66  (17)      3 :  0.0080  0.0130  0.9071  0.0110  0.0040  0.0500  0.0040  0.0030  
 67       67  (10)      4 :  0.9140  0.0050  0.0220  0.0060  0.0130  0.0060  0.0070  0.0270  
 68       68   (8)      5 :  0.0130  0.0020  0.0020  0.0430  0.0080  0.9089  0.0060  0.0170  
 69       69  (41)      6 :  0.0100  0.0020  0.0190  0.0020  0.0150  0.0040  0.9381  0.0100  
 70       70  (17)      7 :  0.0060  0.0040  0.0050  0.0010  0.0090  0.0020  0.0350  0.9379  
 71       71  (29)      1 :  0.0270  0.9280  0.0060  0.0060  0.0120  0.0110  0.0060  0.0040  
 72       72  (51)      2 :  0.0090  0.0030  0.0190  0.0060  0.9500  0.0060  0.0030  0.0040  
 73       73  (22)      3 :  0.0380  0.0070  0.8999  0.0020  0.0390  0.0070  0.0040  0.0030  
 74       74  (14)      4 :  0.9540  0.0140  0.0040  0.0110  0.0030  0.0050  0.0060  0.0030  
 75       75  (18)      5 :  0.0030  0.0030  0.0020  0.0020  0.0080  0.9730  0.0070  0.0020  
 76       76  (25)      6 :  0.0030  0.0060  0.0030  0.0010  0.0030  0.0040  0.9780  0.0020  
 77       77  (12)      7 :  0.0060  0.0040  0.0280  0.0060  0.0060  0.0120  0.0020  0.9360  
 78       78  (21)      1 :  0.0020  0.9830  0.0020  0.0020  0.0030  0.0020  0.0020  0.0040  
 79       79  (14)      2 :  0.0030  0.0050  0.0040  0.0010  0.9400  0.0070  0.0220  0.0180  
 80       80  (22)      3 :  0.0380  0.0040  0.9021  0.0100  0.0110  0.0040  0.0090  0.0220  
 81       81  (11)      4 :  0.7493  0.0060  0.0050  0.0929  0.0130  0.1229  0.0070  0.0040  
 82       82  (25)      5 :  0.0120  0.0040  0.0240  0.0020  0.0070  0.9341  0.0060  0.0110  
 83       83  (12)      6 :  0.0640  0.0060  0.0080  0.0110  0.0270  0.0040  0.8170  0.0630  
 84       84  (18)      7 :  0.0020  0.0020  0.0030  0.0020  0.0040  0.0030  0.0050  0.9790  
 85       85   (9)      1 :  0.0080  0.8680  0.0040  0.0010  0.0090  0.0110  0.0930  0.0060  
 86       86  (24)      2 :  0.0050  0.0030  0.0020  0.0050  0.9680  0.0020  0.0110  0.0040  
 87       87  (47)      3 :  0.0070  0.0040  0.9251  0.0330  0.0120  0.0100  0.0070  0.0020  
 88       88  (27)      4 :  0.8222  0.0050  0.0190  0.0100  0.0220  0.0090  0.0050  0.1079  
 89       89  (14)      5 :  0.0040  0.0040  0.0090  0.0100  0.0100  0.9340  0.0030  0.0260  
 90       90  (24)      6 :  0.0360  0.0060  0.0100  0.0290  0.0040  0.0020  0.9039  0.0090  
 91       91  (20)      7 :  0.0040  0.0060  0.0060  0.0030  0.0020  0.0060  0.0180  0.9550  
 92       92  (10)      1 :  0.0040  0.9740  0.0020  0.0020  0.0020  0.0090  0.0030  0.0040  
 93       93  (21)      2 :  0.0060  0.0681  0.0020  0.0010  0.8138  0.0761  0.0140  0.0190  
 94       94  (27)      3 :  0.0030  0.0020  0.9850  0.0020  0.0030  0.0020  0.0010  0.0020  
 95       95   (9)      4 :  0.7958  0.0320  0.0110  0.0080  0.0040  0.0090  0.0060  0.1341  
 96       96  (40)      5 :  0.0040  0.0030  0.0090  0.0030  0.0150  0.9430  0.0170  0.0060  
 97       97  (26)      6 :  0.0050  0.0519  0.0030  0.0030  0.0070  0.0490  0.8761  0.0050  
 98       98  (15)      7 :  0.0210  0.0080  0.0120  0.0020  0.0240  0.0030  0.3500  0.5800  
 99       99  (23)      1 :  0.1240  0.7920  0.0140  0.0030  0.0020  0.0490  0.0090  0.0070  
100      100  (19)      2 :  0.0220  0.0020  0.0020  0.0030  0.9580  0.0020  0.0010  0.0100  
101      101  (60)      3 :  0.0350  0.0130  0.6100  0.0070  0.0050  0.0170  0.3000  0.0130  
102      102  (17)      4 :  0.9461  0.0040  0.0020  0.0080  0.0070  0.0240  0.0040  0.0050  
103      103  (18)      5 :  0.0030  0.0110  0.0410  0.0040  0.0140  0.9200  0.0030  0.0040  
104      104  (23)      6 :  0.0060  0.0040  0.0110  0.0020  0.0040  0.1480  0.7900  0.0350  
105      105  (20)      7 :  0.1461  0.0120  0.0070  0.0090  0.0070  0.0100  0.0040  0.8048  
