  1        1  (21)      1 :  0.0320  0.9540  0.0140  
  2        2   (8)      2 :  0.6880  0.0610  0.2510  
  3        3  (22)      3 :  0.9690  0.0210  0.0100  
  4        4  (12)      4 :  0.2210  0.0710  0.7080  
  5        5  (75)      5 :  0.0839  0.3077  0.6084  
  6        6  (23)      6 :  0.0250  0.9170  0.0580  
  7        7  (24)      7 :  0.0040  0.0490  0.9469  
  8        8  (40)      1 :  0.0230  0.8450  0.1320  
  9        9  (22)      2 :  0.8811  0.0809  0.0380  
 10       10  (33)      3 :  0.0920  0.8860  0.0220  
 11       11  (29)      4 :  0.0870  0.0080  0.9050  
 12       12  (25)      5 :  0.0290  0.9360  0.0350  
 13       13   (9)      6 :  0.0380  0.9270  0.0350  
 14       14  (52)      7 :  0.6980  0.2170  0.0850  
 15       15  (14)      1 :  0.0060  0.9850  0.0090  
 16       16  (17)      2 :  0.9380  0.0490  0.0130  
 17       17  (18)      3 :  0.9620  0.0170  0.0210  
 18       18  (14)      4 :  0.0200  0.0110  0.9690  
 19       19  (17)      5 :  0.0690  0.8500  0.0810  
 20       20   (9)      6 :  0.1020  0.8060  0.0920  
 21       21  (32)      7 :  0.0530  0.0190  0.9280  
 22       22  (12)      1 :  0.0170  0.9660  0.0170  
 23       23  (14)      2 :  0.9870  0.0040  0.0090  
 24       24  (16)      3 :  0.8240  0.0410  0.1350  
 25       25  (46)      4 :  0.0100  0.0080  0.9820  
 26       26  (10)      5 :  0.0380  0.9480  0.0140  
 27       27  (32)      6 :  0.1230  0.8150  0.0620  
 28       28  (18)      7 :  0.1150  0.0260  0.8590  
 29       29  (32)      1 :  0.2650  0.7040  0.0310  
 30       30  (18)      2 :  0.9520  0.0340  0.0140  
 31       31   (9)      3 :  0.6570  0.0250  0.3180  
 32       32  (32)      4 :  0.0850  0.0170  0.8980  
 33       33  (14)      5 :  0.2480  0.7050  0.0470  
 34       34  (30)      6 :  0.0370  0.9380  0.0250  
 35       35  (14)      7 :  0.0110  0.0140  0.9750  
 36       36  (21)      1 :  0.0180  0.9720  0.0100  
 37       37  (54)      2 :  0.9690  0.0240  0.0070  
 38       38  (45)      3 :  0.9239  0.0170  0.0591  
 39       39  (27)      4 :  0.4615  0.0300  0.5085  
 40       40  (13)      5 :  0.0190  0.9700  0.0110  
 41       41  (18)      6 :  0.5800  0.3440  0.0760  
 42       42  (66)      7 :  0.0280  0.0400  0.9321  
 43       43  (14)      1 :  0.1010  0.8930  0.0060  
 44       44  (22)      2 :  0.8710  0.1100  0.0190  
 45       45  (19)      3 :  0.8639  0.0561  0.0801  
 46       46  (22)      4 :  0.0060  0.0070  0.9870  
 47       47  (12)      5 :  0.0290  0.7660  0.2050  
 48       48  (11)      6 :  0.3740  0.5030  0.1230  
 49       49   (9)      7 :  0.1980  0.0080  0.7940  
 50       50  (30)      1 :  0.0090  0.9730  0.0180  
 51       51   (8)      2 :  0.9760  0.0160  0.0080  
 52       52   (9)      3 :  0.8720  0.1080  0.0200  
 53       53  (43)      4 :  0.0350  0.1480  0.8170  
 54       54  (21)      5 :  0.0080  0.9820  0.0100  
 55       55  (20)      6 :  0.0130  0.9730  0.0140  
 56       56   (6)      7 :  0.0150  0.0190  0.9660  
 57       57  (15)      1 :  0.0589  0.9271  0.0140  
 58       58   (7)      2 :  0.9170  0.0360  0.0470  
 59       59  (15)      3 :  0.7080  0.2740  0.0180  
 60       60   (9)      4 :  0.0060  0.0140  0.9800  
 61       61  (33)      5 :  0.1100  0.8550  0.0350  
 62       62  (12)      6 :  0.0120  0.9270  0.0610  
 63       63  (57)      7 :  0.0330  0.2070  0.7600  
 64       64  (23)      1 :  0.0100  0.9780  0.0120  
 65       65  (31)      2 :  0.9730  0.0090  0.0180  
 66       66  (17)      3 :  0.6350  0.3290  0.0360  
 67       67  (10)      4 :  0.1150  0.0110  0.8740  
 68       68   (8)      5 :  0.0120  0.4605  0.5275  
 69       69  (41)      6 :  0.5650  0.2600  0.1750  
 70       70  (17)      7 :  0.0549  0.0589  0.8861  
 71       71  (29)      1 :  0.0170  0.9630  0.0200  
 72       72  (51)      2 :  0.9640  0.0130  0.0230  
 73       73  (22)      3 :  0.9670  0.0110  0.0220  
 74       74  (14)      4 :  0.0170  0.0270  0.9560  
 75       75  (18)      5 :  0.0080  0.9790  0.0130  
 76       76  (25)      6 :  0.1330  0.8520  0.0150  
 77       77  (12)      7 :  0.0900  0.0430  0.8670  
 78       78  (21)      1 :  0.0080  0.9760  0.0160  
 79       79  (14)      2 :  0.9680  0.0080  0.0240  
 80       80  (22)      3 :  0.8891  0.0549  0.0559  
 81       81  (11)      4 :  0.0960  0.1120  0.7920  
 82       82  (25)      5 :  0.0680  0.8520  0.0800  
 83       83  (12)      6 :  0.1100  0.6430  0.2470  
 84       84  (18)      7 :  0.0430  0.0260  0.9310  
 85       85   (9)      1 :  0.0110  0.9790  0.0100  
 86       86  (24)      2 :  0.9219  0.0390  0.0390  
 87       87  (47)      3 :  0.9280  0.0450  0.0270  
 88       88  (27)      4 :  0.0570  0.0140  0.9290  
 89       89  (14)      5 :  0.0870  0.8680  0.0450  
 90       90  (24)      6 :  0.0150  0.9180  0.0670  
 91       91  (20)      7 :  0.0120  0.0340  0.9540  
 92       92  (10)      1 :  0.0100  0.9660  0.0240  
 93       93  (21)      2 :  0.3990  0.5850  0.0160  
 94       94  (27)      3 :  0.9760  0.0070  0.0170  
 95       95   (9)      4 :  0.0100  0.0180  0.9720  
 96       96  (40)      5 :  0.0970  0.8720  0.0310  
 97       97  (26)      6 :  0.0120  0.9620  0.0260  
 98       98  (15)      7 :  0.3237  0.0220  0.6543  
 99       99  (23)      1 :  0.0140  0.9421  0.0440  
100      100  (19)      2 :  0.8500  0.0070  0.1430  
101      101  (60)      3 :  0.1169  0.7443  0.1389  
102      102  (17)      4 :  0.0210  0.0080  0.9710  
103      103  (18)      5 :  0.2320  0.7460  0.0220  
104      104  (23)      6 :  0.1500  0.8160  0.0340  
105      105  (20)      7 :  0.0160  0.0210  0.9630  
