  1        1  (21)      1 :  0.0040  0.9880  0.0040  0.0040  
  2        2   (8)      2 :  0.1140  0.0130  0.1270  0.7460  
  3        3  (22)      3 :  0.0050  0.0050  0.9820  0.0080  
  4        4  (12)      4 :  0.7872  0.1319  0.0220  0.0589  
  5        5  (75)      5 :  0.1050  0.0240  0.8540  0.0170  
  6        6  (23)      6 :  0.8440  0.0590  0.0950  0.0020  
  7        7  (24)      7 :  0.9690  0.0270  0.0020  0.0020  
  8        8  (40)      1 :  0.1130  0.5710  0.3090  0.0070  
  9        9  (22)      2 :  0.0160  0.0100  0.0090  0.9650  
 10       10  (33)      3 :  0.0060  0.0570  0.9340  0.0030  
 11       11  (29)      4 :  0.8920  0.0030  0.0060  0.0990  
 12       12  (25)      5 :  0.0030  0.0040  0.9910  0.0020  
 13       13   (9)      6 :  0.9870  0.0050  0.0060  0.0020  
 14       14  (52)      7 :  0.1050  0.0080  0.8210  0.0660  
 15       15  (14)      1 :  0.0050  0.9890  0.0040  0.0020  
 16       16  (17)      2 :  0.0050  0.0090  0.0040  0.9820  
 17       17  (18)      3 :  0.0180  0.0040  0.9600  0.0180  
 18       18  (14)      4 :  0.9740  0.0030  0.0080  0.0150  
 19       19  (17)      5 :  0.0400  0.0110  0.9360  0.0130  
 20       20   (9)      6 :  0.9730  0.0110  0.0050  0.0110  
 21       21  (32)      7 :  0.9001  0.0030  0.0899  0.0070  
 22       22  (12)      1 :  0.0070  0.9870  0.0040  0.0020  
 23       23  (14)      2 :  0.0030  0.0020  0.0040  0.9910  
 24       24  (16)      3 :  0.0110  0.0020  0.9720  0.0150  
 25       25  (46)      4 :  0.9390  0.0040  0.0100  0.0470  
 26       26  (10)      5 :  0.0040  0.0090  0.9810  0.0060  
 27       27  (32)      6 :  0.9750  0.0130  0.0050  0.0070  
 28       28  (18)      7 :  0.8490  0.0130  0.0050  0.1330  
 29       29  (32)      1 :  0.0290  0.9000  0.0280  0.0430  
 30       30  (18)      2 :  0.0070  0.0110  0.0070  0.9750  
 31       31   (9)      3 :  0.0350  0.0040  0.9570  0.0040  
 32       32  (32)      4 :  0.9489  0.0040  0.0320  0.0150  
 33       33  (14)      5 :  0.0120  0.1502  0.8168  0.0210  
 34       34  (30)      6 :  0.9810  0.0060  0.0070  0.0060  
 35       35  (14)      7 :  0.9810  0.0050  0.0090  0.0050  
 36       36  (21)      1 :  0.0060  0.9600  0.0100  0.0240  
 37       37  (54)      2 :  0.0030  0.0190  0.0040  0.9740  
 38       38  (45)      3 :  0.0240  0.0050  0.9510  0.0200  
 39       39  (27)      4 :  0.6414  0.0240  0.0699  0.2647  
 40       40  (13)      5 :  0.0120  0.0280  0.9520  0.0080  
 41       41  (18)      6 :  0.9119  0.0030  0.0030  0.0821  
 42       42  (66)      7 :  0.9470  0.0060  0.0280  0.0190  
 43       43  (14)      1 :  0.0030  0.9720  0.0120  0.0130  
 44       44  (22)      2 :  0.0190  0.0190  0.1289  0.8332  
 45       45  (19)      3 :  0.0120  0.0731  0.9069  0.0080  
 46       46  (22)      4 :  0.9900  0.0030  0.0040  0.0030  
 47       47  (12)      5 :  0.2002  0.0290  0.7658  0.0050  
 48       48  (11)      6 :  0.8891  0.0060  0.0769  0.0280  
 49       49   (9)      7 :  0.8380  0.0070  0.0090  0.1460  
 50       50  (30)      1 :  0.0070  0.9710  0.0180  0.0040  
 51       51   (8)      2 :  0.0160  0.0180  0.1550  0.8110  
 52       52   (9)      3 :  0.0160  0.0160  0.9570  0.0110  
 53       53  (43)      4 :  0.1990  0.0060  0.7860  0.0090  
 54       54  (21)      5 :  0.0030  0.0340  0.9610  0.0020  
 55       55  (20)      6 :  0.9580  0.0310  0.0050  0.0060  
 56       56   (6)      7 :  0.8699  0.0020  0.1261  0.0020  
 57       57  (15)      1 :  0.0060  0.9670  0.0080  0.0190  
 58       58   (7)      2 :  0.0090  0.0170  0.0060  0.9680  
 59       59  (15)      3 :  0.0200  0.0090  0.9570  0.0140  
 60       60   (9)      4 :  0.9610  0.0290  0.0050  0.0050  
 61       61  (33)      5 :  0.0050  0.0060  0.9840  0.0050  
 62       62  (12)      6 :  0.8620  0.0170  0.1150  0.0060  
 63       63  (57)      7 :  0.9439  0.0060  0.0380  0.0120  
 64       64  (23)      1 :  0.0040  0.9880  0.0020  0.0060  
 65       65  (31)      2 :  0.0040  0.0030  0.0030  0.9900  
 66       66  (17)      3 :  0.0040  0.0070  0.9860  0.0030  
 67       67  (10)      4 :  0.9610  0.0040  0.0080  0.0270  
 68       68   (8)      5 :  0.2620  0.0040  0.7210  0.0130  
 69       69  (41)      6 :  0.9320  0.0050  0.0440  0.0190  
 70       70  (17)      7 :  0.9790  0.0090  0.0080  0.0040  
 71       71  (29)      1 :  0.0140  0.9620  0.0140  0.0100  
 72       72  (51)      2 :  0.0110  0.0040  0.0510  0.9340  
 73       73  (22)      3 :  0.0090  0.0070  0.8070  0.1770  
 74       74  (14)      4 :  0.9370  0.0300  0.0290  0.0040  
 75       75  (18)      5 :  0.0320  0.0620  0.8970  0.0090  
 76       76  (25)      6 :  0.9060  0.0390  0.0060  0.0490  
 77       77  (12)      7 :  0.5255  0.0070  0.4625  0.0050  
 78       78  (21)      1 :  0.0040  0.9910  0.0030  0.0020  
 79       79  (14)      2 :  0.0280  0.0040  0.0120  0.9560  
 80       80  (22)      3 :  0.0210  0.0060  0.9570  0.0160  
 81       81  (11)      4 :  0.6900  0.0100  0.1870  0.1130  
 82       82  (25)      5 :  0.0160  0.0060  0.9730  0.0050  
 83       83  (12)      6 :  0.9700  0.0090  0.0060  0.0150  
 84       84  (18)      7 :  0.9530  0.0060  0.0360  0.0050  
 85       85   (9)      1 :  0.0630  0.9060  0.0150  0.0160  
 86       86  (24)      2 :  0.0060  0.0050  0.0030  0.9860  
 87       87  (47)      3 :  0.0070  0.0030  0.9620  0.0280  
 88       88  (27)      4 :  0.9110  0.0090  0.0620  0.0180  
 89       89  (14)      5 :  0.0080  0.0090  0.9730  0.0100  
 90       90  (24)      6 :  0.9800  0.0080  0.0070  0.0050  
 91       91  (20)      7 :  0.9790  0.0070  0.0090  0.0050  
 92       92  (10)      1 :  0.0050  0.9840  0.0070  0.0040  
 93       93  (21)      2 :  0.0080  0.3210  0.0120  0.6590  
 94       94  (27)      3 :  0.0080  0.0030  0.9249  0.0641  
 95       95   (9)      4 :  0.9840  0.0060  0.0060  0.0040  
 96       96  (40)      5 :  0.0170  0.0070  0.9690  0.0070  
 97       97  (26)      6 :  0.9241  0.0659  0.0060  0.0040  
 98       98  (15)      7 :  0.9770  0.0060  0.0050  0.0120  
 99       99  (23)      1 :  0.1180  0.8290  0.0470  0.0060  
100      100  (19)      2 :  0.0050  0.0020  0.0030  0.9900  
101      101  (60)      3 :  0.1090  0.0060  0.8800  0.0050  
102      102  (17)      4 :  0.8859  0.0070  0.0851  0.0220  
103      103  (18)      5 :  0.0070  0.0260  0.9500  0.0170  
104      104  (23)      6 :  0.9149  0.0040  0.0771  0.0040  
105      105  (20)      7 :  0.9560  0.0170  0.0140  0.0130  
