  1        1  (21)      1 :  0.0030  0.9760  0.0090  0.0010  0.0040  0.0020  0.0020  0.0030  
  2        2   (8)      2 :  0.0410  0.0040  0.0040  0.0020  0.7570  0.1620  0.0040  0.0260  
  3        3  (22)      3 :  0.0020  0.0030  0.9800  0.0020  0.0050  0.0020  0.0030  0.0030  
  4        4  (12)      4 :  0.7220  0.1360  0.0940  0.0010  0.0230  0.0030  0.0180  0.0030  
  5        5  (75)      5 :  0.0140  0.0420  0.0629  0.0030  0.0290  0.2138  0.0240  0.6114  
  6        6  (23)      6 :  0.0080  0.0090  0.0170  0.0030  0.0030  0.0350  0.9229  0.0020  
  7        7  (24)      7 :  0.0040  0.0250  0.0030  0.0100  0.0010  0.0170  0.0040  0.9361  
  8        8  (40)      1 :  0.0190  0.6540  0.1330  0.0030  0.0070  0.0610  0.0090  0.1140  
  9        9  (22)      2 :  0.0160  0.0120  0.0030  0.0040  0.9459  0.0060  0.0100  0.0030  
 10       10  (33)      3 :  0.0080  0.0501  0.6957  0.0040  0.0030  0.2202  0.0140  0.0050  
 11       11  (29)      4 :  0.9311  0.0020  0.0040  0.0380  0.0100  0.0030  0.0020  0.0100  
 12       12  (25)      5 :  0.0020  0.0020  0.0040  0.0010  0.0020  0.9840  0.0020  0.0030  
 13       13   (9)      6 :  0.0010  0.0020  0.0030  0.0010  0.0010  0.0020  0.9880  0.0020  
 14       14  (52)      7 :  0.0050  0.0110  0.1420  0.0020  0.1400  0.0850  0.0310  0.5840  
 15       15  (14)      1 :  0.0030  0.9570  0.0040  0.0020  0.0020  0.0040  0.0150  0.0130  
 16       16  (17)      2 :  0.0070  0.0100  0.0020  0.0210  0.9441  0.0050  0.0050  0.0060  
 17       17  (18)      3 :  0.0020  0.0020  0.9720  0.0030  0.0040  0.0040  0.0030  0.0100  
 18       18  (14)      4 :  0.9670  0.0020  0.0030  0.0100  0.0040  0.0030  0.0060  0.0050  
 19       19  (17)      5 :  0.1040  0.0080  0.0050  0.0250  0.0200  0.8140  0.0140  0.0100  
 20       20   (9)      6 :  0.0170  0.0120  0.0050  0.0050  0.0210  0.0030  0.9190  0.0180  
 21       21  (32)      7 :  0.0050  0.0030  0.0080  0.0040  0.0080  0.0090  0.0120  0.9510  
 22       22  (12)      1 :  0.0040  0.9730  0.0040  0.0050  0.0020  0.0020  0.0080  0.0020  
 23       23  (14)      2 :  0.0020  0.0010  0.0170  0.0140  0.9580  0.0020  0.0020  0.0040  
 24       24  (16)      3 :  0.0590  0.0020  0.6380  0.0120  0.0080  0.2680  0.0050  0.0080  
 25       25  (46)      4 :  0.9750  0.0020  0.0020  0.0020  0.0030  0.0100  0.0020  0.0040  
 26       26  (10)      5 :  0.0060  0.0110  0.0040  0.0010  0.0080  0.9660  0.0020  0.0020  
 27       27  (32)      6 :  0.0040  0.0030  0.0100  0.0050  0.0090  0.0030  0.9500  0.0160  
 28       28  (18)      7 :  0.0090  0.0140  0.0040  0.0240  0.1060  0.0030  0.0030  0.8370  
 29       29  (32)      1 :  0.0040  0.8480  0.0550  0.0010  0.0670  0.0060  0.0070  0.0120  
 30       30  (18)      2 :  0.0030  0.0080  0.0100  0.0050  0.9580  0.0020  0.0090  0.0050  
 31       31   (9)      3 :  0.0320  0.0020  0.9170  0.0130  0.0020  0.0050  0.0140  0.0150  
 32       32  (32)      4 :  0.9241  0.0030  0.0100  0.0030  0.0110  0.0040  0.0050  0.0400  
 33       33  (14)      5 :  0.0120  0.0490  0.2360  0.0260  0.0070  0.6480  0.0130  0.0090  
 34       34  (30)      6 :  0.0090  0.0050  0.0020  0.0030  0.0040  0.0060  0.9670  0.0040  
 35       35  (14)      7 :  0.0810  0.0030  0.0030  0.0020  0.0030  0.0090  0.0020  0.8970  
 36       36  (21)      1 :  0.0030  0.9400  0.0040  0.0180  0.0120  0.0100  0.0080  0.0050  
 37       37  (54)      2 :  0.0020  0.0080  0.0030  0.0050  0.9770  0.0020  0.0020  0.0010  
 38       38  (45)      3 :  0.2058  0.0050  0.7473  0.0150  0.0070  0.0110  0.0050  0.0040  
 39       39  (27)      4 :  0.7495  0.0090  0.0090  0.0080  0.1944  0.0090  0.0150  0.0060  
 40       40  (13)      5 :  0.0080  0.0080  0.0030  0.0010  0.0050  0.8257  0.1473  0.0020  
 41       41  (18)      6 :  0.0050  0.0030  0.0040  0.0260  0.0539  0.0020  0.9001  0.0060  
 42       42  (66)      7 :  0.0820  0.0080  0.0060  0.0040  0.0320  0.0790  0.0760  0.7130  
 43       43  (14)      1 :  0.0030  0.9389  0.0250  0.0020  0.0210  0.0040  0.0040  0.0020  
 44       44  (22)      2 :  0.0050  0.0080  0.0800  0.0500  0.6930  0.1370  0.0180  0.0090  
 45       45  (19)      3 :  0.0020  0.0120  0.9399  0.0020  0.0030  0.0040  0.0060  0.0310  
 46       46  (22)      4 :  0.9690  0.0030  0.0020  0.0010  0.0020  0.0020  0.0030  0.0180  
 47       47  (12)      5 :  0.0130  0.0180  0.0080  0.0080  0.0110  0.7862  0.0160  0.1399  
 48       48  (11)      6 :  0.0420  0.0040  0.0330  0.0170  0.0300  0.0090  0.8420  0.0230  
 49       49   (9)      7 :  0.0130  0.0030  0.0060  0.0020  0.3437  0.0030  0.0050  0.6244  
 50       50  (30)      1 :  0.0060  0.8660  0.0040  0.0020  0.0060  0.1050  0.0040  0.0070  
 51       51   (8)      2 :  0.0050  0.0220  0.0660  0.0100  0.8570  0.0090  0.0070  0.0240  
 52       52   (9)      3 :  0.0020  0.0070  0.8851  0.0030  0.0080  0.0280  0.0060  0.0609  
 53       53  (43)      4 :  0.9409  0.0040  0.0060  0.0010  0.0020  0.0050  0.0390  0.0020  
 54       54  (21)      5 :  0.0010  0.0030  0.0020  0.0010  0.0010  0.9880  0.0020  0.0020  
 55       55  (20)      6 :  0.0010  0.0020  0.0010  0.0010  0.0020  0.0010  0.9890  0.0030  
 56       56   (6)      7 :  0.0040  0.0040  0.0090  0.0010  0.0030  0.0050  0.0030  0.9710  
 57       57  (15)      1 :  0.0020  0.9159  0.0240  0.0040  0.0180  0.0040  0.0020  0.0300  
 58       58   (7)      2 :  0.0070  0.0060  0.0070  0.1620  0.8100  0.0030  0.0030  0.0020  
 59       59  (15)      3 :  0.0090  0.0160  0.8730  0.0020  0.0070  0.0720  0.0140  0.0070  
 60       60   (9)      4 :  0.9590  0.0130  0.0030  0.0010  0.0040  0.0020  0.0130  0.0050  
 61       61  (33)      5 :  0.0040  0.0030  0.0190  0.0020  0.0050  0.9580  0.0030  0.0060  
 62       62  (12)      6 :  0.0110  0.0210  0.0110  0.0010  0.0060  0.2590  0.6560  0.0350  
 63       63  (57)      7 :  0.0070  0.0050  0.0060  0.0710  0.0080  0.1640  0.0180  0.7210  
 64       64  (23)      1 :  0.0040  0.9680  0.0030  0.0020  0.0070  0.0020  0.0110  0.0030  
 65       65  (31)      2 :  0.0070  0.0010  0.0020  0.9720  0.0130  0.0020  0.0010  0.0020  
 66       66  (17)      3 :  0.0110  0.0130  0.8192  0.0010  0.0040  0.1429  0.0050  0.0040  
 67       67  (10)      4 :  0.8871  0.0060  0.0140  0.0619  0.0050  0.0030  0.0060  0.0170  
 68       68   (8)      5 :  0.0490  0.0030  0.0030  0.0040  0.0040  0.9041  0.0150  0.0180  
 69       69  (41)      6 :  0.0070  0.0030  0.0420  0.0980  0.0060  0.0030  0.8310  0.0100  
 70       70  (17)      7 :  0.0070  0.0050  0.0150  0.0030  0.0050  0.0030  0.0541  0.9079  
 71       71  (29)      1 :  0.0310  0.8800  0.0060  0.0090  0.0120  0.0340  0.0170  0.0110  
 72       72  (51)      2 :  0.0220  0.0020  0.0260  0.0060  0.9210  0.0090  0.0040  0.0100  
 73       73  (22)      3 :  0.0280  0.0110  0.6990  0.0060  0.2300  0.0200  0.0020  0.0040  
 74       74  (14)      4 :  0.9520  0.0180  0.0110  0.0010  0.0040  0.0030  0.0070  0.0040  
 75       75  (18)      5 :  0.0050  0.0070  0.0030  0.0050  0.0030  0.9670  0.0050  0.0050  
 76       76  (25)      6 :  0.0020  0.0080  0.0020  0.0010  0.0080  0.0040  0.9730  0.0020  
 77       77  (12)      7 :  0.0030  0.0030  0.0150  0.0050  0.0040  0.0070  0.0030  0.9600  
 78       78  (21)      1 :  0.0020  0.9080  0.0020  0.0810  0.0020  0.0020  0.0020  0.0010  
 79       79  (14)      2 :  0.0040  0.0020  0.0030  0.2794  0.6876  0.0050  0.0130  0.0060  
 80       80  (22)      3 :  0.0120  0.0040  0.9131  0.0030  0.0170  0.0050  0.0190  0.0270  
 81       81  (11)      4 :  0.8990  0.0070  0.0070  0.0010  0.0280  0.0490  0.0060  0.0030  
 82       82  (25)      5 :  0.0090  0.0030  0.0450  0.0010  0.0140  0.9101  0.0090  0.0090  
 83       83  (12)      6 :  0.0270  0.0120  0.0150  0.0040  0.0420  0.0040  0.8030  0.0930  
 84       84  (18)      7 :  0.0030  0.0030  0.0030  0.0010  0.0030  0.0060  0.0020  0.9790  
 85       85   (9)      1 :  0.0090  0.7960  0.0070  0.0020  0.0130  0.0190  0.1500  0.0040  
 86       86  (24)      2 :  0.0090  0.0080  0.0030  0.0390  0.9010  0.0020  0.0340  0.0040  
 87       87  (47)      3 :  0.0100  0.0040  0.9470  0.0050  0.0110  0.0120  0.0080  0.0030  
 88       88  (27)      4 :  0.8620  0.0050  0.0240  0.0010  0.0270  0.0120  0.0040  0.0650  
 89       89  (14)      5 :  0.0060  0.0070  0.0120  0.0020  0.0060  0.9550  0.0030  0.0090  
 90       90  (24)      6 :  0.0160  0.0070  0.0070  0.0020  0.0060  0.0030  0.9500  0.0090  
 91       91  (20)      7 :  0.0060  0.0040  0.0080  0.0010  0.0030  0.0060  0.0090  0.9630  
 92       92  (10)      1 :  0.0040  0.9770  0.0020  0.0020  0.0040  0.0060  0.0010  0.0040  
 93       93  (21)      2 :  0.0040  0.0360  0.0030  0.0020  0.7930  0.1490  0.0040  0.0090  
 94       94  (27)      3 :  0.0040  0.0030  0.9790  0.0020  0.0060  0.0020  0.0020  0.0020  
 95       95   (9)      4 :  0.6026  0.0220  0.0060  0.0030  0.0020  0.0020  0.0030  0.3594  
 96       96  (40)      5 :  0.0050  0.0030  0.0120  0.0040  0.0080  0.9379  0.0240  0.0060  
 97       97  (26)      6 :  0.0070  0.0540  0.0030  0.0200  0.0060  0.0160  0.8840  0.0100  
 98       98  (15)      7 :  0.0180  0.0080  0.0130  0.0020  0.0741  0.0040  0.1051  0.7758  
 99       99  (23)      1 :  0.0320  0.8691  0.0220  0.0020  0.0060  0.0250  0.0390  0.0050  
100      100  (19)      2 :  0.0240  0.0020  0.0020  0.0080  0.9520  0.0020  0.0010  0.0090  
101      101  (60)      3 :  0.0310  0.0060  0.7337  0.0040  0.0140  0.0190  0.1842  0.0080  
102      102  (17)      4 :  0.9560  0.0070  0.0040  0.0030  0.0040  0.0160  0.0040  0.0060  
103      103  (18)      5 :  0.0030  0.0170  0.0250  0.0040  0.0280  0.9141  0.0040  0.0050  
104      104  (23)      6 :  0.0040  0.0040  0.0110  0.0030  0.0060  0.0250  0.9210  0.0260  
105      105  (20)      7 :  0.0910  0.0120  0.0060  0.0030  0.0110  0.0150  0.0040  0.8580  
