  1        1  (21)      1 :  0.0040  0.9830  0.0050  0.0060  0.0020  
  2        2   (8)      2 :  0.6933  0.0060  0.0919  0.0070  0.2018  
  3        3  (22)      3 :  0.0050  0.0050  0.0020  0.9840  0.0040  
  4        4  (12)      4 :  0.0250  0.1800  0.5590  0.2330  0.0030  
  5        5  (75)      5 :  0.0250  0.0460  0.3437  0.0649  0.5205  
  6        6  (23)      6 :  0.0040  0.0470  0.0280  0.8510  0.0700  
  7        7  (24)      7 :  0.0010  0.0350  0.8859  0.0040  0.0741  
  8        8  (40)      1 :  0.0070  0.6510  0.1580  0.0690  0.1150  
  9        9  (22)      2 :  0.9550  0.0100  0.0130  0.0150  0.0070  
 10       10  (33)      3 :  0.0040  0.0539  0.0050  0.8282  0.1089  
 11       11  (29)      4 :  0.0530  0.0020  0.9360  0.0060  0.0030  
 12       12  (25)      5 :  0.0020  0.0020  0.0020  0.0030  0.9910  
 13       13   (9)      6 :  0.0020  0.0040  0.0020  0.9870  0.0050  
 14       14  (52)      7 :  0.0570  0.0100  0.1840  0.5660  0.1830  
 15       15  (14)      1 :  0.0020  0.9850  0.0040  0.0060  0.0030  
 16       16  (17)      2 :  0.9770  0.0100  0.0060  0.0040  0.0030  
 17       17  (18)      3 :  0.0100  0.0030  0.0080  0.9760  0.0030  
 18       18  (14)      4 :  0.0070  0.0020  0.9740  0.0080  0.0090  
 19       19  (17)      5 :  0.0120  0.0060  0.0230  0.0080  0.9510  
 20       20   (9)      6 :  0.0180  0.0170  0.0530  0.9080  0.0040  
 21       21  (32)      7 :  0.0050  0.0040  0.8610  0.0830  0.0470  
 22       22  (12)      1 :  0.0030  0.9810  0.0040  0.0080  0.0040  
 23       23  (14)      2 :  0.9900  0.0020  0.0020  0.0030  0.0030  
 24       24  (16)      3 :  0.0180  0.0020  0.0290  0.6733  0.2777  
 25       25  (46)      4 :  0.0110  0.0030  0.9740  0.0030  0.0090  
 26       26  (10)      5 :  0.0060  0.0140  0.0060  0.0120  0.9620  
 27       27  (32)      6 :  0.0060  0.0140  0.0090  0.9680  0.0030  
 28       28  (18)      7 :  0.1450  0.0140  0.8260  0.0090  0.0060  
 29       29  (32)      1 :  0.0370  0.9039  0.0100  0.0410  0.0080  
 30       30  (18)      2 :  0.9570  0.0100  0.0030  0.0270  0.0030  
 31       31   (9)      3 :  0.0040  0.0020  0.0360  0.9550  0.0030  
 32       32  (32)      4 :  0.0190  0.0060  0.9340  0.0270  0.0140  
 33       33  (14)      5 :  0.0240  0.2470  0.0310  0.0580  0.6400  
 34       34  (30)      6 :  0.0060  0.0110  0.0140  0.9369  0.0320  
 35       35  (14)      7 :  0.0040  0.0030  0.9850  0.0030  0.0050  
 36       36  (21)      1 :  0.0280  0.9480  0.0060  0.0130  0.0050  
 37       37  (54)      2 :  0.9760  0.0160  0.0020  0.0030  0.0030  
 38       38  (45)      3 :  0.0170  0.0050  0.0190  0.9400  0.0190  
 39       39  (27)      4 :  0.2870  0.0140  0.6220  0.0650  0.0120  
 40       40  (13)      5 :  0.0070  0.0280  0.0040  0.0560  0.9050  
 41       41  (18)      6 :  0.0370  0.0040  0.0090  0.9481  0.0020  
 42       42  (66)      7 :  0.0310  0.0090  0.6513  0.0340  0.2747  
 43       43  (14)      1 :  0.0220  0.9590  0.0020  0.0110  0.0060  
 44       44  (22)      2 :  0.7908  0.0140  0.0060  0.0320  0.1572  
 45       45  (19)      3 :  0.0060  0.0370  0.0100  0.9380  0.0090  
 46       46  (22)      4 :  0.0020  0.0030  0.9890  0.0030  0.0030  
 47       47  (12)      5 :  0.0080  0.0280  0.0690  0.0240  0.8710  
 48       48  (11)      6 :  0.0210  0.0060  0.0230  0.9350  0.0150  
 49       49   (9)      7 :  0.2220  0.0060  0.6920  0.0730  0.0070  
 50       50  (30)      1 :  0.0030  0.8570  0.0040  0.0040  0.1320  
 51       51   (8)      2 :  0.8258  0.0220  0.0120  0.1301  0.0100  
 52       52   (9)      3 :  0.0080  0.0100  0.0090  0.9670  0.0060  
 53       53  (43)      4 :  0.0060  0.0050  0.0630  0.0590  0.8670  
 54       54  (21)      5 :  0.0010  0.0040  0.0020  0.0020  0.9910  
 55       55  (20)      6 :  0.0050  0.0090  0.0040  0.9780  0.0040  
 56       56   (6)      7 :  0.0020  0.0040  0.9570  0.0200  0.0170  
 57       57  (15)      1 :  0.0140  0.9680  0.0060  0.0080  0.0040  
 58       58   (7)      2 :  0.9660  0.0160  0.0090  0.0070  0.0020  
 59       59  (15)      3 :  0.0110  0.0080  0.0140  0.9110  0.0560  
 60       60   (9)      4 :  0.0050  0.0330  0.9520  0.0050  0.0050  
 61       61  (33)      5 :  0.0060  0.0040  0.0080  0.0080  0.9740  
 62       62  (12)      6 :  0.0080  0.0090  0.0110  0.6250  0.3470  
 63       63  (57)      7 :  0.0140  0.0070  0.2513  0.0180  0.7097  
 64       64  (23)      1 :  0.0070  0.9840  0.0030  0.0030  0.0030  
 65       65  (31)      2 :  0.9870  0.0040  0.0030  0.0030  0.0030  
 66       66  (17)      3 :  0.0050  0.0200  0.0100  0.8420  0.1230  
 67       67  (10)      4 :  0.0220  0.0030  0.9560  0.0150  0.0040  
 68       68   (8)      5 :  0.0030  0.0020  0.0460  0.0070  0.9421  
 69       69  (41)      6 :  0.0100  0.0030  0.0070  0.9750  0.0050  
 70       70  (17)      7 :  0.0050  0.0090  0.9540  0.0260  0.0060  
 71       71  (29)      1 :  0.0070  0.9570  0.0150  0.0090  0.0120  
 72       72  (51)      2 :  0.9360  0.0030  0.0370  0.0110  0.0130  
 73       73  (22)      3 :  0.2683  0.0070  0.0290  0.6887  0.0070  
 74       74  (14)      4 :  0.0050  0.0400  0.9301  0.0140  0.0110  
 75       75  (18)      5 :  0.0060  0.0100  0.0060  0.0050  0.9730  
 76       76  (25)      6 :  0.0150  0.0220  0.0030  0.9540  0.0060  
 77       77  (12)      7 :  0.0100  0.0110  0.8470  0.0670  0.0650  
 78       78  (21)      1 :  0.0030  0.9890  0.0030  0.0030  0.0020  
 79       79  (14)      2 :  0.9500  0.0030  0.0080  0.0290  0.0100  
 80       80  (22)      3 :  0.0120  0.0030  0.0110  0.9680  0.0060  
 81       81  (11)      4 :  0.0540  0.0080  0.5690  0.0150  0.3540  
 82       82  (25)      5 :  0.0080  0.0060  0.0240  0.0270  0.9349  
 83       83  (12)      6 :  0.0310  0.0080  0.1240  0.8330  0.0040  
 84       84  (18)      7 :  0.0040  0.0050  0.9630  0.0140  0.0140  
 85       85   (9)      1 :  0.0100  0.9240  0.0170  0.0160  0.0330  
 86       86  (24)      2 :  0.9860  0.0040  0.0050  0.0030  0.0020  
 87       87  (47)      3 :  0.0480  0.0030  0.0080  0.9140  0.0270  
 88       88  (27)      4 :  0.0090  0.0060  0.9610  0.0090  0.0150  
 89       89  (14)      5 :  0.0070  0.0050  0.0140  0.0060  0.9680  
 90       90  (24)      6 :  0.0030  0.0110  0.0410  0.9391  0.0060  
 91       91  (20)      7 :  0.0070  0.0060  0.9641  0.0160  0.0070  
 92       92  (10)      1 :  0.0030  0.9800  0.0050  0.0020  0.0100  
 93       93  (21)      2 :  0.6314  0.2967  0.0100  0.0050  0.0569  
 94       94  (27)      3 :  0.0519  0.0020  0.0100  0.9321  0.0040  
 95       95   (9)      4 :  0.0030  0.0040  0.9860  0.0040  0.0030  
 96       96  (40)      5 :  0.0100  0.0040  0.0050  0.0160  0.9650  
 97       97  (26)      6 :  0.0050  0.2700  0.0210  0.6610  0.0430  
 98       98  (15)      7 :  0.0190  0.0100  0.8180  0.1460  0.0070  
 99       99  (23)      1 :  0.0030  0.8530  0.0680  0.0410  0.0350  
100      100  (19)      2 :  0.9760  0.0030  0.0160  0.0020  0.0030  
101      101  (60)      3 :  0.0060  0.0060  0.0170  0.9570  0.0140  
102      102  (17)      4 :  0.0130  0.0060  0.9119  0.0080  0.0611  
103      103  (18)      5 :  0.0430  0.0410  0.0060  0.0340  0.8760  
104      104  (23)      6 :  0.0050  0.0030  0.0120  0.9140  0.0660  
105      105  (20)      7 :  0.0060  0.0080  0.9750  0.0040  0.0070  
