  1        1  (21)      1 :  0.9710  0.0290  
  2        2   (8)      2 :  0.1080  0.8920  
  3        3  (22)      3 :  0.0470  0.9530  
  4        4  (12)      4 :  0.0880  0.9120  
  5        5  (75)      5 :  0.5090  0.4910  
  6        6  (23)      6 :  0.8740  0.1260  
  7        7  (24)      7 :  0.9280  0.0720  
  8        8  (40)      1 :  0.8750  0.1250  
  9        9  (22)      2 :  0.0370  0.9630  
 10       10  (33)      3 :  0.9060  0.0940  
 11       11  (29)      4 :  0.0090  0.9910  
 12       12  (25)      5 :  0.9620  0.0380  
 13       13   (9)      6 :  0.9710  0.0290  
 14       14  (52)      7 :  0.1350  0.8650  
 15       15  (14)      1 :  0.9870  0.0130  
 16       16  (17)      2 :  0.0380  0.9620  
 17       17  (18)      3 :  0.0740  0.9260  
 18       18  (14)      4 :  0.0140  0.9860  
 19       19  (17)      5 :  0.6780  0.3220  
 20       20   (9)      6 :  0.3350  0.6650  
 21       21  (32)      7 :  0.0670  0.9330  
 22       22  (12)      1 :  0.9810  0.0190  
 23       23  (14)      2 :  0.0080  0.9920  
 24       24  (16)      3 :  0.0420  0.9580  
 25       25  (46)      4 :  0.0240  0.9760  
 26       26  (10)      5 :  0.9750  0.0250  
 27       27  (32)      6 :  0.2390  0.7610  
 28       28  (18)      7 :  0.0330  0.9670  
 29       29  (32)      1 :  0.9000  0.1000  
 30       30  (18)      2 :  0.0500  0.9500  
 31       31   (9)      3 :  0.0210  0.9790  
 32       32  (32)      4 :  0.0220  0.9780  
 33       33  (14)      5 :  0.7850  0.2150  
 34       34  (30)      6 :  0.9070  0.0930  
 35       35  (14)      7 :  0.0390  0.9610  
 36       36  (21)      1 :  0.9730  0.0270  
 37       37  (54)      2 :  0.0360  0.9640  
 38       38  (45)      3 :  0.0230  0.9770  
 39       39  (27)      4 :  0.0360  0.9640  
 40       40  (13)      5 :  0.9620  0.0380  
 41       41  (18)      6 :  0.2430  0.7570  
 42       42  (66)      7 :  0.2400  0.7600  
 43       43  (14)      1 :  0.9650  0.0350  
 44       44  (22)      2 :  0.2070  0.7930  
 45       45  (19)      3 :  0.0290  0.9710  
 46       46  (22)      4 :  0.0220  0.9780  
 47       47  (12)      5 :  0.8660  0.1340  
 48       48  (11)      6 :  0.1410  0.8590  
 49       49   (9)      7 :  0.0200  0.9800  
 50       50  (30)      1 :  0.9860  0.0140  
 51       51   (8)      2 :  0.0390  0.9610  
 52       52   (9)      3 :  0.3920  0.6080  
 53       53  (43)      4 :  0.0910  0.9090  
 54       54  (21)      5 :  0.9900  0.0100  
 55       55  (20)      6 :  0.9770  0.0230  
 56       56   (6)      7 :  0.0550  0.9450  
 57       57  (15)      1 :  0.9100  0.0900  
 58       58   (7)      2 :  0.0290  0.9710  
 59       59  (15)      3 :  0.2650  0.7350  
 60       60   (9)      4 :  0.0560  0.9440  
 61       61  (33)      5 :  0.8680  0.1320  
 62       62  (12)      6 :  0.9470  0.0530  
 63       63  (57)      7 :  0.9180  0.0820  
 64       64  (23)      1 :  0.9840  0.0160  
 65       65  (31)      2 :  0.0310  0.9690  
 66       66  (17)      3 :  0.3420  0.6580  
 67       67  (10)      4 :  0.0220  0.9780  
 68       68   (8)      5 :  0.8170  0.1830  
 69       69  (41)      6 :  0.0840  0.9160  
 70       70  (17)      7 :  0.1210  0.8790  
 71       71  (29)      1 :  0.9540  0.0460  
 72       72  (51)      2 :  0.0170  0.9830  
 73       73  (22)      3 :  0.0330  0.9670  
 74       74  (14)      4 :  0.0950  0.9050  
 75       75  (18)      5 :  0.9850  0.0150  
 76       76  (25)      6 :  0.9710  0.0290  
 77       77  (12)      7 :  0.0440  0.9560  
 78       78  (21)      1 :  0.9870  0.0130  
 79       79  (14)      2 :  0.0090  0.9910  
 80       80  (22)      3 :  0.0180  0.9820  
 81       81  (11)      4 :  0.0630  0.9370  
 82       82  (25)      5 :  0.7970  0.2030  
 83       83  (12)      6 :  0.2540  0.7460  
 84       84  (18)      7 :  0.0470  0.9530  
 85       85   (9)      1 :  0.9730  0.0270  
 86       86  (24)      2 :  0.0290  0.9710  
 87       87  (47)      3 :  0.0720  0.9280  
 88       88  (27)      4 :  0.0170  0.9830  
 89       89  (14)      5 :  0.9170  0.0830  
 90       90  (24)      6 :  0.8870  0.1130  
 91       91  (20)      7 :  0.1350  0.8650  
 92       92  (10)      1 :  0.9790  0.0210  
 93       93  (21)      2 :  0.7010  0.2990  
 94       94  (27)      3 :  0.0090  0.9910  
 95       95   (9)      4 :  0.0970  0.9030  
 96       96  (40)      5 :  0.9490  0.0510  
 97       97  (26)      6 :  0.9790  0.0210  
 98       98  (15)      7 :  0.0580  0.9420  
 99       99  (23)      1 :  0.9670  0.0330  
100      100  (19)      2 :  0.0060  0.9940  
101      101  (60)      3 :  0.4910  0.5090  
102      102  (17)      4 :  0.0380  0.9620  
103      103  (18)      5 :  0.9200  0.0800  
104      104  (23)      6 :  0.6850  0.3150  
105      105  (20)      7 :  0.0780  0.9220  
