  1        1  (21)      1 :  0.0050  0.9620  0.0040  0.0290  
  2        2   (8)      2 :  0.0510  0.0060  0.2110  0.7320  
  3        3  (22)      3 :  0.0070  0.0070  0.0120  0.9740  
  4        4  (12)      4 :  0.6346  0.0731  0.0080  0.2843  
  5        5  (75)      5 :  0.0300  0.0320  0.9080  0.0300  
  6        6  (23)      6 :  0.8810  0.0900  0.0150  0.0140  
  7        7  (24)      7 :  0.0280  0.1578  0.8102  0.0040  
  8        8  (40)      1 :  0.0250  0.8068  0.1451  0.0230  
  9        9  (22)      2 :  0.2950  0.0190  0.0120  0.6740  
 10       10  (33)      3 :  0.0250  0.4565  0.0509  0.4675  
 11       11  (29)      4 :  0.7992  0.0030  0.0100  0.1878  
 12       12  (25)      5 :  0.0030  0.0040  0.9870  0.0060  
 13       13   (9)      6 :  0.9870  0.0060  0.0040  0.0030  
 14       14  (52)      7 :  0.0070  0.0110  0.8610  0.1210  
 15       15  (14)      1 :  0.0100  0.9790  0.0060  0.0050  
 16       16  (17)      2 :  0.0090  0.0350  0.0080  0.9481  
 17       17  (18)      3 :  0.0060  0.0060  0.0150  0.9730  
 18       18  (14)      4 :  0.9850  0.0030  0.0060  0.0060  
 19       19  (17)      5 :  0.0520  0.0070  0.8310  0.1100  
 20       20   (9)      6 :  0.9620  0.0200  0.0060  0.0120  
 21       21  (32)      7 :  0.0609  0.0050  0.9131  0.0210  
 22       22  (12)      1 :  0.0100  0.9770  0.0040  0.0090  
 23       23  (14)      2 :  0.0040  0.0020  0.0050  0.9890  
 24       24  (16)      3 :  0.0280  0.0050  0.2448  0.7223  
 25       25  (46)      4 :  0.9640  0.0040  0.0170  0.0150  
 26       26  (10)      5 :  0.0070  0.0380  0.8830  0.0720  
 27       27  (32)      6 :  0.9650  0.0110  0.0110  0.0130  
 28       28  (18)      7 :  0.0799  0.0310  0.7173  0.1718  
 29       29  (32)      1 :  0.0290  0.8590  0.0130  0.0990  
 30       30  (18)      2 :  0.0220  0.0340  0.0070  0.9370  
 31       31   (9)      3 :  0.3137  0.0110  0.0190  0.6563  
 32       32  (32)      4 :  0.9270  0.0050  0.0270  0.0410  
 33       33  (14)      5 :  0.0240  0.0901  0.7117  0.1742  
 34       34  (30)      6 :  0.9580  0.0130  0.0230  0.0060  
 35       35  (14)      7 :  0.0180  0.0080  0.9650  0.0090  
 36       36  (21)      1 :  0.0080  0.9690  0.0080  0.0150  
 37       37  (54)      2 :  0.0050  0.0790  0.0040  0.9120  
 38       38  (45)      3 :  0.0531  0.0050  0.0080  0.9339  
 39       39  (27)      4 :  0.7960  0.0220  0.0210  0.1610  
 40       40  (13)      5 :  0.0390  0.0699  0.8781  0.0130  
 41       41  (18)      6 :  0.9071  0.0040  0.0050  0.0839  
 42       42  (66)      7 :  0.0790  0.0110  0.9010  0.0090  
 43       43  (14)      1 :  0.0050  0.9570  0.0060  0.0320  
 44       44  (22)      2 :  0.0200  0.0090  0.0230  0.9480  
 45       45  (19)      3 :  0.0120  0.0190  0.0310  0.9380  
 46       46  (22)      4 :  0.9730  0.0050  0.0130  0.0090  
 47       47  (12)      5 :  0.0210  0.0110  0.9490  0.0190  
 48       48  (11)      6 :  0.9530  0.0120  0.0200  0.0150  
 49       49   (9)      7 :  0.1990  0.0060  0.3100  0.4850  
 50       50  (30)      1 :  0.0100  0.9329  0.0521  0.0050  
 51       51   (8)      2 :  0.0050  0.0160  0.0110  0.9680  
 52       52   (9)      3 :  0.0060  0.0959  0.1369  0.7612  
 53       53  (43)      4 :  0.9770  0.0070  0.0060  0.0100  
 54       54  (21)      5 :  0.0020  0.0120  0.9840  0.0020  
 55       55  (20)      6 :  0.9090  0.0730  0.0140  0.0040  
 56       56   (6)      7 :  0.0130  0.0040  0.9730  0.0100  
 57       57  (15)      1 :  0.0040  0.9290  0.0080  0.0590  
 58       58   (7)      2 :  0.0310  0.0200  0.0050  0.9440  
 59       59  (15)      3 :  0.0270  0.0610  0.0860  0.8260  
 60       60   (9)      4 :  0.9790  0.0130  0.0050  0.0030  
 61       61  (33)      5 :  0.0040  0.0040  0.9790  0.0130  
 62       62  (12)      6 :  0.6793  0.0250  0.2887  0.0070  
 63       63  (57)      7 :  0.0100  0.0070  0.9720  0.0110  
 64       64  (23)      1 :  0.0050  0.9850  0.0050  0.0050  
 65       65  (31)      2 :  0.0100  0.0170  0.0060  0.9670  
 66       66  (17)      3 :  0.0200  0.0320  0.0751  0.8729  
 67       67  (10)      4 :  0.8809  0.0090  0.0110  0.0991  
 68       68   (8)      5 :  0.0400  0.0040  0.9499  0.0060  
 69       69  (41)      6 :  0.8020  0.0060  0.0110  0.1810  
 70       70  (17)      7 :  0.0760  0.0150  0.8890  0.0200  
 71       71  (29)      1 :  0.0180  0.9431  0.0230  0.0160  
 72       72  (51)      2 :  0.0080  0.0040  0.0100  0.9780  
 73       73  (22)      3 :  0.0070  0.0080  0.0060  0.9790  
 74       74  (14)      4 :  0.9600  0.0250  0.0080  0.0070  
 75       75  (18)      5 :  0.0120  0.0150  0.9670  0.0060  
 76       76  (25)      6 :  0.9190  0.0620  0.0070  0.0120  
 77       77  (12)      7 :  0.0090  0.0070  0.9510  0.0330  
 78       78  (21)      1 :  0.0050  0.9850  0.0050  0.0050  
 79       79  (14)      2 :  0.0180  0.0050  0.0200  0.9570  
 80       80  (22)      3 :  0.0360  0.0060  0.0180  0.9401  
 81       81  (11)      4 :  0.9470  0.0070  0.0170  0.0290  
 82       82  (25)      5 :  0.0110  0.0070  0.9700  0.0120  
 83       83  (12)      6 :  0.9410  0.0270  0.0130  0.0190  
 84       84  (18)      7 :  0.0130  0.0040  0.9770  0.0060  
 85       85   (9)      1 :  0.0890  0.8760  0.0250  0.0100  
 86       86  (24)      2 :  0.6476  0.0090  0.0060  0.3373  
 87       87  (47)      3 :  0.0380  0.0100  0.0090  0.9430  
 88       88  (27)      4 :  0.8470  0.0070  0.0840  0.0620  
 89       89  (14)      5 :  0.0060  0.0050  0.9780  0.0110  
 90       90  (24)      6 :  0.9800  0.0090  0.0040  0.0070  
 91       91  (20)      7 :  0.0230  0.0200  0.9510  0.0060  
 92       92  (10)      1 :  0.0050  0.9820  0.0100  0.0030  
 93       93  (21)      2 :  0.0510  0.1600  0.2270  0.5620  
 94       94  (27)      3 :  0.0030  0.0030  0.0050  0.9890  
 95       95   (9)      4 :  0.8881  0.0340  0.0629  0.0150  
 96       96  (40)      5 :  0.0160  0.0060  0.9400  0.0380  
 97       97  (26)      6 :  0.7840  0.1760  0.0340  0.0060  
 98       98  (15)      7 :  0.4965  0.0100  0.4565  0.0370  
 99       99  (23)      1 :  0.1840  0.7850  0.0240  0.0070  
100      100  (19)      2 :  0.0190  0.0060  0.0380  0.9370  
101      101  (60)      3 :  0.8000  0.0390  0.0320  0.1290  
102      102  (17)      4 :  0.9720  0.0050  0.0150  0.0080  
103      103  (18)      5 :  0.0080  0.0170  0.8950  0.0800  
104      104  (23)      6 :  0.5230  0.0060  0.4560  0.0150  
105      105  (20)      7 :  0.0860  0.0130  0.8880  0.0130  
