  1        1  (21)      1 :  0.9230  0.0020  0.0050  0.0040  0.0020  0.0610  0.0030  
  2        2   (8)      2 :  0.0080  0.0050  0.1141  0.0200  0.7117  0.0060  0.1351  
  3        3  (22)      3 :  0.0030  0.0020  0.0020  0.0030  0.0040  0.9840  0.0020  
  4        4  (12)      4 :  0.1269  0.0070  0.8102  0.0050  0.0070  0.0410  0.0030  
  5        5  (75)      5 :  0.0150  0.0170  0.0120  0.5500  0.0170  0.0300  0.3590  
  6        6  (23)      6 :  0.0150  0.8710  0.0200  0.0060  0.0020  0.0210  0.0650  
  7        7  (24)      7 :  0.0060  0.0030  0.0080  0.9780  0.0010  0.0020  0.0020  
  8        8  (40)      1 :  0.8130  0.0180  0.0100  0.0800  0.0040  0.0450  0.0300  
  9        9  (22)      2 :  0.0190  0.0380  0.0440  0.0050  0.8780  0.0080  0.0080  
 10       10  (33)      3 :  0.1840  0.0160  0.0060  0.0090  0.0040  0.5750  0.2060  
 11       11  (29)      4 :  0.0020  0.0030  0.9119  0.0240  0.0440  0.0110  0.0040  
 12       12  (25)      5 :  0.0010  0.0010  0.0020  0.0020  0.0020  0.0050  0.9870  
 13       13   (9)      6 :  0.0030  0.9880  0.0020  0.0020  0.0010  0.0020  0.0020  
 14       14  (52)      7 :  0.0190  0.0340  0.0060  0.3360  0.0370  0.4350  0.1330  
 15       15  (14)      1 :  0.9760  0.0060  0.0020  0.0080  0.0020  0.0030  0.0030  
 16       16  (17)      2 :  0.0220  0.0040  0.0040  0.0040  0.9590  0.0030  0.0040  
 17       17  (18)      3 :  0.0030  0.0090  0.0020  0.0130  0.0040  0.9650  0.0040  
 18       18  (14)      4 :  0.0030  0.0090  0.9500  0.0100  0.0190  0.0030  0.0060  
 19       19  (17)      5 :  0.0070  0.0440  0.0650  0.0070  0.0490  0.0050  0.8230  
 20       20   (9)      6 :  0.0200  0.9251  0.0160  0.0170  0.0100  0.0080  0.0040  
 21       21  (32)      7 :  0.0030  0.0090  0.0040  0.9520  0.0040  0.0190  0.0090  
 22       22  (12)      1 :  0.9740  0.0040  0.0080  0.0030  0.0020  0.0040  0.0050  
 23       23  (14)      2 :  0.0020  0.0020  0.0010  0.0040  0.9840  0.0040  0.0030  
 24       24  (16)      3 :  0.0020  0.0090  0.0280  0.0100  0.0160  0.7502  0.1848  
 25       25  (46)      4 :  0.0020  0.0020  0.9850  0.0030  0.0020  0.0020  0.0040  
 26       26  (10)      5 :  0.0090  0.0030  0.0050  0.0020  0.0050  0.0170  0.9590  
 27       27  (32)      6 :  0.0020  0.9680  0.0040  0.0120  0.0040  0.0070  0.0030  
 28       28  (18)      7 :  0.0080  0.0110  0.0090  0.8950  0.0700  0.0030  0.0040  
 29       29  (32)      1 :  0.8647  0.0210  0.0060  0.0160  0.0230  0.0621  0.0070  
 30       30  (18)      2 :  0.0220  0.0190  0.0040  0.0060  0.9261  0.0200  0.0030  
 31       31   (9)      3 :  0.0030  0.0090  0.0290  0.0070  0.0020  0.9460  0.0040  
 32       32  (32)      4 :  0.0020  0.0070  0.9319  0.0310  0.0070  0.0140  0.0070  
 33       33  (14)      5 :  0.0240  0.0360  0.0190  0.0120  0.0260  0.1830  0.7000  
 34       34  (30)      6 :  0.0070  0.9570  0.0100  0.0040  0.0060  0.0040  0.0120  
 35       35  (14)      7 :  0.0060  0.0020  0.0470  0.9169  0.0090  0.0030  0.0160  
 36       36  (21)      1 :  0.9700  0.0030  0.0030  0.0040  0.0080  0.0050  0.0070  
 37       37  (54)      2 :  0.0120  0.0020  0.0030  0.0020  0.9750  0.0030  0.0030  
 38       38  (45)      3 :  0.0040  0.0040  0.0890  0.0040  0.0120  0.8730  0.0140  
 39       39  (27)      4 :  0.0090  0.0080  0.7047  0.0070  0.2553  0.0070  0.0090  
 40       40  (13)      5 :  0.0190  0.0769  0.0060  0.0020  0.0060  0.0070  0.8831  
 41       41  (18)      6 :  0.0020  0.8979  0.0040  0.0120  0.0751  0.0070  0.0020  
 42       42  (66)      7 :  0.0040  0.0550  0.0180  0.8690  0.0070  0.0070  0.0400  
 43       43  (14)      1 :  0.9450  0.0030  0.0030  0.0010  0.0140  0.0300  0.0040  
 44       44  (22)      2 :  0.0080  0.0080  0.0060  0.0040  0.7550  0.0260  0.1930  
 45       45  (19)      3 :  0.0320  0.0080  0.0040  0.0460  0.0050  0.9000  0.0050  
 46       46  (22)      4 :  0.0020  0.0100  0.9590  0.0220  0.0020  0.0020  0.0030  
 47       47  (12)      5 :  0.0140  0.0070  0.0110  0.1660  0.0100  0.0040  0.7880  
 48       48  (11)      6 :  0.0040  0.8769  0.0360  0.0140  0.0250  0.0270  0.0170  
 49       49   (9)      7 :  0.0030  0.0070  0.0290  0.8410  0.1040  0.0130  0.0030  
 50       50  (30)      1 :  0.9270  0.0060  0.0160  0.0070  0.0050  0.0050  0.0340  
 51       51   (8)      2 :  0.0070  0.0030  0.0040  0.0100  0.7083  0.2547  0.0130  
 52       52   (9)      3 :  0.0110  0.0050  0.0030  0.0240  0.0050  0.9450  0.0070  
 53       53  (43)      4 :  0.0050  0.0270  0.9490  0.0020  0.0020  0.0080  0.0070  
 54       54  (21)      5 :  0.0050  0.0030  0.0010  0.0020  0.0020  0.0030  0.9840  
 55       55  (20)      6 :  0.0020  0.9850  0.0010  0.0040  0.0030  0.0020  0.0030  
 56       56   (6)      7 :  0.0030  0.0030  0.0040  0.9660  0.0020  0.0110  0.0110  
 57       57  (15)      1 :  0.9650  0.0030  0.0030  0.0080  0.0100  0.0080  0.0030  
 58       58   (7)      2 :  0.0160  0.0040  0.0470  0.0040  0.9180  0.0060  0.0050  
 59       59  (15)      3 :  0.0130  0.0190  0.0090  0.0060  0.0060  0.8488  0.0981  
 60       60   (9)      4 :  0.0070  0.0050  0.9770  0.0060  0.0020  0.0020  0.0010  
 61       61  (33)      5 :  0.0030  0.0030  0.0050  0.0050  0.0060  0.0180  0.9600  
 62       62  (12)      6 :  0.0240  0.5596  0.0110  0.0280  0.0030  0.0070  0.3674  
 63       63  (57)      7 :  0.0070  0.0230  0.0060  0.7832  0.0090  0.0070  0.1648  
 64       64  (23)      1 :  0.9800  0.0040  0.0030  0.0040  0.0040  0.0020  0.0030  
 65       65  (31)      2 :  0.0020  0.0030  0.0060  0.0020  0.9790  0.0030  0.0050  
 66       66  (17)      3 :  0.0350  0.0060  0.0120  0.0040  0.0020  0.9109  0.0300  
 67       67  (10)      4 :  0.0040  0.0100  0.8529  0.0621  0.0240  0.0390  0.0080  
 68       68   (8)      5 :  0.0020  0.0070  0.0310  0.0220  0.0040  0.0020  0.9320  
 69       69  (41)      6 :  0.0030  0.9270  0.0050  0.0090  0.0110  0.0410  0.0040  
 70       70  (17)      7 :  0.0100  0.0580  0.0030  0.9050  0.0050  0.0150  0.0040  
 71       71  (29)      1 :  0.9500  0.0090  0.0090  0.0090  0.0090  0.0050  0.0090  
 72       72  (51)      2 :  0.0030  0.0050  0.0140  0.0130  0.8450  0.1080  0.0120  
 73       73  (22)      3 :  0.0050  0.0030  0.0410  0.0050  0.0530  0.8840  0.0090  
 74       74  (14)      4 :  0.0150  0.0070  0.9590  0.0070  0.0030  0.0050  0.0040  
 75       75  (18)      5 :  0.0080  0.0100  0.0090  0.0020  0.0070  0.0020  0.9620  
 76       76  (25)      6 :  0.0030  0.9730  0.0020  0.0020  0.0130  0.0030  0.0040  
 77       77  (12)      7 :  0.0050  0.0030  0.0060  0.8690  0.0040  0.0620  0.0510  
 78       78  (21)      1 :  0.9830  0.0040  0.0020  0.0030  0.0040  0.0020  0.0020  
 79       79  (14)      2 :  0.0030  0.0180  0.0070  0.0180  0.9340  0.0100  0.0100  
 80       80  (22)      3 :  0.0070  0.0350  0.0140  0.0290  0.0280  0.8730  0.0140  
 81       81  (11)      4 :  0.0180  0.0090  0.8252  0.0040  0.0300  0.0060  0.1079  
 82       82  (25)      5 :  0.0030  0.0060  0.0100  0.0050  0.0050  0.0330  0.9381  
 83       83  (12)      6 :  0.0600  0.7560  0.0080  0.1350  0.0110  0.0250  0.0050  
 84       84  (18)      7 :  0.0030  0.0050  0.0020  0.9790  0.0020  0.0040  0.0050  
 85       85   (9)      1 :  0.8440  0.0680  0.0100  0.0050  0.0170  0.0030  0.0530  
 86       86  (24)      2 :  0.0040  0.0170  0.0050  0.0030  0.9670  0.0020  0.0020  
 87       87  (47)      3 :  0.0040  0.0090  0.0280  0.0020  0.0090  0.9399  0.0080  
 88       88  (27)      4 :  0.0080  0.0090  0.7030  0.1620  0.0200  0.0750  0.0230  
 89       89  (14)      5 :  0.0100  0.0020  0.0050  0.0100  0.0150  0.0140  0.9439  
 90       90  (24)      6 :  0.0170  0.9080  0.0430  0.0070  0.0040  0.0150  0.0060  
 91       91  (20)      7 :  0.0060  0.0130  0.0110  0.9580  0.0030  0.0040  0.0050  
 92       92  (10)      1 :  0.9760  0.0030  0.0030  0.0040  0.0030  0.0020  0.0090  
 93       93  (21)      2 :  0.3864  0.0040  0.0040  0.0080  0.5596  0.0020  0.0360  
 94       94  (27)      3 :  0.0020  0.0010  0.0040  0.0020  0.0030  0.9860  0.0020  
 95       95   (9)      4 :  0.0080  0.0080  0.6070  0.3640  0.0020  0.0060  0.0050  
 96       96  (40)      5 :  0.0040  0.0230  0.0050  0.0040  0.0100  0.0180  0.9360  
 97       97  (26)      6 :  0.0440  0.8660  0.0040  0.0230  0.0060  0.0030  0.0540  
 98       98  (15)      7 :  0.0050  0.1270  0.0070  0.6890  0.1600  0.0090  0.0030  
 99       99  (23)      1 :  0.8670  0.0220  0.0600  0.0070  0.0030  0.0160  0.0250  
100      100  (19)      2 :  0.0020  0.0010  0.0080  0.0060  0.9780  0.0030  0.0020  
101      101  (60)      3 :  0.0080  0.3163  0.0811  0.0110  0.0070  0.5536  0.0230  
102      102  (17)      4 :  0.0030  0.0030  0.9770  0.0040  0.0030  0.0040  0.0060  
103      103  (18)      5 :  0.0050  0.0030  0.0030  0.0040  0.0090  0.0380  0.9381  
104      104  (23)      6 :  0.0040  0.9021  0.0020  0.0330  0.0100  0.0130  0.0360  
105      105  (20)      7 :  0.0200  0.0040  0.1832  0.7628  0.0170  0.0050  0.0080  
