  1        1  (21)      1 :  0.0080  0.9850  0.0030  0.0020  0.0020  
  2        2   (8)      2 :  0.7413  0.0060  0.1558  0.0160  0.0809  
  3        3  (22)      3 :  0.9510  0.0070  0.0030  0.0190  0.0200  
  4        4  (12)      4 :  0.2823  0.0501  0.6416  0.0210  0.0050  
  5        5  (75)      5 :  0.0410  0.0320  0.0520  0.1560  0.7190  
  6        6  (23)      6 :  0.0160  0.0250  0.0210  0.8290  0.1090  
  7        7  (24)      7 :  0.0030  0.0260  0.0270  0.9370  0.0070  
  8        8  (40)      1 :  0.0150  0.8408  0.0100  0.0591  0.0751  
  9        9  (22)      2 :  0.8799  0.0260  0.0320  0.0480  0.0140  
 10       10  (33)      3 :  0.0680  0.2630  0.0070  0.0090  0.6530  
 11       11  (29)      4 :  0.0630  0.0020  0.9250  0.0060  0.0040  
 12       12  (25)      5 :  0.0030  0.0020  0.0020  0.0030  0.9900  
 13       13   (9)      6 :  0.0030  0.0060  0.0030  0.9830  0.0050  
 14       14  (52)      7 :  0.4670  0.0150  0.0050  0.1370  0.3760  
 15       15  (14)      1 :  0.0020  0.9840  0.0020  0.0080  0.0040  
 16       16  (17)      2 :  0.9301  0.0480  0.0080  0.0070  0.0070  
 17       17  (18)      3 :  0.9760  0.0040  0.0020  0.0120  0.0060  
 18       18  (14)      4 :  0.0040  0.0030  0.9810  0.0070  0.0050  
 19       19  (17)      5 :  0.0739  0.0100  0.0589  0.0210  0.8362  
 20       20   (9)      6 :  0.0130  0.0150  0.0190  0.9480  0.0050  
 21       21  (32)      7 :  0.0100  0.0030  0.0070  0.9590  0.0210  
 22       22  (12)      1 :  0.0060  0.9770  0.0070  0.0050  0.0050  
 23       23  (14)      2 :  0.9920  0.0020  0.0020  0.0020  0.0020  
 24       24  (16)      3 :  0.6246  0.0040  0.0661  0.0611  0.2442  
 25       25  (46)      4 :  0.0020  0.0030  0.9860  0.0030  0.0060  
 26       26  (10)      5 :  0.0090  0.0100  0.0050  0.0020  0.9740  
 27       27  (32)      6 :  0.0140  0.0060  0.0080  0.9680  0.0040  
 28       28  (18)      7 :  0.0280  0.0110  0.0130  0.9430  0.0050  
 29       29  (32)      1 :  0.1650  0.7850  0.0090  0.0250  0.0160  
 30       30  (18)      2 :  0.9300  0.0170  0.0040  0.0450  0.0040  
 31       31   (9)      3 :  0.8002  0.0040  0.0310  0.1289  0.0360  
 32       32  (32)      4 :  0.0080  0.0030  0.9630  0.0200  0.0060  
 33       33  (14)      5 :  0.1040  0.0450  0.0140  0.0160  0.8210  
 34       34  (30)      6 :  0.0070  0.0070  0.0130  0.9590  0.0140  
 35       35  (14)      7 :  0.0070  0.0060  0.2903  0.6807  0.0160  
 36       36  (21)      1 :  0.0120  0.9650  0.0040  0.0070  0.0120  
 37       37  (54)      2 :  0.9291  0.0619  0.0030  0.0030  0.0030  
 38       38  (45)      3 :  0.9089  0.0050  0.0531  0.0110  0.0220  
 39       39  (27)      4 :  0.2450  0.0210  0.6970  0.0220  0.0150  
 40       40  (13)      5 :  0.0050  0.0230  0.0040  0.0110  0.9570  
 41       41  (18)      6 :  0.0340  0.0020  0.0020  0.9600  0.0020  
 42       42  (66)      7 :  0.0060  0.0040  0.0220  0.9410  0.0270  
 43       43  (14)      1 :  0.0160  0.9730  0.0040  0.0040  0.0030  
 44       44  (22)      2 :  0.8590  0.0110  0.0050  0.0170  0.1080  
 45       45  (19)      3 :  0.8961  0.0100  0.0050  0.0669  0.0220  
 46       46  (22)      4 :  0.0020  0.0030  0.9800  0.0130  0.0020  
 47       47  (12)      5 :  0.0090  0.0100  0.0070  0.3163  0.6577  
 48       48  (11)      6 :  0.0340  0.0070  0.0100  0.9390  0.0100  
 49       49   (9)      7 :  0.0740  0.0040  0.0210  0.8980  0.0030  
 50       50  (30)      1 :  0.0050  0.9330  0.0100  0.0070  0.0450  
 51       51   (8)      2 :  0.9730  0.0100  0.0030  0.0070  0.0070  
 52       52   (9)      3 :  0.8122  0.0470  0.0040  0.0210  0.1159  
 53       53  (43)      4 :  0.0040  0.0050  0.9740  0.0080  0.0090  
 54       54  (21)      5 :  0.0030  0.0060  0.0020  0.0040  0.9850  
 55       55  (20)      6 :  0.0030  0.0110  0.0020  0.9810  0.0030  
 56       56   (6)      7 :  0.0190  0.0050  0.0170  0.8961  0.0629  
 57       57  (15)      1 :  0.0400  0.9430  0.0030  0.0090  0.0050  
 58       58   (7)      2 :  0.8810  0.0200  0.0870  0.0050  0.0070  
 59       59  (15)      3 :  0.6890  0.0130  0.0180  0.0100  0.2700  
 60       60   (9)      4 :  0.0030  0.0090  0.9770  0.0070  0.0040  
 61       61  (33)      5 :  0.0080  0.0040  0.0040  0.0030  0.9810  
 62       62  (12)      6 :  0.0120  0.0160  0.0120  0.8651  0.0949  
 63       63  (57)      7 :  0.0080  0.0030  0.0060  0.9340  0.0490  
 64       64  (23)      1 :  0.0030  0.9850  0.0030  0.0060  0.0030  
 65       65  (31)      2 :  0.9449  0.0040  0.0440  0.0040  0.0030  
 66       66  (17)      3 :  0.2970  0.0810  0.0100  0.0070  0.6050  
 67       67  (10)      4 :  0.0841  0.0080  0.8769  0.0160  0.0150  
 68       68   (8)      5 :  0.0030  0.0020  0.2630  0.0170  0.7150  
 69       69  (41)      6 :  0.0270  0.0030  0.0070  0.9570  0.0060  
 70       70  (17)      7 :  0.0100  0.0100  0.0180  0.9540  0.0080  
 71       71  (29)      1 :  0.0070  0.9489  0.0140  0.0110  0.0190  
 72       72  (51)      2 :  0.9640  0.0050  0.0150  0.0050  0.0110  
 73       73  (22)      3 :  0.9610  0.0070  0.0150  0.0050  0.0120  
 74       74  (14)      4 :  0.0060  0.0120  0.9691  0.0080  0.0050  
 75       75  (18)      5 :  0.0040  0.0110  0.0050  0.0080  0.9720  
 76       76  (25)      6 :  0.0390  0.0960  0.0040  0.8550  0.0060  
 77       77  (12)      7 :  0.0520  0.0090  0.0590  0.6710  0.2090  
 78       78  (21)      1 :  0.0040  0.9860  0.0030  0.0050  0.0020  
 79       79  (14)      2 :  0.9251  0.0030  0.0080  0.0529  0.0110  
 80       80  (22)      3 :  0.9421  0.0060  0.0170  0.0300  0.0050  
 81       81  (11)      4 :  0.0370  0.0250  0.8680  0.0090  0.0610  
 82       82  (25)      5 :  0.0140  0.0060  0.0140  0.0110  0.9550  
 83       83  (12)      6 :  0.0100  0.0190  0.0220  0.9441  0.0050  
 84       84  (18)      7 :  0.0050  0.0050  0.0040  0.9760  0.0100  
 85       85   (9)      1 :  0.0090  0.9179  0.0060  0.0220  0.0450  
 86       86  (24)      2 :  0.6970  0.0220  0.0610  0.2160  0.0040  
 87       87  (47)      3 :  0.9000  0.0050  0.0300  0.0080  0.0570  
 88       88  (27)      4 :  0.0440  0.0080  0.9041  0.0150  0.0290  
 89       89  (14)      5 :  0.0210  0.0060  0.0090  0.0060  0.9580  
 90       90  (24)      6 :  0.0100  0.0190  0.0770  0.8870  0.0070  
 91       91  (20)      7 :  0.0040  0.0040  0.0080  0.9780  0.0060  
 92       92  (10)      1 :  0.0030  0.9800  0.0040  0.0050  0.0080  
 93       93  (21)      2 :  0.6690  0.2640  0.0070  0.0180  0.0420  
 94       94  (27)      3 :  0.9800  0.0040  0.0090  0.0030  0.0040  
 95       95   (9)      4 :  0.0210  0.0200  0.8490  0.1040  0.0060  
 96       96  (40)      5 :  0.0390  0.0110  0.0050  0.0430  0.9020  
 97       97  (26)      6 :  0.0050  0.0260  0.0050  0.9429  0.0210  
 98       98  (15)      7 :  0.0070  0.0050  0.0070  0.9780  0.0030  
 99       99  (23)      1 :  0.0130  0.7640  0.1240  0.0110  0.0880  
100      100  (19)      2 :  0.9430  0.0040  0.0470  0.0030  0.0030  
101      101  (60)      3 :  0.1310  0.0240  0.0660  0.4600  0.3190  
102      102  (17)      4 :  0.0050  0.0050  0.9710  0.0110  0.0080  
103      103  (18)      5 :  0.0110  0.0040  0.0040  0.0040  0.9770  
104      104  (23)      6 :  0.0050  0.0040  0.0040  0.9640  0.0230  
105      105  (20)      7 :  0.0040  0.0170  0.3924  0.5766  0.0100  
