  1        1  (21)      1 :  0.0070  0.9720  0.0110  0.0030  0.0070  
  2        2   (8)      2 :  0.7772  0.0779  0.0979  0.0090  0.0380  
  3        3  (22)      3 :  0.0150  0.0040  0.0030  0.0090  0.9690  
  4        4  (12)      4 :  0.0150  0.0741  0.7928  0.0370  0.0811  
  5        5  (75)      5 :  0.0220  0.2278  0.0190  0.0230  0.7083  
  6        6  (23)      6 :  0.0050  0.0539  0.0200  0.9121  0.0090  
  7        7  (24)      7 :  0.0030  0.8082  0.0490  0.0180  0.1219  
  8        8  (40)      1 :  0.0050  0.8500  0.0170  0.0100  0.1180  
  9        9  (22)      2 :  0.9360  0.0140  0.0300  0.0150  0.0050  
 10       10  (33)      3 :  0.0040  0.5604  0.0090  0.0120  0.4146  
 11       11  (29)      4 :  0.0310  0.0030  0.9530  0.0030  0.0100  
 12       12  (25)      5 :  0.0060  0.9710  0.0060  0.0020  0.0150  
 13       13   (9)      6 :  0.0020  0.0020  0.0020  0.9920  0.0020  
 14       14  (52)      7 :  0.0540  0.0270  0.0050  0.0280  0.8860  
 15       15  (14)      1 :  0.0030  0.9270  0.0050  0.0610  0.0040  
 16       16  (17)      2 :  0.9680  0.0110  0.0090  0.0050  0.0070  
 17       17  (18)      3 :  0.0040  0.0050  0.0020  0.0030  0.9860  
 18       18  (14)      4 :  0.0060  0.0040  0.9730  0.0100  0.0070  
 19       19  (17)      5 :  0.0250  0.7535  0.1737  0.0220  0.0259  
 20       20   (9)      6 :  0.0360  0.0080  0.0160  0.9270  0.0130  
 21       21  (32)      7 :  0.0210  0.0170  0.0130  0.0350  0.9139  
 22       22  (12)      1 :  0.0050  0.9359  0.0170  0.0370  0.0050  
 23       23  (14)      2 :  0.9760  0.0030  0.0030  0.0020  0.0160  
 24       24  (16)      3 :  0.0280  0.0170  0.1059  0.0110  0.8382  
 25       25  (46)      4 :  0.0060  0.0040  0.9840  0.0030  0.0030  
 26       26  (10)      5 :  0.0070  0.9710  0.0070  0.0030  0.0120  
 27       27  (32)      6 :  0.0100  0.0050  0.0060  0.9470  0.0320  
 28       28  (18)      7 :  0.2920  0.0580  0.0640  0.0150  0.5710  
 29       29  (32)      1 :  0.1230  0.8230  0.0090  0.0100  0.0350  
 30       30  (18)      2 :  0.9640  0.0090  0.0040  0.0130  0.0100  
 31       31   (9)      3 :  0.0040  0.0030  0.0160  0.0070  0.9700  
 32       32  (32)      4 :  0.0100  0.0070  0.9221  0.0080  0.0529  
 33       33  (14)      5 :  0.0330  0.8510  0.0180  0.0230  0.0750  
 34       34  (30)      6 :  0.0060  0.0090  0.0170  0.9640  0.0040  
 35       35  (14)      7 :  0.0030  0.0090  0.4180  0.0020  0.5680  
 36       36  (21)      1 :  0.0290  0.9520  0.0060  0.0090  0.0040  
 37       37  (54)      2 :  0.9860  0.0040  0.0030  0.0040  0.0030  
 38       38  (45)      3 :  0.0200  0.0080  0.3230  0.0050  0.6440  
 39       39  (27)      4 :  0.2813  0.0130  0.6787  0.0160  0.0110  
 40       40  (13)      5 :  0.0070  0.8350  0.0110  0.1400  0.0070  
 41       41  (18)      6 :  0.1530  0.0030  0.0020  0.8360  0.0060  
 42       42  (66)      7 :  0.0330  0.2022  0.3974  0.1632  0.2042  
 43       43  (14)      1 :  0.0380  0.9460  0.0040  0.0040  0.0080  
 44       44  (22)      2 :  0.8050  0.1110  0.0060  0.0290  0.0490  
 45       45  (19)      3 :  0.0050  0.0060  0.0030  0.0090  0.9770  
 46       46  (22)      4 :  0.0020  0.0030  0.9850  0.0050  0.0050  
 47       47  (12)      5 :  0.0090  0.9140  0.0130  0.0090  0.0550  
 48       48  (11)      6 :  0.0370  0.0060  0.0440  0.8452  0.0679  
 49       49   (9)      7 :  0.2610  0.0050  0.0480  0.0160  0.6700  
 50       50  (30)      1 :  0.0050  0.9790  0.0060  0.0050  0.0050  
 51       51   (8)      2 :  0.7930  0.0190  0.0060  0.0060  0.1760  
 52       52   (9)      3 :  0.0080  0.0170  0.0030  0.0070  0.9650  
 53       53  (43)      4 :  0.0030  0.0050  0.9190  0.0660  0.0070  
 54       54  (21)      5 :  0.0020  0.9890  0.0020  0.0020  0.0050  
 55       55  (20)      6 :  0.0040  0.0030  0.0020  0.9890  0.0020  
 56       56   (6)      7 :  0.0030  0.0080  0.0080  0.0070  0.9740  
 57       57  (15)      1 :  0.0230  0.9280  0.0050  0.0040  0.0400  
 58       58   (7)      2 :  0.9520  0.0080  0.0290  0.0060  0.0050  
 59       59  (15)      3 :  0.0080  0.1040  0.0140  0.0200  0.8540  
 60       60   (9)      4 :  0.0030  0.0060  0.9700  0.0160  0.0050  
 61       61  (33)      5 :  0.0160  0.8990  0.0070  0.0070  0.0710  
 62       62  (12)      6 :  0.0060  0.2570  0.0210  0.6710  0.0450  
 63       63  (57)      7 :  0.0340  0.7410  0.0210  0.0720  0.1320  
 64       64  (23)      1 :  0.0190  0.9429  0.0060  0.0270  0.0050  
 65       65  (31)      2 :  0.9800  0.0050  0.0090  0.0030  0.0030  
 66       66  (17)      3 :  0.0050  0.1311  0.0090  0.0040  0.8509  
 67       67  (10)      4 :  0.0270  0.0070  0.9320  0.0070  0.0270  
 68       68   (8)      5 :  0.0080  0.7670  0.1930  0.0200  0.0120  
 69       69  (41)      6 :  0.0250  0.0050  0.0100  0.9110  0.0490  
 70       70  (17)      7 :  0.0080  0.0120  0.0150  0.1339  0.8312  
 71       71  (29)      1 :  0.0170  0.9560  0.0100  0.0110  0.0060  
 72       72  (51)      2 :  0.8860  0.0080  0.0440  0.0050  0.0570  
 73       73  (22)      3 :  0.4394  0.0140  0.0240  0.0020  0.5205  
 74       74  (14)      4 :  0.0070  0.0160  0.9570  0.0120  0.0080  
 75       75  (18)      5 :  0.0040  0.9690  0.0090  0.0140  0.0040  
 76       76  (25)      6 :  0.0070  0.0120  0.0030  0.9750  0.0030  
 77       77  (12)      7 :  0.0050  0.0110  0.0060  0.0040  0.9740  
 78       78  (21)      1 :  0.0030  0.9860  0.0030  0.0050  0.0030  
 79       79  (14)      2 :  0.9610  0.0040  0.0050  0.0240  0.0060  
 80       80  (22)      3 :  0.0110  0.0030  0.0130  0.0140  0.9590  
 81       81  (11)      4 :  0.0210  0.0260  0.9350  0.0100  0.0080  
 82       82  (25)      5 :  0.0160  0.7390  0.0190  0.0180  0.2080  
 83       83  (12)      6 :  0.0350  0.0090  0.0320  0.7800  0.1440  
 84       84  (18)      7 :  0.0040  0.0180  0.0280  0.0100  0.9399  
 85       85   (9)      1 :  0.0110  0.8821  0.0090  0.0909  0.0070  
 86       86  (24)      2 :  0.9440  0.0050  0.0080  0.0380  0.0050  
 87       87  (47)      3 :  0.1290  0.0290  0.0590  0.0420  0.7410  
 88       88  (27)      4 :  0.0200  0.0100  0.8560  0.0070  0.1070  
 89       89  (14)      5 :  0.0100  0.9340  0.0110  0.0030  0.0420  
 90       90  (24)      6 :  0.0080  0.0100  0.0290  0.9370  0.0160  
 91       91  (20)      7 :  0.0040  0.0140  0.0120  0.0320  0.9381  
 92       92  (10)      1 :  0.0040  0.9820  0.0060  0.0030  0.0050  
 93       93  (21)      2 :  0.6454  0.3307  0.0050  0.0090  0.0100  
 94       94  (27)      3 :  0.0570  0.0040  0.0110  0.0030  0.9250  
 95       95   (9)      4 :  0.0040  0.0200  0.7140  0.0110  0.2510  
 96       96  (40)      5 :  0.0240  0.7850  0.0080  0.1440  0.0390  
 97       97  (26)      6 :  0.0100  0.1431  0.0080  0.8328  0.0060  
 98       98  (15)      7 :  0.0780  0.0270  0.0390  0.2350  0.6210  
 99       99  (23)      1 :  0.0050  0.8880  0.0320  0.0600  0.0150  
100      100  (19)      2 :  0.9320  0.0030  0.0550  0.0020  0.0080  
101      101  (60)      3 :  0.0090  0.0809  0.0859  0.3477  0.4765  
102      102  (17)      4 :  0.0050  0.0140  0.9710  0.0050  0.0050  
103      103  (18)      5 :  0.0440  0.9070  0.0050  0.0130  0.0310  
104      104  (23)      6 :  0.0090  0.0160  0.0060  0.9161  0.0529  
105      105  (20)      7 :  0.0110  0.0250  0.0810  0.0050  0.8780  
