  1        1  (21)      1 :  0.0070  0.9810  0.0040  0.0020  0.0060  
  2        2   (8)      2 :  0.7220  0.0050  0.2330  0.0020  0.0380  
  3        3  (22)      3 :  0.0070  0.0050  0.0030  0.0080  0.9770  
  4        4  (12)      4 :  0.0140  0.0570  0.8950  0.0160  0.0180  
  5        5  (75)      5 :  0.0140  0.0190  0.3330  0.0520  0.5820  
  6        6  (23)      6 :  0.0040  0.0150  0.0240  0.8940  0.0630  
  7        7  (24)      7 :  0.0010  0.0599  0.9191  0.0160  0.0040  
  8        8  (40)      1 :  0.0060  0.8260  0.0820  0.0210  0.0650  
  9        9  (22)      2 :  0.9500  0.0080  0.0090  0.0290  0.0040  
 10       10  (33)      3 :  0.0020  0.0600  0.0040  0.0070  0.9270  
 11       11  (29)      4 :  0.0310  0.0030  0.9570  0.0020  0.0070  
 12       12  (25)      5 :  0.0020  0.0020  0.0020  0.0020  0.9920  
 13       13   (9)      6 :  0.0020  0.0050  0.0030  0.9860  0.0040  
 14       14  (52)      7 :  0.2220  0.0110  0.0740  0.0400  0.6530  
 15       15  (14)      1 :  0.0020  0.9790  0.0030  0.0130  0.0030  
 16       16  (17)      2 :  0.9750  0.0110  0.0060  0.0040  0.0040  
 17       17  (18)      3 :  0.0080  0.0030  0.0040  0.0060  0.9790  
 18       18  (14)      4 :  0.0090  0.0020  0.9800  0.0050  0.0040  
 19       19  (17)      5 :  0.0330  0.0140  0.0420  0.0350  0.8761  
 20       20   (9)      6 :  0.0240  0.0140  0.0400  0.9160  0.0060  
 21       21  (32)      7 :  0.0070  0.0030  0.9670  0.0140  0.0090  
 22       22  (12)      1 :  0.0030  0.9850  0.0030  0.0050  0.0040  
 23       23  (14)      2 :  0.9900  0.0010  0.0020  0.0020  0.0050  
 24       24  (16)      3 :  0.0070  0.0010  0.0160  0.0050  0.9710  
 25       25  (46)      4 :  0.0050  0.0020  0.9860  0.0040  0.0030  
 26       26  (10)      5 :  0.0050  0.0110  0.0020  0.0020  0.9800  
 27       27  (32)      6 :  0.0050  0.0050  0.0110  0.9740  0.0050  
 28       28  (18)      7 :  0.0950  0.0180  0.8720  0.0110  0.0040  
 29       29  (32)      1 :  0.0469  0.8762  0.0150  0.0170  0.0449  
 30       30  (18)      2 :  0.9810  0.0050  0.0020  0.0080  0.0040  
 31       31   (9)      3 :  0.0040  0.0030  0.0620  0.0050  0.9260  
 32       32  (32)      4 :  0.0090  0.0030  0.9700  0.0070  0.0110  
 33       33  (14)      5 :  0.0190  0.0340  0.0090  0.0310  0.9069  
 34       34  (30)      6 :  0.0090  0.0080  0.0200  0.9580  0.0050  
 35       35  (14)      7 :  0.0030  0.0040  0.9860  0.0020  0.0050  
 36       36  (21)      1 :  0.0090  0.9570  0.0050  0.0180  0.0110  
 37       37  (54)      2 :  0.9730  0.0180  0.0030  0.0030  0.0030  
 38       38  (45)      3 :  0.0110  0.0030  0.0380  0.0040  0.9440  
 39       39  (27)      4 :  0.1090  0.0070  0.8290  0.0270  0.0280  
 40       40  (13)      5 :  0.0200  0.0350  0.0110  0.0989  0.8352  
 41       41  (18)      6 :  0.0310  0.0020  0.0040  0.9610  0.0020  
 42       42  (66)      7 :  0.0100  0.0060  0.9060  0.0580  0.0200  
 43       43  (14)      1 :  0.0090  0.9441  0.0030  0.0040  0.0400  
 44       44  (22)      2 :  0.5920  0.0050  0.0050  0.0080  0.3900  
 45       45  (19)      3 :  0.0070  0.0340  0.0100  0.0060  0.9430  
 46       46  (22)      4 :  0.0020  0.0020  0.9900  0.0040  0.0020  
 47       47  (12)      5 :  0.0040  0.0360  0.1778  0.0120  0.7702  
 48       48  (11)      6 :  0.0130  0.0060  0.0470  0.9121  0.0220  
 49       49   (9)      7 :  0.0980  0.0030  0.8620  0.0180  0.0190  
 50       50  (30)      1 :  0.0040  0.9770  0.0040  0.0050  0.0100  
 51       51   (8)      2 :  0.8831  0.0290  0.0090  0.0050  0.0739  
 52       52   (9)      3 :  0.0180  0.0180  0.0100  0.0080  0.9460  
 53       53  (43)      4 :  0.0040  0.0190  0.8670  0.0310  0.0790  
 54       54  (21)      5 :  0.0020  0.0550  0.0040  0.0020  0.9370  
 55       55  (20)      6 :  0.0020  0.0030  0.0020  0.9910  0.0020  
 56       56   (6)      7 :  0.0010  0.0040  0.9670  0.0030  0.0250  
 57       57  (15)      1 :  0.0090  0.9630  0.0140  0.0040  0.0100  
 58       58   (7)      2 :  0.9590  0.0230  0.0070  0.0040  0.0070  
 59       59  (15)      3 :  0.0050  0.0070  0.0050  0.0040  0.9790  
 60       60   (9)      4 :  0.0020  0.0140  0.9750  0.0070  0.0020  
 61       61  (33)      5 :  0.0040  0.0020  0.0030  0.0030  0.9880  
 62       62  (12)      6 :  0.0030  0.0080  0.0400  0.6610  0.2880  
 63       63  (57)      7 :  0.0310  0.0100  0.8342  0.0799  0.0450  
 64       64  (23)      1 :  0.0050  0.9810  0.0020  0.0080  0.0040  
 65       65  (31)      2 :  0.9850  0.0040  0.0030  0.0040  0.0040  
 66       66  (17)      3 :  0.0020  0.0180  0.0040  0.0030  0.9730  
 67       67  (10)      4 :  0.0220  0.0020  0.9650  0.0050  0.0060  
 68       68   (8)      5 :  0.0110  0.0030  0.4980  0.0110  0.4770  
 69       69  (41)      6 :  0.0150  0.0030  0.0100  0.9440  0.0280  
 70       70  (17)      7 :  0.0120  0.0230  0.8990  0.0470  0.0190  
 71       71  (29)      1 :  0.0120  0.9550  0.0120  0.0110  0.0100  
 72       72  (51)      2 :  0.9620  0.0030  0.0120  0.0040  0.0190  
 73       73  (22)      3 :  0.1399  0.0040  0.0100  0.0030  0.8432  
 74       74  (14)      4 :  0.0050  0.0210  0.9540  0.0110  0.0090  
 75       75  (18)      5 :  0.0060  0.1401  0.0060  0.0170  0.8308  
 76       76  (25)      6 :  0.0040  0.0020  0.0030  0.9880  0.0030  
 77       77  (12)      7 :  0.0100  0.0050  0.9160  0.0060  0.0630  
 78       78  (21)      1 :  0.0020  0.9910  0.0020  0.0030  0.0020  
 79       79  (14)      2 :  0.9660  0.0020  0.0080  0.0170  0.0070  
 80       80  (22)      3 :  0.0220  0.0040  0.0230  0.0060  0.9451  
 81       81  (11)      4 :  0.0330  0.0100  0.9171  0.0120  0.0280  
 82       82  (25)      5 :  0.0040  0.0070  0.0260  0.0070  0.9560  
 83       83  (12)      6 :  0.0290  0.0130  0.1090  0.8310  0.0180  
 84       84  (18)      7 :  0.0030  0.0040  0.9740  0.0040  0.0150  
 85       85   (9)      1 :  0.0120  0.9029  0.0080  0.0731  0.0040  
 86       86  (24)      2 :  0.8919  0.0070  0.0180  0.0811  0.0020  
 87       87  (47)      3 :  0.0250  0.0030  0.0040  0.0060  0.9620  
 88       88  (27)      4 :  0.0120  0.0040  0.9700  0.0030  0.0110  
 89       89  (14)      5 :  0.0070  0.0170  0.0160  0.0090  0.9510  
 90       90  (24)      6 :  0.0050  0.0110  0.0590  0.9180  0.0070  
 91       91  (20)      7 :  0.0030  0.0050  0.9600  0.0170  0.0150  
 92       92  (10)      1 :  0.0020  0.9860  0.0040  0.0030  0.0050  
 93       93  (21)      2 :  0.6897  0.2873  0.0090  0.0080  0.0060  
 94       94  (27)      3 :  0.0630  0.0040  0.0160  0.0040  0.9130  
 95       95   (9)      4 :  0.0030  0.0050  0.9850  0.0030  0.0040  
 96       96  (40)      5 :  0.0060  0.0060  0.0060  0.0340  0.9481  
 97       97  (26)      6 :  0.0100  0.0500  0.0070  0.9030  0.0300  
 98       98  (15)      7 :  0.0759  0.0060  0.8492  0.0649  0.0040  
 99       99  (23)      1 :  0.0030  0.8540  0.0650  0.0160  0.0620  
100      100  (19)      2 :  0.9560  0.0020  0.0390  0.0010  0.0020  
101      101  (60)      3 :  0.0060  0.0050  0.0190  0.0850  0.8850  
102      102  (17)      4 :  0.0070  0.0050  0.9750  0.0090  0.0040  
103      103  (18)      5 :  0.0050  0.0050  0.0030  0.0030  0.9840  
104      104  (23)      6 :  0.0080  0.0040  0.0210  0.9421  0.0250  
105      105  (20)      7 :  0.0040  0.0090  0.9760  0.0020  0.0090  
