  1        1  (21)      1 :  0.0040  0.9860  0.0050  0.0050  
  2        2   (8)      2 :  0.2110  0.0090  0.0210  0.7590  
  3        3  (22)      3 :  0.0030  0.0050  0.9790  0.0130  
  4        4  (12)      4 :  0.8490  0.0910  0.0280  0.0320  
  5        5  (75)      5 :  0.4086  0.0280  0.5485  0.0150  
  6        6  (23)      6 :  0.0130  0.0110  0.9730  0.0030  
  7        7  (24)      7 :  0.9720  0.0190  0.0070  0.0020  
  8        8  (40)      1 :  0.0669  0.8771  0.0500  0.0060  
  9        9  (22)      2 :  0.0150  0.0260  0.0110  0.9480  
 10       10  (33)      3 :  0.0070  0.0350  0.9540  0.0040  
 11       11  (29)      4 :  0.9670  0.0020  0.0040  0.0270  
 12       12  (25)      5 :  0.0070  0.0040  0.9870  0.0020  
 13       13   (9)      6 :  0.0050  0.0050  0.9890  0.0010  
 14       14  (52)      7 :  0.0250  0.0070  0.9440  0.0240  
 15       15  (14)      1 :  0.0040  0.9900  0.0040  0.0020  
 16       16  (17)      2 :  0.0030  0.0230  0.0050  0.9690  
 17       17  (18)      3 :  0.0090  0.0020  0.9710  0.0180  
 18       18  (14)      4 :  0.9770  0.0030  0.0070  0.0130  
 19       19  (17)      5 :  0.0180  0.0090  0.9320  0.0410  
 20       20   (9)      6 :  0.0531  0.0691  0.8649  0.0130  
 21       21  (32)      7 :  0.9600  0.0030  0.0300  0.0070  
 22       22  (12)      1 :  0.0050  0.9860  0.0050  0.0040  
 23       23  (14)      2 :  0.0020  0.0010  0.0020  0.9950  
 24       24  (16)      3 :  0.0170  0.0020  0.9580  0.0230  
 25       25  (46)      4 :  0.9840  0.0030  0.0030  0.0100  
 26       26  (10)      5 :  0.0030  0.0130  0.9800  0.0040  
 27       27  (32)      6 :  0.0400  0.0879  0.8452  0.0270  
 28       28  (18)      7 :  0.8881  0.0140  0.0090  0.0889  
 29       29  (32)      1 :  0.0170  0.9110  0.0350  0.0370  
 30       30  (18)      2 :  0.0040  0.0160  0.0080  0.9720  
 31       31   (9)      3 :  0.0250  0.0030  0.9680  0.0040  
 32       32  (32)      4 :  0.9640  0.0040  0.0190  0.0130  
 33       33  (14)      5 :  0.0130  0.0240  0.9420  0.0210  
 34       34  (30)      6 :  0.0100  0.0120  0.9650  0.0130  
 35       35  (14)      7 :  0.9880  0.0040  0.0040  0.0040  
 36       36  (21)      1 :  0.0050  0.9750  0.0090  0.0110  
 37       37  (54)      2 :  0.0030  0.0130  0.0030  0.9810  
 38       38  (45)      3 :  0.0330  0.0040  0.9360  0.0270  
 39       39  (27)      4 :  0.5740  0.0100  0.0240  0.3920  
 40       40  (13)      5 :  0.0050  0.0180  0.9720  0.0050  
 41       41  (18)      6 :  0.0400  0.0060  0.7020  0.2520  
 42       42  (66)      7 :  0.9100  0.0040  0.0800  0.0060  
 43       43  (14)      1 :  0.0030  0.9730  0.0080  0.0160  
 44       44  (22)      2 :  0.0080  0.0150  0.1229  0.8541  
 45       45  (19)      3 :  0.0110  0.0150  0.9390  0.0350  
 46       46  (22)      4 :  0.9920  0.0020  0.0030  0.0030  
 47       47  (12)      5 :  0.2150  0.0260  0.7500  0.0090  
 48       48  (11)      6 :  0.0170  0.0040  0.9600  0.0190  
 49       49   (9)      7 :  0.9030  0.0030  0.0050  0.0890  
 50       50  (30)      1 :  0.0120  0.9680  0.0150  0.0050  
 51       51   (8)      2 :  0.0070  0.0170  0.0849  0.8911  
 52       52   (9)      3 :  0.0070  0.0160  0.9670  0.0100  
 53       53  (43)      4 :  0.6503  0.0170  0.3257  0.0070  
 54       54  (21)      5 :  0.0110  0.0789  0.9081  0.0020  
 55       55  (20)      6 :  0.0050  0.0170  0.9710  0.0070  
 56       56   (6)      7 :  0.9610  0.0050  0.0320  0.0020  
 57       57  (15)      1 :  0.0040  0.9760  0.0060  0.0140  
 58       58   (7)      2 :  0.0140  0.0120  0.0080  0.9660  
 59       59  (15)      3 :  0.0090  0.0070  0.9750  0.0090  
 60       60   (9)      4 :  0.9840  0.0110  0.0030  0.0020  
 61       61  (33)      5 :  0.0050  0.0050  0.9830  0.0070  
 62       62  (12)      6 :  0.0170  0.0190  0.9590  0.0050  
 63       63  (57)      7 :  0.7680  0.0110  0.2070  0.0140  
 64       64  (23)      1 :  0.0030  0.9910  0.0030  0.0030  
 65       65  (31)      2 :  0.0060  0.0030  0.0050  0.9860  
 66       66  (17)      3 :  0.0070  0.0260  0.9630  0.0040  
 67       67  (10)      4 :  0.9630  0.0030  0.0090  0.0250  
 68       68   (8)      5 :  0.5205  0.0060  0.4685  0.0050  
 69       69  (41)      6 :  0.0180  0.0030  0.9570  0.0220  
 70       70  (17)      7 :  0.9120  0.0300  0.0510  0.0070  
 71       71  (29)      1 :  0.0120  0.9660  0.0110  0.0110  
 72       72  (51)      2 :  0.0190  0.0030  0.0130  0.9650  
 73       73  (22)      3 :  0.0559  0.0080  0.5255  0.4106  
 74       74  (14)      4 :  0.9790  0.0110  0.0060  0.0040  
 75       75  (18)      5 :  0.0120  0.0959  0.8851  0.0070  
 76       76  (25)      6 :  0.0060  0.0390  0.8979  0.0571  
 77       77  (12)      7 :  0.7070  0.0080  0.2790  0.0060  
 78       78  (21)      1 :  0.0020  0.9920  0.0030  0.0030  
 79       79  (14)      2 :  0.0150  0.0030  0.0170  0.9650  
 80       80  (22)      3 :  0.0160  0.0060  0.9540  0.0240  
 81       81  (11)      4 :  0.8520  0.0150  0.0600  0.0730  
 82       82  (25)      5 :  0.0170  0.0090  0.9700  0.0040  
 83       83  (12)      6 :  0.1990  0.2540  0.5200  0.0270  
 84       84  (18)      7 :  0.9490  0.0050  0.0410  0.0050  
 85       85   (9)      1 :  0.0110  0.9319  0.0410  0.0160  
 86       86  (24)      2 :  0.0050  0.0040  0.0030  0.9880  
 87       87  (47)      3 :  0.0140  0.0050  0.8630  0.1180  
 88       88  (27)      4 :  0.9670  0.0050  0.0140  0.0140  
 89       89  (14)      5 :  0.0150  0.0160  0.9570  0.0120  
 90       90  (24)      6 :  0.0190  0.0100  0.9660  0.0050  
 91       91  (20)      7 :  0.9810  0.0070  0.0080  0.0040  
 92       92  (10)      1 :  0.0060  0.9860  0.0050  0.0030  
 93       93  (21)      2 :  0.0040  0.3824  0.0060  0.6076  
 94       94  (27)      3 :  0.0200  0.0040  0.7540  0.2220  
 95       95   (9)      4 :  0.9850  0.0060  0.0070  0.0020  
 96       96  (40)      5 :  0.0060  0.0030  0.9850  0.0060  
 97       97  (26)      6 :  0.0190  0.1630  0.8130  0.0050  
 98       98  (15)      7 :  0.7570  0.0110  0.0340  0.1980  
 99       99  (23)      1 :  0.0400  0.8900  0.0660  0.0040  
100      100  (19)      2 :  0.0180  0.0030  0.0020  0.9770  
101      101  (60)      3 :  0.0250  0.0070  0.9630  0.0050  
102      102  (17)      4 :  0.9870  0.0030  0.0050  0.0050  
103      103  (18)      5 :  0.0060  0.0080  0.9770  0.0090  
104      104  (23)      6 :  0.0050  0.0030  0.9840  0.0080  
105      105  (20)      7 :  0.9790  0.0090  0.0050  0.0070  
