  1        1  (21)      1 :  0.0050  0.9460  0.0320  0.0070  0.0040  0.0020  0.0020  0.0020  
  2        2   (8)      2 :  0.0420  0.0060  0.0080  0.0230  0.7010  0.1390  0.0030  0.0780  
  3        3  (22)      3 :  0.0020  0.0030  0.9760  0.0040  0.0040  0.0030  0.0040  0.0040  
  4        4  (12)      4 :  0.7013  0.1698  0.0819  0.0120  0.0100  0.0020  0.0140  0.0090  
  5        5  (75)      5 :  0.0150  0.0260  0.0749  0.0909  0.0090  0.3147  0.0120  0.4575  
  6        6  (23)      6 :  0.0150  0.0110  0.0090  0.0160  0.0020  0.0500  0.8900  0.0070  
  7        7  (24)      7 :  0.0090  0.0150  0.0020  0.0040  0.0010  0.0040  0.0040  0.9610  
  8        8  (40)      1 :  0.0180  0.6600  0.0690  0.0130  0.0070  0.0850  0.0130  0.1350  
  9        9  (22)      2 :  0.0819  0.0130  0.0070  0.0340  0.8422  0.0070  0.0090  0.0060  
 10       10  (33)      3 :  0.0020  0.1289  0.7053  0.0030  0.0050  0.1359  0.0120  0.0080  
 11       11  (29)      4 :  0.9149  0.0020  0.0090  0.0040  0.0571  0.0030  0.0030  0.0070  
 12       12  (25)      5 :  0.0020  0.0020  0.0040  0.0020  0.0020  0.9840  0.0010  0.0030  
 13       13   (9)      6 :  0.0030  0.0040  0.0020  0.0010  0.0010  0.0030  0.9830  0.0030  
 14       14  (52)      7 :  0.0050  0.0040  0.0300  0.0500  0.0310  0.0790  0.0180  0.7830  
 15       15  (14)      1 :  0.0020  0.9770  0.0030  0.0040  0.0010  0.0030  0.0060  0.0040  
 16       16  (17)      2 :  0.0040  0.0030  0.0020  0.3780  0.6020  0.0040  0.0020  0.0050  
 17       17  (18)      3 :  0.0030  0.0030  0.9520  0.0080  0.0060  0.0050  0.0110  0.0120  
 18       18  (14)      4 :  0.9590  0.0020  0.0030  0.0040  0.0080  0.0070  0.0100  0.0070  
 19       19  (17)      5 :  0.0240  0.0040  0.0040  0.0050  0.0110  0.9299  0.0090  0.0130  
 20       20   (9)      6 :  0.0260  0.0120  0.0070  0.0220  0.0130  0.0030  0.9100  0.0070  
 21       21  (32)      7 :  0.0050  0.0030  0.0130  0.0030  0.0080  0.0270  0.0240  0.9170  
 22       22  (12)      1 :  0.0080  0.6687  0.0020  0.3043  0.0010  0.0030  0.0100  0.0030  
 23       23  (14)      2 :  0.0010  0.0020  0.0070  0.0040  0.9800  0.0020  0.0010  0.0030  
 24       24  (16)      3 :  0.0220  0.0020  0.6523  0.0010  0.0200  0.2877  0.0100  0.0050  
 25       25  (46)      4 :  0.9810  0.0020  0.0030  0.0010  0.0030  0.0040  0.0030  0.0030  
 26       26  (10)      5 :  0.0070  0.0080  0.0160  0.0040  0.0050  0.9530  0.0040  0.0030  
 27       27  (32)      6 :  0.0050  0.0070  0.0070  0.0080  0.0050  0.0030  0.9480  0.0170  
 28       28  (18)      7 :  0.0060  0.0040  0.0030  0.0080  0.1508  0.0050  0.0100  0.8132  
 29       29  (32)      1 :  0.0090  0.3543  0.0509  0.5170  0.0130  0.0160  0.0160  0.0240  
 30       30  (18)      2 :  0.0030  0.0090  0.0230  0.0130  0.9311  0.0050  0.0110  0.0050  
 31       31   (9)      3 :  0.0659  0.0020  0.8992  0.0020  0.0030  0.0040  0.0110  0.0130  
 32       32  (32)      4 :  0.9209  0.0020  0.0150  0.0100  0.0050  0.0040  0.0100  0.0330  
 33       33  (14)      5 :  0.0130  0.0930  0.1320  0.0340  0.0340  0.6620  0.0130  0.0190  
 34       34  (30)      6 :  0.0150  0.0050  0.0020  0.0040  0.0060  0.0070  0.9550  0.0060  
 35       35  (14)      7 :  0.0650  0.0050  0.0050  0.0020  0.0040  0.0080  0.0020  0.9090  
 36       36  (21)      1 :  0.0040  0.7293  0.0120  0.2078  0.0230  0.0130  0.0080  0.0030  
 37       37  (54)      2 :  0.0020  0.0020  0.0020  0.9311  0.0579  0.0020  0.0020  0.0010  
 38       38  (45)      3 :  0.0660  0.0050  0.8860  0.0060  0.0100  0.0190  0.0050  0.0030  
 39       39  (27)      4 :  0.7532  0.0060  0.0290  0.0799  0.0909  0.0220  0.0130  0.0060  
 40       40  (13)      5 :  0.0080  0.0100  0.0090  0.0280  0.0080  0.8811  0.0539  0.0020  
 41       41  (18)      6 :  0.0050  0.0020  0.0050  0.0050  0.0340  0.0020  0.9370  0.0100  
 42       42  (66)      7 :  0.0160  0.0170  0.0070  0.0010  0.0841  0.4104  0.0831  0.3814  
 43       43  (14)      1 :  0.0030  0.2118  0.0230  0.7493  0.0030  0.0060  0.0030  0.0010  
 44       44  (22)      2 :  0.0070  0.0080  0.0250  0.0200  0.8280  0.0940  0.0100  0.0080  
 45       45  (19)      3 :  0.0020  0.0130  0.8520  0.0810  0.0030  0.0050  0.0060  0.0380  
 46       46  (22)      4 :  0.9560  0.0040  0.0030  0.0010  0.0020  0.0040  0.0040  0.0260  
 47       47  (12)      5 :  0.0130  0.0180  0.0100  0.0100  0.0150  0.7732  0.0240  0.1369  
 48       48  (11)      6 :  0.0380  0.0040  0.0360  0.0090  0.0180  0.0180  0.8620  0.0150  
 49       49   (9)      7 :  0.0150  0.0060  0.0170  0.0060  0.2920  0.0030  0.0140  0.6470  
 50       50  (30)      1 :  0.0030  0.8600  0.0040  0.0060  0.0030  0.1140  0.0060  0.0040  
 51       51   (8)      2 :  0.0050  0.0130  0.2730  0.0040  0.6890  0.0040  0.0040  0.0080  
 52       52   (9)      3 :  0.0020  0.0200  0.8362  0.0030  0.0120  0.0040  0.0070  0.1159  
 53       53  (43)      4 :  0.9050  0.0060  0.0070  0.0040  0.0020  0.0540  0.0190  0.0030  
 54       54  (21)      5 :  0.0010  0.0030  0.0020  0.0030  0.0010  0.9860  0.0020  0.0020  
 55       55  (20)      6 :  0.0010  0.0030  0.0020  0.0010  0.0020  0.0020  0.9870  0.0020  
 56       56   (6)      7 :  0.0040  0.0030  0.0090  0.0020  0.0020  0.0080  0.0040  0.9680  
 57       57  (15)      1 :  0.0030  0.8730  0.0140  0.0830  0.0060  0.0020  0.0050  0.0140  
 58       58   (7)      2 :  0.0300  0.0100  0.0060  0.1788  0.7662  0.0030  0.0030  0.0030  
 59       59  (15)      3 :  0.0080  0.0190  0.8741  0.0040  0.0080  0.0629  0.0140  0.0100  
 60       60   (9)      4 :  0.9620  0.0100  0.0030  0.0060  0.0020  0.0020  0.0050  0.0100  
 61       61  (33)      5 :  0.0040  0.0040  0.0110  0.0010  0.0090  0.9560  0.0030  0.0120  
 62       62  (12)      6 :  0.0040  0.0190  0.0070  0.0010  0.0030  0.3160  0.6360  0.0140  
 63       63  (57)      7 :  0.0040  0.0070  0.0050  0.0030  0.0090  0.0520  0.0330  0.8870  
 64       64  (23)      1 :  0.0020  0.9780  0.0020  0.0050  0.0050  0.0020  0.0030  0.0030  
 65       65  (31)      2 :  0.0040  0.0030  0.0030  0.0110  0.9710  0.0030  0.0030  0.0020  
 66       66  (17)      3 :  0.0170  0.0150  0.9212  0.0060  0.0030  0.0299  0.0030  0.0050  
 67       67  (10)      4 :  0.9021  0.0060  0.0170  0.0030  0.0220  0.0050  0.0100  0.0350  
 68       68   (8)      5 :  0.0820  0.0040  0.0030  0.0010  0.0080  0.8690  0.0090  0.0240  
 69       69  (41)      6 :  0.0060  0.0020  0.0420  0.0020  0.0170  0.0050  0.9200  0.0060  
 70       70  (17)      7 :  0.0050  0.0040  0.0040  0.0050  0.0120  0.0030  0.0220  0.9451  
 71       71  (29)      1 :  0.0210  0.6713  0.0080  0.2557  0.0080  0.0150  0.0100  0.0110  
 72       72  (51)      2 :  0.0180  0.0020  0.0849  0.0050  0.8581  0.0110  0.0060  0.0150  
 73       73  (22)      3 :  0.0210  0.0040  0.8879  0.0100  0.0641  0.0070  0.0030  0.0030  
 74       74  (14)      4 :  0.9550  0.0140  0.0060  0.0020  0.0030  0.0070  0.0070  0.0060  
 75       75  (18)      5 :  0.0060  0.0110  0.0020  0.0030  0.0060  0.9650  0.0050  0.0020  
 76       76  (25)      6 :  0.0020  0.0020  0.0030  0.0190  0.0120  0.0040  0.9560  0.0020  
 77       77  (12)      7 :  0.0070  0.0060  0.0619  0.0080  0.0040  0.0190  0.0040  0.8901  
 78       78  (21)      1 :  0.0020  0.8689  0.0020  0.1131  0.0030  0.0030  0.0030  0.0050  
 79       79  (14)      2 :  0.0060  0.0030  0.0080  0.0020  0.9491  0.0040  0.0200  0.0080  
 80       80  (22)      3 :  0.0110  0.0030  0.8841  0.0070  0.0130  0.0050  0.0330  0.0440  
 81       81  (11)      4 :  0.8520  0.0090  0.0070  0.0020  0.0210  0.0980  0.0070  0.0040  
 82       82  (25)      5 :  0.0240  0.0050  0.0390  0.0020  0.0050  0.9070  0.0060  0.0120  
 83       83  (12)      6 :  0.0500  0.0080  0.0250  0.0060  0.0450  0.0050  0.8010  0.0600  
 84       84  (18)      7 :  0.0030  0.0030  0.0040  0.0010  0.0020  0.0040  0.0030  0.9800  
 85       85   (9)      1 :  0.0120  0.7363  0.0030  0.1089  0.0070  0.0190  0.1049  0.0090  
 86       86  (24)      2 :  0.0060  0.0030  0.0020  0.0020  0.9730  0.0030  0.0090  0.0020  
 87       87  (47)      3 :  0.0270  0.0030  0.9260  0.0090  0.0110  0.0110  0.0100  0.0030  
 88       88  (27)      4 :  0.7678  0.0070  0.0230  0.0060  0.0140  0.0180  0.0040  0.1602  
 89       89  (14)      5 :  0.0090  0.0050  0.0120  0.0130  0.0060  0.9401  0.0020  0.0130  
 90       90  (24)      6 :  0.0420  0.0100  0.0100  0.0040  0.0070  0.0030  0.9070  0.0170  
 91       91  (20)      7 :  0.0080  0.0070  0.0070  0.0040  0.0060  0.0050  0.0160  0.9469  
 92       92  (10)      1 :  0.0040  0.9700  0.0020  0.0060  0.0020  0.0100  0.0030  0.0030  
 93       93  (21)      2 :  0.0050  0.2122  0.0040  0.0250  0.6877  0.0521  0.0020  0.0120  
 94       94  (27)      3 :  0.0040  0.0010  0.9750  0.0110  0.0030  0.0020  0.0020  0.0020  
 95       95   (9)      4 :  0.6200  0.0100  0.0070  0.0030  0.0020  0.0020  0.0030  0.3530  
 96       96  (40)      5 :  0.0040  0.0030  0.0140  0.0070  0.0150  0.9322  0.0209  0.0040  
 97       97  (26)      6 :  0.0050  0.0380  0.0030  0.0060  0.0060  0.0260  0.9050  0.0110  
 98       98  (15)      7 :  0.0150  0.0090  0.0050  0.0020  0.0460  0.0050  0.2993  0.6186  
 99       99  (23)      1 :  0.1552  0.7127  0.0170  0.0240  0.0060  0.0280  0.0521  0.0050  
100      100  (19)      2 :  0.0140  0.0020  0.0050  0.0150  0.9439  0.0030  0.0010  0.0160  
101      101  (60)      3 :  0.0380  0.0050  0.8150  0.0070  0.0070  0.0100  0.1100  0.0080  
102      102  (17)      4 :  0.9210  0.0050  0.0060  0.0040  0.0070  0.0460  0.0040  0.0070  
103      103  (18)      5 :  0.0050  0.0090  0.0601  0.0611  0.0370  0.8138  0.0100  0.0040  
104      104  (23)      6 :  0.0040  0.0050  0.0060  0.0100  0.0100  0.0651  0.8749  0.0250  
105      105  (20)      7 :  0.0821  0.0080  0.0060  0.0140  0.0090  0.0070  0.0030  0.8709  
