  1        1  (21)      1 :  0.0030  0.9550  0.0280  0.0030  0.0040  0.0020  0.0020  0.0030  
  2        2   (8)      2 :  0.1560  0.0040  0.0050  0.0010  0.7030  0.0880  0.0030  0.0400  
  3        3  (22)      3 :  0.0020  0.0040  0.9730  0.0060  0.0040  0.0020  0.0040  0.0050  
  4        4  (12)      4 :  0.8110  0.0520  0.1010  0.0050  0.0060  0.0030  0.0110  0.0110  
  5        5  (75)      5 :  0.0110  0.0140  0.0160  0.0060  0.0140  0.3177  0.0240  0.5974  
  6        6  (23)      6 :  0.0400  0.0080  0.0190  0.0020  0.0040  0.1281  0.7928  0.0060  
  7        7  (24)      7 :  0.0040  0.0260  0.0020  0.0781  0.0010  0.0020  0.0030  0.8839  
  8        8  (40)      1 :  0.0080  0.8300  0.0420  0.0050  0.0070  0.0220  0.0060  0.0800  
  9        9  (22)      2 :  0.0370  0.0100  0.0030  0.0010  0.9210  0.0050  0.0170  0.0060  
 10       10  (33)      3 :  0.0030  0.1780  0.6720  0.0040  0.0020  0.1100  0.0210  0.0100  
 11       11  (29)      4 :  0.7732  0.0020  0.0240  0.1548  0.0290  0.0020  0.0040  0.0110  
 12       12  (25)      5 :  0.0020  0.0020  0.0040  0.0010  0.0020  0.9860  0.0010  0.0020  
 13       13   (9)      6 :  0.0020  0.0060  0.0050  0.0010  0.0010  0.0050  0.9780  0.0020  
 14       14  (52)      7 :  0.0080  0.0190  0.0460  0.0020  0.1508  0.0799  0.0230  0.6713  
 15       15  (14)      1 :  0.0010  0.9740  0.0030  0.0060  0.0020  0.0020  0.0070  0.0050  
 16       16  (17)      2 :  0.0120  0.0100  0.0040  0.0020  0.9600  0.0040  0.0030  0.0050  
 17       17  (18)      3 :  0.0020  0.0020  0.9780  0.0020  0.0040  0.0030  0.0040  0.0050  
 18       18  (14)      4 :  0.9430  0.0020  0.0030  0.0210  0.0090  0.0080  0.0080  0.0060  
 19       19  (17)      5 :  0.0470  0.0080  0.0060  0.0020  0.0350  0.8741  0.0160  0.0120  
 20       20   (9)      6 :  0.0501  0.0170  0.0040  0.0020  0.0130  0.0030  0.8989  0.0120  
 21       21  (32)      7 :  0.0050  0.0030  0.0050  0.0020  0.0040  0.0070  0.0170  0.9570  
 22       22  (12)      1 :  0.0040  0.9790  0.0020  0.0020  0.0020  0.0040  0.0050  0.0020  
 23       23  (14)      2 :  0.0020  0.0010  0.0070  0.0010  0.9840  0.0020  0.0010  0.0020  
 24       24  (16)      3 :  0.0200  0.0020  0.7430  0.0100  0.0140  0.1620  0.0080  0.0410  
 25       25  (46)      4 :  0.9870  0.0020  0.0010  0.0020  0.0020  0.0020  0.0020  0.0020  
 26       26  (10)      5 :  0.0030  0.0070  0.0050  0.0090  0.0090  0.9610  0.0040  0.0020  
 27       27  (32)      6 :  0.0050  0.0050  0.0050  0.0020  0.0060  0.0010  0.9690  0.0070  
 28       28  (18)      7 :  0.0130  0.0100  0.0050  0.0010  0.0651  0.0040  0.0080  0.8939  
 29       29  (32)      1 :  0.0110  0.8663  0.0469  0.0020  0.0359  0.0110  0.0170  0.0100  
 30       30  (18)      2 :  0.0030  0.0070  0.0110  0.0010  0.9630  0.0020  0.0100  0.0030  
 31       31   (9)      3 :  0.0570  0.0030  0.8950  0.0020  0.0030  0.0060  0.0070  0.0270  
 32       32  (32)      4 :  0.9149  0.0020  0.0110  0.0340  0.0070  0.0050  0.0040  0.0220  
 33       33  (14)      5 :  0.0080  0.0290  0.2480  0.0040  0.0110  0.6770  0.0150  0.0080  
 34       34  (30)      6 :  0.0320  0.0050  0.0030  0.0030  0.0090  0.0120  0.9291  0.0070  
 35       35  (14)      7 :  0.0880  0.0030  0.0020  0.0130  0.0040  0.0110  0.0020  0.8770  
 36       36  (21)      1 :  0.0040  0.9390  0.0080  0.0090  0.0090  0.0080  0.0190  0.0040  
 37       37  (54)      2 :  0.0020  0.0170  0.0020  0.0100  0.9610  0.0030  0.0030  0.0020  
 38       38  (45)      3 :  0.1170  0.0040  0.8320  0.0170  0.0100  0.0140  0.0030  0.0030  
 39       39  (27)      4 :  0.8540  0.0070  0.0240  0.0150  0.0450  0.0140  0.0320  0.0090  
 40       40  (13)      5 :  0.0250  0.0290  0.0100  0.0050  0.0100  0.8819  0.0350  0.0040  
 41       41  (18)      6 :  0.0030  0.0020  0.0040  0.0040  0.0220  0.0010  0.9600  0.0040  
 42       42  (66)      7 :  0.0220  0.0060  0.0050  0.0140  0.0190  0.1121  0.0551  0.7668  
 43       43  (14)      1 :  0.0050  0.9030  0.0680  0.0010  0.0090  0.0080  0.0040  0.0020  
 44       44  (22)      2 :  0.0130  0.0110  0.1390  0.0020  0.7050  0.1080  0.0080  0.0140  
 45       45  (19)      3 :  0.0030  0.0310  0.9239  0.0010  0.0030  0.0030  0.0050  0.0300  
 46       46  (22)      4 :  0.0040  0.0010  0.0010  0.9850  0.0020  0.0020  0.0020  0.0030  
 47       47  (12)      5 :  0.0040  0.0110  0.0090  0.0020  0.0050  0.6166  0.0110  0.3413  
 48       48  (11)      6 :  0.0500  0.0050  0.0090  0.0050  0.0210  0.0090  0.8840  0.0170  
 49       49   (9)      7 :  0.0120  0.0040  0.0260  0.0020  0.0920  0.0030  0.0090  0.8520  
 50       50  (30)      1 :  0.0050  0.9181  0.0030  0.0020  0.0040  0.0609  0.0040  0.0030  
 51       51   (8)      2 :  0.0050  0.0300  0.1000  0.0020  0.8360  0.0070  0.0050  0.0150  
 52       52   (9)      3 :  0.0030  0.0290  0.8042  0.0010  0.0160  0.0100  0.0040  0.1329  
 53       53  (43)      4 :  0.9660  0.0050  0.0060  0.0010  0.0020  0.0060  0.0110  0.0030  
 54       54  (21)      5 :  0.0010  0.0030  0.0020  0.0020  0.0010  0.9870  0.0020  0.0020  
 55       55  (20)      6 :  0.0010  0.0020  0.0010  0.0150  0.0020  0.0020  0.9740  0.0030  
 56       56   (6)      7 :  0.0030  0.0020  0.0080  0.0070  0.0010  0.0060  0.0030  0.9700  
 57       57  (15)      1 :  0.0030  0.9169  0.0200  0.0020  0.0050  0.0050  0.0020  0.0460  
 58       58   (7)      2 :  0.0310  0.0130  0.0080  0.0010  0.9379  0.0030  0.0040  0.0020  
 59       59  (15)      3 :  0.0080  0.0100  0.8789  0.0110  0.0050  0.0761  0.0060  0.0050  
 60       60   (9)      4 :  0.9560  0.0080  0.0020  0.0140  0.0010  0.0010  0.0120  0.0060  
 61       61  (33)      5 :  0.0040  0.0020  0.0250  0.0030  0.0050  0.9470  0.0030  0.0110  
 62       62  (12)      6 :  0.0080  0.0090  0.0170  0.0050  0.0030  0.2817  0.6464  0.0300  
 63       63  (57)      7 :  0.0070  0.0070  0.0050  0.0090  0.0120  0.0400  0.0170  0.9030  
 64       64  (23)      1 :  0.0020  0.9730  0.0020  0.0050  0.0040  0.0040  0.0070  0.0030  
 65       65  (31)      2 :  0.0030  0.0030  0.0020  0.0030  0.9810  0.0040  0.0020  0.0020  
 66       66  (17)      3 :  0.0080  0.0300  0.9140  0.0010  0.0020  0.0370  0.0050  0.0030  
 67       67  (10)      4 :  0.7638  0.0060  0.0100  0.1261  0.0140  0.0030  0.0070  0.0701  
 68       68   (8)      5 :  0.1800  0.0020  0.0020  0.0010  0.0060  0.7800  0.0130  0.0160  
 69       69  (41)      6 :  0.0050  0.0020  0.0640  0.0020  0.0170  0.0040  0.8920  0.0140  
 70       70  (17)      7 :  0.0040  0.0100  0.0080  0.0060  0.0110  0.0060  0.0250  0.9300  
 71       71  (29)      1 :  0.0190  0.9350  0.0070  0.0030  0.0090  0.0130  0.0080  0.0060  
 72       72  (51)      2 :  0.0260  0.0020  0.0370  0.0110  0.8940  0.0170  0.0030  0.0100  
 73       73  (22)      3 :  0.0110  0.0040  0.8590  0.0620  0.0520  0.0060  0.0030  0.0030  
 74       74  (14)      4 :  0.9510  0.0170  0.0060  0.0050  0.0040  0.0030  0.0090  0.0050  
 75       75  (18)      5 :  0.0030  0.0110  0.0020  0.0010  0.0030  0.9730  0.0040  0.0030  
 76       76  (25)      6 :  0.0020  0.0030  0.0040  0.0040  0.0060  0.0020  0.9770  0.0020  
 77       77  (12)      7 :  0.0130  0.0060  0.0160  0.0020  0.0080  0.0090  0.0050  0.9409  
 78       78  (21)      1 :  0.0020  0.9840  0.0020  0.0030  0.0020  0.0010  0.0040  0.0020  
 79       79  (14)      2 :  0.0040  0.0020  0.0060  0.0020  0.9360  0.0070  0.0260  0.0170  
 80       80  (22)      3 :  0.0100  0.0050  0.8743  0.0180  0.0210  0.0100  0.0080  0.0539  
 81       81  (11)      4 :  0.9451  0.0060  0.0050  0.0040  0.0060  0.0200  0.0110  0.0030  
 82       82  (25)      5 :  0.0250  0.0040  0.0190  0.0010  0.0070  0.9110  0.0050  0.0280  
 83       83  (12)      6 :  0.0140  0.0100  0.0250  0.0030  0.0160  0.0060  0.8150  0.1110  
 84       84  (18)      7 :  0.0030  0.0020  0.0040  0.0040  0.0020  0.0030  0.0020  0.9800  
 85       85   (9)      1 :  0.0080  0.8980  0.0030  0.0020  0.0060  0.0150  0.0600  0.0080  
 86       86  (24)      2 :  0.0709  0.0060  0.0030  0.0050  0.8511  0.0040  0.0569  0.0030  
 87       87  (47)      3 :  0.0070  0.0030  0.9441  0.0080  0.0160  0.0120  0.0070  0.0030  
 88       88  (27)      4 :  0.7123  0.0100  0.0150  0.0110  0.0300  0.0090  0.0080  0.2048  
 89       89  (14)      5 :  0.0140  0.0080  0.0070  0.0020  0.0070  0.9441  0.0060  0.0120  
 90       90  (24)      6 :  0.0539  0.0100  0.0080  0.0170  0.0070  0.0040  0.8901  0.0100  
 91       91  (20)      7 :  0.0020  0.0050  0.0060  0.0060  0.0030  0.0040  0.0080  0.9660  
 92       92  (10)      1 :  0.0030  0.9660  0.0030  0.0010  0.0020  0.0180  0.0030  0.0040  
 93       93  (21)      2 :  0.0050  0.2660  0.0020  0.0020  0.6650  0.0420  0.0090  0.0090  
 94       94  (27)      3 :  0.0100  0.0030  0.9750  0.0010  0.0050  0.0020  0.0020  0.0020  
 95       95   (9)      4 :  0.7073  0.0120  0.0100  0.0340  0.0040  0.0020  0.0050  0.2258  
 96       96  (40)      5 :  0.0060  0.0040  0.0140  0.0040  0.0090  0.9031  0.0559  0.0040  
 97       97  (26)      6 :  0.0090  0.0440  0.0050  0.0010  0.0080  0.1160  0.8010  0.0160  
 98       98  (15)      7 :  0.0090  0.0070  0.0030  0.0020  0.1129  0.0030  0.0919  0.7712  
 99       99  (23)      1 :  0.0360  0.8360  0.0240  0.0340  0.0030  0.0410  0.0170  0.0090  
100      100  (19)      2 :  0.0130  0.0030  0.0030  0.0130  0.9490  0.0020  0.0010  0.0160  
101      101  (60)      3 :  0.0140  0.0080  0.7864  0.0150  0.0050  0.0110  0.1517  0.0090  
102      102  (17)      4 :  0.8537  0.0110  0.0050  0.0812  0.0090  0.0190  0.0130  0.0080  
103      103  (18)      5 :  0.0020  0.0030  0.0310  0.0020  0.0080  0.9430  0.0030  0.0080  
104      104  (23)      6 :  0.0040  0.0050  0.0100  0.0020  0.0080  0.0271  0.8878  0.0561  
105      105  (20)      7 :  0.0620  0.0140  0.0270  0.0430  0.0110  0.0120  0.0040  0.8270  
