  1        1  (21)      1 :  0.0030  0.9840  0.0050  0.0020  0.0060  
  2        2   (8)      2 :  0.7800  0.0110  0.1070  0.0100  0.0920  
  3        3  (22)      3 :  0.0060  0.0040  0.0030  0.0070  0.9800  
  4        4  (12)      4 :  0.0110  0.1200  0.8150  0.0110  0.0430  
  5        5  (75)      5 :  0.0090  0.0320  0.3480  0.0170  0.5940  
  6        6  (23)      6 :  0.0040  0.0430  0.0080  0.8629  0.0821  
  7        7  (24)      7 :  0.0010  0.0110  0.9800  0.0050  0.0030  
  8        8  (40)      1 :  0.0080  0.8550  0.0450  0.0110  0.0810  
  9        9  (22)      2 :  0.9479  0.0100  0.0070  0.0260  0.0090  
 10       10  (33)      3 :  0.0030  0.0200  0.0090  0.0070  0.9610  
 11       11  (29)      4 :  0.0240  0.0030  0.9640  0.0030  0.0060  
 12       12  (25)      5 :  0.0020  0.0030  0.0030  0.0020  0.9900  
 13       13   (9)      6 :  0.0010  0.0020  0.0020  0.9930  0.0020  
 14       14  (52)      7 :  0.0330  0.0110  0.0290  0.0170  0.9101  
 15       15  (14)      1 :  0.0020  0.9830  0.0030  0.0090  0.0030  
 16       16  (17)      2 :  0.9740  0.0130  0.0040  0.0030  0.0060  
 17       17  (18)      3 :  0.0080  0.0040  0.0100  0.0060  0.9720  
 18       18  (14)      4 :  0.0150  0.0020  0.9730  0.0060  0.0040  
 19       19  (17)      5 :  0.0629  0.0110  0.1139  0.0280  0.7842  
 20       20   (9)      6 :  0.0100  0.0160  0.1241  0.8388  0.0110  
 21       21  (32)      7 :  0.0040  0.0040  0.9250  0.0310  0.0360  
 22       22  (12)      1 :  0.0040  0.9790  0.0040  0.0100  0.0030  
 23       23  (14)      2 :  0.9900  0.0010  0.0030  0.0020  0.0040  
 24       24  (16)      3 :  0.0050  0.0020  0.0120  0.0060  0.9750  
 25       25  (46)      4 :  0.0050  0.0030  0.9850  0.0030  0.0040  
 26       26  (10)      5 :  0.0070  0.0140  0.0020  0.0020  0.9750  
 27       27  (32)      6 :  0.0070  0.0040  0.0130  0.9660  0.0100  
 28       28  (18)      7 :  0.1618  0.0080  0.8102  0.0140  0.0060  
 29       29  (32)      1 :  0.1170  0.7980  0.0180  0.0270  0.0400  
 30       30  (18)      2 :  0.9530  0.0160  0.0060  0.0190  0.0060  
 31       31   (9)      3 :  0.0040  0.0020  0.0120  0.0100  0.9720  
 32       32  (32)      4 :  0.0300  0.0080  0.9139  0.0160  0.0320  
 33       33  (14)      5 :  0.0150  0.1830  0.0100  0.0120  0.7800  
 34       34  (30)      6 :  0.0110  0.0080  0.0080  0.9670  0.0060  
 35       35  (14)      7 :  0.0030  0.0030  0.9860  0.0010  0.0070  
 36       36  (21)      1 :  0.0140  0.9650  0.0040  0.0090  0.0080  
 37       37  (54)      2 :  0.9720  0.0190  0.0030  0.0030  0.0030  
 38       38  (45)      3 :  0.0549  0.0070  0.0400  0.0100  0.8881  
 39       39  (27)      4 :  0.3360  0.0160  0.5860  0.0190  0.0430  
 40       40  (13)      5 :  0.0070  0.0250  0.0040  0.0560  0.9080  
 41       41  (18)      6 :  0.0900  0.0020  0.0050  0.9000  0.0030  
 42       42  (66)      7 :  0.0090  0.0060  0.8490  0.1140  0.0220  
 43       43  (14)      1 :  0.0080  0.9710  0.0040  0.0050  0.0120  
 44       44  (22)      2 :  0.6570  0.0060  0.0040  0.0090  0.3240  
 45       45  (19)      3 :  0.0120  0.0370  0.0100  0.0080  0.9329  
 46       46  (22)      4 :  0.0030  0.0020  0.9890  0.0040  0.0020  
 47       47  (12)      5 :  0.0060  0.0430  0.1680  0.0460  0.7370  
 48       48  (11)      6 :  0.0120  0.0070  0.0450  0.8789  0.0571  
 49       49   (9)      7 :  0.1898  0.0050  0.7912  0.0070  0.0070  
 50       50  (30)      1 :  0.0080  0.9660  0.0080  0.0040  0.0140  
 51       51   (8)      2 :  0.9420  0.0200  0.0080  0.0040  0.0260  
 52       52   (9)      3 :  0.0080  0.0100  0.0060  0.0080  0.9680  
 53       53  (43)      4 :  0.0050  0.0150  0.1070  0.0420  0.8310  
 54       54  (21)      5 :  0.0010  0.0320  0.0030  0.0020  0.9620  
 55       55  (20)      6 :  0.0020  0.0020  0.0010  0.9940  0.0010  
 56       56   (6)      7 :  0.0030  0.0040  0.9121  0.0060  0.0749  
 57       57  (15)      1 :  0.0100  0.9780  0.0030  0.0020  0.0070  
 58       58   (7)      2 :  0.9160  0.0590  0.0160  0.0040  0.0050  
 59       59  (15)      3 :  0.0070  0.0140  0.0080  0.0060  0.9650  
 60       60   (9)      4 :  0.0030  0.0100  0.9770  0.0060  0.0040  
 61       61  (33)      5 :  0.0060  0.0030  0.0050  0.0050  0.9810  
 62       62  (12)      6 :  0.0030  0.0200  0.0280  0.6130  0.3360  
 63       63  (57)      7 :  0.0130  0.0050  0.9050  0.0500  0.0270  
 64       64  (23)      1 :  0.0030  0.9880  0.0020  0.0050  0.0020  
 65       65  (31)      2 :  0.9890  0.0020  0.0040  0.0020  0.0030  
 66       66  (17)      3 :  0.0020  0.0030  0.0040  0.0020  0.9890  
 67       67  (10)      4 :  0.0190  0.0050  0.9620  0.0070  0.0070  
 68       68   (8)      5 :  0.0110  0.0060  0.2262  0.0080  0.7487  
 69       69  (41)      6 :  0.0140  0.0020  0.0110  0.9640  0.0090  
 70       70  (17)      7 :  0.0090  0.0120  0.9250  0.0370  0.0170  
 71       71  (29)      1 :  0.0180  0.9250  0.0140  0.0180  0.0250  
 72       72  (51)      2 :  0.9550  0.0030  0.0100  0.0040  0.0280  
 73       73  (22)      3 :  0.2450  0.0030  0.0050  0.0020  0.7450  
 74       74  (14)      4 :  0.0040  0.0310  0.9440  0.0070  0.0140  
 75       75  (18)      5 :  0.0190  0.0921  0.0140  0.0941  0.7808  
 76       76  (25)      6 :  0.0070  0.0080  0.0040  0.9790  0.0020  
 77       77  (12)      7 :  0.0050  0.0060  0.7922  0.0040  0.1928  
 78       78  (21)      1 :  0.0030  0.9880  0.0030  0.0030  0.0030  
 79       79  (14)      2 :  0.9359  0.0040  0.0110  0.0390  0.0100  
 80       80  (22)      3 :  0.0180  0.0030  0.0110  0.0070  0.9610  
 81       81  (11)      4 :  0.0380  0.0080  0.7360  0.0140  0.2040  
 82       82  (25)      5 :  0.0050  0.0050  0.0070  0.0090  0.9740  
 83       83  (12)      6 :  0.0350  0.0110  0.0770  0.8630  0.0140  
 84       84  (18)      7 :  0.0050  0.0070  0.9660  0.0080  0.0140  
 85       85   (9)      1 :  0.0090  0.9391  0.0080  0.0370  0.0070  
 86       86  (24)      2 :  0.9680  0.0060  0.0080  0.0140  0.0040  
 87       87  (47)      3 :  0.0070  0.0030  0.0040  0.0060  0.9800  
 88       88  (27)      4 :  0.0160  0.0060  0.9480  0.0040  0.0260  
 89       89  (14)      5 :  0.0230  0.0090  0.0120  0.0060  0.9500  
 90       90  (24)      6 :  0.0110  0.0120  0.0210  0.9499  0.0060  
 91       91  (20)      7 :  0.0020  0.0050  0.9620  0.0220  0.0090  
 92       92  (10)      1 :  0.0020  0.9870  0.0030  0.0030  0.0050  
 93       93  (21)      2 :  0.7630  0.2120  0.0110  0.0050  0.0090  
 94       94  (27)      3 :  0.0200  0.0030  0.0100  0.0020  0.9650  
 95       95   (9)      4 :  0.0030  0.0040  0.9800  0.0060  0.0070  
 96       96  (40)      5 :  0.0080  0.0040  0.0050  0.0290  0.9540  
 97       97  (26)      6 :  0.0090  0.0420  0.0100  0.9270  0.0120  
 98       98  (15)      7 :  0.0910  0.0040  0.6520  0.2500  0.0030  
 99       99  (23)      1 :  0.0050  0.9400  0.0160  0.0090  0.0300  
100      100  (19)      2 :  0.9860  0.0020  0.0090  0.0010  0.0020  
101      101  (60)      3 :  0.0050  0.0050  0.0130  0.0639  0.9131  
102      102  (17)      4 :  0.0080  0.0050  0.9760  0.0060  0.0050  
103      103  (18)      5 :  0.0100  0.0060  0.0030  0.0040  0.9770  
104      104  (23)      6 :  0.0120  0.0070  0.0350  0.8408  0.1051  
105      105  (20)      7 :  0.0060  0.0090  0.9670  0.0030  0.0150  
