  1        1  (21)      1 :  0.0030  0.9740  0.0160  0.0070  
  2        2   (8)      2 :  0.0200  0.0240  0.7730  0.1830  
  3        3  (22)      3 :  0.0140  0.0160  0.9660  0.0040  
  4        4  (12)      4 :  0.0310  0.0340  0.3293  0.6056  
  5        5  (75)      5 :  0.3220  0.5020  0.1130  0.0630  
  6        6  (23)      6 :  0.8108  0.1341  0.0180  0.0370  
  7        7  (24)      7 :  0.9020  0.0260  0.0030  0.0690  
  8        8  (40)      1 :  0.0599  0.9141  0.0090  0.0170  
  9        9  (22)      2 :  0.0460  0.0380  0.8670  0.0490  
 10       10  (33)      3 :  0.0120  0.8570  0.1240  0.0070  
 11       11  (29)      4 :  0.0070  0.0040  0.0821  0.9069  
 12       12  (25)      5 :  0.0070  0.9560  0.0280  0.0090  
 13       13   (9)      6 :  0.9860  0.0070  0.0040  0.0030  
 14       14  (52)      7 :  0.1500  0.0890  0.7530  0.0080  
 15       15  (14)      1 :  0.0290  0.9640  0.0030  0.0040  
 16       16  (17)      2 :  0.0080  0.0280  0.9520  0.0120  
 17       17  (18)      3 :  0.0140  0.0040  0.9770  0.0050  
 18       18  (14)      4 :  0.0100  0.0050  0.0090  0.9760  
 19       19  (17)      5 :  0.0320  0.7810  0.0940  0.0930  
 20       20   (9)      6 :  0.9530  0.0110  0.0120  0.0240  
 21       21  (32)      7 :  0.9640  0.0090  0.0130  0.0140  
 22       22  (12)      1 :  0.0090  0.9520  0.0160  0.0230  
 23       23  (14)      2 :  0.0030  0.0020  0.9910  0.0040  
 24       24  (16)      3 :  0.0900  0.0190  0.8070  0.0840  
 25       25  (46)      4 :  0.0030  0.0050  0.0030  0.9890  
 26       26  (10)      5 :  0.0070  0.9290  0.0530  0.0110  
 27       27  (32)      6 :  0.9620  0.0080  0.0180  0.0120  
 28       28  (18)      7 :  0.9261  0.0090  0.0380  0.0270  
 29       29  (32)      1 :  0.0750  0.4810  0.4280  0.0160  
 30       30  (18)      2 :  0.0470  0.0170  0.9310  0.0050  
 31       31   (9)      3 :  0.0740  0.0110  0.8700  0.0450  
 32       32  (32)      4 :  0.0240  0.0060  0.0130  0.9570  
 33       33  (14)      5 :  0.0170  0.7568  0.2122  0.0140  
 34       34  (30)      6 :  0.9580  0.0170  0.0090  0.0160  
 35       35  (14)      7 :  0.6140  0.0190  0.0100  0.3570  
 36       36  (21)      1 :  0.0100  0.9690  0.0160  0.0050  
 37       37  (54)      2 :  0.0040  0.0130  0.9790  0.0040  
 38       38  (45)      3 :  0.0110  0.0100  0.9260  0.0530  
 39       39  (27)      4 :  0.0210  0.0190  0.2887  0.6713  
 40       40  (13)      5 :  0.0200  0.9570  0.0130  0.0100  
 41       41  (18)      6 :  0.9510  0.0030  0.0420  0.0040  
 42       42  (66)      7 :  0.9490  0.0110  0.0080  0.0320  
 43       43  (14)      1 :  0.0060  0.9309  0.0591  0.0040  
 44       44  (22)      2 :  0.0220  0.0531  0.9169  0.0080  
 45       45  (19)      3 :  0.0740  0.0170  0.9040  0.0050  
 46       46  (22)      4 :  0.0130  0.0020  0.0030  0.9820  
 47       47  (12)      5 :  0.4100  0.5690  0.0090  0.0120  
 48       48  (11)      6 :  0.9409  0.0090  0.0390  0.0110  
 49       49   (9)      7 :  0.8710  0.0040  0.0940  0.0310  
 50       50  (30)      1 :  0.0060  0.9820  0.0050  0.0070  
 51       51   (8)      2 :  0.0090  0.0120  0.9730  0.0060  
 52       52   (9)      3 :  0.0290  0.0900  0.8760  0.0050  
 53       53  (43)      4 :  0.0100  0.0140  0.0050  0.9710  
 54       54  (21)      5 :  0.0060  0.9850  0.0060  0.0030  
 55       55  (20)      6 :  0.9830  0.0090  0.0050  0.0030  
 56       56   (6)      7 :  0.9340  0.0160  0.0260  0.0240  
 57       57  (15)      1 :  0.0090  0.9400  0.0460  0.0050  
 58       58   (7)      2 :  0.0070  0.0320  0.8660  0.0950  
 59       59  (15)      3 :  0.0120  0.1930  0.7700  0.0250  
 60       60   (9)      4 :  0.0080  0.0080  0.0040  0.9800  
 61       61  (33)      5 :  0.0240  0.8920  0.0760  0.0080  
 62       62  (12)      6 :  0.9171  0.0470  0.0140  0.0220  
 63       63  (57)      7 :  0.9660  0.0110  0.0130  0.0100  
 64       64  (23)      1 :  0.0110  0.9810  0.0040  0.0040  
 65       65  (31)      2 :  0.0050  0.0050  0.9329  0.0571  
 66       66  (17)      3 :  0.0110  0.4570  0.5090  0.0230  
 67       67  (10)      4 :  0.0280  0.0170  0.1170  0.8380  
 68       68   (8)      5 :  0.0550  0.4680  0.0090  0.4680  
 69       69  (41)      6 :  0.9460  0.0060  0.0370  0.0110  
 70       70  (17)      7 :  0.9560  0.0100  0.0130  0.0210  
 71       71  (29)      1 :  0.0070  0.9790  0.0080  0.0060  
 72       72  (51)      2 :  0.0080  0.0070  0.9630  0.0220  
 73       73  (22)      3 :  0.0060  0.0100  0.9670  0.0170  
 74       74  (14)      4 :  0.0120  0.0130  0.0070  0.9680  
 75       75  (18)      5 :  0.0090  0.9810  0.0040  0.0060  
 76       76  (25)      6 :  0.9021  0.0360  0.0549  0.0070  
 77       77  (12)      7 :  0.7560  0.0800  0.1060  0.0580  
 78       78  (21)      1 :  0.0120  0.9790  0.0040  0.0050  
 79       79  (14)      2 :  0.0680  0.0060  0.9180  0.0080  
 80       80  (22)      3 :  0.0280  0.0070  0.9469  0.0180  
 81       81  (11)      4 :  0.0200  0.0709  0.0470  0.8621  
 82       82  (25)      5 :  0.0300  0.8260  0.1070  0.0370  
 83       83  (12)      6 :  0.9510  0.0120  0.0150  0.0220  
 84       84  (18)      7 :  0.9800  0.0080  0.0070  0.0050  
 85       85   (9)      1 :  0.0230  0.9610  0.0100  0.0060  
 86       86  (24)      2 :  0.2920  0.0120  0.5880  0.1080  
 87       87  (47)      3 :  0.0130  0.0150  0.9380  0.0340  
 88       88  (27)      4 :  0.0180  0.0120  0.0559  0.9141  
 89       89  (14)      5 :  0.0110  0.8530  0.1000  0.0360  
 90       90  (24)      6 :  0.8731  0.0180  0.0120  0.0969  
 91       91  (20)      7 :  0.9770  0.0060  0.0060  0.0110  
 92       92  (10)      1 :  0.0050  0.9850  0.0040  0.0060  
 93       93  (21)      2 :  0.0260  0.3790  0.5870  0.0080  
 94       94  (27)      3 :  0.0040  0.0040  0.9810  0.0110  
 95       95   (9)      4 :  0.1171  0.0150  0.0250  0.8428  
 96       96  (40)      5 :  0.2970  0.4770  0.2140  0.0120  
 97       97  (26)      6 :  0.9241  0.0649  0.0050  0.0060  
 98       98  (15)      7 :  0.9770  0.0050  0.0100  0.0080  
 99       99  (23)      1 :  0.0190  0.8850  0.0180  0.0780  
100      100  (19)      2 :  0.0050  0.0050  0.9360  0.0540  
101      101  (60)      3 :  0.5065  0.1792  0.2092  0.1051  
102      102  (17)      4 :  0.0180  0.0090  0.0080  0.9650  
103      103  (18)      5 :  0.0300  0.7790  0.1830  0.0080  
104      104  (23)      6 :  0.9740  0.0130  0.0080  0.0050  
105      105  (20)      7 :  0.6046  0.0350  0.0040  0.3564  
