  1        1  (21)      1 :  0.9630  0.0020  0.0050  0.0020  0.0040  0.0220  0.0020  
  2        2   (8)      2 :  0.0080  0.0030  0.0711  0.0661  0.6747  0.0060  0.1712  
  3        3  (22)      3 :  0.0030  0.0030  0.0020  0.0040  0.0040  0.9820  0.0020  
  4        4  (12)      4 :  0.1499  0.0250  0.7213  0.0070  0.0140  0.0789  0.0040  
  5        5  (75)      5 :  0.0350  0.0130  0.0150  0.4620  0.0240  0.0850  0.3660  
  6        6  (23)      6 :  0.0180  0.9050  0.0070  0.0060  0.0030  0.0080  0.0530  
  7        7  (24)      7 :  0.0180  0.0030  0.0100  0.9600  0.0010  0.0020  0.0060  
  8        8  (40)      1 :  0.6110  0.0120  0.0280  0.1800  0.0050  0.0780  0.0860  
  9        9  (22)      2 :  0.0100  0.0100  0.0420  0.0040  0.9219  0.0060  0.0060  
 10       10  (33)      3 :  0.0909  0.0110  0.0050  0.0080  0.0030  0.7273  0.1548  
 11       11  (29)      4 :  0.0020  0.0040  0.9201  0.0100  0.0509  0.0110  0.0020  
 12       12  (25)      5 :  0.0020  0.0010  0.0020  0.0020  0.0020  0.0030  0.9880  
 13       13   (9)      6 :  0.0020  0.9880  0.0030  0.0020  0.0010  0.0010  0.0030  
 14       14  (52)      7 :  0.0120  0.0190  0.0050  0.7822  0.0500  0.0440  0.0879  
 15       15  (14)      1 :  0.9800  0.0060  0.0010  0.0050  0.0020  0.0030  0.0030  
 16       16  (17)      2 :  0.0080  0.0030  0.0050  0.0070  0.9700  0.0040  0.0030  
 17       17  (18)      3 :  0.0020  0.0090  0.0030  0.0060  0.0070  0.9690  0.0040  
 18       18  (14)      4 :  0.0020  0.0060  0.9710  0.0080  0.0060  0.0030  0.0040  
 19       19  (17)      5 :  0.0060  0.0080  0.0260  0.0120  0.0120  0.0050  0.9311  
 20       20   (9)      6 :  0.0160  0.9210  0.0330  0.0080  0.0140  0.0040  0.0040  
 21       21  (32)      7 :  0.0030  0.0160  0.0050  0.9340  0.0090  0.0150  0.0180  
 22       22  (12)      1 :  0.9630  0.0200  0.0060  0.0030  0.0020  0.0030  0.0030  
 23       23  (14)      2 :  0.0020  0.0020  0.0010  0.0030  0.9780  0.0110  0.0030  
 24       24  (16)      3 :  0.0010  0.0070  0.0230  0.0170  0.0160  0.6880  0.2480  
 25       25  (46)      4 :  0.0020  0.0020  0.9830  0.0030  0.0040  0.0020  0.0040  
 26       26  (10)      5 :  0.0090  0.0030  0.0070  0.0020  0.0050  0.0270  0.9470  
 27       27  (32)      6 :  0.0050  0.9570  0.0060  0.0140  0.0060  0.0080  0.0040  
 28       28  (18)      7 :  0.0130  0.0070  0.0060  0.8540  0.1130  0.0030  0.0040  
 29       29  (32)      1 :  0.8830  0.0170  0.0090  0.0060  0.0370  0.0420  0.0060  
 30       30  (18)      2 :  0.0120  0.0250  0.0030  0.0060  0.9310  0.0200  0.0030  
 31       31   (9)      3 :  0.0030  0.0140  0.0480  0.0090  0.0020  0.9209  0.0030  
 32       32  (32)      4 :  0.0030  0.0080  0.9361  0.0260  0.0070  0.0170  0.0030  
 33       33  (14)      5 :  0.1350  0.0070  0.0190  0.0190  0.0160  0.1770  0.6270  
 34       34  (30)      6 :  0.0080  0.9580  0.0130  0.0030  0.0050  0.0030  0.0100  
 35       35  (14)      7 :  0.0030  0.0020  0.0750  0.9030  0.0030  0.0040  0.0100  
 36       36  (21)      1 :  0.9430  0.0070  0.0040  0.0040  0.0190  0.0160  0.0070  
 37       37  (54)      2 :  0.0100  0.0030  0.0020  0.0020  0.9770  0.0030  0.0030  
 38       38  (45)      3 :  0.0050  0.0070  0.0559  0.0050  0.0180  0.8981  0.0110  
 39       39  (27)      4 :  0.0160  0.0150  0.8380  0.0090  0.0830  0.0270  0.0120  
 40       40  (13)      5 :  0.0120  0.0720  0.0080  0.0020  0.0070  0.0100  0.8890  
 41       41  (18)      6 :  0.0020  0.9320  0.0040  0.0050  0.0490  0.0060  0.0020  
 42       42  (66)      7 :  0.0100  0.0881  0.0190  0.5065  0.0290  0.0060  0.3413  
 43       43  (14)      1 :  0.9451  0.0040  0.0030  0.0010  0.0120  0.0300  0.0050  
 44       44  (22)      2 :  0.0120  0.0170  0.0060  0.0070  0.8050  0.0230  0.1300  
 45       45  (19)      3 :  0.0420  0.0080  0.0020  0.0270  0.0030  0.9151  0.0030  
 46       46  (22)      4 :  0.0020  0.0040  0.9560  0.0300  0.0030  0.0020  0.0030  
 47       47  (12)      5 :  0.0190  0.0200  0.0120  0.1842  0.0110  0.0110  0.7427  
 48       48  (11)      6 :  0.0070  0.8640  0.0210  0.0140  0.0220  0.0500  0.0220  
 49       49   (9)      7 :  0.0030  0.0150  0.0170  0.6900  0.2410  0.0300  0.0040  
 50       50  (30)      1 :  0.8660  0.0030  0.0040  0.0040  0.0040  0.0030  0.1160  
 51       51   (8)      2 :  0.0070  0.0060  0.0050  0.0110  0.6913  0.2717  0.0080  
 52       52   (9)      3 :  0.0100  0.0120  0.0020  0.0881  0.0080  0.8749  0.0050  
 53       53  (43)      4 :  0.0050  0.0210  0.9219  0.0020  0.0020  0.0050  0.0430  
 54       54  (21)      5 :  0.0030  0.0010  0.0010  0.0020  0.0010  0.0010  0.9910  
 55       55  (20)      6 :  0.0020  0.9860  0.0020  0.0040  0.0020  0.0020  0.0020  
 56       56   (6)      7 :  0.0040  0.0040  0.0030  0.9730  0.0020  0.0080  0.0060  
 57       57  (15)      1 :  0.9510  0.0040  0.0030  0.0130  0.0120  0.0150  0.0020  
 58       58   (7)      2 :  0.0200  0.0040  0.0180  0.0020  0.9469  0.0060  0.0030  
 59       59  (15)      3 :  0.0140  0.0110  0.0090  0.0070  0.0090  0.8900  0.0600  
 60       60   (9)      4 :  0.0130  0.0050  0.9680  0.0080  0.0020  0.0020  0.0020  
 61       61  (33)      5 :  0.0040  0.0040  0.0040  0.0100  0.0060  0.0160  0.9560  
 62       62  (12)      6 :  0.0050  0.6320  0.0060  0.0110  0.0030  0.0090  0.3340  
 63       63  (57)      7 :  0.0070  0.0360  0.0040  0.8640  0.0080  0.0050  0.0760  
 64       64  (23)      1 :  0.9790  0.0040  0.0020  0.0030  0.0070  0.0020  0.0030  
 65       65  (31)      2 :  0.0030  0.0020  0.0060  0.0010  0.9830  0.0020  0.0030  
 66       66  (17)      3 :  0.0120  0.0030  0.0140  0.0030  0.0020  0.9360  0.0300  
 67       67  (10)      4 :  0.0060  0.0100  0.9181  0.0270  0.0170  0.0160  0.0060  
 68       68   (8)      5 :  0.0020  0.0070  0.1179  0.0210  0.0050  0.0030  0.8442  
 69       69  (41)      6 :  0.0030  0.9090  0.0050  0.0090  0.0150  0.0550  0.0040  
 70       70  (17)      7 :  0.0040  0.0220  0.0050  0.9490  0.0100  0.0060  0.0040  
 71       71  (29)      1 :  0.9409  0.0070  0.0200  0.0050  0.0070  0.0060  0.0140  
 72       72  (51)      2 :  0.0030  0.0030  0.0120  0.0300  0.8590  0.0730  0.0200  
 73       73  (22)      3 :  0.0050  0.0040  0.0280  0.0050  0.0440  0.9070  0.0070  
 74       74  (14)      4 :  0.0120  0.0050  0.9640  0.0050  0.0030  0.0050  0.0060  
 75       75  (18)      5 :  0.0120  0.0080  0.0050  0.0030  0.0070  0.0020  0.9630  
 76       76  (25)      6 :  0.0030  0.9790  0.0020  0.0020  0.0080  0.0030  0.0030  
 77       77  (12)      7 :  0.0070  0.0060  0.0080  0.9012  0.0050  0.0539  0.0190  
 78       78  (21)      1 :  0.9860  0.0030  0.0020  0.0020  0.0030  0.0020  0.0020  
 79       79  (14)      2 :  0.0020  0.0420  0.0090  0.0080  0.9230  0.0050  0.0110  
 80       80  (22)      3 :  0.0040  0.0410  0.0090  0.0220  0.0100  0.9090  0.0050  
 81       81  (11)      4 :  0.0060  0.0100  0.8690  0.0020  0.0180  0.0050  0.0900  
 82       82  (25)      5 :  0.0030  0.0080  0.0150  0.0210  0.0050  0.0559  0.8921  
 83       83  (12)      6 :  0.0090  0.7870  0.0770  0.0760  0.0230  0.0230  0.0050  
 84       84  (18)      7 :  0.0020  0.0020  0.0020  0.9850  0.0020  0.0040  0.0030  
 85       85   (9)      1 :  0.8492  0.0919  0.0090  0.0080  0.0050  0.0030  0.0340  
 86       86  (24)      2 :  0.0030  0.0060  0.0060  0.0030  0.9780  0.0020  0.0020  
 87       87  (47)      3 :  0.0030  0.0050  0.0310  0.0040  0.0130  0.9350  0.0090  
 88       88  (27)      4 :  0.0140  0.0040  0.7768  0.1321  0.0200  0.0390  0.0140  
 89       89  (14)      5 :  0.0060  0.0030  0.0090  0.0170  0.0110  0.0110  0.9430  
 90       90  (24)      6 :  0.0080  0.9060  0.0430  0.0200  0.0060  0.0120  0.0050  
 91       91  (20)      7 :  0.0050  0.0130  0.0040  0.9620  0.0060  0.0060  0.0040  
 92       92  (10)      1 :  0.9810  0.0020  0.0030  0.0030  0.0030  0.0020  0.0060  
 93       93  (21)      2 :  0.2703  0.0050  0.0050  0.0110  0.6316  0.0030  0.0741  
 94       94  (27)      3 :  0.0020  0.0020  0.0030  0.0020  0.0030  0.9860  0.0020  
 95       95   (9)      4 :  0.0070  0.0040  0.6140  0.3620  0.0030  0.0070  0.0030  
 96       96  (40)      5 :  0.0030  0.0200  0.0060  0.0050  0.0110  0.0200  0.9351  
 97       97  (26)      6 :  0.0440  0.9050  0.0060  0.0120  0.0060  0.0030  0.0240  
 98       98  (15)      7 :  0.0080  0.2987  0.0140  0.6364  0.0250  0.0130  0.0050  
 99       99  (23)      1 :  0.7848  0.0370  0.1301  0.0070  0.0050  0.0110  0.0250  
100      100  (19)      2 :  0.0020  0.0010  0.0150  0.0120  0.9640  0.0030  0.0030  
101      101  (60)      3 :  0.0050  0.0990  0.0270  0.0100  0.0060  0.8430  0.0100  
102      102  (17)      4 :  0.0060  0.0050  0.9420  0.0070  0.0060  0.0060  0.0280  
103      103  (18)      5 :  0.0200  0.0120  0.0040  0.0060  0.0360  0.0599  0.8621  
104      104  (23)      6 :  0.0040  0.8769  0.0050  0.0290  0.0080  0.0070  0.0701  
105      105  (20)      7 :  0.0080  0.0020  0.0829  0.8811  0.0130  0.0070  0.0060  
