  1        1  (21)      1 :  0.0050  0.9390  0.0450  0.0010  0.0030  0.0020  0.0020  0.0030  
  2        2   (8)      2 :  0.0601  0.0140  0.0100  0.0050  0.7668  0.0921  0.0060  0.0460  
  3        3  (22)      3 :  0.0020  0.0030  0.9800  0.0010  0.0030  0.0030  0.0030  0.0050  
  4        4  (12)      4 :  0.7698  0.1211  0.0891  0.0020  0.0050  0.0040  0.0040  0.0050  
  5        5  (75)      5 :  0.0260  0.0410  0.1051  0.0070  0.0120  0.1802  0.0210  0.6076  
  6        6  (23)      6 :  0.0100  0.0370  0.0210  0.0250  0.0040  0.0661  0.8328  0.0040  
  7        7  (24)      7 :  0.0050  0.0050  0.0020  0.0010  0.0010  0.0020  0.0020  0.9820  
  8        8  (40)      1 :  0.0090  0.8028  0.0230  0.0380  0.0070  0.0340  0.0090  0.0771  
  9        9  (22)      2 :  0.0150  0.0100  0.0060  0.0040  0.9379  0.0070  0.0150  0.0050  
 10       10  (33)      3 :  0.0070  0.0900  0.7630  0.0020  0.0030  0.1070  0.0160  0.0120  
 11       11  (29)      4 :  0.9480  0.0030  0.0150  0.0020  0.0170  0.0040  0.0020  0.0090  
 12       12  (25)      5 :  0.0020  0.0020  0.0020  0.0020  0.0010  0.9880  0.0010  0.0020  
 13       13   (9)      6 :  0.0010  0.0020  0.0020  0.0600  0.0010  0.0020  0.9300  0.0020  
 14       14  (52)      7 :  0.0060  0.0160  0.2643  0.0190  0.0360  0.0981  0.0120  0.5485  
 15       15  (14)      1 :  0.0020  0.9640  0.0040  0.0050  0.0020  0.0020  0.0160  0.0050  
 16       16  (17)      2 :  0.0050  0.0090  0.0030  0.0010  0.9720  0.0040  0.0030  0.0030  
 17       17  (18)      3 :  0.0020  0.0030  0.9550  0.0010  0.0060  0.0040  0.0040  0.0250  
 18       18  (14)      4 :  0.9570  0.0020  0.0030  0.0040  0.0190  0.0040  0.0060  0.0050  
 19       19  (17)      5 :  0.2780  0.0060  0.0040  0.0020  0.0200  0.6810  0.0050  0.0040  
 20       20   (9)      6 :  0.1078  0.0200  0.0080  0.0030  0.0080  0.0050  0.8224  0.0259  
 21       21  (32)      7 :  0.0030  0.0020  0.0100  0.0660  0.0030  0.0030  0.0100  0.9030  
 22       22  (12)      1 :  0.0040  0.9050  0.0040  0.0690  0.0030  0.0030  0.0100  0.0020  
 23       23  (14)      2 :  0.0020  0.0010  0.0080  0.0010  0.9800  0.0020  0.0020  0.0040  
 24       24  (16)      3 :  0.0430  0.0030  0.6673  0.0040  0.0100  0.2458  0.0110  0.0160  
 25       25  (46)      4 :  0.9830  0.0020  0.0020  0.0040  0.0020  0.0030  0.0020  0.0020  
 26       26  (10)      5 :  0.0080  0.0090  0.0170  0.0020  0.0060  0.9540  0.0020  0.0020  
 27       27  (32)      6 :  0.0050  0.0050  0.0090  0.0070  0.0050  0.0030  0.9459  0.0200  
 28       28  (18)      7 :  0.0090  0.0070  0.0030  0.0040  0.1091  0.0030  0.0110  0.8539  
 29       29  (32)      1 :  0.0130  0.7882  0.0589  0.0030  0.0809  0.0130  0.0300  0.0130  
 30       30  (18)      2 :  0.0040  0.0130  0.0080  0.0410  0.9060  0.0030  0.0200  0.0050  
 31       31   (9)      3 :  0.0090  0.0030  0.9060  0.0460  0.0040  0.0040  0.0160  0.0120  
 32       32  (32)      4 :  0.8990  0.0040  0.0110  0.0520  0.0080  0.0050  0.0060  0.0150  
 33       33  (14)      5 :  0.0120  0.1680  0.1180  0.0020  0.0120  0.6690  0.0080  0.0110  
 34       34  (30)      6 :  0.0120  0.0100  0.0030  0.0611  0.0110  0.0160  0.8829  0.0040  
 35       35  (14)      7 :  0.0560  0.0050  0.0030  0.0040  0.0040  0.0080  0.0020  0.9180  
 36       36  (21)      1 :  0.0020  0.9570  0.0040  0.0020  0.0110  0.0100  0.0100  0.0040  
 37       37  (54)      2 :  0.0030  0.0100  0.0020  0.0030  0.9760  0.0020  0.0020  0.0020  
 38       38  (45)      3 :  0.2410  0.0040  0.7130  0.0050  0.0210  0.0070  0.0060  0.0030  
 39       39  (27)      4 :  0.7450  0.0360  0.0170  0.0060  0.1580  0.0130  0.0150  0.0100  
 40       40  (13)      5 :  0.0050  0.0180  0.0070  0.0050  0.0050  0.9199  0.0360  0.0040  
 41       41  (18)      6 :  0.0040  0.0020  0.0050  0.0020  0.0900  0.0010  0.8900  0.0060  
 42       42  (66)      7 :  0.0270  0.0080  0.0070  0.0040  0.0090  0.0290  0.1069  0.8092  
 43       43  (14)      1 :  0.0030  0.9459  0.0280  0.0030  0.0090  0.0050  0.0040  0.0020  
 44       44  (22)      2 :  0.0040  0.0080  0.1180  0.0060  0.7410  0.0910  0.0090  0.0230  
 45       45  (19)      3 :  0.0030  0.0260  0.9021  0.0050  0.0070  0.0050  0.0070  0.0450  
 46       46  (22)      4 :  0.9760  0.0010  0.0020  0.0020  0.0020  0.0020  0.0040  0.0110  
 47       47  (12)      5 :  0.0080  0.0180  0.0050  0.0070  0.0070  0.6713  0.0280  0.2557  
 48       48  (11)      6 :  0.0270  0.0070  0.0360  0.0040  0.0140  0.0120  0.8831  0.0170  
 49       49   (9)      7 :  0.0230  0.0030  0.0200  0.0020  0.2810  0.0030  0.0130  0.6550  
 50       50  (30)      1 :  0.0030  0.8267  0.0030  0.1263  0.0040  0.0230  0.0030  0.0110  
 51       51   (8)      2 :  0.0040  0.0170  0.0531  0.0140  0.8829  0.0050  0.0040  0.0200  
 52       52   (9)      3 :  0.0030  0.0090  0.8980  0.0010  0.0100  0.0180  0.0060  0.0550  
 53       53  (43)      4 :  0.0030  0.0020  0.0030  0.9830  0.0020  0.0020  0.0030  0.0020  
 54       54  (21)      5 :  0.0010  0.0030  0.0020  0.0190  0.0010  0.9710  0.0010  0.0020  
 55       55  (20)      6 :  0.0010  0.0020  0.0010  0.0010  0.0030  0.0020  0.9880  0.0020  
 56       56   (6)      7 :  0.0040  0.0020  0.0160  0.0020  0.0020  0.0050  0.0040  0.9650  
 57       57  (15)      1 :  0.0040  0.9580  0.0150  0.0040  0.0080  0.0030  0.0020  0.0060  
 58       58   (7)      2 :  0.0519  0.0410  0.0050  0.0090  0.8801  0.0040  0.0060  0.0030  
 59       59  (15)      3 :  0.0130  0.0250  0.8008  0.0010  0.0030  0.1441  0.0070  0.0060  
 60       60   (9)      4 :  0.9481  0.0090  0.0020  0.0250  0.0020  0.0020  0.0080  0.0040  
 61       61  (33)      5 :  0.0050  0.0030  0.0410  0.0010  0.0120  0.9230  0.0050  0.0100  
 62       62  (12)      6 :  0.0060  0.0200  0.0190  0.0030  0.0030  0.3300  0.6070  0.0120  
 63       63  (57)      7 :  0.0050  0.0040  0.0070  0.0020  0.0130  0.0190  0.0280  0.9219  
 64       64  (23)      1 :  0.0020  0.9800  0.0020  0.0030  0.0030  0.0020  0.0050  0.0030  
 65       65  (31)      2 :  0.0080  0.0020  0.0030  0.0020  0.9780  0.0030  0.0020  0.0020  
 66       66  (17)      3 :  0.0120  0.0090  0.8849  0.0060  0.0030  0.0771  0.0050  0.0030  
 67       67  (10)      4 :  0.9210  0.0040  0.0150  0.0100  0.0130  0.0050  0.0090  0.0230  
 68       68   (8)      5 :  0.0260  0.0020  0.0030  0.0380  0.0080  0.8891  0.0080  0.0260  
 69       69  (41)      6 :  0.0080  0.0020  0.0240  0.0020  0.0110  0.0030  0.9429  0.0070  
 70       70  (17)      7 :  0.0080  0.0060  0.0240  0.0010  0.0130  0.0070  0.0310  0.9101  
 71       71  (29)      1 :  0.0120  0.9020  0.0060  0.0060  0.0110  0.0380  0.0180  0.0070  
 72       72  (51)      2 :  0.0270  0.0030  0.0380  0.0040  0.9031  0.0140  0.0040  0.0070  
 73       73  (22)      3 :  0.0250  0.0050  0.8130  0.0030  0.1420  0.0080  0.0020  0.0020  
 74       74  (14)      4 :  0.9491  0.0190  0.0060  0.0050  0.0030  0.0090  0.0050  0.0040  
 75       75  (18)      5 :  0.0050  0.0100  0.0020  0.0020  0.0100  0.9530  0.0120  0.0060  
 76       76  (25)      6 :  0.0030  0.0120  0.0020  0.0010  0.0050  0.0030  0.9730  0.0010  
 77       77  (12)      7 :  0.0040  0.0050  0.0270  0.0040  0.0070  0.0110  0.0030  0.9391  
 78       78  (21)      1 :  0.0020  0.9830  0.0020  0.0020  0.0030  0.0020  0.0030  0.0030  
 79       79  (14)      2 :  0.0060  0.0040  0.0050  0.0100  0.9130  0.0150  0.0320  0.0150  
 80       80  (22)      3 :  0.0080  0.0030  0.9331  0.0030  0.0170  0.0090  0.0070  0.0200  
 81       81  (11)      4 :  0.7750  0.0130  0.0080  0.0360  0.0180  0.1220  0.0220  0.0060  
 82       82  (25)      5 :  0.0090  0.0030  0.0240  0.0040  0.0040  0.9480  0.0040  0.0040  
 83       83  (12)      6 :  0.0110  0.0080  0.0160  0.0030  0.0240  0.0080  0.8790  0.0510  
 84       84  (18)      7 :  0.0040  0.0040  0.0030  0.0020  0.0030  0.0050  0.0050  0.9740  
 85       85   (9)      1 :  0.0130  0.9151  0.0020  0.0030  0.0120  0.0150  0.0320  0.0080  
 86       86  (24)      2 :  0.0090  0.0060  0.0030  0.0090  0.9500  0.0040  0.0150  0.0040  
 87       87  (47)      3 :  0.0060  0.0020  0.7852  0.1948  0.0040  0.0040  0.0020  0.0020  
 88       88  (27)      4 :  0.8192  0.0080  0.0609  0.0020  0.0250  0.0130  0.0060  0.0659  
 89       89  (14)      5 :  0.0180  0.0050  0.0210  0.0050  0.0230  0.8980  0.0060  0.0240  
 90       90  (24)      6 :  0.0110  0.0090  0.0090  0.1461  0.0080  0.0020  0.8048  0.0100  
 91       91  (20)      7 :  0.0040  0.0050  0.0040  0.0020  0.0030  0.0050  0.0310  0.9461  
 92       92  (10)      1 :  0.0060  0.9730  0.0020  0.0010  0.0020  0.0100  0.0030  0.0030  
 93       93  (21)      2 :  0.0040  0.2390  0.0030  0.0010  0.7020  0.0340  0.0070  0.0100  
 94       94  (27)      3 :  0.0050  0.0020  0.9770  0.0030  0.0050  0.0030  0.0020  0.0030  
 95       95   (9)      4 :  0.6210  0.0060  0.0070  0.0090  0.0020  0.0070  0.0060  0.3420  
 96       96  (40)      5 :  0.0040  0.0040  0.0090  0.0020  0.0080  0.9480  0.0190  0.0060  
 97       97  (26)      6 :  0.0080  0.0340  0.0030  0.0030  0.0060  0.0521  0.8859  0.0080  
 98       98  (15)      7 :  0.0090  0.0050  0.0050  0.0020  0.0460  0.0020  0.3766  0.5544  
 99       99  (23)      1 :  0.0230  0.8741  0.0070  0.0170  0.0050  0.0579  0.0130  0.0030  
100      100  (19)      2 :  0.0140  0.0020  0.0020  0.0020  0.9710  0.0020  0.0010  0.0060  
101      101  (60)      3 :  0.0240  0.0100  0.7113  0.0040  0.0040  0.0450  0.1838  0.0180  
102      102  (17)      4 :  0.9371  0.0040  0.0040  0.0240  0.0060  0.0080  0.0110  0.0060  
103      103  (18)      5 :  0.0030  0.0060  0.0250  0.0040  0.0230  0.9311  0.0040  0.0040  
104      104  (23)      6 :  0.0040  0.0030  0.0100  0.0020  0.0070  0.1420  0.7680  0.0640  
105      105  (20)      7 :  0.0571  0.0150  0.0070  0.0090  0.0130  0.0230  0.0030  0.8729  
