  1        1  (21)      1 :  0.0050  0.0180  0.0020  0.0020  0.0040  0.9690  
  2        2   (8)      2 :  0.8200  0.0050  0.0050  0.1090  0.0550  0.0060  
  3        3  (22)      3 :  0.0030  0.9870  0.0030  0.0020  0.0020  0.0030  
  4        4  (12)      4 :  0.0681  0.1702  0.0150  0.0030  0.5836  0.1602  
  5        5  (75)      5 :  0.0230  0.0390  0.0170  0.5400  0.3640  0.0170  
  6        6  (23)      6 :  0.0030  0.0120  0.8971  0.0490  0.0180  0.0210  
  7        7  (24)      7 :  0.0010  0.0030  0.0110  0.0080  0.9441  0.0330  
  8        8  (40)      1 :  0.0060  0.0950  0.0150  0.0280  0.0450  0.8110  
  9        9  (22)      2 :  0.9570  0.0040  0.0180  0.0060  0.0080  0.0070  
 10       10  (33)      3 :  0.0040  0.7948  0.0120  0.0490  0.0060  0.1341  
 11       11  (29)      4 :  0.0410  0.0260  0.0030  0.0050  0.9220  0.0030  
 12       12  (25)      5 :  0.0020  0.0060  0.0020  0.9850  0.0030  0.0020  
 13       13   (9)      6 :  0.0020  0.0020  0.9870  0.0030  0.0030  0.0030  
 14       14  (52)      7 :  0.0841  0.2262  0.0501  0.4214  0.1822  0.0360  
 15       15  (14)      1 :  0.0020  0.0030  0.0030  0.0020  0.0050  0.9850  
 16       16  (17)      2 :  0.9640  0.0050  0.0030  0.0050  0.0070  0.0160  
 17       17  (18)      3 :  0.0050  0.9650  0.0140  0.0040  0.0090  0.0030  
 18       18  (14)      4 :  0.0300  0.0050  0.0090  0.0120  0.9411  0.0030  
 19       19  (17)      5 :  0.2060  0.0050  0.0340  0.7130  0.0380  0.0040  
 20       20   (9)      6 :  0.0160  0.0060  0.9339  0.0040  0.0190  0.0210  
 21       21  (32)      7 :  0.0020  0.0070  0.0120  0.0350  0.9410  0.0030  
 22       22  (12)      1 :  0.0060  0.0050  0.0080  0.0040  0.0050  0.9720  
 23       23  (14)      2 :  0.9870  0.0050  0.0020  0.0020  0.0020  0.0020  
 24       24  (16)      3 :  0.0070  0.7117  0.0040  0.2563  0.0190  0.0020  
 25       25  (46)      4 :  0.0370  0.0030  0.0040  0.0170  0.9371  0.0020  
 26       26  (10)      5 :  0.0090  0.0410  0.0040  0.9360  0.0040  0.0060  
 27       27  (32)      6 :  0.0070  0.0090  0.9650  0.0060  0.0100  0.0030  
 28       28  (18)      7 :  0.0890  0.0040  0.0130  0.0040  0.8770  0.0130  
 29       29  (32)      1 :  0.0490  0.0620  0.0200  0.0120  0.0120  0.8450  
 30       30  (18)      2 :  0.9620  0.0100  0.0120  0.0030  0.0030  0.0100  
 31       31   (9)      3 :  0.0030  0.9490  0.0090  0.0060  0.0290  0.0040  
 32       32  (32)      4 :  0.0120  0.0380  0.0080  0.0150  0.9211  0.0060  
 33       33  (14)      5 :  0.0090  0.1480  0.0100  0.6530  0.0090  0.1710  
 34       34  (30)      6 :  0.0120  0.0030  0.9400  0.0100  0.0100  0.0250  
 35       35  (14)      7 :  0.0030  0.0020  0.0010  0.0070  0.9810  0.0060  
 36       36  (21)      1 :  0.0050  0.0100  0.0100  0.0030  0.0040  0.9680  
 37       37  (54)      2 :  0.9710  0.0030  0.0030  0.0030  0.0020  0.0180  
 38       38  (45)      3 :  0.0340  0.9130  0.0090  0.0180  0.0220  0.0040  
 39       39  (27)      4 :  0.3550  0.0110  0.0130  0.0130  0.5860  0.0220  
 40       40  (13)      5 :  0.0060  0.0040  0.0581  0.8909  0.0040  0.0370  
 41       41  (18)      6 :  0.0100  0.0050  0.9760  0.0010  0.0050  0.0030  
 42       42  (66)      7 :  0.0300  0.0100  0.0360  0.3237  0.5924  0.0080  
 43       43  (14)      1 :  0.0070  0.0500  0.0040  0.0030  0.0020  0.9340  
 44       44  (22)      2 :  0.8042  0.0460  0.0100  0.1199  0.0090  0.0110  
 45       45  (19)      3 :  0.0040  0.9580  0.0100  0.0050  0.0110  0.0120  
 46       46  (22)      4 :  0.0020  0.0020  0.0080  0.0020  0.9840  0.0020  
 47       47  (12)      5 :  0.0090  0.0130  0.0120  0.8028  0.1461  0.0170  
 48       48  (11)      6 :  0.0110  0.0090  0.9261  0.0180  0.0290  0.0070  
 49       49   (9)      7 :  0.1672  0.0130  0.0140  0.0020  0.8008  0.0030  
 50       50  (30)      1 :  0.0030  0.0040  0.0070  0.0230  0.0050  0.9580  
 51       51   (8)      2 :  0.8710  0.1040  0.0050  0.0050  0.0070  0.0080  
 52       52   (9)      3 :  0.0080  0.9700  0.0040  0.0040  0.0070  0.0070  
 53       53  (43)      4 :  0.0070  0.0571  0.0090  0.8889  0.0340  0.0040  
 54       54  (21)      5 :  0.0010  0.0030  0.0020  0.9880  0.0020  0.0040  
 55       55  (20)      6 :  0.0030  0.0020  0.9880  0.0020  0.0020  0.0030  
 56       56   (6)      7 :  0.0020  0.0400  0.0060  0.0230  0.9260  0.0030  
 57       57  (15)      1 :  0.0100  0.0160  0.0030  0.0050  0.0060  0.9600  
 58       58   (7)      2 :  0.9530  0.0080  0.0050  0.0070  0.0120  0.0150  
 59       59  (15)      3 :  0.0050  0.9120  0.0090  0.0480  0.0110  0.0150  
 60       60   (9)      4 :  0.0020  0.0030  0.0050  0.0020  0.9760  0.0120  
 61       61  (33)      5 :  0.0080  0.0200  0.0040  0.9570  0.0060  0.0050  
 62       62  (12)      6 :  0.0060  0.0140  0.6310  0.2750  0.0560  0.0180  
 63       63  (57)      7 :  0.0140  0.0130  0.0800  0.1390  0.7460  0.0080  
 64       64  (23)      1 :  0.0040  0.0030  0.0050  0.0040  0.0050  0.9790  
 65       65  (31)      2 :  0.9610  0.0050  0.0050  0.0120  0.0070  0.0100  
 66       66  (17)      3 :  0.0020  0.9560  0.0040  0.0290  0.0040  0.0050  
 67       67  (10)      4 :  0.0210  0.0170  0.0070  0.0040  0.9471  0.0040  
 68       68   (8)      5 :  0.0060  0.0020  0.0050  0.9730  0.0120  0.0020  
 69       69  (41)      6 :  0.0090  0.0170  0.9640  0.0020  0.0060  0.0020  
 70       70  (17)      7 :  0.0040  0.0060  0.0809  0.0050  0.8911  0.0130  
 71       71  (29)      1 :  0.0070  0.0040  0.0090  0.0060  0.0090  0.9650  
 72       72  (51)      2 :  0.9030  0.0600  0.0040  0.0080  0.0220  0.0030  
 73       73  (22)      3 :  0.0670  0.8920  0.0030  0.0100  0.0170  0.0110  
 74       74  (14)      4 :  0.0050  0.0080  0.0050  0.0110  0.9510  0.0200  
 75       75  (18)      5 :  0.0070  0.0030  0.0080  0.9690  0.0060  0.0070  
 76       76  (25)      6 :  0.0170  0.0040  0.9700  0.0030  0.0030  0.0030  
 77       77  (12)      7 :  0.0090  0.0460  0.0070  0.1001  0.8288  0.0090  
 78       78  (21)      1 :  0.0020  0.0020  0.0030  0.0020  0.0040  0.9870  
 79       79  (14)      2 :  0.9201  0.0040  0.0480  0.0160  0.0080  0.0040  
 80       80  (22)      3 :  0.0350  0.9231  0.0080  0.0100  0.0180  0.0060  
 81       81  (11)      4 :  0.0730  0.0100  0.0070  0.2070  0.6840  0.0190  
 82       82  (25)      5 :  0.0050  0.0120  0.0070  0.9620  0.0100  0.0040  
 83       83  (12)      6 :  0.0210  0.0250  0.8350  0.0070  0.1040  0.0080  
 84       84  (18)      7 :  0.0030  0.0100  0.0090  0.0270  0.9480  0.0030  
 85       85   (9)      1 :  0.0130  0.0030  0.0609  0.0230  0.0100  0.8901  
 86       86  (24)      2 :  0.9600  0.0020  0.0250  0.0020  0.0050  0.0060  
 87       87  (47)      3 :  0.0120  0.9520  0.0100  0.0150  0.0050  0.0060  
 88       88  (27)      4 :  0.0110  0.0130  0.0050  0.0110  0.9540  0.0060  
 89       89  (14)      5 :  0.0090  0.0080  0.0030  0.9630  0.0120  0.0050  
 90       90  (24)      6 :  0.0110  0.0150  0.8819  0.0060  0.0460  0.0400  
 91       91  (20)      7 :  0.0020  0.0080  0.0160  0.0060  0.9620  0.0060  
 92       92  (10)      1 :  0.0030  0.0020  0.0040  0.0070  0.0060  0.9780  
 93       93  (21)      2 :  0.8530  0.0020  0.0060  0.0370  0.0120  0.0900  
 94       94  (27)      3 :  0.0030  0.9880  0.0020  0.0020  0.0030  0.0020  
 95       95   (9)      4 :  0.0020  0.0170  0.0030  0.0050  0.9640  0.0090  
 96       96  (40)      5 :  0.0100  0.0170  0.0320  0.9310  0.0070  0.0030  
 97       97  (26)      6 :  0.0070  0.0030  0.7842  0.0609  0.0220  0.1229  
 98       98  (15)      7 :  0.1091  0.0140  0.0501  0.0030  0.8098  0.0140  
 99       99  (23)      1 :  0.0050  0.0190  0.0280  0.0721  0.0230  0.8529  
100      100  (19)      2 :  0.9800  0.0040  0.0010  0.0020  0.0110  0.0020  
101      101  (60)      3 :  0.0050  0.7380  0.2080  0.0200  0.0220  0.0070  
102      102  (17)      4 :  0.0060  0.0060  0.0040  0.0130  0.9670  0.0040  
103      103  (18)      5 :  0.0210  0.0310  0.0060  0.9321  0.0040  0.0060  
104      104  (23)      6 :  0.0070  0.0130  0.9060  0.0510  0.0170  0.0060  
105      105  (20)      7 :  0.0060  0.0040  0.0020  0.0070  0.9700  0.0110  
