  1        1  (21)      1 :  0.9380  0.0620  
  2        2   (8)      2 :  0.0690  0.9310  
  3        3  (22)      3 :  0.0940  0.9060  
  4        4  (12)      4 :  0.0970  0.9030  
  5        5  (75)      5 :  0.8230  0.1770  
  6        6  (23)      6 :  0.9240  0.0760  
  7        7  (24)      7 :  0.9780  0.0220  
  8        8  (40)      1 :  0.9450  0.0550  
  9        9  (22)      2 :  0.0380  0.9620  
 10       10  (33)      3 :  0.7260  0.2740  
 11       11  (29)      4 :  0.0210  0.9790  
 12       12  (25)      5 :  0.9290  0.0710  
 13       13   (9)      6 :  0.9620  0.0380  
 14       14  (52)      7 :  0.8520  0.1480  
 15       15  (14)      1 :  0.9880  0.0120  
 16       16  (17)      2 :  0.0840  0.9160  
 17       17  (18)      3 :  0.1030  0.8970  
 18       18  (14)      4 :  0.0490  0.9510  
 19       19  (17)      5 :  0.5820  0.4180  
 20       20   (9)      6 :  0.8250  0.1750  
 21       21  (32)      7 :  0.8260  0.1740  
 22       22  (12)      1 :  0.9320  0.0680  
 23       23  (14)      2 :  0.0140  0.9860  
 24       24  (16)      3 :  0.0780  0.9220  
 25       25  (46)      4 :  0.0540  0.9460  
 26       26  (10)      5 :  0.8490  0.1510  
 27       27  (32)      6 :  0.8720  0.1280  
 28       28  (18)      7 :  0.6460  0.3540  
 29       29  (32)      1 :  0.8030  0.1970  
 30       30  (18)      2 :  0.0550  0.9450  
 31       31   (9)      3 :  0.0800  0.9200  
 32       32  (32)      4 :  0.0540  0.9460  
 33       33  (14)      5 :  0.8140  0.1860  
 34       34  (30)      6 :  0.8940  0.1060  
 35       35  (14)      7 :  0.7100  0.2900  
 36       36  (21)      1 :  0.9640  0.0360  
 37       37  (54)      2 :  0.0450  0.9550  
 38       38  (45)      3 :  0.0240  0.9760  
 39       39  (27)      4 :  0.0740  0.9260  
 40       40  (13)      5 :  0.9350  0.0650  
 41       41  (18)      6 :  0.7140  0.2860  
 42       42  (66)      7 :  0.8840  0.1160  
 43       43  (14)      1 :  0.8690  0.1310  
 44       44  (22)      2 :  0.1750  0.8250  
 45       45  (19)      3 :  0.0750  0.9250  
 46       46  (22)      4 :  0.3420  0.6580  
 47       47  (12)      5 :  0.9180  0.0820  
 48       48  (11)      6 :  0.7740  0.2260  
 49       49   (9)      7 :  0.2140  0.7860  
 50       50  (30)      1 :  0.9770  0.0230  
 51       51   (8)      2 :  0.0370  0.9630  
 52       52   (9)      3 :  0.1850  0.8150  
 53       53  (43)      4 :  0.1190  0.8810  
 54       54  (21)      5 :  0.9800  0.0200  
 55       55  (20)      6 :  0.9790  0.0210  
 56       56   (6)      7 :  0.9230  0.0770  
 57       57  (15)      1 :  0.9570  0.0430  
 58       58   (7)      2 :  0.0220  0.9780  
 59       59  (15)      3 :  0.2120  0.7880  
 60       60   (9)      4 :  0.2000  0.8000  
 61       61  (33)      5 :  0.8780  0.1220  
 62       62  (12)      6 :  0.9530  0.0470  
 63       63  (57)      7 :  0.9400  0.0600  
 64       64  (23)      1 :  0.9760  0.0240  
 65       65  (31)      2 :  0.0270  0.9730  
 66       66  (17)      3 :  0.1110  0.8890  
 67       67  (10)      4 :  0.0860  0.9140  
 68       68   (8)      5 :  0.8550  0.1450  
 69       69  (41)      6 :  0.4740  0.5260  
 70       70  (17)      7 :  0.9420  0.0580  
 71       71  (29)      1 :  0.9660  0.0340  
 72       72  (51)      2 :  0.0240  0.9760  
 73       73  (22)      3 :  0.0240  0.9760  
 74       74  (14)      4 :  0.1600  0.8400  
 75       75  (18)      5 :  0.9700  0.0300  
 76       76  (25)      6 :  0.8590  0.1410  
 77       77  (12)      7 :  0.8700  0.1300  
 78       78  (21)      1 :  0.9850  0.0150  
 79       79  (14)      2 :  0.0260  0.9740  
 80       80  (22)      3 :  0.0590  0.9410  
 81       81  (11)      4 :  0.0840  0.9160  
 82       82  (25)      5 :  0.8560  0.1440  
 83       83  (12)      6 :  0.7880  0.2120  
 84       84  (18)      7 :  0.9190  0.0810  
 85       85   (9)      1 :  0.9670  0.0330  
 86       86  (24)      2 :  0.0680  0.9320  
 87       87  (47)      3 :  0.0580  0.9420  
 88       88  (27)      4 :  0.0830  0.9170  
 89       89  (14)      5 :  0.8880  0.1120  
 90       90  (24)      6 :  0.9230  0.0770  
 91       91  (20)      7 :  0.9390  0.0610  
 92       92  (10)      1 :  0.9760  0.0240  
 93       93  (21)      2 :  0.4710  0.5290  
 94       94  (27)      3 :  0.0130  0.9870  
 95       95   (9)      4 :  0.2590  0.7410  
 96       96  (40)      5 :  0.8780  0.1220  
 97       97  (26)      6 :  0.9650  0.0350  
 98       98  (15)      7 :  0.6080  0.3920  
 99       99  (23)      1 :  0.9380  0.0620  
100      100  (19)      2 :  0.0120  0.9880  
101      101  (60)      3 :  0.6020  0.3980  
102      102  (17)      4 :  0.0760  0.9240  
103      103  (18)      5 :  0.6830  0.3170  
104      104  (23)      6 :  0.9180  0.0820  
105      105  (20)      7 :  0.7680  0.2320  
