  1        1  (21)      1 :  0.0060  0.9730  0.0210  
  2        2   (8)      2 :  0.9660  0.0100  0.0240  
  3        3  (22)      3 :  0.0080  0.0100  0.9820  
  4        4  (12)      4 :  0.0210  0.0899  0.8891  
  5        5  (75)      5 :  0.0639  0.0739  0.8621  
  6        6  (23)      6 :  0.0130  0.9570  0.0300  
  7        7  (24)      7 :  0.0070  0.0700  0.9230  
  8        8  (40)      1 :  0.0370  0.8460  0.1170  
  9        9  (22)      2 :  0.9650  0.0220  0.0130  
 10       10  (33)      3 :  0.0490  0.0740  0.8770  
 11       11  (29)      4 :  0.0170  0.0050  0.9780  
 12       12  (25)      5 :  0.9820  0.0060  0.0120  
 13       13   (9)      6 :  0.0050  0.9540  0.0410  
 14       14  (52)      7 :  0.1330  0.0340  0.8330  
 15       15  (14)      1 :  0.0050  0.9890  0.0060  
 16       16  (17)      2 :  0.9750  0.0160  0.0090  
 17       17  (18)      3 :  0.0070  0.0070  0.9860  
 18       18  (14)      4 :  0.2250  0.0070  0.7680  
 19       19  (17)      5 :  0.9550  0.0130  0.0320  
 20       20   (9)      6 :  0.0130  0.7920  0.1950  
 21       21  (32)      7 :  0.0180  0.0130  0.9690  
 22       22  (12)      1 :  0.0060  0.9880  0.0060  
 23       23  (14)      2 :  0.9760  0.0030  0.0210  
 24       24  (16)      3 :  0.0250  0.0050  0.9700  
 25       25  (46)      4 :  0.1992  0.0090  0.7918  
 26       26  (10)      5 :  0.9660  0.0180  0.0160  
 27       27  (32)      6 :  0.0120  0.8500  0.1380  
 28       28  (18)      7 :  0.0821  0.0290  0.8889  
 29       29  (32)      1 :  0.1640  0.8030  0.0330  
 30       30  (18)      2 :  0.9190  0.0650  0.0160  
 31       31   (9)      3 :  0.0050  0.0050  0.9900  
 32       32  (32)      4 :  0.0930  0.0160  0.8910  
 33       33  (14)      5 :  0.5766  0.2372  0.1862  
 34       34  (30)      6 :  0.0280  0.9650  0.0070  
 35       35  (14)      7 :  0.0090  0.0060  0.9850  
 36       36  (21)      1 :  0.0150  0.9780  0.0070  
 37       37  (54)      2 :  0.9360  0.0570  0.0070  
 38       38  (45)      3 :  0.0550  0.0080  0.9370  
 39       39  (27)      4 :  0.6080  0.1140  0.2780  
 40       40  (13)      5 :  0.8338  0.1491  0.0170  
 41       41  (18)      6 :  0.0610  0.8650  0.0740  
 42       42  (66)      7 :  0.1570  0.0370  0.8060  
 43       43  (14)      1 :  0.0130  0.9810  0.0060  
 44       44  (22)      2 :  0.9660  0.0120  0.0220  
 45       45  (19)      3 :  0.0130  0.0150  0.9720  
 46       46  (22)      4 :  0.0050  0.0050  0.9900  
 47       47  (12)      5 :  0.7900  0.1460  0.0640  
 48       48  (11)      6 :  0.0420  0.6074  0.3506  
 49       49   (9)      7 :  0.0290  0.0110  0.9600  
 50       50  (30)      1 :  0.0650  0.9240  0.0110  
 51       51   (8)      2 :  0.9650  0.0110  0.0240  
 52       52   (9)      3 :  0.0450  0.0340  0.9210  
 53       53  (43)      4 :  0.6907  0.1722  0.1371  
 54       54  (21)      5 :  0.9760  0.0190  0.0050  
 55       55  (20)      6 :  0.0060  0.9870  0.0070  
 56       56   (6)      7 :  0.0060  0.0070  0.9870  
 57       57  (15)      1 :  0.0120  0.9780  0.0100  
 58       58   (7)      2 :  0.9230  0.0370  0.0400  
 59       59  (15)      3 :  0.1110  0.0370  0.8520  
 60       60   (9)      4 :  0.0100  0.0879  0.9021  
 61       61  (33)      5 :  0.9480  0.0100  0.0420  
 62       62  (12)      6 :  0.0390  0.8729  0.0881  
 63       63  (57)      7 :  0.1542  0.0270  0.8188  
 64       64  (23)      1 :  0.0040  0.9920  0.0040  
 65       65  (31)      2 :  0.9880  0.0040  0.0080  
 66       66  (17)      3 :  0.1508  0.0190  0.8302  
 67       67  (10)      4 :  0.0690  0.0060  0.9250  
 68       68   (8)      5 :  0.9510  0.0090  0.0400  
 69       69  (41)      6 :  0.0130  0.0731  0.9139  
 70       70  (17)      7 :  0.0060  0.0140  0.9800  
 71       71  (29)      1 :  0.0240  0.9660  0.0100  
 72       72  (51)      2 :  0.9070  0.0050  0.0880  
 73       73  (22)      3 :  0.1349  0.0080  0.8571  
 74       74  (14)      4 :  0.1131  0.0661  0.8208  
 75       75  (18)      5 :  0.9110  0.0840  0.0050  
 76       76  (25)      6 :  0.0090  0.9830  0.0080  
 77       77  (12)      7 :  0.0140  0.0070  0.9790  
 78       78  (21)      1 :  0.0060  0.9870  0.0070  
 79       79  (14)      2 :  0.9840  0.0060  0.0100  
 80       80  (22)      3 :  0.0300  0.0040  0.9660  
 81       81  (11)      4 :  0.5950  0.0290  0.3760  
 82       82  (25)      5 :  0.9240  0.0320  0.0440  
 83       83  (12)      6 :  0.0290  0.7700  0.2010  
 84       84  (18)      7 :  0.0100  0.0140  0.9760  
 85       85   (9)      1 :  0.0110  0.9840  0.0050  
 86       86  (24)      2 :  0.9670  0.0230  0.0100  
 87       87  (47)      3 :  0.1350  0.0230  0.8420  
 88       88  (27)      4 :  0.0200  0.0080  0.9720  
 89       89  (14)      5 :  0.9700  0.0070  0.0230  
 90       90  (24)      6 :  0.0070  0.9680  0.0250  
 91       91  (20)      7 :  0.0080  0.0200  0.9720  
 92       92  (10)      1 :  0.0130  0.9770  0.0100  
 93       93  (21)      2 :  0.9320  0.0600  0.0080  
 94       94  (27)      3 :  0.0240  0.0050  0.9710  
 95       95   (9)      4 :  0.0060  0.0120  0.9820  
 96       96  (40)      5 :  0.9560  0.0200  0.0240  
 97       97  (26)      6 :  0.0160  0.9760  0.0080  
 98       98  (15)      7 :  0.0380  0.1540  0.8080  
 99       99  (23)      1 :  0.0410  0.9421  0.0170  
100      100  (19)      2 :  0.9890  0.0020  0.0090  
101      101  (60)      3 :  0.0220  0.0521  0.9259  
102      102  (17)      4 :  0.0851  0.0130  0.9019  
103      103  (18)      5 :  0.9780  0.0120  0.0100  
104      104  (23)      6 :  0.0911  0.7508  0.1582  
105      105  (20)      7 :  0.0180  0.0100  0.9720  
