1	13
6	5
7	56
19	34
30	10
31	27
45	39
45	55
45	67
47	26
47	72
47	73
49	17
49	63
55	37
56	7
63	22
75	19
75	41
75	46
75	49
77	32
77	38
77	43
91	15
91	34
91	38
91	58
95	60
98	33
101	48
102	4
103	73
108	66
117	70
153	60
154	41
156	35
157	71
161	61
173	70
185	26
185	27
185	30
186	49
195	14
195	30
208	3
208	17
208	33
208	44
209	19
212	10
229	27
229	63
231	31
241	74
247	39
249	51
250	18
251	18
251	28
251	39
251	46
256	24
256	37
256	64
264	64
274	64
278	7
283	4
283	24
283	75
284	28
284	34
289	43
289	46
289	64
289	73
294	44
297	43
317	43
332	16
335	71
339	63
339	70
343	72
350	14
350	23
350	66
357	71
361	5
368	23
368	24
368	39
368	54
368	66
368	68
369	16
376	1
376	27
376	73
382	8
382	24
382	58
383	22
383	67
386	64
389	71
395	18
395	51
395	59
395	63
395	71
399	60
408	51
416	5
420	62
427	4
441	73
445	51
445	72
448	50
460	4
460	8
460	58
460	61
487	29
490	18
505	31
511	58
514	2
514	36
514	38
514	55
521	58
522	68
551	52
554	35
554	38
560	12
560	41
561	10
561	32
561	36
564	34
565	32
568	13
568	14
568	15
590	47
597	65
615	13
617	40
619	71
636	68
643	20
643	67
651	50
669	27
674	75
675	67
675	75
678	44
688	18
692	12
703	56
727	53
740	20
741	70
755	52
759	5
768	58
774	19
794	7
799	49
826	43
831	1
831	10
838	47
840	46
854	31
856	14
856	16
856	23
856	40
856	41
861	23
861	37
867	72
881	35
888	47
889	56
894	30
894	33
902	48
902	73
912	29
919	3
919	63
922	36
922	40
929	57
932	18
932	23
936	22
947	34
947	41
953	13
958	20
962	5
975	55
980	27
985	60
985	66
988	58
993	64
1001	60
1004	39
1023	58
1029	39
1029	49
1039	21
1039	31
1044	14
1048	26
1065	44
1073	49
1074	6
1081	31
1081	38
1086	6
1086	51
1093	57
1101	6
1101	11
1117	2
1117	13
1127	69
1134	71
1144	61
1153	44
1188	41
1199	22
1202	63
1208	42
1208	47
1208	70
1221	26
1221	49
1226	41
1262	31
1276	25
1276	47
1276	49
1276	55
1287	16
1305	7
1338	2
1346	62
1356	21
1364	33
1367	61
1376	11
1376	18
1376	61
1387	11
1387	22
1387	63
1387	64
1397	12
1398	33
1403	5
1403	74
1412	54
1414	10
1417	29
1430	26
1435	68
1437	5
1449	31
1461	71
1481	17
1481	19
1481	30
1481	40
1481	45
1481	53
1485	23
1485	40
1485	43
1486	13
1486	31
1486	72
1497	74
1526	37
1542	45
1546	59
1547	33
1547	61
1549	38
1549	61
1555	14
1564	20
1566	13
1590	11
1591	2
1591	53
1595	66
1612	27
1612	63
1629	69
1632	1
1632	37
1632	41
1635	22
1646	43
1657	56
1670	71
1672	22
1677	36
1677	56
1691	35
1713	47
1718	16
1725	25
1725	60
1727	64
1734	32
1739	15
1739	73
1739	74
1743	12
1743	52
1744	22
1747	8
1747	13
1765	56
1768	36
1772	15
1772	26
1772	33
1772	35
1772	54
1772	70
1774	4
1774	43
1776	39
1776	42
1784	10
1784	56
1787	32
1787	34
1787	35
1787	55
1795	43
1803	40
1805	11
1805	27
1805	31
1805	48
1812	8
1813	57
1821	22
1821	43
1821	67
1831	58
1846	35
1851	1
1851	19
1855	11
1868	59
1883	15
1883	19
1909	44
1909	59
1928	72
1944	56
1952	41
1952	56
1960	12
1960	13
1960	58
1960	65
1960	70
1962	57
1984	10
1984	40
1984	57
2009	65
2021	53
2021	75
2026	73
2031	52
2035	38
2035	40
2035	52
2048	4
2048	15
2048	18
2048	28
2053	73
2072	37
2095	32
2100	2
2100	4
2101	12
2101	36
2105	73
2106	32
2115	9
2123	11
2123	28
2128	55
2130	40
2137	40
2137	67
2143	73
2145	4
2146	44
2156	64
2163	17
2165	6
2171	33
2173	75
2178	41
2205	31
2206	2
2212	52
2221	25
2222	57
2230	38
2230	41
2238	15
2242	30
2242	63
2250	62
2257	1
2257	32
2263	36
2277	50
2282	18
2283	23
2295	67
2320	20
2321	44
2327	57
2333	44
2335	38
2349	28
2358	22
2358	30
2358	59
2372	66
2373	10
2373	51
2385	19
2385	20
2386	55
2392	1
2392	24
2397	68
2402	28
2413	59
2415	1
2415	2
2415	4
2415	61
2417	2
2417	6
2417	34
2417	47
2423	23
2427	66
2429	32
2431	13
2431	33
2431	56
2436	13
2436	39
2444	50
2450	63
2452	33
2452	38
2452	53
2457	58
2477	52
2507	11
2507	32
2510	33
2529	75
2530	62
2530	63
2530	71
2532	60
2536	25
2539	15
2539	54
2550	51
2562	18
2564	55
2564	74
2576	55
2578	7
2578	70
2579	7
2590	39
2590	45
2601	37
2601	46
2601	48
2607	5
2608	40
2611	18
2611	51
2613	14
2613	24
2616	68
2619	59
2628	10
2628	17
2628	40
2634	28
2635	36
2635	47
2635	59
2650	56
2655	22
2656	6
2660	49
2662	27
2687	41
2689	22
2689	39
2689	41
2689	56
2690	11
2695	48
2695	57
2714	32
2725	50
2742	5
2742	33
2751	17
2751	20
2751	21
2757	62
2757	63
2760	4
2760	7
2760	22
2776	42
2793	30
2793	65
2799	2
2799	21
2799	41
2799	47
2800	51
2805	12
2805	51
2821	42
2823	66
2837	46
2840	48
2846	22
2850	52
2853	28
2853	53
2873	56
2876	8
2876	17
2876	28
2876	30
2879	16
2879	46
2882	57
2901	58
2901	62
2903	21
2905	5
2910	38
2910	69
2914	58
2927	16
2930	9
2934	26
2935	25
2935	26
2935	29
2935	69
2946	33
2947	32
2951	59
2963	17
2968	17
2968	33
2968	57
2968	58
2968	64
2968	72
2974	62
2976	1
2976	41
2976	59
2976	60
2984	25
2986	4
2993	29
2998	71
2998	72
3004	30
3004	55
3024	40
3033	6
3039	10
3041	58
3044	64
3056	6
3056	7
3056	58
3057	69
3062	40
3068	39
3068	44
3068	69
3069	64
3075	72
3085	43
3086	49
3086	55
3086	64
3087	21
3087	31
3087	59
3098	68
3102	28
3107	26
3107	51
3107	56
3107	67
3111	2
3111	51
3111	56
3111	73
3115	38
3120	64
3122	28
3124	50
3144	38
3144	69
3146	61
3147	5
3147	41
3150	43
3150	52
3153	12
3154	8
3168	60
3174	17
3174	57
3180	62
3180	63
3181	35
3181	37
3181	40
3191	64
3205	46
3209	26
3217	48
3217	57
3227	3
3238	21
3238	22
3238	35
3253	54
3254	69
3259	4
3259	15
3264	10
3264	23
3264	32
3264	43
3264	62
3265	63
3265	66
3268	21
3268	37
3272	10
3273	9
3273	17
3275	33
3279	23
3289	71
3296	11
3301	8
3301	27
3312	24
3312	73
3316	52
3317	58
3321	2
3321	6
3321	25
3321	48
3334	35
3346	2
3351	41
3362	20
3368	5
3368	17
3368	30
3368	50
3368	51
3384	72
3397	11
3399	6
3399	13
3399	62
3400	47
3405	51
3411	20
3415	39
3433	2
3440	33
3440	39
3440	40
3444	18
3444	30
3444	61
3447	57
3453	49
3453	55
3453	65
3467	2
3482	27
3485	6
3485	71
3498	24
3521	15
3522	75
3523	52
3524	59
3524	75
3527	51
3533	66
3540	52
3550	52
3556	10
3556	26
3556	42
3556	69
3576	17
3576	40
3576	47
3591	52
3594	5
3597	35
3597	69
3597	70
3598	65
3599	57
3599	58
3600	26
3602	42
3606	67
3616	5
3626	47
3629	74
3641	41
3641	57
3646	16
3646	66
3666	24
3673	38
3673	51
3694	2
3695	67
3698	6
3701	5
3720	8
3735	7
3736	6
3736	9
3736	29
3748	46
3769	72
3771	31
3771	60
3777	6
3777	18
3777	21
3786	60
3787	4
3787	54
3787	56
3792	11
3794	58
3794	75
3799	4
3799	9
3799	40
3801	30
3819	24
3836	7
3836	68
3836	69
3837	57
3838	75
3850	58
3854	55
3854	56
3858	4
3864	38
3868	65
3883	15
3896	45
3899	9
3899	14
3899	64
3899	67
3899	71
3901	11
3901	12
3919	61
3927	57
3931	23
3931	59
3940	2
3940	45
3950	53
3955	19
3961	35
3966	46
3966	64
3987	20
3987	31
3987	49
3994	58
3994	69
4001	4
4003	37
4005	7
4005	21
4005	39
4011	23
4011	60
4011	71
4018	13
4023	69
4026	42
4031	25
4031	29
4031	62
4035	19
4035	32
4035	39
4038	55
4050	28
4052	22
4063	4
4063	40
4063	51
4065	65
4065	67
4065	70
4071	15
4071	42
4071	44
4071	72
4071	73
4072	14
4073	9
4077	61
4082	27
4117	52
4117	68
4117	69
4131	72
4165	17
4165	71
4166	28
4166	71
4171	24
4171	41
4171	60
4179	56
4180	41
4180	55
4181	48
4182	19
4185	65
4185	75
4197	15
4197	71
4200	34
4200	61
4200	73
4201	8
4201	11
4210	6
4210	62
4210	73
4212	1
4215	66
4217	6
4217	43
4217	61
4223	20
4236	68
4247	18
4247	19
4247	62
4248	32
4257	5
4257	58
4257	71
4259	4
4259	8
4259	41
4263	8
4265	1
4282	39
4282	71
4285	35
4296	53
4299	22
4299	65
4303	56
4307	66
4341	2
4342	2
4342	5
4342	9
4342	13
4342	34
4346	8
4346	9
4346	21
4346	25
4348	7
4348	28
4353	25
4357	17
4357	55
4367	5
4368	63
4370	65
4373	29
4373	33
4373	62
4374	36
4378	17
4379	29
4385	29
4403	42
4407	53
4416	69
4423	17
4423	37
4423	46
4427	31
4427	63
4431	19
4431	51
4443	7
4443	35
4447	40
4450	54
4452	12
4455	11
4456	32
4468	72
4471	29
4471	56
4482	29
4484	25
4484	40
4518	66
4529	11
4529	19
4529	27
4529	31
4529	58
4529	61
4529	69
4538	9
4547	23
4561	57
4571	32
4571	38
4572	26
4577	25
4582	68
4607	9
4611	13
4614	7
4616	5
4616	6
4616	66
4616	71
4616	72
4620	2
4620	6
4620	43
4626	49
4656	3
4656	18
4656	19
4656	21
4656	28
4656	31
4656	38
4656	58
4656	59
4659	32
4666	7
4666	10
4666	49
4666	65
4666	68
4673	10
4673	19
4676	37
4676	48
4676	49
4676	57
4682	6
4682	17
4682	64
4696	36
4696	60
4704	2
4704	61
4705	20
4710	16
4713	8
4714	32
4716	25
4717	4
4727	35
4727	44
4727	45
4727	55
4730	59
4734	2
4734	20
4734	23
4736	69
4739	4
4739	9
4739	12
4739	16
4739	75
4748	44
4751	70
4765	61
4766	25
4766	40
4767	63
4772	70
4776	24
4776	59
4776	62
4791	71
4800	75
4805	53
4807	22
4807	37
4807	57
4807	62
4808	47
4808	59
4817	27
4822	73
4828	24
4858	7
4858	15
4858	31
4858	56
4862	31
4862	41
4866	30
4894	70
4901	14
4910	24
4917	58
4931	64
4931	70
4934	52
4937	55
4937	63
4940	37
4944	19
4947	65
4955	70
4968	48
4970	22
4971	29
4971	63
4984	6
4984	19
4987	8
4987	27
4987	60
5004	25
5014	57
5022	22
5022	23
5022	28
5025	20
5027	30
5033	51
5040	53
5040	56
5040	74
5051	40
5055	52
5061	14
5062	28
5064	50
5064	69
5066	44
5078	58
5078	60
5078	71
5092	43
5092	56
5095	8
5102	59
5106	74
5111	17
5111	45
5115	31
5119	17
5140	1
5140	3
5140	5
5140	8
5140	9
5151	27
5156	39
5161	40
5166	57
5174	45
5182	66
5198	8
5198	46
5205	1
5214	3
5216	60
5236	16
5253	38
5260	13
5260	25
5271	38
5271	39
5271	42
5271	53
5271	54
5278	33
5282	62
5282	64
5283	3
5283	17
5313	20
5322	39
5322	43
5322	57
5330	35
5332	70
5336	14
5336	15
5345	14
5345	21
5345	51
5345	52
5345	71
5347	50
5349	57
5353	17
5355	43
5381	15
5381	70
5388	54
5388	59
5398	20
5401	18
5410	54
5411	50
5419	41
5420	48
5431	2
5431	21
5431	35
5433	30
5434	60
5435	41
5439	64
5445	4
5445	15
5445	30
5445	60
5451	53
5458	72
5473	18
5476	40
5480	69
5493	37
5494	12
5494	18
5494	33
5494	54
5494	55
5495	2
5495	28
5495	32
5498	8
5516	33
5534	13
5537	36
5543	41
5546	11
5548	19
5550	62
5553	40
5559	28
5576	47
5577	42
5577	48
5577	74
5582	12
5584	62
5587	48
5593	21
5593	32
5593	73
5597	6
5620	70
5624	2
5624	3
5640	14
5640	33
5644	43
5654	43
5656	69
5658	70
5673	4
5673	71
5692	11
5692	23
5692	37
5694	32
5694	67
5694	74
5725	60
5748	35
5752	75
5757	41
5763	47
5782	54
5788	16
5788	36
5788	47
5805	6
5812	8
5820	5
5820	33
5846	17
5854	39
5865	16
5867	28
5875	19
5878	9
5880	9
5880	23
5890	60
5902	34
5903	39
5903	51
5905	20
5906	58
5910	66
5929	50
5931	37
5936	35
5949	9
5949	39
5949	51
5949	67
5952	5
5952	67
5961	6
5961	7
5963	50
5964	1
5964	29
5964	32
5964	46
5968	53
5968	58
5972	11
5972	46
5972	47
5972	65
5976	16
5991	59
5995	36
5996	31
5996	69
6006	62
6011	56
6011	73
6017	2
6017	44
6025	18
6025	25
6039	25
6039	52
6045	16
6064	40
6095	27
6095	47
6103	36
6109	52
6112	61
6119	26
6119	46
6125	15
6125	62
6129	10
6129	47
6129	52
6132	7
6153	22
6153	31
6157	75
6168	10
6175	57
6202	54
6210	67
6222	28
6227	12
6227	57
6231	24
6231	43
6231	49
6231	66
6231	68
6238	29
6254	54
6256	6
6256	24
6256	28
6256	30
6256	31
6256	62
6257	18
6264	12
6264	56
6269	63
6276	65
6282	57
6284	30
6284	68
6287	49
6287	50
6288	58
6295	53
6298	30
6298	48
6298	66
6300	60
6301	31
6309	69
6316	20
6316	59
6316	63
6323	23
6323	49
6323	60
6328	24
6330	29
6331	46
6335	44
6335	47
6338	29
6342	52
6356	18
6356	49
6361	55
6361	73
6362	27
6362	43
6362	59
6401	73
6405	5
6407	34
6413	7
6413	22
6418	39
6418	54
6419	7
6426	67
6427	53
6436	54
6444	15
6447	43
6470	29
6483	11
6483	34
6483	56
6483	62
6483	64
6483	72
6491	62
6499	22
6499	58
6499	62
6502	10
6510	41
6517	18
6521	36
6525	23
6527	36
6538	42
6539	55
6558	30
6561	9
6561	10
6561	25
6561	38
6561	45
6561	73
6561	74
6563	42
6563	57
6566	17
6566	27
6570	57
6570	64
6574	26
6579	27
6580	5
6580	6
6580	7
6580	32
6580	36
6591	52
6594	17
6604	43
6604	69
6604	74
6607	47
6617	75
6631	7
6636	23
6637	43
6643	64
6654	21
6660	3
6660	33
6670	65
6677	43
6683	27
6684	22
6690	18
6694	23
6701	49
6701	63
6706	2
6706	29
6706	57
6710	18
6710	44
6710	75
6711	32
6711	40
6728	31
6728	52
6759	27
6771	40
6793	75
6795	43
6807	73
6807	74
6810	37
6819	23
6824	56
6826	23
6829	36
6835	24
6835	68
6836	25
6841	54
6842	20
6846	2
6856	71
6857	6
6872	4
6872	27
6872	29
6876	49
6879	11
6882	12
6882	14
6905	3
6905	6
6919	37
6926	23
6929	36
6929	53
6942	18
6945	19
6947	18
6947	19
6953	33
6974	34
6987	65
6994	3
6999	58
7006	35
7012	13
7012	39
7012	66
7026	38
7036	70
7036	71
7051	17
7051	35
7065	13
7065	18
7065	56
7068	19
7068	31
7071	10
7071	33
7076	34
7077	37
7077	44
7093	31
7097	19
7097	37
7109	28
7115	13
7115	23
7115	57
7115	62
7115	72
7115	75
7126	45
7129	73
7133	59
7134	28
7134	49
7136	14
7136	71
7137	7
7137	15
7137	66
7144	26
7144	36
7153	44
7161	38
7161	69
7163	32
7163	39
7166	23
7167	64
7194	57
7198	65
7211	74
7213	72
7220	2
7220	64
7220	68
7220	70
7230	42
7243	63
7247	72
7264	67
7277	15
7277	55
7277	67
7279	32
7288	69
7300	29
7308	23
7313	33
7315	26
7315	36
7315	63
7318	4
7329	47
7343	35
7343	51
7367	61
7376	18
7382	38
7389	63
7390	43
7395	7
7408	61
7408	66
7410	35
7417	58
7427	48
7428	10
7428	74
7431	11
7446	14
7446	66
7446	75
7449	7
7471	10
7472	59
7472	60
7476	39
7512	13
7512	21
7529	3
7529	12
7529	15
7529	68
7529	71
7529	72
7536	36
7543	15
7543	35
7543	65
7550	25
7554	3
7562	16
7567	44
7567	57
7567	60
7572	19
7572	20
7573	10
7573	17
7579	69
7581	62
7591	64
7605	1
7605	10
7606	4
7606	35
7606	59
7607	34
7610	54
7614	25
7614	72
7652	16
7652	24
7652	64
7652	72
7657	12
7666	68
7667	53
7674	4
7674	31
7688	28
7694	4
7694	8
7694	44
7699	26
7708	38
7709	9
7709	55
7723	47
7726	68
7729	41
7730	42
7731	50
7732	39
7734	8
7734	29
7745	1
7745	63
7766	13
7766	23
7766	52
7766	67
7777	46
7777	51
7777	64
7777	65
7777	72
7790	38
7790	50
7790	56
7791	21
7791	42
7800	46
7803	75
7806	44
7806	71
7814	10
7820	21
7825	1
7825	5
7826	11
7847	65
7859	8
7870	48
7875	23
7876	24
7876	25
7876	42
7881	34
7921	46
7922	58
7922	62
7924	49
7924	50
7928	64
7942	32
7945	14
7945	61
7945	64
7945	67
7952	29
7977	22
7989	21
7997	58
7997	61
7997	64
7997	68
7997	69
8018	1
8018	40
8018	44
8018	45
8018	52
8018	61
8018	70
8019	27
8019	46
8019	73
8025	65
8043	69
8058	26
8082	10
8082	65
8087	43
8088	1
8088	35
8102	27
8108	64
8114	44
8116	6
8117	1
8117	17
8117	34
8117	50
8117	64
8117	71
8117	74
8137	68
8153	28
8153	35
8153	70
8167	4
8167	44
8192	73
8203	12
8203	68
8215	35
8215	58
8233	50
8254	64
8254	65
8256	70
8267	56
8269	11
8279	14
8295	35
8310	69
8310	75
8319	42
8322	19
8322	24
8322	40
8332	3
8332	42
8332	62
8334	10
8344	60
8357	60
8361	8
8361	57
8371	12
8372	14
8374	6
8382	1
8382	13
8382	15
8382	16
8382	50
8382	68
8398	37
8398	54
8399	13
8399	21
8399	32
8399	46
8403	68
8403	74
8412	7
8415	43
8415	46
8466	16
8472	16
8472	18
8479	28
8482	26
8482	28
8493	17
8501	75
8503	43
8524	20
8527	62
8541	35
8546	29
8546	46
8546	51
8552	53
8553	12
8556	12
8559	25
8585	53
8591	22
8591	32
8596	14
8596	45
8608	16
8608	19
8608	33
8608	45
8608	62
8613	67
8621	32
8623	26
8623	61
8627	54
8631	27
8648	27
8648	66
8648	67
8648	68
8658	29
8658	48
8658	61
8683	22
8690	2
8690	23
8690	40
8690	44
8691	43
8708	64
8732	46
8732	73
8751	4
8754	27
8754	41
8754	61
8755	63
8755	72
8767	75
8768	75
8769	6
8770	39
8784	45
8791	47
8791	48
8800	54
8840	66
8841	1
8841	22
8841	47
8841	68
8846	4
8846	28
8857	6
8897	15
8899	52
8902	5
8902	75
8903	35
8903	46
8912	3
8912	60
8929	41
8929	55
8929	59
8938	36
8942	64
8943	7
8943	53
8943	59
8943	61
8943	73
8950	54
8952	44
8959	47
8960	64
8972	15
8975	23
8983	3
8991	8
8992	12
8992	13
8998	52
9001	8
9001	39
9005	34
9017	64
9017	75
9035	58
9038	22
9038	39
9043	53
9049	75
9071	4
9074	6
9074	21
9074	30
9081	53
9081	57
9081	65
9083	29
9083	64
9083	65
9087	37
9087	50
9088	46
9103	42
9127	12
9145	63
9150	9
9150	41
9150	55
9150	71
9158	35
9158	41
9158	45
9158	60
9169	45
9188	23
9200	69
9206	57
9206	62
9222	1
9222	43
9229	28
9244	48
9254	39
9256	9
9256	16
9256	37
9259	9
9259	58
9259	68
9272	39
9276	65
9280	24
9280	48
9280	53
9280	57
9282	49
9289	61
9302	5
9304	6
9311	3
9311	21
9311	43
9317	31
9332	54
9348	30
9350	32
9361	51
9364	28
9364	38
9364	42
9365	13
9365	34
9365	70
9366	6
9366	31
9369	35
9374	32
9382	51
9383	15
9383	44
9383	69
9383	72
9383	73
9384	47
9389	33
9389	35
9389	45
9396	58
9398	8
9398	41
9411	70
9424	60
9436	8
9436	11
9436	27
9440	54
9445	42
9446	40
9448	57
9448	75
9472	4
9476	73
9477	4
9477	19
9477	68
9486	6
9489	4
9496	15
9496	51
9497	26
9501	19
9511	62
9511	74
9517	23
9517	65
9521	68
9526	7
9526	46
9544	51
9546	45
9567	11
9570	16
9577	14
9590	66
9612	26
9612	50
9612	54
9613	31
9614	73
9616	59
9625	7
9625	8
9625	9
9625	10
9625	70
9626	27
9634	1
9634	2
9634	6
9634	34
9634	65
9662	49
9664	14
9672	70
9678	57
9685	15
9694	12
9703	2
9703	13
9717	16
9718	74
9723	7
9723	49
9723	71
9724	13
9724	41
9733	10
9733	12
9733	17
9733	75
9751	16
9751	17
9754	70
9771	21
9773	6
9773	20
9773	31
9779	8
9779	62
9793	17
9794	15
9796	49
9800	33
9812	75
9813	57
9819	23
9826	2
9826	3
9839	31
9839	43
9839	63
9840	4
9845	27
9856	24
9860	4
9860	30
9860	57
9861	25
9869	22
9869	49
9869	58
9869	72
9873	60
9874	60
9892	9
9892	12
9892	29
9892	40
9893	28
9894	68
9904	35
9904	54
9915	44
9918	29
9918	73
9919	39
9919	44
9919	57
9928	41
9930	4
9930	38
9930	40
9930	47
9930	49
9932	30
9932	31
9952	30
9971	12
9979	14
9981	10
9992	61
9996	28
10004	47
10004	72
10004	73
10012	15
10024	41
10024	43
10027	29
10029	43
10030	2
10030	19
10032	2
10038	18
10041	9
10041	35
10041	74
10042	52
10042	54
10049	46
10049	73
10051	24
10053	70
10068	61
10073	37
10073	67
10073	74
10073	75
10100	72
10112	74
10115	58
10134	38
10140	29
10147	28
10147	46
10155	51
10168	47
10168	74
10172	5
10172	39
10173	51
10173	74
10183	6
10183	68
10186	35
10199	22
10199	35
10201	42
10203	8
10206	6
10206	29
10206	43
10210	49
10233	1
10236	62
10240	52
10241	3
10245	18
10250	2
10250	8
10255	15
10256	28
10256	48
10256	49
10270	37
10287	40
10289	10
10324	33
10324	57
10324	60
10324	61
10335	10
10340	60
10343	38
10344	15
10344	55
10344	65
10345	28
10349	26
10360	62
10384	19
10390	29
10391	52
10411	64
10421	8
10446	20
10459	44
10459	55
10459	62
10475	56
10479	1
10479	20
10479	69
10492	28
10494	35
10494	56
10495	19
10495	37
10499	23
10509	11
10509	15
10537	31
10539	11
10540	18
10540	23
10540	40
10543	63
10543	66
10552	39
10562	63
10572	68
10582	30
10586	25
10609	8
10613	72
10638	20
10638	30
10639	72
10651	13
10651	74
10665	9
10665	18
10665	25
10665	69
10668	62
10698	59
10701	40
10701	41
10701	56
10706	30
10708	25
10711	1
10711	32
10728	20
10728	48
10731	63
10732	4
10740	72
10757	35
10760	38
10778	72
10784	42
10789	61
10804	24
10814	52
10814	61
10814	74
10816	8
10816	29
10825	20
10836	50
10878	51
10890	39
10890	61
10890	74
10895	34
10898	74
10907	63
10913	4
10913	34
10915	43
10921	28
10921	29
10945	8
10947	12
10948	69
10968	24
10968	41
10968	44
10968	72
10972	7
10972	11
11000	62
11016	59
11030	18
11034	50
11035	37
11038	4
11046	6
11049	42
11055	12
11055	24
11063	32
11063	54
11065	39
11065	40
11065	52
11067	70
11071	25
11071	30
11071	36
11071	63
11073	55
11088	26
11089	48
11103	58
11104	46
11110	11
11115	40
11131	50
11131	71
11139	61
11173	17
11178	60
11178	71
11185	26
11185	36
11185	62
11186	19
11197	16
11197	48
11213	14
11231	2
11231	4
11231	63
11238	17
11238	42
11239	5
11251	73
11259	43
11273	59
11287	72
11292	72
11298	12
11298	74
11313	18
11313	26
11313	48
11313	58
11313	73
11314	1
11314	6
11314	18
11328	69
11331	26
11334	67
11338	25
11339	12
11339	16
11339	19
11340	43
11346	4
11346	9
11383	34
11383	71
11389	27
11389	44
11392	21
11392	51
11394	6
11394	10
11394	37
11394	46
11394	55
11394	70
11400	75
11405	74
11406	38
11406	70
11412	3
11412	22
11412	32
11412	66
11424	48
11429	41
11429	55
11436	74
11437	12
11437	48
11439	9
11445	27
11445	30
11445	33
11445	38
11445	44
11450	29
11453	19
11459	10
11465	40
11468	21
11480	42
11483	54
11484	7
11484	63
11491	8
11491	9
11491	66
11491	73
11493	12
11493	41
11493	57
11508	21
11513	11
11513	37
11529	25
11531	34
11545	75
11570	40
11577	41
11584	15
11593	69
11594	23
11594	27
11602	14
11602	39
11610	37
11610	72
11626	27
11626	40
11646	45
11646	48
11646	67
11655	3
11655	29
11658	47
11667	18
11679	20
11679	22
11679	28
11679	30
11679	35
11679	67
11679	75
11688	41
11693	31
11706	16
11706	25
11706	44
11733	29
11733	36
11735	23
11738	8
11747	66
11747	74
11752	3
11752	4
11752	18
11752	27
11752	30
11755	41
11755	67
11756	1
11756	25
11756	49
11756	67
11757	33
11758	3
11762	51
11762	66
11763	54
11768	17
11768	48
11768	63
11768	73
11780	24
11785	64
11815	38
11823	10
11836	27
11836	33
11842	27
11842	43
11845	5
11846	18
11846	37
11846	59
11856	58
11857	25
11861	18
11862	42
11866	34
11866	59
11866	68
11868	24
11868	39
11886	43
11886	56
11888	7
11895	60
11905	14
11905	60
11905	65
11919	11
11919	19
11919	73
11921	15
11921	26
11921	30
11935	31
11946	34
11946	63
11959	7
11972	1
11972	8
11972	36
11976	9
11987	4
12002	25
12002	28
12002	33
12002	38
12002	60
12014	5
12014	61
12014	69
12014	75
12015	6
12015	8
12015	17
12015	18
12015	62
12015	64
12022	12
12040	28
12059	14
12065	13
12070	26
12070	73
12073	36
12083	71
12085	16
12085	59
12085	62
12085	63
12085	74
12106	14
12106	46
12112	7
12112	22
12112	35
12113	38
12114	47
12114	55
12114	62
12118	68
12118	74
12123	16
12124	28
12124	70
