Locus	Het	Fst	P(Simul Fst<sample Fst)
SNP_1	0.153846	0.12	1.0
SNP_2	0.3	0.039049	0.584743
SNP_3	0.0625	0.0	0.694692
SNP_4	0.175	-0.042505	0.0
SNP_5	0.0	-100.0	0.5
SNP_6	0.041667	0.0	0.694692
SNP_7	0.382353	0.283445	0.912951
SNP_8	0.382353	0.283445	0.912951
SNP_9	0.382353	0.283445	0.912951
SNP_10	0.147059	0.023913	0.374272
SNP_11	0.147059	0.023913	0.374272
SNP_12	0.147059	0.023913	0.374272
SNP_13	0.035714	0.0	0.5
SNP_14	0.035714	0.0	0.5
SNP_15	0.0	-100.0	0.5
SNP_16	0.445455	0.059918	0.65552
SNP_17	0.201705	0.072435	0.658198
SNP_18	0.117647	0.090909	0.979574
SNP_19	0.117647	0.090909	0.979574
SNP_20	0.117647	0.090909	0.979574
SNP_21	0.230392	0.088008	0.742172
SNP_22	0.107143	0.074074	0.849672
SNP_23	0.058824	0.030303	0.944205
SNP_24	0.071429	0.037037	0.967759
SNP_25	0.5	0.473684	0.989878
SNP_26	0.5	0.473684	0.989878
SNP_27	0.5	0.473684	0.989878
SNP_28	0.5	0.473684	0.989878
SNP_29	0.0	-100.0	0.5
SNP_30	0.0625	0.0	0.694692
SNP_31	0.261905	-0.063361	0.0
SNP_32	0.36875	0.01457	0.456197
SNP_33	0.05	0.0	0.694692
SNP_34	0.095588	-0.032634	0.065144
SNP_35	0.117647	0.090909	0.979574
SNP_36	0.222222	-0.02046	0.267335
SNP_37	0.305556	0.077061	0.619722
SNP_38	0.0	-100.0	0.5
SNP_39	0.441176	-0.008893	0.394253
SNP_40	0.029412	0.0	0.5
SNP_41	0.181373	-0.029163	0.0
SNP_42	0.0	-100.0	0.5
SNP_43	0.0	-100.0	0.5
SNP_44	0.0	-100.0	0.5
SNP_45	0.0	-100.0	0.5
SNP_46	0.03125	0.0	0.5
SNP_47	0.03125	0.0	0.5
SNP_48	0.071429	0.037037	0.967759
SNP_49	0.11039	-0.058823	0.0
SNP_50	0.098958	-0.052631	0.0
SNP_51	0.142857	-0.057971	0.0
SNP_52	0.090909	0.047619	0.741489
SNP_53	0.173333	0.033401	0.415654
SNP_54	0.229167	-0.015109	0.308216
SNP_55	0.340686	0.053289	0.577871
SNP_56	0.178571	0.148148	1.0
SNP_57	0.5	0.05325	0.605375
SNP_58	0.331731	-0.046377	0.036388
SNP_59	0.152406	0.0	0.310584
SNP_60	0.418831	-0.036176	0.04365
SNP_61	0.107143	0.074074	0.849672
SNP_62	0.035714	0.0	0.5
SNP_63	0.0	-100.0	0.5
SNP_64	0.0	-100.0	0.5
SNP_65	0.029412	0.0	0.5
SNP_66	0.029412	0.0	0.5
SNP_67	0.029412	0.0	0.5
SNP_68	0.033333	0.0	0.5
SNP_69	0.17	0.002705	0.337869
SNP_70	0.321429	0.296296	0.968027
SNP_71	0.0	-100.0	0.5
SNP_72	0.0	-100.0	0.5
SNP_73	0.0	-100.0	0.5
SNP_74	0.0	-100.0	0.5
SNP_75	0.0	-100.0	0.5
SNP_76	0.46875	0.451613	1.0
SNP_77	0.46875	0.451613	1.0
SNP_78	0.46875	0.451613	1.0
SNP_79	0.46875	0.451613	1.0
SNP_80	0.176471	0.031566	0.411848
SNP_81	0.125	0.086957	0.66016
SNP_82	0.352941	0.333333	1.0
SNP_83	0.083333	0.043478	0.726677
SNP_84	0.088235	0.060606	0.790299
SNP_85	0.3	0.263158	0.937554
SNP_86	0.3	0.263158	0.937554
SNP_87	0.147059	0.121212	1.0
SNP_88	0.0	-100.0	0.5
SNP_89	0.453846	-0.046298	0.0
SNP_90	0.05	0.0	0.694692
SNP_91	0.15	0.105263	1.0
SNP_92	0.0	-100.0	0.5
SNP_93	0.0	-100.0	0.5
SNP_94	0.0	-100.0	0.5
SNP_95	0.0	-100.0	0.5
SNP_96	0.0	-100.0	0.5
SNP_97	0.0	-100.0	0.5
SNP_98	0.0	-100.0	0.5
SNP_99	0.0	-100.0	0.5
SNP_100	0.0	-100.0	0.5
SNP_101	0.0	-100.0	0.5
SNP_102	0.0	-100.0	0.5
SNP_103	0.307692	0.28	0.953942
SNP_104	0.307692	0.28	0.953942
SNP_105	0.307692	0.28	0.953942
SNP_106	0.045455	0.0	0.694692
SNP_107	0.045455	0.0	0.694692
SNP_108	0.0	-100.0	0.5
SNP_109	0.0	-100.0	0.5
SNP_110	0.111111	0.058824	0.783284
SNP_111	0.035714	0.0	0.5
SNP_112	0.222222	-0.042017	0.063149
SNP_113	0.107143	0.074074	0.849672
SNP_114	0.107143	0.074074	0.849672
SNP_115	0.058824	0.030303	0.944205
SNP_116	0.0	-100.0	0.5
SNP_117	0.2	0.157895	0.886299
SNP_118	0.291667	0.26087	0.934054
SNP_119	0.1	0.052632	0.759789
SNP_120	0.214286	0.153846	0.907485
SNP_121	0.195312	-0.046366	0.0
SNP_122	0.195312	-0.046366	0.0
SNP_123	0.0	-100.0	0.5
SNP_124	0.47037	0.008353	0.412623
SNP_125	0.47037	0.008353	0.412623
SNP_126	0.47037	0.008353	0.412623
SNP_127	0.47037	0.008353	0.412623
SNP_128	0.041667	0.0	0.694692
SNP_129	0.386364	0.077968	0.638902
SNP_130	0.0	-100.0	0.5
SNP_131	0.0625	0.032258	0.952037
SNP_132	0.471591	0.104647	0.702975
SNP_133	0.471591	0.104647	0.702975
SNP_134	0.471591	0.104647	0.702975
SNP_135	0.443182	0.061905	0.660484
SNP_136	0.0	-100.0	0.5
SNP_137	0.090909	0.047619	0.741489
SNP_138	0.420635	-0.04273	0.0
SNP_139	0.14951	0.005961	0.327137
SNP_140	0.14951	0.005961	0.327137
SNP_141	0.0625	0.0	0.694692
SNP_142	0.0625	0.0	0.694692
SNP_143	0.468254	-0.045862	0.058585
SNP_144	0.468254	-0.045862	0.058585
SNP_145	0.468254	-0.045862	0.058585
SNP_146	0.0	-100.0	0.5
SNP_147	0.254464	-0.02846	0.162927
SNP_148	0.147059	0.121212	1.0
SNP_149	0.147059	0.121212	1.0
SNP_150	0.147059	0.121212	1.0
SNP_151	0.366667	0.084925	0.653528
SNP_152	0.083333	0.043478	0.726677
SNP_153	0.055556	0.0	0.694692
SNP_154	0.05	0.0	0.694692
SNP_155	0.0	-100.0	0.5
SNP_156	0.076923	0.04	0.97533
SNP_157	0.156863	-0.036561	0.0
SNP_158	0.156863	-0.036561	0.0
SNP_159	0.05	0.0	0.694692
SNP_160	0.480392	0.043297	0.686627
SNP_161	0.438889	0.149754	0.772948
SNP_162	0.055556	0.0	0.694692
SNP_163	0.255245	0.09863	0.632571
SNP_164	0.178571	-0.040404	0.0
SNP_165	0.0	-100.0	0.5
SNP_166	0.266667	-0.05476	0.0
SNP_167	0.185714	-0.044309	0.0
SNP_168	0.03125	0.0	0.5
SNP_169	0.375	0.354839	0.970091
SNP_170	0.0625	0.032258	0.952037
SNP_171	0.0	-100.0	0.5
SNP_172	0.0	-100.0	0.5
SNP_173	0.132353	-0.033231	0.181069
SNP_174	0.530769	0.204805	0.805829
SNP_175	0.393939	0.119155	0.716729
SNP_176	0.329545	-0.051396	0.001925
SNP_177	0.346154	-0.004764	0.341602
SNP_178	0.457219	0.174603	0.845133
SNP_179	0.457219	0.174603	0.845133
SNP_180	0.617188	0.437783	0.976079
SNP_181	0.0	-100.0	0.5
SNP_182	0.222222	-0.040514	0.078773
SNP_183	0.181818	0.142857	1.0
SNP_184	0.344156	0.002903	0.384898
SNP_185	0.371429	-0.045157	0.0
SNP_186	0.344156	0.002903	0.384898
SNP_187	0.371429	-0.045157	0.0
SNP_188	0.045455	0.0	0.694692
SNP_189	0.045455	0.0	0.694692
SNP_190	0.176471	0.031566	0.411848
SNP_191	0.029412	0.0	0.5
SNP_192	0.157754	0.031477	0.411661
SNP_193	0.346154	0.32	1.0
SNP_194	0.115385	0.08	0.882207
SNP_195	0.0	-100.0	0.5
SNP_196	0.045455	0.0	0.694692
SNP_197	0.045455	0.0	0.694692
SNP_198	0.09375	0.064516	0.806218
SNP_199	0.125	0.066667	0.501432
SNP_200	0.125	0.066667	0.501432
SNP_201	0.314286	0.095893	0.66532
SNP_202	0.178571	0.148148	1.0
SNP_203	0.495098	-0.03072	0.263798
SNP_204	0.47549	0.100913	0.694095
SNP_205	0.47549	0.100913	0.694095
SNP_206	0.481771	0.02915	0.636831
SNP_207	0.372549	0.08134	0.646079
SNP_208	0.372549	0.08134	0.646079
SNP_209	0.038462	0.0	0.5
SNP_210	0.465278	-0.033213	0.163216
SNP_211	0.095588	-0.032634	0.065144
SNP_212	0.029412	0.0	0.5
SNP_213	0.397727	-0.038776	0.142304
SNP_214	0.139037	-0.032967	0.182757
SNP_215	0.139037	-0.032967	0.182757
SNP_216	0.0	-100.0	0.5
SNP_217	0.573529	0.425898	0.970363
SNP_218	0.0	-100.0	0.5
SNP_219	0.102273	-0.035842	0.0
SNP_220	0.254464	-0.02846	0.162927
SNP_221	0.482843	0.020465	0.602019
SNP_222	0.482843	0.020465	0.602019
SNP_223	0.111111	0.058824	0.783284
SNP_224	0.111111	0.058824	0.783284
SNP_225	0.265625	-0.031246	0.122
SNP_226	0.0	-100.0	0.5
SNP_227	0.176471	0.151515	1.0
SNP_228	0.166667	0.130435	0.706356
SNP_229	0.363636	0.333333	1.0
SNP_230	0.526923	0.254783	0.956398
SNP_231	0.526923	0.254783	0.956398
SNP_232	0.166667	0.130435	0.706356
SNP_233	0.166667	0.130435	0.706356
SNP_234	0.525	0.191285	0.894491
SNP_235	0.045455	0.0	0.694692
SNP_236	0.111111	0.058824	0.783284
SNP_237	0.041667	0.0	0.694692
SNP_238	0.041667	0.0	0.694692
SNP_239	0.476471	0.262449	0.957915
SNP_240	0.03125	0.0	0.5
SNP_241	0.172727	-0.04973	0.0
SNP_242	0.0	-100.0	0.5
SNP_243	0.540625	0.355879	0.94326
SNP_244	0.03125	0.0	0.5
SNP_245	0.125	0.066667	0.501432
SNP_246	0.125	-0.050265	0.0
SNP_247	0.125	-0.050265	0.0
SNP_248	0.125	-0.050265	0.0
SNP_249	0.433333	0.077638	0.630606
SNP_250	0.433333	0.077638	0.630606
SNP_251	0.230392	0.088008	0.742172
SNP_252	0.255556	0.112819	0.662188
SNP_253	0.25	-0.062582	0.0
SNP_254	0.207792	-0.051282	0.0
SNP_255	0.058824	0.030303	0.944205
SNP_256	0.029412	0.0	0.5
SNP_257	0.115385	0.08	0.882207
SNP_258	0.454545	0.428571	0.985697
SNP_259	0.0	-100.0	0.5
SNP_260	0.181818	0.142857	1.0
SNP_261	0.0	-100.0	0.5
SNP_262	0.0	-100.0	0.5
SNP_263	0.14	-0.022167	0.236869
SNP_264	0.038462	0.0	0.5
SNP_265	0.363636	0.095238	0.697212
SNP_266	0.107143	0.074074	0.849672
SNP_267	0.033333	0.0	0.5
SNP_268	0.033333	0.0	0.5
SNP_269	0.033333	0.0	0.5
SNP_270	0.033333	0.0	0.5
SNP_271	0.142857	0.076923	0.553028
SNP_272	0.235294	0.212121	0.992992
SNP_273	0.0	-100.0	0.5
SNP_274	0.0	-100.0	0.5
SNP_275	0.076923	0.04	0.97533
SNP_276	0.071429	0.037037	0.967759
SNP_277	0.14951	0.005961	0.327137
SNP_278	0.0	-100.0	0.5
SNP_279	0.291667	0.26087	0.934054
SNP_280	0.035714	0.0	0.5
SNP_281	0.0	-100.0	0.5
SNP_282	0.0	-100.0	0.5
SNP_283	0.0	-100.0	0.5
SNP_284	0.0	-100.0	0.5
SNP_285	0.125668	-0.021277	0.240484
SNP_286	0.0	-100.0	0.5
SNP_287	0.0	-100.0	0.5
SNP_288	0.0	-100.0	0.5
SNP_289	0.213636	-0.033488	0.150799
SNP_290	0.49375	-0.059294	0.0
SNP_291	0.49375	-0.059294	0.0
SNP_292	0.533333	0.242117	0.851877
SNP_293	0.533333	0.242117	0.851877
SNP_294	0.533333	0.242117	0.851877
SNP_295	0.029412	0.0	0.5
SNP_296	0.242647	0.055655	0.636635
SNP_297	0.0625	0.032258	0.952037
SNP_298	0.133333	0.103448	1.0
SNP_299	0.117647	0.090909	0.979574
SNP_300	0.1875	0.16129	0.894117
SNP_301	0.041667	0.0	0.694692
SNP_302	0.0	-100.0	0.5
SNP_303	0.0	-100.0	0.5
SNP_304	0.117188	-0.049462	0.0
SNP_305	0.15625	0.129032	0.689016
SNP_306	0.045455	0.0	0.694692
SNP_307	0.35	0.053223	0.577664
SNP_308	0.5	-0.029785	0.159531
SNP_309	0.058824	0.030303	0.944205
SNP_310	0.254902	0.026452	0.467378
SNP_311	0.279412	0.051245	0.612572
SNP_312	0.058824	0.030303	0.944205
SNP_313	0.173333	0.033401	0.415654
SNP_314	0.173333	0.033401	0.415654
SNP_315	0.173333	0.033401	0.415654
SNP_316	0.439394	-0.035159	0.056774
SNP_317	0.294118	0.047129	0.603481
SNP_318	0.03125	0.0	0.5
SNP_319	0.416084	0.29892	0.974141
SNP_320	0.0	-100.0	0.5
SNP_321	0.071429	0.037037	0.967759
SNP_322	0.071429	0.037037	0.967759
SNP_323	0.136364	-0.042328	0.088521
SNP_324	0.029412	0.0	0.5
SNP_325	0.362745	0.132251	0.784161
SNP_326	0.384615	-0.013895	0.257381
SNP_327	0.384615	-0.013895	0.257381
SNP_328	0.088235	0.060606	0.790299
SNP_329	0.19375	-0.004874	0.344232
SNP_330	0.25	0.181818	0.812834
SNP_331	0.25	0.181818	0.812834
SNP_332	0.25	0.181818	0.812834
SNP_333	0.0	-100.0	0.5
SNP_334	0.0	-100.0	0.5
SNP_335	0.0	-100.0	0.5
SNP_336	0.03125	0.0	0.5
SNP_337	0.033333	0.0	0.5
SNP_338	0.133333	0.103448	1.0
SNP_339	0.132653	-0.05698	0.0
SNP_340	0.045455	0.0	0.694692
SNP_341	0.090909	0.047619	0.741489
SNP_342	0.159091	-0.045253	0.0
SNP_343	0.285714	-0.034072	0.089953
SNP_344	0.0	-100.0	0.5
SNP_345	0.0	-100.0	0.5
SNP_346	0.5	-0.051449	0.0
SNP_347	0.5	-0.051449	0.0
SNP_348	0.0	-100.0	0.5
SNP_349	0.351852	-0.046077	0.001765
SNP_350	0.106061	-0.035468	0.0
SNP_351	0.106061	-0.035468	0.0
SNP_352	0.102273	-0.035842	0.0
SNP_353	0.102273	-0.035842	0.0
SNP_354	0.102273	-0.035842	0.0
SNP_355	0.0625	0.032258	0.952037
SNP_356	0.363636	-0.010582	0.304728
SNP_357	0.055556	0.0	0.694692
SNP_358	0.7	0.689655	0.999178
SNP_359	0.7	0.689655	0.999178
SNP_360	0.7	0.689655	0.999178
SNP_361	0.7	0.689655	0.999178
SNP_362	0.441176	-0.036715	0.090825
SNP_363	0.0	-100.0	0.5
SNP_364	0.291667	0.26087	0.934054
SNP_365	0.208333	0.173913	0.944666
SNP_366	0.291667	0.26087	0.934054
SNP_367	0.311274	0.178955	0.826465
SNP_368	0.538462	0.167347	0.748733
SNP_369	0.378788	0.067389	0.615224
SNP_370	0.378788	0.067389	0.615224
SNP_371	0.0	-100.0	0.5
SNP_372	0.380952	0.030303	0.514097
SNP_373	0.480392	0.043297	0.686627
SNP_374	0.480392	0.043297	0.686627
SNP_375	0.166667	0.130435	0.706356
SNP_376	0.166667	0.130435	0.706356
SNP_377	0.0	-100.0	0.5
SNP_378	0.045455	0.0	0.694692
SNP_379	0.0	-100.0	0.5
SNP_380	0.0	-100.0	0.5
SNP_381	0.0625	0.032258	0.952037
SNP_382	0.115385	-0.033939	0.0
SNP_383	0.0	-100.0	0.5
SNP_384	0.066667	0.034483	0.959934
SNP_385	0.038462	0.0	0.5
SNP_386	0.083333	0.043478	0.726677
SNP_387	0.111111	0.058824	0.783284
SNP_388	0.111111	0.058824	0.783284
SNP_389	0.111111	0.058824	0.783284
SNP_390	0.188889	-0.046534	0.0
SNP_391	0.488636	0.008815	0.549713
SNP_392	0.488636	0.008815	0.549713
SNP_393	0.452381	0.03855	0.596005
SNP_394	0.1875	0.16129	0.894117
SNP_395	0.0	-100.0	0.5
SNP_396	0.0	-100.0	0.5
SNP_397	0.0	-100.0	0.5
SNP_398	0.1	0.052632	0.759789
SNP_399	0.420635	0.088278	0.655365
SNP_400	0.261905	-0.064994	0.0
SNP_401	0.0	-100.0	0.5
SNP_402	0.540179	0.117845	0.652779
SNP_403	0.071429	0.037037	0.967759
SNP_404	0.0	-100.0	0.5
SNP_405	0.055556	0.0	0.694692
SNP_406	0.055556	0.0	0.694692
SNP_407	0.463542	0.306302	0.989953
SNP_408	0.463542	0.306302	0.989953
SNP_409	0.090909	0.047619	0.741489
SNP_410	0.366667	-0.050157	0.0
SNP_411	0.347222	0.034855	0.517663
SNP_412	0.325	0.066442	0.592277
SNP_413	0.325	0.066442	0.592277
SNP_414	0.0	-100.0	0.5
SNP_415	0.5	0.481481	0.991789
SNP_416	0.045455	0.0	0.694692
SNP_417	0.071429	0.0	0.694692
SNP_418	0.5	0.116883	0.731102
SNP_419	0.0	-100.0	0.5
SNP_420	0.0	-100.0	0.5
SNP_421	0.0	-100.0	0.5
SNP_422	0.0	-100.0	0.5
SNP_423	0.0	-100.0	0.5
SNP_424	0.136364	0.095238	1.0
SNP_425	0.1	0.052632	0.759789
SNP_426	0.2	-0.014968	0.267099
SNP_427	0.0	-100.0	0.5
SNP_428	0.25	0.222222	0.926707
SNP_429	0.186275	0.007975	0.35443
SNP_430	0.033333	0.0	0.5
SNP_431	0.058824	0.030303	0.944205
SNP_432	0.152406	0.0	0.310584
SNP_433	0.152406	0.0	0.310584
SNP_434	0.522059	0.148676	0.824215
SNP_435	0.187166	-0.034014	0.0
SNP_436	0.339572	0.007499	0.408314
SNP_437	0.33125	-0.041003	0.085043
SNP_438	0.117647	0.090909	0.979574
SNP_439	0.0	-100.0	0.5
SNP_440	0.5	0.00682	0.457604
SNP_441	0.090909	0.047619	0.741489
SNP_442	0.0	-100.0	0.5
SNP_443	0.22549	0.106333	0.794664
SNP_444	0.0	-100.0	0.5
SNP_445	0.076923	0.04	0.97533
SNP_446	0.324675	0.081481	0.630771
SNP_447	0.0	-100.0	0.5
SNP_448	0.0	-100.0	0.5
SNP_449	0.0	-100.0	0.5
SNP_450	0.425134	-0.037736	0.024119
SNP_451	0.179739	-0.042975	0.0
SNP_452	0.055556	0.0	0.694692
SNP_453	0.029412	0.0	0.5
SNP_454	0.0	-100.0	0.5
SNP_455	0.138889	-0.010084	0.280281
SNP_456	0.125	-0.050265	0.0
SNP_457	0.25	0.2	0.859275
SNP_458	0.25	0.2	0.859275
SNP_459	0.125	0.096774	1.0
SNP_460	0.0	-100.0	0.5
SNP_461	0.0	-100.0	0.5
SNP_462	0.541667	0.143651	0.705991
SNP_463	0.178571	0.148148	1.0
SNP_464	0.142045	-0.049524	0.0
SNP_465	0.0	-100.0	0.5
SNP_466	0.0	-100.0	0.5
SNP_467	0.0	-100.0	0.5
SNP_468	0.0	-100.0	0.5
SNP_469	0.451852	0.278955	0.92825
SNP_470	0.451852	0.278955	0.92825
SNP_471	0.451852	0.278955	0.92825
SNP_472	0.451852	0.278955	0.92825
SNP_473	0.076923	0.04	0.97533
SNP_474	0.115385	0.08	0.882207
SNP_475	0.08	-0.041667	0.142062
SNP_476	0.433333	-0.060767	0.0
SNP_477	0.433333	-0.060767	0.0
SNP_478	0.033333	0.0	0.5
SNP_479	0.155882	-0.006861	0.290373
SNP_480	0.155882	-0.006861	0.290373
SNP_481	0.382353	0.283445	0.912951
SNP_482	0.454545	0.1697	0.839788
SNP_483	0.05	0.0	0.694692
SNP_484	0.05	0.0	0.694692
SNP_485	0.0	-100.0	0.5
SNP_486	0.205882	0.01901	0.472139
SNP_487	0.295455	0.127473	0.747106
SNP_488	0.323529	-0.004192	0.347694
SNP_489	0.323529	-0.004192	0.347694
SNP_490	0.264423	0.065455	0.561412
SNP_491	0.576923	0.225131	0.82048
SNP_492	0.045455	0.0	0.694692
SNP_493	0.045455	0.0	0.694692
SNP_494	0.045455	0.0	0.694692
SNP_495	0.5	0.059809	0.621346
SNP_496	0.355769	-0.031892	0.131987
SNP_497	0.458333	-0.039526	0.042691
SNP_498	0.291667	0.26087	0.934054
SNP_499	0.0	-100.0	0.5
SNP_500	0.1875	-0.027271	0.140162
SNP_501	0.0	-100.0	0.5
SNP_502	0.0	-100.0	0.5
SNP_503	0.25	0.210526	0.889218
SNP_504	0.203297	-0.017297	0.246353
SNP_505	0.17033	-0.042581	0.0
SNP_506	0.25	0.225806	0.939464
SNP_507	0.260684	0.078689	0.590293
SNP_508	0.5	0.272331	0.895167
SNP_509	0.159091	-0.068027	0.0
SNP_510	0.090909	0.047619	0.741489
SNP_511	0.0	-100.0	0.5
SNP_512	0.029412	0.0	0.5
SNP_513	0.179167	-0.016039	0.242979
SNP_514	0.281818	0.016791	0.525212
SNP_515	0.281818	0.016791	0.525212
SNP_516	0.5	-0.033267	0.101582
SNP_517	0.5	-0.033267	0.101582
SNP_518	0.0	-100.0	0.5
SNP_519	0.15625	-0.013333	0.263719
SNP_520	0.534314	0.124995	0.668258
SNP_521	0.534314	0.124995	0.668258
SNP_522	0.534314	0.124995	0.668258
SNP_523	0.382353	-0.018697	0.19443
SNP_524	0.125	0.086957	0.66016
SNP_525	0.28125	0.082126	0.6733
SNP_526	0.28125	0.082126	0.6733
SNP_527	0.474432	0.275688	0.969546
SNP_528	0.466667	0.245368	0.940633
SNP_529	0.264706	0.242424	1.0
SNP_530	0.0	-100.0	0.5
SNP_531	0.339286	0.019459	0.461676
SNP_532	0.466667	0.001353	0.380262
SNP_533	0.482353	-0.007595	0.462836
SNP_534	0.294118	0.272727	0.952637
SNP_535	0.294118	0.272727	0.952637
SNP_536	0.294118	0.272727	0.952637
SNP_537	0.029412	0.0	0.5
SNP_538	0.033333	0.0	0.5
SNP_539	0.033333	0.0	0.5
SNP_540	0.088235	0.060606	0.790299
SNP_541	0.0	-100.0	0.5
SNP_542	0.0	-100.0	0.5
SNP_543	0.072193	-0.037037	0.200062
SNP_544	0.0	-100.0	0.5
SNP_545	0.0	-100.0	0.5
SNP_546	0.0	-100.0	0.5
SNP_547	0.346154	-0.015948	0.267196
SNP_548	0.346154	-0.015948	0.267196
SNP_549	0.211538	0.05	0.616439
SNP_550	0.211538	0.05	0.616439
SNP_551	0.211538	0.05	0.616439
SNP_552	0.147059	0.121212	1.0
SNP_553	0.339572	-0.03787	0.072326
SNP_554	0.339572	-0.03787	0.072326
SNP_555	0.0625	0.0	0.694692
SNP_556	0.0	-100.0	0.5
SNP_557	0.055556	0.0	0.694692
SNP_558	0.0625	0.0	0.694692
SNP_559	0.734375	0.691027	0.998553
SNP_560	0.466667	0.448276	1.0
SNP_561	0.466667	0.448276	1.0
SNP_562	0.176768	-0.012245	0.270889
SNP_563	0.03125	0.0	0.5
SNP_564	0.0	-100.0	0.5
SNP_565	0.0	-100.0	0.5
SNP_566	0.123932	-0.044138	0.0
SNP_567	0.041667	0.0	0.694692
SNP_568	0.261364	0.06465	0.559626
SNP_569	0.261364	0.06465	0.559626
SNP_570	0.156863	-0.036561	0.0
SNP_571	0.190476	-0.030239	0.101808
SNP_572	0.190476	-0.030239	0.101808
SNP_573	0.190476	-0.030239	0.101808
SNP_574	0.190476	-0.030239	0.101808
SNP_575	0.242857	0.023277	0.51418
SNP_576	0.242857	0.023277	0.51418
SNP_577	0.0	-100.0	0.5
SNP_578	0.0	-100.0	0.5
SNP_579	0.0	-100.0	0.5
SNP_580	0.473214	-0.051013	0.019162
SNP_581	0.281818	0.036125	0.577638
SNP_582	0.425	0.285592	0.93496
SNP_583	0.5	0.20984	0.843931
SNP_584	0.46875	-0.035722	0.143155
SNP_585	0.0	-100.0	0.5
SNP_586	0.350427	-0.049067	0.0
SNP_587	0.117647	0.090909	0.979574
SNP_588	0.0	-100.0	0.5
SNP_589	0.03125	0.0	0.5
SNP_590	0.0	-100.0	0.5
SNP_591	0.0	-100.0	0.5
SNP_592	0.15625	0.129032	0.689016
SNP_593	0.041667	0.0	0.694692
SNP_594	0.181818	0.142857	1.0
SNP_595	0.095588	-0.032634	0.065144
SNP_596	0.333333	-0.033282	0.118432
SNP_597	0.136364	-0.042328	0.088521
SNP_598	0.136364	-0.042328	0.088521
SNP_599	0.188889	-0.055181	0.0
SNP_600	0.305556	-0.038165	0.110735
SNP_601	0.136364	-0.042328	0.088521
SNP_602	0.157754	0.031477	0.411661
SNP_603	0.0	-100.0	0.5
SNP_604	0.0	-100.0	0.5
SNP_605	0.0	-100.0	0.5
SNP_606	0.0	-100.0	0.5
SNP_607	0.033333	0.0	0.5
SNP_608	0.485294	0.064376	0.7474
SNP_609	0.0	-100.0	0.5
SNP_610	0.0	-100.0	0.5
SNP_611	0.041667	0.0	0.694692
SNP_612	0.14951	0.005961	0.327137
SNP_613	0.14951	0.005961	0.327137
SNP_614	0.041667	0.0	0.694692
SNP_615	0.0	-100.0	0.5
SNP_616	0.0	-100.0	0.5
SNP_617	0.08	-0.041667	0.142062
SNP_618	0.1	0.052632	0.759789
SNP_619	0.066667	0.034483	0.959934
SNP_620	0.0	-100.0	0.5
SNP_621	0.066667	0.034483	0.959934
SNP_622	0.0625	0.032258	0.952037
SNP_623	0.178571	-0.038518	0.0
SNP_624	0.470588	0.454545	1.0
SNP_625	0.470588	0.454545	1.0
SNP_626	0.470588	0.454545	1.0
SNP_627	0.318182	0.285714	0.959103
SNP_628	0.0	-100.0	0.5
SNP_629	0.666667	0.513467	0.991741
SNP_630	0.368132	-0.048358	0.0
SNP_631	0.368132	-0.048358	0.0
SNP_632	0.368132	-0.048358	0.0
SNP_633	0.0	-100.0	0.5
SNP_634	0.0	-100.0	0.5
SNP_635	0.0	-100.0	0.5
SNP_636	0.264706	0.242424	1.0
SNP_637	0.0	-100.0	0.5
SNP_638	0.1	0.068966	0.825469
SNP_639	0.136364	-0.016092	0.260037
SNP_640	0.136364	-0.016092	0.260037
SNP_641	0.045455	0.0	0.694692
SNP_642	0.0625	0.0	0.694692
SNP_643	0.0625	0.0	0.694692
SNP_644	0.0625	0.0	0.694692
SNP_645	0.0625	0.0	0.694692
SNP_646	0.058824	0.030303	0.944205
SNP_647	0.0	-100.0	0.5
SNP_648	0.475936	0.278759	0.972014
SNP_649	0.170588	-0.041247	0.0
SNP_650	0.029412	0.0	0.5
SNP_651	0.029412	0.0	0.5
SNP_652	0.5	0.188641	0.822874
SNP_653	0.071429	0.0	0.694692
SNP_654	0.11039	-0.058823	0.0
SNP_655	0.23262	0.08046	0.719048
SNP_656	0.23262	0.08046	0.719048
SNP_657	0.045455	0.0	0.694692
SNP_658	0.328431	0.091234	0.654394
SNP_659	0.494318	-0.032338	0.244924
SNP_660	0.17094	-0.043765	0.0
SNP_661	0.17094	-0.043765	0.0
SNP_662	0.34375	0.122955	0.763776
SNP_663	0.339286	0.185965	0.884979
SNP_664	0.317708	0.131079	0.740888
SNP_665	0.263021	0.012234	0.421913
SNP_666	0.317708	0.131079	0.740888
SNP_667	0.486607	-0.001019	0.500429
SNP_668	0.0	-100.0	0.5
SNP_669	0.318182	0.001134	0.374487
SNP_670	0.083333	0.043478	0.726677
SNP_671	0.083333	0.043478	0.726677
SNP_672	0.088235	0.060606	0.790299
SNP_673	0.325893	0.056494	0.565387
SNP_674	0.325893	0.056494	0.565387
SNP_675	0.03125	0.0	0.5
SNP_676	0.090909	0.047619	0.741489
SNP_677	0.458333	0.434783	0.987054
SNP_678	0.477778	-0.017015	0.278216
SNP_679	0.477778	-0.017015	0.278216
SNP_680	0.354167	0.05767	0.591475
SNP_681	0.354167	0.05767	0.591475
SNP_682	0.354167	0.05767	0.591475
SNP_683	0.333333	0.026934	0.490254
SNP_684	0.354167	0.05767	0.591475
SNP_685	0.357143	0.333333	1.0
SNP_686	0.357143	0.333333	1.0
SNP_687	0.157143	-0.047022	0.0
SNP_688	0.157143	-0.047022	0.0
SNP_689	0.585227	0.265984	0.872896
SNP_690	0.038462	0.0	0.5
SNP_691	0.038462	0.0	0.5
SNP_692	0.386364	-0.041083	0.0
SNP_693	0.0	-100.0	0.5
SNP_694	0.166667	0.137931	1.0
SNP_695	0.0625	0.032258	0.952037
SNP_696	0.176471	0.151515	1.0
SNP_697	0.176471	0.151515	1.0
SNP_698	0.041667	0.0	0.694692
SNP_699	0.041667	0.0	0.694692
SNP_700	0.136364	0.095238	1.0
SNP_701	0.0	-100.0	0.5
SNP_702	0.0	-100.0	0.5
SNP_703	0.0	-100.0	0.5
SNP_704	0.0	-100.0	0.5
SNP_705	0.345588	-0.034424	0.107119
SNP_706	0.0	-100.0	0.5
SNP_707	0.526923	0.155205	0.836861
SNP_708	0.361111	-0.045249	0.005633
SNP_709	0.221591	0.014652	0.478387
SNP_710	0.221591	0.014652	0.478387
SNP_711	0.221591	0.014652	0.478387
SNP_712	0.221591	0.014652	0.478387
SNP_713	0.261364	0.056936	0.542311
SNP_714	0.5	0.470588	0.989079
SNP_715	0.0	-100.0	0.5
SNP_716	0.285714	0.065217	0.641505
SNP_717	0.375	0.002415	0.393279
SNP_718	0.266234	0.04065	0.504315
SNP_719	0.14	-0.022167	0.236869
SNP_720	0.0	-100.0	0.5
SNP_721	0.107843	-0.011858	0.499598
SNP_722	0.4875	-0.030691	0.264129
SNP_723	0.376471	-0.01555	0.237524
SNP_724	0.423077	-0.039786	0.003344
SNP_725	0.423077	-0.039786	0.003344
SNP_726	0.423077	-0.039786	0.003344
SNP_727	0.068627	-0.035714	0.217896
SNP_728	0.361111	-0.048593	0.0
SNP_729	0.03125	0.0	0.5
SNP_730	0.1875	0.133333	0.827069
SNP_731	0.071429	0.037037	0.967759
SNP_732	0.128571	-0.01462	0.2652
SNP_733	0.071429	0.037037	0.967759
SNP_734	0.0	-100.0	0.5
SNP_735	0.058824	0.030303	0.944205
SNP_736	0.465909	-0.022227	0.243991
SNP_737	0.465909	-0.022227	0.243991
SNP_738	0.372549	0.090493	0.664747
SNP_739	0.0	-100.0	0.5
SNP_740	0.0	-100.0	0.5
SNP_741	0.416667	0.391304	0.996774
SNP_742	0.38	0.236237	0.86792
SNP_743	0.38	0.236237	0.86792
SNP_744	0.0	-100.0	0.5
SNP_745	0.444444	-0.016176	0.339417
SNP_746	0.0	-100.0	0.5
SNP_747	0.474026	0.083714	0.65116
SNP_748	0.0	-100.0	0.5
SNP_749	0.0	-100.0	0.5
SNP_750	0.0	-100.0	0.5
SNP_751	0.0	-100.0	0.5
SNP_752	0.0	-100.0	0.5
SNP_753	0.0	-100.0	0.5
SNP_754	0.0	-100.0	0.5
SNP_755	0.519608	0.064882	0.588022
SNP_756	0.411765	-0.013363	0.321549
SNP_757	0.416667	-0.021038	0.215638
SNP_758	0.416667	-0.021038	0.215638
SNP_759	0.40625	-0.005035	0.371617
SNP_760	0.178571	0.148148	1.0
SNP_761	0.0	-100.0	0.5
SNP_762	0.0	-100.0	0.5
SNP_763	0.5	-0.034632	0.075955
SNP_764	0.34375	0.122955	0.763776
SNP_765	0.0625	0.032258	0.952037
SNP_766	0.029412	0.0	0.5
SNP_767	0.660714	0.494622	0.989286
SNP_768	0.035714	0.0	0.5
SNP_769	0.470588	-0.036747	0.134807
SNP_770	0.421569	0.079051	0.633984
SNP_771	0.378788	0.0	0.377883
SNP_772	0.409091	-0.055556	0.030262
SNP_773	0.0	-100.0	0.5
SNP_774	0.035714	0.0	0.5
SNP_775	0.035714	0.0	0.5
SNP_776	0.05	0.0	0.694692
SNP_777	0.632353	0.462926	0.982124
SNP_778	0.471154	-0.02517	0.223515
SNP_779	0.393939	0.015767	0.461359
SNP_780	0.370588	-0.000532	0.374328
SNP_781	0.277778	-0.067194	0.0
SNP_782	0.40625	0.120078	0.790665
SNP_783	0.40625	0.120078	0.790665
SNP_784	0.40625	0.120078	0.790665
SNP_785	0.166667	0.130435	0.706356
SNP_786	0.395833	0.040198	0.567989
SNP_787	0.098958	-0.052631	0.0
SNP_788	0.083333	0.043478	0.726677
SNP_789	0.083333	0.043478	0.726677
SNP_790	0.041667	0.0	0.694692
SNP_791	0.058824	0.030303	0.944205
SNP_792	0.0	-100.0	0.5
SNP_793	0.396104	0.064313	0.648768
SNP_794	0.264423	0.065455	0.561412
SNP_795	0.363636	0.030506	0.502796
SNP_796	0.0	-100.0	0.5
SNP_797	0.40625	-0.031736	0.194658
SNP_798	0.40625	-0.031736	0.194658
SNP_799	0.467532	0.162393	0.821996
SNP_800	0.357143	0.011822	0.428791
SNP_801	0.704545	0.58679	0.997349
SNP_802	0.111111	0.058824	0.783284
SNP_803	0.486111	-0.005826	0.473605
SNP_804	0.058824	0.030303	0.944205
SNP_805	0.058824	0.030303	0.944205
SNP_806	0.058824	0.030303	0.944205
SNP_807	0.0	-100.0	0.5
SNP_808	0.475962	0.115556	0.728049
SNP_809	0.403846	-0.04381	0.105277
SNP_810	0.214815	-0.043296	0.050072
SNP_811	0.214815	-0.043296	0.050072
SNP_812	0.21875	0.052535	0.625557
SNP_813	0.44375	-0.039432	0.044293
SNP_814	0.137363	-0.0576	0.0
SNP_815	0.0	-100.0	0.5
SNP_816	0.0	-100.0	0.5
SNP_817	0.05	0.0	0.694692
SNP_818	0.098958	-0.052631	0.0
SNP_819	0.0875	-0.047619	0.0
SNP_820	0.092593	-0.05	0.0
SNP_821	0.0875	-0.047619	0.0
SNP_822	0.305556	0.02139	0.458946
SNP_823	0.305556	0.02139	0.458946
SNP_824	0.1	0.068966	0.825469
SNP_825	0.125	0.096774	1.0
SNP_826	0.333333	0.304348	0.999992
SNP_827	0.333333	0.304348	0.999992
SNP_828	0.514706	0.058592	0.564709
SNP_829	0.514706	0.058592	0.564709
SNP_830	0.0	-100.0	0.5
SNP_831	0.147059	-0.032089	0.188187
SNP_832	0.179144	0.024876	0.397385
SNP_833	0.272727	0.238095	0.990173
SNP_834	0.4375	0.11009	0.701623
SNP_835	0.133333	-0.023026	0.233294
SNP_836	0.3125	0.150145	0.777161
SNP_837	0.133333	-0.023026	0.233294
SNP_838	0.029412	0.0	0.5
SNP_839	0.029412	0.0	0.5
SNP_840	0.125668	-0.021277	0.240484
SNP_841	0.0	-100.0	0.5
SNP_842	0.371429	-0.045157	0.0
SNP_843	0.371429	-0.045157	0.0
SNP_844	0.4	-0.027113	0.228358
SNP_845	0.235294	0.212121	0.992992
SNP_846	0.46875	0.451613	1.0
SNP_847	0.46875	0.451613	1.0
SNP_848	0.029412	0.0	0.5
SNP_849	0.419786	0.001213	0.375593
SNP_850	0.21875	0.193548	0.97387
SNP_851	0.119048	-0.044444	0.0
SNP_852	0.119048	-0.044444	0.0
SNP_853	0.119048	-0.044444	0.0
SNP_854	0.033333	0.0	0.5
SNP_855	0.033333	0.0	0.5
SNP_856	0.033333	0.0	0.5
SNP_857	0.0	-100.0	0.5
SNP_858	0.321429	-0.015195	0.284698
SNP_859	0.0	-100.0	0.5
SNP_860	0.242188	-0.033163	0.154005
SNP_861	0.242188	-0.033163	0.154005
SNP_862	0.242188	-0.033163	0.154005
SNP_863	0.127604	-0.013825	0.26793
SNP_864	0.127604	-0.013825	0.26793
SNP_865	0.127604	-0.013825	0.26793
SNP_866	0.269231	-0.065628	0.0
SNP_867	0.18254	0.0	0.328417
SNP_868	0.18254	0.0	0.328417
SNP_869	0.269231	-0.065628	0.0
SNP_870	0.18254	0.0	0.328417
SNP_871	0.045455	0.0	0.694692
SNP_872	0.055556	0.0	0.694692
SNP_873	0.208333	-0.044211	0.040957
SNP_874	0.066667	0.034483	0.959934
SNP_875	0.125	0.066667	0.501432
SNP_876	0.359375	0.058252	0.593262
SNP_877	0.359375	0.058252	0.593262
SNP_878	0.25	-0.037861	0.0
SNP_879	0.05	0.0	0.694692
SNP_880	0.05	0.0	0.694692
SNP_881	0.541667	0.118961	0.655233
SNP_882	0.541667	0.118961	0.655233
SNP_883	0.390625	-0.008322	0.313872
SNP_884	0.390625	-0.008322	0.313872
SNP_885	0.390625	-0.008322	0.313872
SNP_886	0.25	-0.037861	0.0
SNP_887	0.205882	0.181818	0.939188
SNP_888	0.205882	0.181818	0.939188
SNP_889	0.1875	0.16129	0.894117
SNP_890	0.179167	-0.016039	0.242979
SNP_891	0.083333	0.043478	0.726677
SNP_892	0.480556	0.039951	0.675568
SNP_893	0.0	-100.0	0.5
SNP_894	0.029412	0.0	0.5
SNP_895	0.442857	0.035276	0.585773
SNP_896	0.442857	0.035276	0.585773
SNP_897	0.442857	0.035276	0.585773
SNP_898	0.390625	-0.027246	0.016067
SNP_899	0.390625	-0.027246	0.016067
SNP_900	0.404762	-0.020854	0.272276
SNP_901	0.404762	-0.020854	0.272276
SNP_902	0.404762	-0.020854	0.272276
SNP_903	0.088235	0.060606	0.790299
SNP_904	0.045455	0.0	0.694692
SNP_905	0.166667	0.130435	0.706356
SNP_906	0.305556	-0.044525	0.052843
SNP_907	0.305556	-0.044525	0.052843
SNP_908	0.0	-100.0	0.5
SNP_909	0.033333	0.0	0.5
SNP_910	0.0	-100.0	0.5
SNP_911	0.0	-100.0	0.5
SNP_912	0.0	-100.0	0.5
SNP_913	0.367647	0.076232	0.635141
SNP_914	0.351852	-0.015615	0.269632
SNP_915	0.351852	-0.015615	0.269632
SNP_916	0.351852	-0.015615	0.269632
SNP_917	0.083333	-0.041667	0.0
SNP_918	0.083333	-0.041667	0.0
SNP_919	0.083333	-0.041667	0.0
SNP_920	0.058824	0.030303	0.944205
SNP_921	0.0	-100.0	0.5
SNP_922	0.25	0.217391	0.91055
SNP_923	0.325	-0.047762	0.024761
SNP_924	0.186275	0.064073	0.473949
SNP_925	0.5	0.454545	0.984584
SNP_926	0.0	-100.0	0.5
SNP_927	0.0	-100.0	0.5
SNP_928	0.070312	-0.037037	0.200062
SNP_929	0.041667	0.0	0.694692
SNP_930	0.3125	0.266667	0.941007
SNP_931	0.142857	0.076923	0.553028
SNP_932	0.142857	0.076923	0.553028
SNP_933	0.142857	0.076923	0.553028
SNP_934	0.142857	0.076923	0.553028
SNP_935	0.142857	0.076923	0.553028
SNP_936	0.029412	0.0	0.5
SNP_937	0.029412	0.0	0.5
SNP_938	0.0	-100.0	0.5
SNP_939	0.029412	0.0	0.5
SNP_940	0.165289	-0.047619	0.0
SNP_941	0.354545	0.028533	0.495948
SNP_942	0.283422	0.040431	0.588038
SNP_943	0.200535	0.076191	0.669707
SNP_944	0.200535	0.076191	0.669707
SNP_945	0.090909	0.047619	0.741489
SNP_946	0.50974	0.018401	0.50286
SNP_947	0.392157	0.026877	0.502904
SNP_948	0.222222	-0.040514	0.078773
SNP_949	0.222222	-0.040514	0.078773
SNP_950	0.19697	0.0	0.375536
SNP_951	0.366667	-0.016094	0.230612
SNP_952	0.071429	0.0	0.694692
SNP_953	0.382353	0.055539	0.586329
SNP_954	0.402597	-0.062035	0.005764
SNP_955	0.0	-100.0	0.5
SNP_956	0.285714	0.230769	0.89054
SNP_957	0.56	0.184437	0.802195
SNP_958	0.3125	-0.024228	0.22385
SNP_959	0.3125	-0.024228	0.22385
SNP_960	0.3125	-0.024228	0.22385
SNP_961	0.15625	0.129032	0.689016
SNP_962	0.15625	0.129032	0.689016
SNP_963	0.0	-100.0	0.5
SNP_964	0.153846	0.12	1.0
SNP_965	0.090909	0.047619	0.741489
SNP_966	0.090909	0.047619	0.741489
SNP_967	0.058824	0.030303	0.944205
SNP_968	0.0	-100.0	0.5
SNP_969	0.142857	-0.057971	0.0
SNP_970	0.121212	-0.0625	0.0
SNP_971	0.166667	0.117647	0.609465
SNP_972	0.0	-100.0	0.5
SNP_973	0.0	-100.0	0.5
SNP_974	0.122378	-0.021769	0.419801
SNP_975	0.411765	0.393939	0.995411
SNP_976	0.102941	-0.039827	0.0
SNP_977	0.0	-100.0	0.5
SNP_978	0.090909	0.047619	0.741489
SNP_979	0.055556	0.0	0.694692
SNP_980	0.072193	-0.037037	0.200062
SNP_981	0.072193	-0.037037	0.200062
SNP_982	0.029412	0.0	0.5
SNP_983	0.072193	-0.037037	0.200062
SNP_984	0.045455	0.0	0.694692
SNP_985	0.0	-100.0	0.5
SNP_986	0.0	-100.0	0.5
SNP_987	0.433036	0.053532	0.568282
SNP_988	0.0	-100.0	0.5
SNP_989	0.098958	-0.052631	0.0
SNP_990	0.24026	-0.06237	0.0
SNP_991	0.425926	-0.051151	0.0
SNP_992	0.492647	-0.017462	0.392476
SNP_993	0.291667	0.26087	0.934054
SNP_994	0.029412	0.0	0.5
SNP_995	0.142857	-0.012626	0.271972
SNP_996	0.038462	0.0	0.5
SNP_997	0.517094	0.039203	0.489687
SNP_998	0.260684	-0.020829	0.243638
SNP_999	0.511905	0.00608	0.322801
SNP_1000	0.260684	-0.020829	0.243638
SNP_1001	0.511905	0.00608	0.322801
SNP_1002	0.369792	-0.022413	0.131112
SNP_1003	0.369792	-0.022413	0.131112
SNP_1004	0.34375	0.033465	0.512937
SNP_1005	0.301471	0.006491	0.492099
SNP_1006	0.1	0.068966	0.825469
SNP_1007	0.441667	0.03834	0.595358
SNP_1008	0.0	-100.0	0.5
SNP_1009	0.0	-100.0	0.5
SNP_1010	0.033333	0.0	0.5
SNP_1011	0.441667	0.03834	0.595358
SNP_1012	0.0	-100.0	0.5
SNP_1013	0.0	-100.0	0.5
SNP_1014	0.441667	0.03834	0.595358
SNP_1015	0.431624	-0.037484	0.027174
SNP_1016	0.393939	-0.041	0.0
SNP_1017	0.393939	-0.041	0.0
SNP_1018	0.50303	-0.028192	0.182858
SNP_1019	0.363636	-0.026601	0.181061
SNP_1020	0.393939	-0.041	0.0
SNP_1021	0.071429	0.037037	0.967759
SNP_1022	0.111111	0.058824	0.783284
SNP_1023	0.4	0.033669	0.544186
SNP_1024	0.05	0.0	0.694692
SNP_1025	0.05	0.0	0.694692
SNP_1026	0.56	0.177632	0.790276
SNP_1027	0.562937	0.20588	0.837082
SNP_1028	0.136364	0.095238	1.0
SNP_1029	0.562937	0.20588	0.837082
SNP_1030	0.475	0.042167	0.533098
SNP_1031	0.475	0.042167	0.533098
SNP_1032	0.5	0.058852	0.61907
SNP_1033	0.5	0.058852	0.61907
SNP_1034	0.0	-100.0	0.5
SNP_1035	0.583333	0.245989	0.852645
SNP_1036	0.0	-100.0	0.5
SNP_1037	0.076923	0.04	0.97533
SNP_1038	0.166667	0.090909	0.526158
SNP_1039	0.656863	0.597015	0.997535
SNP_1040	0.125	0.096774	1.0
SNP_1041	0.305556	0.135264	0.749114
SNP_1042	0.305556	0.135264	0.749114
SNP_1043	0.142857	0.111111	1.0
SNP_1044	0.230392	0.088008	0.742172
SNP_1045	0.53719	0.097436	0.605352
SNP_1046	0.53719	0.097436	0.605352
SNP_1047	0.540909	0.109096	0.633043
SNP_1048	0.055556	0.0	0.694692
SNP_1049	0.187166	-0.034014	0.0
SNP_1050	0.090909	0.047619	0.741489
SNP_1051	0.256684	-0.02381	0.215967
SNP_1052	0.187166	-0.034014	0.0
SNP_1053	0.139037	-0.032967	0.182757
SNP_1054	0.1875	0.16129	0.894117
SNP_1055	0.227273	0.190476	0.969838
SNP_1056	0.5	-0.045796	0.0
SNP_1057	0.301136	-0.057143	0.0
SNP_1058	0.1	0.068966	0.825469
SNP_1059	0.235294	-0.034297	0.142756
SNP_1060	0.333333	-0.048419	0.0
SNP_1061	0.077922	-0.041667	0.142062
SNP_1062	0.248252	0.000537	0.408224
SNP_1063	0.295455	0.127473	0.747106
SNP_1064	0.0	-100.0	0.5
SNP_1065	0.0	-100.0	0.5
SNP_1066	0.457386	0.001317	0.454466
SNP_1067	0.115385	0.08	0.882207
SNP_1068	0.083333	0.043478	0.726677
SNP_1069	0.083333	0.043478	0.726677
SNP_1070	0.083333	0.043478	0.726677
SNP_1071	0.0	-100.0	0.5
SNP_1072	0.038462	0.0	0.5
SNP_1073	0.0	-100.0	0.5
SNP_1074	0.088235	0.060606	0.790299
SNP_1075	0.419192	-0.048901	0.0
SNP_1076	0.041667	0.0	0.694692
SNP_1077	0.536458	0.189869	0.784486
SNP_1078	0.536458	0.189869	0.784486
SNP_1079	0.536458	0.189869	0.784486
SNP_1080	0.484375	0.007314	0.54249
SNP_1081	0.484375	0.007314	0.54249
SNP_1082	0.203431	0.059146	0.616056
SNP_1083	0.528571	0.082832	0.568421
SNP_1084	0.328431	0.091234	0.654394
SNP_1085	0.48125	-0.043062	0.103798
SNP_1086	0.246753	0.109649	0.803622
SNP_1087	0.205882	0.067857	0.643936
SNP_1088	0.25	-0.041379	0.0
SNP_1089	0.0625	0.032258	0.952037
SNP_1090	0.45098	0.0641	0.665866
SNP_1091	0.45098	0.0641	0.665866
SNP_1092	0.5	-0.031746	0.128162
SNP_1093	0.0	-100.0	0.5
SNP_1094	0.441667	0.330189	0.953991
SNP_1095	0.166667	0.130435	0.706356
SNP_1096	0.0	-100.0	0.5
SNP_1097	0.0	-100.0	0.5
SNP_1098	0.0	-100.0	0.5
SNP_1099	0.0	-100.0	0.5
SNP_1100	0.0	-100.0	0.5
SNP_1101	0.0	-100.0	0.5
SNP_1102	0.107143	0.074074	0.849672
SNP_1103	0.0	-100.0	0.5
SNP_1104	0.107143	0.074074	0.849672
SNP_1105	0.03125	0.0	0.5
SNP_1106	0.058824	0.030303	0.944205
SNP_1107	0.0	-100.0	0.5
SNP_1108	0.0	-100.0	0.5
SNP_1109	0.0	-100.0	0.5
SNP_1110	0.115385	0.08	0.882207
SNP_1111	0.0	-100.0	0.5
SNP_1112	0.0	-100.0	0.5
SNP_1113	0.157143	-0.040581	0.0
SNP_1114	0.153333	-0.037639	0.147765
SNP_1115	0.204545	-0.031938	0.078298
SNP_1116	0.05	0.0	0.694692
SNP_1117	0.389706	0.103363	0.689194
SNP_1118	0.0	-100.0	0.5
SNP_1119	0.09375	-0.047619	0.0
SNP_1120	0.583333	0.375079	0.956734
SNP_1121	0.583333	0.375079	0.956734
SNP_1122	0.441176	0.424242	0.98471
SNP_1123	0.530303	0.078752	0.557664
SNP_1124	0.513889	0.038018	0.48483
SNP_1125	0.530303	0.078752	0.557664
SNP_1126	0.155882	-0.006861	0.290373
SNP_1127	0.155882	-0.006861	0.290373
SNP_1128	0.186275	0.064073	0.473949
SNP_1129	0.0	-100.0	0.5
SNP_1130	0.0	-100.0	0.5
SNP_1131	0.51875	0.070264	0.607444
SNP_1132	0.51875	0.070264	0.607444
SNP_1133	0.5	0.129481	0.750084
SNP_1134	0.166667	0.130435	0.706356
SNP_1135	0.033333	0.0	0.5
SNP_1136	0.033333	0.0	0.5
SNP_1137	0.033333	0.0	0.5
SNP_1138	0.033333	0.0	0.5
SNP_1139	0.033333	0.0	0.5
SNP_1140	0.219251	0.029036	0.537099
SNP_1141	0.376033	-0.041863	0.0
SNP_1142	0.145455	-0.037767	0.146602
SNP_1143	0.617857	0.451847	0.979856
SNP_1144	0.0	-100.0	0.5
SNP_1145	0.106061	-0.035468	0.0
SNP_1146	0.1	0.068966	0.825469
SNP_1147	0.388889	0.034269	0.526593
SNP_1148	0.090909	0.047619	0.741489
SNP_1149	0.213542	-0.01057	0.340039
SNP_1150	0.071429	0.0	0.694692
SNP_1151	0.583333	0.251487	0.858388
SNP_1152	0.522222	0.054324	0.548559
SNP_1153	0.083333	0.043478	0.726677
SNP_1154	0.083333	0.043478	0.726677
SNP_1155	0.483957	-0.038937	0.160757
SNP_1156	0.483957	-0.038937	0.160757
SNP_1157	0.483957	-0.038937	0.160757
SNP_1158	0.483957	-0.038937	0.160757
SNP_1159	0.483957	-0.038937	0.160757
SNP_1160	0.1	0.068966	0.825469
SNP_1161	0.497326	-0.038403	0.167955
SNP_1162	0.497326	-0.038403	0.167955
SNP_1163	0.176471	0.031566	0.411848
SNP_1164	0.176471	0.031566	0.411848
SNP_1165	0.0	-100.0	0.5
SNP_1166	0.15625	0.129032	0.689016
SNP_1167	0.15625	0.129032	0.689016
SNP_1168	0.357143	-0.061616	0.0
SNP_1169	0.03125	0.0	0.5
SNP_1170	0.090909	0.047619	0.741489
SNP_1171	0.261905	-0.056856	0.0
SNP_1172	0.261905	-0.056856	0.0
SNP_1173	0.117647	0.090909	0.979574
SNP_1174	0.058824	0.030303	0.944205
SNP_1175	0.058824	0.030303	0.944205
SNP_1176	0.176471	0.151515	1.0
SNP_1177	0.058824	0.030303	0.944205
SNP_1178	0.186275	0.064073	0.473949
SNP_1179	0.425	0.028268	0.49213
SNP_1180	0.166667	0.130435	0.706356
SNP_1181	0.243316	-0.0382	0.102904
SNP_1182	0.058824	0.030303	0.944205
SNP_1183	0.0	-100.0	0.5
SNP_1184	0.0	-100.0	0.5
SNP_1185	0.0	-100.0	0.5
SNP_1186	0.083333	0.043478	0.726677
SNP_1187	0.533854	0.35046	0.940222
SNP_1188	0.071429	0.0	0.694692
SNP_1189	0.029412	0.0	0.5
SNP_1190	0.0	-100.0	0.5
SNP_1191	0.0	-100.0	0.5
SNP_1192	0.527778	0.125697	0.669747
SNP_1193	0.527778	0.125697	0.669747
SNP_1194	0.527778	0.125697	0.669747
SNP_1195	0.0	-100.0	0.5
SNP_1196	0.193878	-0.034938	0.034896
SNP_1197	0.0625	0.032258	0.952037
SNP_1198	0.147059	0.121212	1.0
SNP_1199	0.075758	-0.04	0.16205
SNP_1200	0.19697	0.039788	0.550293
SNP_1201	0.19697	0.039788	0.550293
SNP_1202	0.19697	0.039788	0.550293
SNP_1203	0.535714	0.276647	0.886502
SNP_1204	0.029412	0.0	0.5
SNP_1205	0.546875	0.213651	0.848758
SNP_1206	0.0	-100.0	0.5
SNP_1207	0.0	-100.0	0.5
SNP_1208	0.522059	0.289707	0.975416
SNP_1209	0.0	-100.0	0.5
SNP_1210	0.033333	0.0	0.5
SNP_1211	0.03125	0.0	0.5
SNP_1212	0.03125	0.0	0.5
SNP_1213	0.03125	0.0	0.5
SNP_1214	0.491667	-0.031865	0.250517
SNP_1215	0.491667	-0.031865	0.250517
SNP_1216	0.491667	-0.031865	0.250517
SNP_1217	0.033333	0.0	0.5
SNP_1218	0.219251	0.029036	0.537099
SNP_1219	0.25	0.222222	0.926707
SNP_1220	0.142857	0.076923	0.553028
SNP_1221	0.083333	0.043478	0.726677
SNP_1222	0.071429	0.037037	0.967759
SNP_1223	0.0	-100.0	0.5
SNP_1224	0.176471	0.151515	1.0
SNP_1225	0.0	-100.0	0.5
SNP_1226	0.147059	0.121212	1.0
SNP_1227	0.0	-100.0	0.5
SNP_1228	0.208333	0.003795	0.425913
SNP_1229	0.208333	0.003795	0.425913
SNP_1230	0.208333	0.003795	0.425913
SNP_1231	0.0	-100.0	0.5
SNP_1232	0.133333	0.103448	1.0
SNP_1233	0.083333	0.043478	0.726677
SNP_1234	0.416667	-0.026087	0.165247
SNP_1235	0.416667	-0.026087	0.165247
SNP_1236	0.416667	-0.026087	0.165247
SNP_1237	0.155882	-0.006861	0.290373
SNP_1238	0.05	0.0	0.694692
SNP_1239	0.0	-100.0	0.5
SNP_1240	0.0	-100.0	0.5
SNP_1241	0.045455	0.0	0.694692
SNP_1242	0.045455	0.0	0.694692
SNP_1243	0.323529	-0.004192	0.347694
SNP_1244	0.083333	0.043478	0.726677
SNP_1245	0.0	-100.0	0.5
SNP_1246	0.0	-100.0	0.5
SNP_1247	0.0	-100.0	0.5
SNP_1248	0.083333	0.043478	0.726677
SNP_1249	0.0	-100.0	0.5
SNP_1250	0.0	-100.0	0.5
SNP_1251	0.0	-100.0	0.5
SNP_1252	0.379902	-0.016065	0.230985
SNP_1253	0.435829	-0.038855	0.011529
SNP_1254	0.379902	-0.016065	0.230985
SNP_1255	0.088235	0.060606	0.790299
SNP_1256	0.318681	0.078621	0.623647
SNP_1257	0.0	-100.0	0.5
SNP_1258	0.411111	-0.014182	0.316352
SNP_1259	0.0625	0.032258	0.952037
SNP_1260	0.421875	-0.019808	0.226922
SNP_1261	0.058824	0.030303	0.944205
SNP_1262	0.058824	0.030303	0.944205
SNP_1263	0.058824	0.030303	0.944205
SNP_1264	0.5	0.125438	0.744153
SNP_1265	0.52381	0.043782	0.507801
SNP_1266	0.345588	0.050795	0.570004
SNP_1267	0.345588	0.050795	0.570004
SNP_1268	0.029412	0.0	0.5
SNP_1269	0.058824	0.030303	0.944205
SNP_1270	0.441176	0.08658	0.715504
SNP_1271	0.127604	-0.013825	0.26793
SNP_1272	0.286096	0.170895	0.808999
SNP_1273	0.0	-100.0	0.5
SNP_1274	0.029412	0.0	0.5
SNP_1275	0.515625	0.033023	0.463457
SNP_1276	0.0	-100.0	0.5
SNP_1277	0.208333	-0.049787	0.000621
SNP_1278	0.118182	-0.014652	0.481726
SNP_1279	0.118182	-0.014652	0.481726
SNP_1280	0.192308	-0.025558	0.16074
SNP_1281	0.354167	-0.063474	0.0
SNP_1282	0.0	-100.0	0.5
SNP_1283	0.0	-100.0	0.5
SNP_1284	0.088235	0.060606	0.790299
SNP_1285	0.05	0.0	0.694692
SNP_1286	0.0	-100.0	0.5
SNP_1287	0.0	-100.0	0.5
SNP_1288	0.0	-100.0	0.5
SNP_1289	0.0	-100.0	0.5
SNP_1290	0.089744	-0.047619	0.0
SNP_1291	0.089744	-0.047619	0.0
SNP_1292	0.15625	0.010753	0.362385
SNP_1293	0.15625	0.010753	0.362385
SNP_1294	0.488462	-0.037298	0.182659
SNP_1295	0.05	0.0	0.694692
SNP_1296	0.0	-100.0	0.5
SNP_1297	0.0	-100.0	0.5
SNP_1298	0.05	0.0	0.694692
SNP_1299	0.272727	0.238095	0.990173
SNP_1300	0.272727	0.238095	0.990173
SNP_1301	0.397436	0.037723	0.559053
SNP_1302	0.397436	0.037723	0.559053
SNP_1303	0.397436	0.037723	0.559053
SNP_1304	0.397436	0.037723	0.559053
SNP_1305	0.0	-100.0	0.5
SNP_1306	0.0	-100.0	0.5
SNP_1307	0.071429	0.037037	0.967759
SNP_1308	0.435897	0.015456	0.444217
SNP_1309	0.435897	0.015456	0.444217
SNP_1310	0.132353	-0.033231	0.181069
SNP_1311	0.305556	0.077061	0.619722
SNP_1312	0.033333	0.0	0.5
SNP_1313	0.0	-100.0	0.5
SNP_1314	0.0	-100.0	0.5
SNP_1315	0.5	-0.004269	0.40044
SNP_1316	0.5	-0.004269	0.40044
SNP_1317	0.0	-100.0	0.5
SNP_1318	0.0	-100.0	0.5
SNP_1319	0.045455	0.0	0.694692
SNP_1320	0.483333	-0.071275	0.0
SNP_1321	0.142857	0.111111	1.0
SNP_1322	0.285714	0.259259	0.931611
SNP_1323	0.222222	0.176471	0.948904
SNP_1324	0.294118	-0.024539	0.29522
SNP_1325	0.414286	0.217786	0.925594
SNP_1326	0.299479	0.164095	0.799626
SNP_1327	0.299479	0.164095	0.799626
SNP_1328	0.419786	0.260843	0.91269
SNP_1329	0.465241	0.211823	0.899584
SNP_1330	0.083333	0.043478	0.726677
SNP_1331	0.083333	0.043478	0.726677
SNP_1332	0.083333	0.043478	0.726677
SNP_1333	0.166667	0.117647	0.609465
SNP_1334	0.630952	0.469848	0.983537
SNP_1335	0.630952	0.469848	0.983537
SNP_1336	0.0	-100.0	0.5
SNP_1337	0.0	-100.0	0.5
SNP_1338	0.0	-100.0	0.5
SNP_1339	0.033333	0.0	0.5
SNP_1340	0.156863	-0.036561	0.0
SNP_1341	0.427083	0.26453	0.916186
SNP_1342	0.398148	0.263338	0.957611
SNP_1343	0.398148	0.263338	0.957611
SNP_1344	0.0	-100.0	0.5
SNP_1345	0.0	-100.0	0.5
SNP_1346	0.0	-100.0	0.5
SNP_1347	0.1875	0.060386	0.620086
SNP_1348	0.045455	0.0	0.694692
SNP_1349	0.0	-100.0	0.5
SNP_1350	0.045455	0.0	0.694692
SNP_1351	0.214815	-0.043296	0.050072
SNP_1352	0.214815	-0.043296	0.050072
SNP_1353	0.214815	-0.043296	0.050072
SNP_1354	0.214815	-0.043296	0.050072
SNP_1355	0.214815	-0.043296	0.050072
SNP_1356	0.214815	-0.043296	0.050072
SNP_1357	0.083333	0.043478	0.726677
SNP_1358	0.055556	0.0	0.694692
SNP_1359	0.055556	0.0	0.694692
SNP_1360	0.484848	-0.069196	0.0
SNP_1361	0.474747	0.067406	0.607258
SNP_1362	0.0	-100.0	0.5
SNP_1363	0.113095	-0.052632	0.0
SNP_1364	0.25	0.181818	0.812834
SNP_1365	0.033333	0.0	0.5
SNP_1366	0.033333	0.0	0.5
SNP_1367	0.157143	-0.047022	0.0
SNP_1368	0.34375	0.322581	1.0
SNP_1369	0.437063	-0.022827	0.198558
SNP_1370	0.437063	-0.022827	0.198558
SNP_1371	0.437063	-0.022827	0.198558
SNP_1372	0.575	0.243259	0.842149
SNP_1373	0.2	-0.048851	0.0
SNP_1374	0.058824	0.030303	0.944205
SNP_1375	0.05	0.0	0.694692
SNP_1376	0.05	0.0	0.694692
SNP_1377	0.05	0.0	0.694692
SNP_1378	0.25	-0.037861	0.0
SNP_1379	0.242188	-0.033163	0.154005
SNP_1380	0.242188	-0.033163	0.154005
SNP_1381	0.41	0.272498	0.962478
SNP_1382	0.095588	-0.032634	0.065144
SNP_1383	0.5375	0.298246	0.904825
SNP_1384	0.0	-100.0	0.5
SNP_1385	0.068627	-0.035714	0.217896
SNP_1386	0.0	-100.0	0.5
SNP_1387	0.416084	-0.037983	0.148209
SNP_1388	0.346875	0.011517	0.427393
SNP_1389	0.346875	0.011517	0.427393
SNP_1390	0.428571	0.384615	0.994843
SNP_1391	0.428571	0.384615	0.994843
SNP_1392	0.083333	0.0	0.561215
SNP_1393	0.0	-100.0	0.5
SNP_1394	0.083333	0.0	0.561215
SNP_1395	0.255556	-0.034874	0.048064
SNP_1396	0.230769	0.2	0.981598
SNP_1397	0.392857	-0.027778	0.002977
SNP_1398	0.169421	0.003484	0.340459
SNP_1399	0.169421	0.003484	0.340459
SNP_1400	0.0	-100.0	0.5
SNP_1401	0.0	-100.0	0.5
SNP_1402	0.0	-100.0	0.5
SNP_1403	0.377451	0.165443	0.785524
SNP_1404	0.090909	0.047619	0.741489
SNP_1405	0.0	-100.0	0.5
SNP_1406	0.088235	0.060606	0.790299
SNP_1407	0.526471	0.153021	0.832713
SNP_1408	0.166667	-0.010753	0.279911
SNP_1409	0.181818	0.142857	1.0
SNP_1410	0.045455	0.0	0.694692
SNP_1411	0.181818	0.142857	1.0
SNP_1412	0.045455	0.0	0.694692
SNP_1413	0.045455	0.0	0.694692
SNP_1414	0.181818	0.142857	1.0
SNP_1415	0.111111	0.058824	0.783284
SNP_1416	0.555147	0.257756	0.905907
SNP_1417	0.555147	0.257756	0.905907
SNP_1418	0.555147	0.257756	0.905907
SNP_1419	0.071429	0.037037	0.967759
SNP_1420	0.0	-100.0	0.5
SNP_1421	0.350427	-0.049067	0.0
SNP_1422	0.029412	0.0	0.5
SNP_1423	0.045455	0.0	0.694692
SNP_1424	0.287879	-0.026398	0.270339
SNP_1425	0.410714	0.082126	0.700706
SNP_1426	0.0	-100.0	0.5
SNP_1427	0.357143	-0.052137	0.0
SNP_1428	0.083333	0.043478	0.726677
SNP_1429	0.0	-100.0	0.5
SNP_1430	0.083333	0.043478	0.726677
SNP_1431	0.083333	0.043478	0.726677
SNP_1432	0.129808	-0.05037	0.0
SNP_1433	0.083333	0.043478	0.726677
SNP_1434	0.0	-100.0	0.5
SNP_1435	0.15625	0.129032	0.689016
SNP_1436	0.15625	0.129032	0.689016
SNP_1437	0.038462	0.0	0.5
SNP_1438	0.346154	0.32	1.0
SNP_1439	0.083333	0.043478	0.726677
SNP_1440	0.523148	0.154992	0.83646
SNP_1441	0.0	-100.0	0.5
SNP_1442	0.494792	-0.036982	0.186814
SNP_1443	0.21875	-0.055072	0.0
SNP_1444	0.21875	-0.055072	0.0
SNP_1445	0.21875	-0.055072	0.0
SNP_1446	0.21875	-0.055072	0.0
SNP_1447	0.21875	-0.055072	0.0
SNP_1448	0.1875	0.16129	0.894117
SNP_1449	0.1	0.052632	0.759789
SNP_1450	0.45625	-0.01107	0.379074
SNP_1451	0.0	-100.0	0.5
SNP_1452	0.0	-100.0	0.5
SNP_1453	0.0	-100.0	0.5
SNP_1454	0.066667	0.034483	0.959934
SNP_1455	0.088235	0.060606	0.790299
SNP_1456	0.666667	0.492286	0.989806
SNP_1457	0.125	0.066667	0.501432
SNP_1458	0.071429	0.037037	0.967759
SNP_1459	0.0	-100.0	0.5
SNP_1460	0.466667	0.448276	1.0
SNP_1461	0.466667	0.448276	1.0
SNP_1462	0.544444	0.263319	0.87396
SNP_1463	0.352941	-0.031621	0.1346
SNP_1464	0.375	-0.022807	0.123337
SNP_1465	0.620098	0.377509	0.954775
SNP_1466	0.419786	0.001213	0.375593
SNP_1467	0.033333	0.0	0.5
SNP_1468	0.072193	-0.037037	0.200062
SNP_1469	0.090909	0.047619	0.741489
SNP_1470	0.0625	0.0	0.694692
SNP_1471	0.0	-100.0	0.5
SNP_1472	0.0625	0.0	0.694692
SNP_1473	0.423077	-0.046124	0.0
SNP_1474	0.423077	-0.046124	0.0
SNP_1475	0.442308	-0.042288	0.002839
SNP_1476	0.0	-100.0	0.5
SNP_1477	0.0	-100.0	0.5
SNP_1478	0.130769	-0.018576	0.250962
SNP_1479	0.130769	-0.018576	0.250962
SNP_1480	0.452381	-0.059144	0.0
SNP_1481	0.090909	0.047619	0.741489
SNP_1482	0.05	0.0	0.694692
SNP_1483	0.576705	0.273743	0.874123
SNP_1484	0.0	-100.0	0.5
SNP_1485	0.0	-100.0	0.5
SNP_1486	0.208333	0.173913	0.944666
SNP_1487	0.397059	-0.031474	0.196589
SNP_1488	0.242188	-0.033163	0.154005
SNP_1489	0.088235	0.060606	0.790299
SNP_1490	0.205882	0.181818	0.939188
SNP_1491	0.5	0.309598	0.919696
SNP_1492	0.033333	0.0	0.5
SNP_1493	0.652778	0.466117	0.985281
SNP_1494	0.0	-100.0	0.5
SNP_1495	0.0	-100.0	0.5
SNP_1496	0.175	-0.042505	0.0
SNP_1497	0.413333	0.233066	0.937939
SNP_1498	0.431373	-0.033417	0.079171
SNP_1499	0.055556	0.0	0.694692
SNP_1500	0.0	-100.0	0.5
SNP_1501	0.0	-100.0	0.5
SNP_1502	0.379464	-0.004793	0.343401
SNP_1503	0.464646	0.101936	0.696543
SNP_1504	0.3125	0.007312	0.402964
SNP_1505	0.03125	0.0	0.5
SNP_1506	0.221591	0.02375	0.516078
SNP_1507	0.221591	0.02375	0.516078
SNP_1508	0.117647	0.090909	0.979574
SNP_1509	0.533333	0.242117	0.851877
SNP_1510	0.163102	-0.039032	0.0
SNP_1511	0.090909	0.047619	0.741489
SNP_1512	0.147059	0.023913	0.374272
SNP_1513	0.3	-0.034816	0.053331
SNP_1514	0.414286	-0.064079	0.00207
SNP_1515	0.414286	-0.064079	0.00207
SNP_1516	0.548611	0.202982	0.832598
SNP_1517	0.3125	0.01256	0.425181
SNP_1518	0.033333	0.0	0.5
SNP_1519	0.664062	0.475181	0.987971
SNP_1520	0.0	-100.0	0.5
SNP_1521	0.254902	0.026452	0.467378
SNP_1522	0.281818	0.016791	0.525212
SNP_1523	0.266234	0.050587	0.527753
SNP_1524	0.266234	0.050587	0.527753
SNP_1525	0.111111	-0.044355	0.0
SNP_1526	0.1	0.052632	0.759789
SNP_1527	0.0	-100.0	0.5
SNP_1528	0.035714	0.0	0.5
SNP_1529	0.035714	0.0	0.5
SNP_1530	0.509524	-0.016163	0.315189
SNP_1531	0.480952	0.087664	0.79991
SNP_1532	0.1	0.068966	0.825469
SNP_1533	0.0	-100.0	0.5
SNP_1534	0.045455	0.0	0.694692
SNP_1535	0.483957	-0.038937	0.160757
SNP_1536	0.483957	-0.038937	0.160757
SNP_1537	0.325	-0.008489	0.324399
SNP_1538	0.28125	-0.054971	0.0
SNP_1539	0.28125	-0.054971	0.0
SNP_1540	0.467914	-0.023129	0.237805
SNP_1541	0.411765	0.131917	0.813593
SNP_1542	0.411765	0.131917	0.813593
SNP_1543	0.0	-100.0	0.5
SNP_1544	0.035714	0.0	0.5
SNP_1545	0.035714	0.0	0.5
SNP_1546	0.05	0.0	0.694692
SNP_1547	0.035714	0.0	0.5
SNP_1548	0.035714	0.0	0.5
SNP_1549	0.15	0.105263	1.0
SNP_1550	0.176471	0.151515	1.0
SNP_1551	0.038462	0.0	0.5
SNP_1552	0.0	-100.0	0.5
SNP_1553	0.0	-100.0	0.5
SNP_1554	0.431818	0.137673	0.752756
SNP_1555	0.431818	0.137673	0.752756
SNP_1556	0.285714	0.230769	0.89054
SNP_1557	0.285714	0.230769	0.89054
SNP_1558	0.285714	0.230769	0.89054
SNP_1559	0.3125	0.266667	0.941007
SNP_1560	0.3125	0.266667	0.941007
SNP_1561	0.291667	0.26087	0.934054
SNP_1562	0.0	-100.0	0.5
SNP_1563	0.0	-100.0	0.5
SNP_1564	0.353896	-0.016989	0.259488
SNP_1565	0.353896	-0.016989	0.259488
SNP_1566	0.066667	0.034483	0.959934
SNP_1567	0.5	0.383333	0.958179
SNP_1568	0.666667	0.647059	0.998215
SNP_1569	0.125	0.066667	0.501432
SNP_1570	0.316176	0.137758	0.753945
SNP_1571	0.355615	0.122449	0.76264
SNP_1572	0.045455	0.0	0.694692
SNP_1573	0.045455	0.0	0.694692
SNP_1574	0.227273	0.190476	0.969838
SNP_1575	0.227273	0.190476	0.969838
SNP_1576	0.409091	0.037037	0.556557
SNP_1577	0.109375	-0.014493	0.482815
SNP_1578	0.03125	0.0	0.5
SNP_1579	0.525	0.329917	0.988646
SNP_1580	0.426471	-0.034233	0.068726
SNP_1581	0.426471	-0.034233	0.068726
SNP_1582	0.426471	-0.034233	0.068726
SNP_1583	0.088235	0.060606	0.790299
SNP_1584	0.117647	0.090909	0.979574
SNP_1585	0.0	-100.0	0.5
SNP_1586	0.37013	0.042885	0.552172
SNP_1587	0.264706	0.149759	0.740044
SNP_1588	0.041667	0.0	0.694692
SNP_1589	0.041667	0.0	0.694692
SNP_1590	0.041667	0.0	0.694692
SNP_1591	0.076471	-0.038462	0.181417
SNP_1592	0.0	-100.0	0.5
SNP_1593	0.0	-100.0	0.5
SNP_1594	0.0	-100.0	0.5
SNP_1595	0.132353	-0.033231	0.181069
SNP_1596	0.058824	0.030303	0.944205
SNP_1597	0.542735	0.12817	0.674948
SNP_1598	0.0	-100.0	0.5
SNP_1599	0.447059	0.065055	0.668175
SNP_1600	0.5	0.07265	0.650236
SNP_1601	0.05	0.0	0.694692
SNP_1602	0.05	0.0	0.694692
SNP_1603	0.323232	-0.048319	0.020359
SNP_1604	0.536765	0.411103	0.968487
SNP_1605	0.35	0.315789	1.0
SNP_1606	0.035714	0.0	0.5
SNP_1607	0.035714	0.0	0.5
SNP_1608	0.452381	0.11823	0.771768
SNP_1609	0.25	0.181818	0.812834
SNP_1610	0.25	0.181818	0.812834
SNP_1611	0.25	0.181818	0.812834
SNP_1612	0.041667	0.0	0.694692
SNP_1613	0.443182	0.073733	0.6883
SNP_1614	0.0	-100.0	0.5
SNP_1615	0.0	-100.0	0.5
SNP_1616	0.045455	0.0	0.694692
SNP_1617	0.041667	0.0	0.694692
SNP_1618	0.041667	0.0	0.694692
SNP_1619	0.410256	-0.015217	0.309716
SNP_1620	0.147436	-0.041512	0.102692
SNP_1621	0.147436	-0.041512	0.102692
SNP_1622	0.147436	-0.041512	0.102692
SNP_1623	0.147436	-0.041512	0.102692
SNP_1624	0.147436	-0.041512	0.102692
SNP_1625	0.083333	0.043478	0.726677
SNP_1626	0.071429	0.0	0.694692
SNP_1627	0.333333	-0.046651	0.000309
SNP_1628	0.357143	-0.060324	0.0
SNP_1629	0.0	-100.0	0.5
SNP_1630	0.0	-100.0	0.5
SNP_1631	0.431373	0.036988	0.519815
SNP_1632	0.620321	0.366174	0.949717
SNP_1633	0.620321	0.366174	0.949717
SNP_1634	0.620321	0.366174	0.949717
SNP_1635	0.22	-0.033245	0.153198
SNP_1636	0.134375	-0.024756	0.225811
SNP_1637	0.479167	0.05543	0.723362
SNP_1638	0.479167	0.05543	0.723362
SNP_1639	0.176471	0.151515	1.0
SNP_1640	0.090909	0.047619	0.741489
SNP_1641	0.0	-100.0	0.5
SNP_1642	0.404762	-0.015915	0.305198
SNP_1643	0.466667	-0.033699	0.159373
SNP_1644	0.5	-0.013793	0.33485
SNP_1645	0.222222	0.042339	0.588244
SNP_1646	0.090909	0.047619	0.741489
SNP_1647	0.041667	0.0	0.694692
SNP_1648	0.0	-100.0	0.5
SNP_1649	0.0	-100.0	0.5
SNP_1650	0.447917	0.346557	0.96073
SNP_1651	0.447917	0.346557	0.96073
SNP_1652	0.447917	0.346557	0.96073
SNP_1653	0.447917	0.346557	0.96073
SNP_1654	0.455882	0.192465	0.863268
SNP_1655	0.0	-100.0	0.5
SNP_1656	0.58	0.295429	0.8938
SNP_1657	0.083333	0.043478	0.726677
SNP_1658	0.453704	-0.029777	0.195467
SNP_1659	0.25	0.210526	0.889218
SNP_1660	0.483766	-0.004474	0.481499
SNP_1661	0.5	-0.003367	0.405747
SNP_1662	0.5	-0.003367	0.405747
SNP_1663	0.041667	0.0	0.694692
SNP_1664	0.258242	0.011915	0.420765
SNP_1665	0.7	0.684211	0.999123
SNP_1666	0.7	0.684211	0.999123
SNP_1667	0.375	0.031036	0.516443
SNP_1668	0.038462	0.0	0.5
SNP_1669	0.5375	0.117385	0.651763
SNP_1670	0.559259	0.190629	0.812681
SNP_1671	0.47549	0.100913	0.694095
SNP_1672	0.045455	0.0	0.694692
SNP_1673	0.0625	0.032258	0.952037
SNP_1674	0.0625	0.032258	0.952037
SNP_1675	0.0	-100.0	0.5
SNP_1676	0.0	-100.0	0.5
SNP_1677	0.512821	-0.012045	0.20753
SNP_1678	0.288462	0.034909	0.574629
SNP_1679	0.0	-100.0	0.5
SNP_1680	0.041667	0.0	0.694692
SNP_1681	0.157143	-0.040581	0.0
SNP_1682	0.157143	-0.040581	0.0
SNP_1683	0.157143	-0.040581	0.0
SNP_1684	0.157143	-0.040581	0.0
SNP_1685	0.157143	-0.040581	0.0
SNP_1686	0.255556	-0.043214	0.0
SNP_1687	0.255556	-0.043214	0.0
SNP_1688	0.255556	-0.043214	0.0
SNP_1689	0.260684	0.078689	0.590293
SNP_1690	0.076923	0.04	0.97533
SNP_1691	0.0	-100.0	0.5
SNP_1692	0.542969	0.265909	0.876475
SNP_1693	0.125	0.086957	0.66016
SNP_1694	0.125	0.086957	0.66016
SNP_1695	0.0	-100.0	0.5
SNP_1696	0.071429	0.037037	0.967759
SNP_1697	0.03125	0.0	0.5
SNP_1698	0.5	0.034712	0.554973
SNP_1699	0.5	0.48	0.991438
SNP_1700	0.11039	-0.034858	0.0
SNP_1701	0.5	0.0	0.424435
SNP_1702	0.318182	0.054328	0.559379
SNP_1703	0.568182	0.231111	0.827861
SNP_1704	0.0	-100.0	0.5
SNP_1705	0.0	-100.0	0.5
SNP_1706	0.171875	-0.027668	0.0
SNP_1707	0.1875	0.16129	0.894117
SNP_1708	0.0625	0.0	0.694692
SNP_1709	0.37395	0.186271	0.812088
SNP_1710	0.37395	0.186271	0.812088
SNP_1711	0.0	-100.0	0.5
SNP_1712	0.0	-100.0	0.5
SNP_1713	0.117647	0.090909	0.979574
SNP_1714	0.166667	0.130435	0.706356
SNP_1715	0.385417	0.036412	0.533149
SNP_1716	0.385417	0.036412	0.533149
SNP_1717	0.385417	0.036412	0.533149
SNP_1718	0.385417	0.036412	0.533149
SNP_1719	0.307487	-0.018634	0.262596
SNP_1720	0.208333	0.173913	0.944666
SNP_1721	0.411111	0.057946	0.628597
SNP_1722	0.303571	0.023048	0.543352
SNP_1723	0.3125	-0.035104	0.137609
SNP_1724	0.125	0.096774	1.0
SNP_1725	0.303571	0.023048	0.543352
SNP_1726	0.303571	0.023048	0.543352
SNP_1727	0.033333	0.0	0.5
SNP_1728	0.114815	-0.044494	0.0
SNP_1729	0.083333	-0.041667	0.0
SNP_1730	0.083333	-0.041667	0.0
SNP_1731	0.083333	-0.041667	0.0
SNP_1732	0.0	-100.0	0.5
SNP_1733	0.0	-100.0	0.5
SNP_1734	0.142857	0.076923	0.553028
SNP_1735	0.142857	0.076923	0.553028
SNP_1736	0.142857	0.076923	0.553028
SNP_1737	0.136364	0.095238	1.0
SNP_1738	0.422222	0.1643	0.7957
SNP_1739	0.0	-100.0	0.5
SNP_1740	0.111111	0.058824	0.783284
SNP_1741	0.111111	0.058824	0.783284
SNP_1742	0.227273	0.190476	0.969838
SNP_1743	0.0	-100.0	0.5
SNP_1744	0.484375	-0.037657	0.177912
SNP_1745	0.468254	-0.045862	0.058585
SNP_1746	0.328431	0.091234	0.654394
SNP_1747	0.0	-100.0	0.5
SNP_1748	0.409091	-0.038971	0.140853
SNP_1749	0.166667	0.117647	0.609465
SNP_1750	0.111111	0.058824	0.783284
SNP_1751	0.055556	0.0	0.694692
SNP_1752	0.166667	0.117647	0.609465
SNP_1753	0.166667	0.117647	0.609465
SNP_1754	0.055556	0.0	0.694692
SNP_1755	0.055556	0.0	0.694692
SNP_1756	0.141026	-0.01426	0.266441
SNP_1757	0.0	-100.0	0.5
SNP_1758	0.195312	-0.03338	0.057591
SNP_1759	0.0	-100.0	0.5
SNP_1760	0.254902	0.026452	0.467378
SNP_1761	0.254902	0.026452	0.467378
SNP_1762	0.156863	-0.036561	0.0
SNP_1763	0.4375	0.021611	0.468601
SNP_1764	0.4375	0.021611	0.468601
SNP_1765	0.464286	-0.031309	0.178058
SNP_1766	0.15	0.105263	1.0
SNP_1767	0.0	-100.0	0.5
SNP_1768	0.071429	0.037037	0.967759
SNP_1769	0.071429	0.037037	0.967759
SNP_1770	0.1	0.068966	0.825469
SNP_1771	0.239583	0.010915	0.461382
SNP_1772	0.0	-100.0	0.5
SNP_1773	0.328431	-0.036901	0.121955
SNP_1774	0.029412	0.0	0.5
SNP_1775	0.0	-100.0	0.5
SNP_1776	0.0	-100.0	0.5
SNP_1777	0.3125	-0.024228	0.22385
SNP_1778	0.0	-100.0	0.5
SNP_1779	0.0	-100.0	0.5
SNP_1780	0.0	-100.0	0.5
SNP_1781	0.583333	0.328645	0.926111
SNP_1782	0.361111	-0.00423	0.344804
SNP_1783	0.361111	-0.00423	0.344804
SNP_1784	0.564103	0.19016	0.811898
SNP_1785	0.222222	0.176471	0.948904
SNP_1786	0.153846	0.12	1.0
SNP_1787	0.22549	-0.010311	0.341781
SNP_1788	0.22549	-0.010311	0.341781
SNP_1789	0.359375	0.246682	0.966016
SNP_1790	0.068627	-0.035714	0.217896
SNP_1791	0.266667	0.241379	1.0
SNP_1792	0.285714	0.259259	0.931611
SNP_1793	0.285714	0.259259	0.931611
SNP_1794	0.285714	0.259259	0.931611
SNP_1795	0.285714	0.259259	0.931611
SNP_1796	0.285714	0.259259	0.931611
SNP_1797	0.285714	0.259259	0.931611
SNP_1798	0.072193	-0.037037	0.200062
SNP_1799	0.072193	-0.037037	0.200062
SNP_1800	0.383333	0.050185	0.572331
SNP_1801	0.383333	0.050185	0.572331
SNP_1802	0.383333	0.050185	0.572331
SNP_1803	0.266667	0.241379	1.0
SNP_1804	0.510695	0.014959	0.373803
SNP_1805	0.510695	0.014959	0.373803
SNP_1806	0.5125	0.019587	0.398617
SNP_1807	0.163462	-0.031765	0.0
SNP_1808	0.0625	0.0	0.694692
SNP_1809	0.48125	-0.025467	0.320129
SNP_1810	0.029412	0.0	0.5
SNP_1811	0.029412	0.0	0.5
SNP_1812	0.166667	0.137931	1.0
SNP_1813	0.083333	0.043478	0.726677
SNP_1814	0.083333	0.043478	0.726677
SNP_1815	0.634615	0.393939	0.963101
SNP_1816	0.214815	-0.043296	0.050072
SNP_1817	0.03125	0.0	0.5
SNP_1818	0.076923	0.04	0.97533
SNP_1819	0.09375	0.064516	0.806218
SNP_1820	0.200535	-0.028571	0.123793
SNP_1821	0.571429	0.209588	0.800165
SNP_1822	0.571429	0.209588	0.800165
SNP_1823	0.571429	0.209588	0.800165
SNP_1824	0.072193	-0.037037	0.200062
SNP_1825	0.035714	0.0	0.5
SNP_1826	0.05	0.0	0.694692
SNP_1827	0.611111	0.374332	0.953394
SNP_1828	0.269231	-0.049076	0.0
SNP_1829	0.142857	0.111111	1.0
SNP_1830	0.142857	0.111111	1.0
SNP_1831	0.0	-100.0	0.5
SNP_1832	0.53125	0.086128	0.576973
SNP_1833	0.10625	-0.058823	0.0
SNP_1834	0.098958	-0.052631	0.0
SNP_1835	0.0	-100.0	0.5
SNP_1836	0.157143	-0.057416	0.0
SNP_1837	0.1875	0.16129	0.894117
SNP_1838	0.393048	0.087464	0.658695
SNP_1839	0.0625	0.032258	0.952037
SNP_1840	0.066667	0.034483	0.959934
SNP_1841	0.147059	0.121212	1.0
SNP_1842	0.136364	0.095238	1.0
SNP_1843	0.055556	0.0	0.694692
SNP_1844	0.111111	0.058824	0.783284
SNP_1845	0.111111	0.058824	0.783284
SNP_1846	0.222222	-0.042017	0.063149
SNP_1847	0.222222	-0.040514	0.078773
SNP_1848	0.222222	-0.040514	0.078773
SNP_1849	0.222222	-0.040514	0.078773
SNP_1850	0.465909	-0.039601	0.111175
SNP_1851	0.125	0.066667	0.501432
SNP_1852	0.125	0.066667	0.501432
SNP_1853	0.142857	0.076923	0.553028
SNP_1854	0.125	0.066667	0.501432
SNP_1855	0.333333	0.304348	0.999992
SNP_1856	0.176471	0.031566	0.411848
SNP_1857	0.525926	0.118247	0.754925
SNP_1858	0.085185	-0.043478	0.0
SNP_1859	0.4	-0.027113	0.228358
SNP_1860	0.217172	-0.049638	0.000956
SNP_1861	0.1	-0.055556	0.0
SNP_1862	0.217172	-0.049638	0.000956
SNP_1863	0.03125	0.0	0.5
SNP_1864	0.03125	0.0	0.5
SNP_1865	0.475936	0.06474	0.599779
SNP_1866	0.0	-100.0	0.5
SNP_1867	0.178571	0.148148	1.0
SNP_1868	0.0	-100.0	0.5
SNP_1869	0.0	-100.0	0.5
SNP_1870	0.3375	0.085173	0.670734
SNP_1871	0.3375	0.085173	0.670734
SNP_1872	0.321429	-0.048766	0.016982
SNP_1873	0.0	-100.0	0.5
SNP_1874	0.087302	-0.045455	0.0
SNP_1875	0.055556	0.0	0.694692
SNP_1876	0.055556	0.0	0.694692
SNP_1877	0.055556	0.0	0.694692
SNP_1878	0.035714	0.0	0.5
SNP_1879	0.035714	0.0	0.5
SNP_1880	0.090909	0.047619	0.741489
SNP_1881	0.264706	0.005742	0.397163
SNP_1882	0.136364	-0.02807	0.210205
SNP_1883	0.0	-100.0	0.5
SNP_1884	0.083333	0.043478	0.726677
SNP_1885	0.05	0.0	0.694692
SNP_1886	0.05	0.0	0.694692
SNP_1887	0.107143	0.074074	0.849672
SNP_1888	0.045455	0.0	0.694692
SNP_1889	0.316667	-0.000764	0.36519
SNP_1890	0.316667	-0.000764	0.36519
SNP_1891	0.316667	-0.000764	0.36519
SNP_1892	0.107143	-0.055556	0.0
SNP_1893	0.035714	0.0	0.5
SNP_1894	0.53125	0.25491	0.865526
SNP_1895	0.53125	0.25491	0.865526
SNP_1896	0.53125	0.25491	0.865526
SNP_1897	0.53125	0.25491	0.865526
SNP_1898	0.53125	0.25491	0.865526
SNP_1899	0.071429	0.037037	0.967759
SNP_1900	0.396296	-0.046483	0.086283
SNP_1901	0.0	-100.0	0.5
SNP_1902	0.392857	-0.004466	0.345943
SNP_1903	0.279412	-0.011338	0.409403
SNP_1904	0.435829	0.019573	0.460826
SNP_1905	0.340909	-0.04381	0.015613
SNP_1906	0.3	-0.04192	0.0
SNP_1907	0.03125	0.0	0.5
SNP_1908	0.0	-100.0	0.5
SNP_1909	0.229167	0.010031	0.457203
SNP_1910	0.055556	0.0	0.694692
SNP_1911	0.041667	0.0	0.694692
SNP_1912	0.551948	0.224837	0.864695
SNP_1913	0.09375	-0.047619	0.0
SNP_1914	0.227778	-0.048327	0.006607
SNP_1915	0.309524	0.082956	0.63441
SNP_1916	0.0	-100.0	0.5
SNP_1917	0.275	-0.016901	0.370514
SNP_1918	0.147059	0.121212	1.0
SNP_1919	0.137037	-0.006359	0.291906
SNP_1920	0.1875	-0.047343	0.0
SNP_1921	0.1875	-0.047343	0.0
SNP_1922	0.1875	-0.047343	0.0
SNP_1923	0.4	-0.038743	0.142549
SNP_1924	0.393333	-0.032483	0.0
SNP_1925	0.393333	-0.032483	0.0
SNP_1926	0.2	0.157895	0.886299
SNP_1927	0.2	0.157895	0.886299
SNP_1928	0.2	0.157895	0.886299
SNP_1929	0.7	0.689655	0.999178
SNP_1930	0.7	0.689655	0.999178
SNP_1931	0.0	-100.0	0.5
SNP_1932	0.44375	-0.056091	0.0
SNP_1933	0.48125	-0.025467	0.320129
SNP_1934	0.117647	0.090909	0.979574
SNP_1935	0.156863	-0.036561	0.0
SNP_1936	0.156863	-0.036561	0.0
SNP_1937	0.156863	-0.036561	0.0
SNP_1938	0.156863	-0.036561	0.0
SNP_1939	0.214286	0.185185	0.962402
SNP_1940	0.25	0.222222	0.926707
SNP_1941	0.142857	-0.064815	0.0
SNP_1942	0.214286	0.185185	0.962402
SNP_1943	0.291667	-0.014548	0.388135
SNP_1944	0.188889	-0.055181	0.0
SNP_1945	0.421875	0.034648	0.512554
SNP_1946	0.477778	-0.017015	0.278216
SNP_1947	0.477778	-0.017015	0.278216
SNP_1948	0.090909	0.047619	0.741489
SNP_1949	0.090909	0.047619	0.741489
SNP_1950	0.0	-100.0	0.5
SNP_1951	0.0	-100.0	0.5
SNP_1952	0.0	-100.0	0.5
SNP_1953	0.492593	-0.046424	0.057949
SNP_1954	0.492593	-0.046424	0.057949
SNP_1955	0.492593	-0.046424	0.057949
SNP_1956	0.0	-100.0	0.5
SNP_1957	0.104396	-0.052632	0.0
SNP_1958	0.0	-100.0	0.5
SNP_1959	0.1875	-0.05314	0.0
SNP_1960	0.175926	-0.068112	0.0
SNP_1961	0.147059	0.121212	1.0
SNP_1962	0.147059	0.121212	1.0
SNP_1963	0.147059	0.121212	1.0
SNP_1964	0.147059	0.121212	1.0
SNP_1965	0.045455	0.0	0.694692
SNP_1966	0.0	-100.0	0.5
SNP_1967	0.166667	0.130435	0.706356
SNP_1968	0.147059	0.121212	1.0
SNP_1969	0.375	0.075862	0.634333
SNP_1970	0.375	0.075862	0.634333
SNP_1971	0.375	0.075862	0.634333
SNP_1972	0.279412	-0.011338	0.409403
SNP_1973	0.041667	0.0	0.694692
SNP_1974	0.058824	0.030303	0.944205
SNP_1975	0.384615	0.036235	0.532613
SNP_1976	0.5	0.293285	0.909432
SNP_1977	0.242188	-0.033163	0.154005
SNP_1978	0.242188	-0.033163	0.154005
SNP_1979	0.098958	-0.032258	0.122406
SNP_1980	0.083333	0.043478	0.726677
SNP_1981	0.083333	0.043478	0.726677
SNP_1982	0.083333	0.043478	0.726677
SNP_1983	0.275	-0.016901	0.370514
SNP_1984	0.225	-0.038536	0.099411
SNP_1985	0.28125	0.082126	0.6733
SNP_1986	0.465812	-0.000971	0.368788
SNP_1987	0.0	-100.0	0.5
SNP_1988	0.0625	0.032258	0.952037
SNP_1989	0.0625	0.032258	0.952037
SNP_1990	0.0625	0.032258	0.952037
SNP_1991	0.0625	0.032258	0.952037
SNP_1992	0.0625	0.032258	0.952037
SNP_1993	0.5	0.153114	0.782046
SNP_1994	0.166667	0.130435	0.706356
SNP_1995	0.166667	0.130435	0.706356
SNP_1996	0.286111	0.147305	0.776055
SNP_1997	0.166667	0.090909	0.526158
SNP_1998	0.491176	-0.038488	0.166813
SNP_1999	0.0	-100.0	0.5
SNP_2000	0.0	-100.0	0.5
SNP_2001	0.0625	0.0	0.694692
SNP_2002	0.035714	0.0	0.5
SNP_2003	0.035714	0.0	0.5
SNP_2004	0.035714	0.0	0.5
SNP_2005	0.029412	0.0	0.5
SNP_2006	0.0	-100.0	0.5
SNP_2007	0.033333	0.0	0.5
SNP_2008	0.0	-100.0	0.5
SNP_2009	0.0	-100.0	0.5
SNP_2010	0.375	-0.059649	0.0
SNP_2011	0.071429	0.037037	0.967759
SNP_2012	0.2375	0.027701	0.531824
SNP_2013	0.2375	0.027701	0.531824
SNP_2014	0.2375	0.027701	0.531824
SNP_2015	0.0	-100.0	0.5
SNP_2016	0.0	-100.0	0.5
SNP_2017	0.166667	0.117647	0.609465
SNP_2018	0.166667	0.117647	0.609465
SNP_2019	0.441176	0.132191	0.792662
SNP_2020	0.284314	-0.036391	0.0
SNP_2021	0.222222	0.176471	0.948904
SNP_2022	0.222222	0.176471	0.948904
SNP_2023	0.0	-100.0	0.5
SNP_2024	0.0	-100.0	0.5
SNP_2025	0.073864	-0.038462	0.181417
SNP_2026	0.380342	0.106173	0.694279
SNP_2027	0.307692	0.28	0.953942
SNP_2028	0.0625	0.032258	0.952037
SNP_2029	0.5	0.257516	0.884278
SNP_2030	0.041667	0.0	0.694692
SNP_2031	0.520979	0.047427	0.522003
SNP_2032	0.0	-100.0	0.5
SNP_2033	0.035714	0.0	0.5
SNP_2034	0.411765	0.393939	0.995411
SNP_2035	0.411765	0.393939	0.995411
SNP_2036	0.411765	0.393939	0.995411
SNP_2037	0.532086	0.176837	0.764346
SNP_2038	0.181818	0.142857	1.0
SNP_2039	0.135417	-0.035279	0.166968
SNP_2040	0.058824	0.030303	0.944205
SNP_2041	0.058824	0.030303	0.944205
SNP_2042	0.058824	0.030303	0.944205
SNP_2043	0.058824	0.030303	0.944205
SNP_2044	0.058824	0.030303	0.944205
SNP_2045	0.0	-100.0	0.5
SNP_2046	0.208333	-0.049787	0.000621
SNP_2047	0.208333	-0.049787	0.000621
SNP_2048	0.5	-0.044615	0.0
SNP_2049	0.314815	-0.041673	0.07891
SNP_2050	0.5	-0.044615	0.0
SNP_2051	0.512987	-0.00779	0.23555
SNP_2052	0.107843	-0.011858	0.499598
SNP_2053	0.211111	-0.001495	0.39669
SNP_2054	0.055556	0.0	0.694692
SNP_2055	0.088235	0.060606	0.790299
SNP_2056	0.289062	-0.005117	0.443787
SNP_2057	0.0	-100.0	0.5
SNP_2058	0.0	-100.0	0.5
SNP_2059	0.5	0.150607	0.778858
SNP_2060	0.045455	0.0	0.694692
SNP_2061	0.416667	-0.047918	0.0
SNP_2062	0.416667	-0.047918	0.0
SNP_2063	0.416667	-0.047918	0.0
SNP_2064	0.104396	-0.052632	0.0
SNP_2065	0.089744	-0.047619	0.0
SNP_2066	0.436508	0.023529	0.475664
SNP_2067	0.436508	0.023529	0.475664
SNP_2068	0.436508	0.023529	0.475664
SNP_2069	0.436508	0.023529	0.475664
SNP_2070	0.117647	0.090909	0.979574
SNP_2071	0.117647	0.090909	0.979574
SNP_2072	0.603704	0.313045	0.914203
SNP_2073	0.491667	-0.021091	0.361568
SNP_2074	0.548485	0.200882	0.829305
SNP_2075	0.548485	0.200882	0.829305
SNP_2076	0.136364	0.095238	1.0
SNP_2077	0.663636	0.536444	0.993479
SNP_2078	0.15	0.105263	1.0
SNP_2079	0.041667	0.0	0.694692
SNP_2080	0.325	-0.008489	0.324399
SNP_2081	0.272727	0.238095	0.990173
SNP_2082	0.5	-0.033267	0.101582
SNP_2083	0.422078	0.0	0.368793
SNP_2084	0.226562	0.030033	0.541023
SNP_2085	0.549451	0.2736	0.922857
SNP_2086	0.117647	0.090909	0.979574
SNP_2087	0.0	-100.0	0.5
SNP_2088	0.066667	0.034483	0.959934
SNP_2089	0.066667	0.034483	0.959934
SNP_2090	0.066667	0.034483	0.959934
SNP_2091	0.455882	0.192465	0.863268
SNP_2092	0.083333	0.043478	0.726677
SNP_2093	0.0	-100.0	0.5
SNP_2094	0.0	-100.0	0.5
SNP_2095	0.0	-100.0	0.5
SNP_2096	0.0	-100.0	0.5
SNP_2097	0.0	-100.0	0.5
SNP_2098	0.130769	-0.018576	0.250962
SNP_2099	0.128099	-0.030722	0.19615
SNP_2100	0.083333	0.043478	0.726677
SNP_2101	0.05	0.0	0.694692
SNP_2102	0.088235	0.060606	0.790299
SNP_2103	0.205357	-0.051208	0.0
SNP_2104	0.207792	-0.027778	0.133857
SNP_2105	0.207792	-0.027778	0.133857
SNP_2106	0.207792	-0.027778	0.133857
SNP_2107	0.207792	-0.027778	0.133857
SNP_2108	0.5	-0.059567	0.0
SNP_2109	0.0	-100.0	0.5
SNP_2110	0.0	-100.0	0.5
SNP_2111	0.0	-100.0	0.5
SNP_2112	0.111111	0.058824	0.783284
SNP_2113	0.0	-100.0	0.5
SNP_2114	0.0	-100.0	0.5
SNP_2115	0.038462	0.0	0.5
SNP_2116	0.038462	0.0	0.5
SNP_2117	0.038462	0.0	0.5
SNP_2118	0.15625	0.129032	0.689016
SNP_2119	0.0625	0.0	0.694692
SNP_2120	0.0625	0.0	0.694692
SNP_2121	0.045455	0.0	0.694692
SNP_2122	0.0625	0.0	0.694692
SNP_2123	0.0625	0.0	0.694692
SNP_2124	0.479167	-0.008443	0.45749
SNP_2125	0.479167	-0.008443	0.45749
SNP_2126	0.0	-100.0	0.5
SNP_2127	0.045455	0.0	0.694692
SNP_2128	0.134375	-0.024756	0.225811
SNP_2129	0.221925	-0.037866	0.106369
SNP_2130	0.03125	0.0	0.5
SNP_2131	0.111111	0.058824	0.783284
SNP_2132	0.0	-100.0	0.5
SNP_2133	0.0	-100.0	0.5
SNP_2134	0.0	-100.0	0.5
SNP_2135	0.483333	-0.038412	0.167834
SNP_2136	0.090909	0.047619	0.741489
SNP_2137	0.090909	0.047619	0.741489
SNP_2138	0.076923	0.04	0.97533
SNP_2139	0.314706	0.161427	0.797225
SNP_2140	0.0	-100.0	0.5
SNP_2141	0.0	-100.0	0.5
SNP_2142	0.229167	-0.015109	0.308216
SNP_2143	0.568627	0.408205	0.963464
SNP_2144	0.0	-100.0	0.5
SNP_2145	0.0	-100.0	0.5
SNP_2146	0.0	-100.0	0.5
SNP_2147	0.0	-100.0	0.5
SNP_2148	0.045455	0.0	0.694692
SNP_2149	0.0	-100.0	0.5
SNP_2150	0.363248	-0.029481	0.154866
SNP_2151	0.05	0.0	0.694692
SNP_2152	0.125	0.086957	0.66016
SNP_2153	0.214286	-0.05749	0.0
SNP_2154	0.05	0.0	0.694692
SNP_2155	0.05	0.0	0.694692
SNP_2156	0.05	0.0	0.694692
SNP_2157	0.05	0.0	0.694692
SNP_2158	0.176471	0.151515	1.0
SNP_2159	0.25	0.181818	0.812834
SNP_2160	0.058824	0.030303	0.944205
SNP_2161	0.153846	0.12	1.0
SNP_2162	0.25	0.210526	0.889218
SNP_2163	0.333333	0.304348	0.999992
SNP_2164	0.333333	0.304348	0.999992
SNP_2165	0.083333	0.043478	0.726677
SNP_2166	0.0	-100.0	0.5
SNP_2167	0.0	-100.0	0.5
SNP_2168	0.261905	0.028521	0.473208
SNP_2169	0.261905	0.028521	0.473208
SNP_2170	0.122549	-0.016364	0.469356
SNP_2171	0.122549	-0.016364	0.469356
SNP_2172	0.380952	-0.035948	0.0
SNP_2173	0.380952	-0.035948	0.0
SNP_2174	0.535714	0.144108	0.706869
SNP_2175	0.490385	-0.02578	0.316979
SNP_2176	0.490385	-0.02578	0.316979
SNP_2177	0.146465	-0.024341	0.227643
SNP_2178	0.170588	-0.041247	0.0
SNP_2179	0.142857	-0.057971	0.0
SNP_2180	0.142857	-0.057971	0.0
SNP_2181	0.142857	-0.057971	0.0
SNP_2182	0.119231	-0.03871	0.0
SNP_2183	0.133333	0.103448	1.0
SNP_2184	0.0	-100.0	0.5
SNP_2185	0.0	-100.0	0.5
SNP_2186	0.123932	-0.044138	0.0
SNP_2187	0.346154	0.188552	0.889146
SNP_2188	0.058824	0.030303	0.944205
SNP_2189	0.090909	0.047619	0.741489
SNP_2190	0.066667	0.034483	0.959934
SNP_2191	0.125	0.086957	0.66016
SNP_2192	0.041667	0.0	0.694692
SNP_2193	0.166667	0.130435	0.706356
SNP_2194	0.03125	0.0	0.5
SNP_2195	0.25	0.210526	0.889218
SNP_2196	0.585784	0.266823	0.873709
SNP_2197	0.0	-100.0	0.5
SNP_2198	0.453125	0.018716	0.528659
SNP_2199	0.455882	0.023418	0.545839
SNP_2200	0.455882	0.023418	0.545839
SNP_2201	0.083333	0.043478	0.726677
SNP_2202	0.147059	0.121212	1.0
SNP_2203	0.15625	0.129032	0.689016
SNP_2204	0.0	-100.0	0.5
SNP_2205	0.0	-100.0	0.5
SNP_2206	0.0	-100.0	0.5
SNP_2207	0.441176	0.132191	0.792662
SNP_2208	0.375	0.333333	0.954233
SNP_2209	0.132353	-0.033231	0.181069
SNP_2210	0.294872	-0.046547	0.0
SNP_2211	0.147059	0.121212	1.0
SNP_2212	0.272727	0.238095	0.990173
SNP_2213	0.166667	0.130435	0.706356
SNP_2214	0.5	-0.009657	0.365694
SNP_2215	0.5	-0.051449	0.0
SNP_2216	0.0	-100.0	0.5
SNP_2217	0.0	-100.0	0.5
SNP_2218	0.283333	0.076225	0.662548
SNP_2219	0.178571	0.148148	1.0
SNP_2220	0.4875	-0.047233	0.047569
SNP_2221	0.0	-100.0	0.5
SNP_2222	0.0	-100.0	0.5
SNP_2223	0.122549	-0.016364	0.469356
SNP_2224	0.136364	-0.042328	0.088521
SNP_2225	0.136364	-0.042328	0.088521
SNP_2226	0.202381	-0.045446	0.0
SNP_2227	0.202381	-0.045446	0.0
SNP_2228	0.0	-100.0	0.5
SNP_2229	0.703125	0.594567	0.997565
SNP_2230	0.676471	0.517197	0.992047
SNP_2231	0.375	0.082625	0.64877
SNP_2232	0.029412	0.0	0.5
SNP_2233	0.365385	-0.052632	0.0
SNP_2234	0.346154	-0.044444	0.010825
SNP_2235	0.365385	-0.052632	0.0
SNP_2236	0.526667	0.097958	0.698425
SNP_2237	0.526667	0.097958	0.698425
SNP_2238	0.083333	0.043478	0.726677
SNP_2239	0.03125	0.0	0.5
SNP_2240	0.5	-0.007681	0.379083
SNP_2241	0.0	-100.0	0.5
SNP_2242	0.533333	0.091533	0.590724
SNP_2243	0.166667	0.130435	0.706356
SNP_2244	0.3125	-0.028284	0.193426
SNP_2245	0.0	-100.0	0.5
SNP_2246	0.0	-100.0	0.5
SNP_2247	0.066667	0.034483	0.959934
SNP_2248	0.05	0.0	0.694692
SNP_2249	0.05	0.0	0.694692
SNP_2250	0.0	-100.0	0.5
SNP_2251	0.0	-100.0	0.5
SNP_2252	0.0	-100.0	0.5
SNP_2253	0.0	-100.0	0.5
SNP_2254	0.462121	-0.023419	0.235799
SNP_2255	0.0	-100.0	0.5
SNP_2256	0.5	-0.033171	0.103321
SNP_2257	0.0	-100.0	0.5
SNP_2258	0.5	-0.033171	0.103321
SNP_2259	0.325	0.12753	0.733791
SNP_2260	0.0	-100.0	0.5
SNP_2261	0.091667	-0.045455	0.0
SNP_2262	0.111111	0.058824	0.783284
SNP_2263	0.346591	0.110322	0.734548
SNP_2264	0.372159	0.264631	0.895763
SNP_2265	0.179144	0.024876	0.397385
SNP_2266	0.111111	0.058824	0.783284
SNP_2267	0.2	0.157895	0.886299
SNP_2268	0.5	0.219794	0.8531
SNP_2269	0.088235	0.060606	0.790299
SNP_2270	0.305556	0.106866	0.690171
SNP_2271	0.213542	-0.01057	0.340039
SNP_2272	0.0	-100.0	0.5
SNP_2273	0.117647	0.090909	0.979574
SNP_2274	0.169118	-0.012144	0.271527
SNP_2275	0.169118	-0.012144	0.271527
SNP_2276	0.169118	-0.012144	0.271527
SNP_2277	0.371429	-0.045157	0.0
SNP_2278	0.098958	-0.052631	0.0
SNP_2279	0.090909	0.047619	0.741489
SNP_2280	0.25	0.217391	0.91055
SNP_2281	0.208824	0.043534	0.592704
SNP_2282	0.203704	0.01581	0.458192
SNP_2283	0.203704	0.01581	0.458192
SNP_2284	0.203704	0.01581	0.458192
SNP_2285	0.181818	0.142857	1.0
SNP_2286	0.252747	-0.057391	0.0
SNP_2287	0.071429	0.037037	0.967759
SNP_2288	0.5	0.07957	0.664641
SNP_2289	0.0	-100.0	0.5
SNP_2290	0.0	-100.0	0.5
SNP_2291	0.066667	0.034483	0.959934
SNP_2292	0.0	-100.0	0.5
SNP_2293	0.0	-100.0	0.5
SNP_2294	0.538194	0.26137	0.872042
SNP_2295	0.132353	-0.033231	0.181069
SNP_2296	0.0	-100.0	0.5
SNP_2297	0.0	-100.0	0.5
SNP_2298	0.0	-100.0	0.5
SNP_2299	0.0	-100.0	0.5
SNP_2300	0.03125	0.0	0.5
SNP_2301	0.03125	0.0	0.5
SNP_2302	0.215625	-0.029158	0.192297
SNP_2303	0.058824	0.030303	0.944205
SNP_2304	0.166667	0.117647	0.609465
SNP_2305	0.029412	0.0	0.5
SNP_2306	0.058824	0.030303	0.944205
SNP_2307	0.041667	0.0	0.694692
SNP_2308	0.076923	0.04	0.97533
SNP_2309	0.557692	0.281797	0.93092
SNP_2310	0.107143	0.074074	0.849672
SNP_2311	0.107143	0.074074	0.849672
SNP_2312	0.0	-100.0	0.5
SNP_2313	0.481481	-0.024592	0.328799
SNP_2314	0.071429	0.037037	0.967759
SNP_2315	0.071429	0.037037	0.967759
SNP_2316	0.178571	0.148148	1.0
SNP_2317	0.102273	-0.035842	0.0
SNP_2318	0.18	-0.043557	0.0
SNP_2319	0.18	-0.043557	0.0
SNP_2320	0.18	-0.043557	0.0
SNP_2321	0.18	-0.043557	0.0
SNP_2322	0.0	-100.0	0.5
SNP_2323	0.0	-100.0	0.5
SNP_2324	0.254902	0.026452	0.467378
SNP_2325	0.083333	0.043478	0.726677
SNP_2326	0.0	-100.0	0.5
SNP_2327	0.111111	0.058824	0.783284
SNP_2328	0.166667	0.137931	1.0
SNP_2329	0.114815	-0.044494	0.0
SNP_2330	0.114815	-0.044494	0.0
SNP_2331	0.272727	0.238095	0.990173
SNP_2332	0.519444	0.111826	0.737972
SNP_2333	0.045455	0.0	0.694692
SNP_2334	0.045455	0.0	0.694692
SNP_2335	0.071429	0.037037	0.967759
SNP_2336	0.071429	0.037037	0.967759
SNP_2337	0.071429	0.037037	0.967759
SNP_2338	0.0	-100.0	0.5
SNP_2339	0.463636	-0.025693	0.219787
SNP_2340	0.5	-0.031855	0.126325
SNP_2341	0.433333	-0.045238	0.0
SNP_2342	0.045455	0.0	0.694692
SNP_2343	0.045455	0.0	0.694692
SNP_2344	0.045455	0.0	0.694692
SNP_2345	0.0	-100.0	0.5
SNP_2346	0.0	-100.0	0.5
SNP_2347	0.0	-100.0	0.5
SNP_2348	0.111111	0.058824	0.783284
SNP_2349	0.05	0.0	0.694692
SNP_2350	0.0	-100.0	0.5
SNP_2351	0.0	-100.0	0.5
SNP_2352	0.544444	0.126589	0.671631
SNP_2353	0.0	-100.0	0.5
SNP_2354	0.0	-100.0	0.5
SNP_2355	0.0	-100.0	0.5
SNP_2356	0.296875	0.039764	0.586452
SNP_2357	0.296875	0.039764	0.586452
SNP_2358	0.338235	-0.026212	0.184502
SNP_2359	0.029412	0.0	0.5
SNP_2360	0.429412	-0.039894	0.002631
SNP_2361	0.03125	0.0	0.5
SNP_2362	0.2	-0.0382	0.0
SNP_2363	0.0	-100.0	0.5
SNP_2364	0.289062	-0.005117	0.443787
SNP_2365	0.092593	-0.05	0.0
SNP_2366	0.107843	-0.011858	0.499598
SNP_2367	0.5	0.484848	0.992568
SNP_2368	0.5	0.484848	0.992568
SNP_2369	0.5	0.484848	0.992568
SNP_2370	0.0625	0.0	0.694692
SNP_2371	0.058824	0.030303	0.944205
SNP_2372	0.058824	0.030303	0.944205
SNP_2373	0.321429	-0.048766	0.016982
SNP_2374	0.3125	-0.049655	0.010802
SNP_2375	0.111111	0.058824	0.783284
SNP_2376	0.111111	0.058824	0.783284
SNP_2377	0.237968	-0.00321	0.386644
SNP_2378	0.237968	-0.00321	0.386644
SNP_2379	0.166667	0.117647	0.609465
SNP_2380	0.0625	0.032258	0.952037
SNP_2381	0.1875	0.16129	0.894117
SNP_2382	0.166667	0.117647	0.609465
SNP_2383	0.305556	0.106866	0.690171
SNP_2384	0.166667	0.117647	0.609465
SNP_2385	0.107143	0.074074	0.849672
SNP_2386	0.15625	0.129032	0.689016
SNP_2387	0.0	-100.0	0.5
SNP_2388	0.055556	0.0	0.694692
SNP_2389	0.0	-100.0	0.5
SNP_2390	0.194444	-0.048019	0.0
SNP_2391	0.072222	-0.038462	0.181417
SNP_2392	0.107143	-0.030864	0.224141
SNP_2393	0.382353	0.031215	0.517014
SNP_2394	0.488095	-0.025129	0.323502
SNP_2395	0.470238	0.274262	0.96837
SNP_2396	0.078125	-0.04	0.16205
SNP_2397	0.325	0.018568	0.448616
SNP_2398	0.325	0.018568	0.448616
SNP_2399	0.214286	-0.007262	0.361712
SNP_2400	0.125	0.096774	1.0
SNP_2401	0.125	0.096774	1.0
SNP_2402	0.125	0.096774	1.0
SNP_2403	0.125	0.096774	1.0
SNP_2404	0.125	0.096774	1.0
SNP_2405	0.51	0.025598	0.526862
SNP_2406	0.142857	0.111111	1.0
SNP_2407	0.0	-100.0	0.5
SNP_2408	0.619318	0.378331	0.955127
SNP_2409	0.0	-100.0	0.5
SNP_2410	0.041667	0.0	0.694692
SNP_2411	0.208333	0.173913	0.944666
SNP_2412	0.558824	0.545455	1.0
SNP_2413	0.558824	0.545455	1.0
SNP_2414	0.25	0.222222	0.926707
SNP_2415	0.25	0.222222	0.926707
SNP_2416	0.25	0.222222	0.926707
SNP_2417	0.25	0.222222	0.926707
SNP_2418	0.038462	0.0	0.5
SNP_2419	0.035714	0.0	0.5
SNP_2420	0.0	-100.0	0.5
SNP_2421	0.15	-0.034805	0.170408
SNP_2422	0.375	-0.067194	0.0
SNP_2423	0.0	-100.0	0.5
SNP_2424	0.09375	0.064516	0.806218
SNP_2425	0.0	-100.0	0.5
SNP_2426	0.388889	0.177297	0.80092
SNP_2427	0.138889	-0.031452	0.191967
SNP_2428	0.0	-100.0	0.5
SNP_2429	0.125	0.086957	0.66016
SNP_2430	0.287582	-0.008264	0.427363
SNP_2431	0.232143	-0.049573	0.001124
SNP_2432	0.243333	-0.042811	0.054994
SNP_2433	0.041667	0.0	0.694692
SNP_2434	0.041667	0.0	0.694692
SNP_2435	0.0	-100.0	0.5
SNP_2436	0.073864	-0.038462	0.181417
SNP_2437	0.05	0.0	0.694692
SNP_2438	0.05	0.0	0.694692
SNP_2439	0.515152	-0.006303	0.245246
SNP_2440	0.515152	-0.006303	0.245246
SNP_2441	0.422078	0.230769	0.88174
SNP_2442	0.293388	0.136821	0.76093
SNP_2443	0.5	-0.047619	0.0
SNP_2444	0.52451	0.18494	0.885743
SNP_2445	0.122549	-0.016364	0.469356
SNP_2446	0.0	-100.0	0.5
SNP_2447	0.0	-100.0	0.5
SNP_2448	0.0	-100.0	0.5
SNP_2449	0.338384	0.007651	0.409058
SNP_2450	0.035714	0.0	0.5
SNP_2451	0.035714	0.0	0.5
SNP_2452	0.0	-100.0	0.5
SNP_2453	0.029412	0.0	0.5
SNP_2454	0.055556	0.0	0.694692
SNP_2455	0.286096	-0.020027	0.343686
SNP_2456	0.286096	-0.020027	0.343686
SNP_2457	0.286096	-0.020027	0.343686
SNP_2458	0.147059	0.121212	1.0
SNP_2459	0.041667	0.0	0.694692
SNP_2460	0.0	-100.0	0.5
SNP_2461	0.424242	-0.061224	0.0
SNP_2462	0.0	-100.0	0.5
SNP_2463	0.0	-100.0	0.5
SNP_2464	0.465909	-0.035424	0.145566
SNP_2465	0.25	0.2	0.859275
SNP_2466	0.465909	-0.035424	0.145566
SNP_2467	0.420455	0.249035	0.901063
SNP_2468	0.465909	-0.035424	0.145566
SNP_2469	0.088235	0.060606	0.790299
SNP_2470	0.088235	0.060606	0.790299
SNP_2471	0.5	0.1589	0.789236
SNP_2472	0.5	0.1589	0.789236
SNP_2473	0.5	0.1589	0.789236
SNP_2474	0.5	0.1589	0.789236
SNP_2475	0.473039	0.369289	1.0
SNP_2476	0.0	-100.0	0.5
SNP_2477	0.0	-100.0	0.5
SNP_2478	0.400735	-0.034473	0.174372
SNP_2479	0.328431	0.106011	0.688278
SNP_2480	0.230769	0.2	0.981598
SNP_2481	0.230769	0.2	0.981598
SNP_2482	0.230769	0.2	0.981598
SNP_2483	0.230769	0.2	0.981598
SNP_2484	0.462963	0.122251	0.74281
SNP_2485	0.75	0.741935	0.999193
SNP_2486	0.477778	-0.046323	0.054787
SNP_2487	0.435829	0.122407	0.725382
SNP_2488	0.09375	0.064516	0.806218
SNP_2489	0.09375	0.064516	0.806218
SNP_2490	0.0	-100.0	0.5
SNP_2491	0.03125	0.0	0.5
SNP_2492	0.147059	0.121212	1.0
SNP_2493	0.438776	0.242165	0.89399
SNP_2494	0.438776	0.242165	0.89399
SNP_2495	0.438776	0.242165	0.89399
SNP_2496	0.0	-100.0	0.5
SNP_2497	0.058824	0.030303	0.944205
SNP_2498	0.194444	-0.048019	0.0
SNP_2499	0.591503	0.434455	0.985444
SNP_2500	0.035714	0.0	0.5
SNP_2501	0.281746	-0.001657	0.459967
SNP_2502	0.087302	-0.045455	0.0
SNP_2503	0.0	-100.0	0.5
SNP_2504	0.041667	0.0	0.694692
SNP_2505	0.136364	0.095238	1.0
SNP_2506	0.136364	0.095238	1.0
SNP_2507	0.377451	0.165443	0.785524
SNP_2508	0.0	-100.0	0.5
SNP_2509	0.066667	0.034483	0.959934
SNP_2510	0.066667	0.034483	0.959934
SNP_2511	0.0	-100.0	0.5
SNP_2512	0.17	0.002705	0.337869
SNP_2513	0.17	0.002705	0.337869
SNP_2514	0.17	0.002705	0.337869
SNP_2515	0.090909	0.047619	0.741489
SNP_2516	0.0	-100.0	0.5
SNP_2517	0.090909	0.047619	0.741489
SNP_2518	0.607143	0.483897	0.987011
SNP_2519	0.166667	0.130435	0.706356
SNP_2520	0.166667	0.130435	0.706356
SNP_2521	0.090909	0.047619	0.741489
SNP_2522	0.331551	-0.029186	0.186381
SNP_2523	0.331551	-0.029186	0.186381
SNP_2524	0.331551	-0.029186	0.186381
SNP_2525	0.388889	0.0255	0.498291
SNP_2526	0.071429	0.037037	0.967759
SNP_2527	0.083333	0.043478	0.726677
SNP_2528	0.083333	0.043478	0.726677
SNP_2529	0.083333	0.043478	0.726677
SNP_2530	0.083333	0.043478	0.726677
SNP_2531	0.083333	0.043478	0.726677
SNP_2532	0.083333	0.043478	0.726677
SNP_2533	0.291667	0.055901	0.622526
SNP_2534	0.465278	0.271901	0.966382
SNP_2535	0.118056	-0.028133	0.317077
SNP_2536	0.0	-100.0	0.5
SNP_2537	0.0	-100.0	0.5
SNP_2538	0.0	-100.0	0.5
SNP_2539	0.0	-100.0	0.5
SNP_2540	0.0	-100.0	0.5
SNP_2541	0.0	-100.0	0.5
SNP_2542	0.083333	0.043478	0.726677
SNP_2543	0.035714	0.0	0.5
SNP_2544	0.308824	0.020139	0.454418
SNP_2545	0.246875	0.082891	0.726593
SNP_2546	0.0	-100.0	0.5
SNP_2547	0.0	-100.0	0.5
SNP_2548	0.09375	0.064516	0.806218
SNP_2549	0.333333	0.018003	0.455709
SNP_2550	0.0625	0.032258	0.952037
SNP_2551	0.0625	0.032258	0.952037
SNP_2552	0.0625	0.032258	0.952037
SNP_2553	0.0625	0.032258	0.952037
SNP_2554	0.0625	0.032258	0.952037
SNP_2555	0.496032	-0.047059	0.049765
SNP_2556	0.404762	0.048443	0.596928
SNP_2557	0.090909	0.047619	0.741489
SNP_2558	0.090909	0.047619	0.741489
SNP_2559	0.0	-100.0	0.5
SNP_2560	0.147059	0.121212	1.0
SNP_2561	0.507353	0.01203	0.479453
SNP_2562	0.303922	0.077904	0.665642
SNP_2563	0.303922	0.077904	0.665642
SNP_2564	0.0	-100.0	0.5
SNP_2565	0.0	-100.0	0.5
SNP_2566	0.0	-100.0	0.5
SNP_2567	0.0	-100.0	0.5
SNP_2568	0.0	-100.0	0.5
