  1        1  (17)      1 :  0.7730  0.2270  
  2        2   (7)      1 :  0.8360  0.1640  
  3        3  (17)      1 :  0.8450  0.1550  
  4        4  (10)      1 :  0.8150  0.1850  
  5        5  (71)      1 :  0.8790  0.1210  
  6        6  (17)      1 :  0.8160  0.1840  
  7        7  (18)      1 :  0.8050  0.1950  
  8        8  (32)      1 :  0.8410  0.1590  
  9        9  (20)      1 :  0.8530  0.1470  
 10       10  (27)      1 :  0.8480  0.1520  
 11       11  (22)      1 :  0.8640  0.1360  
 12       12  (22)      1 :  0.8350  0.1650  
 13       13   (6)      1 :  0.8100  0.1900  
 14       14  (46)      1 :  0.8410  0.1590  
 15       15  (12)      1 :  0.7870  0.2130  
 16       16  (13)      2 :  0.8340  0.1660  
 17       17  (12)      2 :  0.8350  0.1650  
 18       18  (10)      2 :  0.8310  0.1690  
 19       19  (11)      2 :  0.8580  0.1420  
 20       20   (6)      2 :  0.8360  0.1640  
 21       21  (27)      2 :  0.8430  0.1570  
 22       22   (9)      2 :  0.7980  0.2020  
 23       23   (9)      2 :  0.8060  0.1940  
 24       24  (13)      2 :  0.8220  0.1780  
 25       25  (43)      2 :  0.8590  0.1410  
 26       26  (11)      2 :  0.8270  0.1730  
 27       27  (26)      2 :  0.8060  0.1940  
 28       28  (15)      2 :  0.7780  0.2220  
 29       29  (27)      2 :  0.8530  0.1470  
 30       30  (14)      2 :  0.8110  0.1890  
 31       31   (6)      2 :  0.8210  0.1790  
 32       32  (28)      3 :  0.8660  0.1340  
 33       33   (8)      3 :  0.8400  0.1600  
 34       34  (27)      3 :  0.8040  0.1960  
 35       35  (10)      3 :  0.8070  0.1930  
 36       36  (19)      3 :  0.8500  0.1500  
 37       37  (51)      3 :  0.8020  0.1980  
 38       38  (37)      3 :  0.8210  0.1790  
 39       39  (23)      3 :  0.8160  0.1840  
 40       40  (10)      3 :  0.8670  0.1330  
 41       41  (17)      3 :  0.8110  0.1890  
 42       42  (61)      3 :  0.7770  0.2230  
 43       43  (11)      3 :  0.8220  0.1780  
 44       44  (20)      3 :  0.8300  0.1700  
 45       45  (14)      3 :  0.8050  0.1950  
 46       46  (19)      3 :  0.8070  0.1930  
 47       47   (9)      4 :  0.8200  0.1800  
 48       48   (8)      4 :  0.8180  0.1820  
 49       49   (7)      4 :  0.8110  0.1890  
 50       50  (22)      4 :  0.8190  0.1810  
 51       51   (7)      4 :  0.8090  0.1910  
 52       52   (5)      4 :  0.8250  0.1750  
 53       53  (40)      4 :  0.7730  0.2270  
 54       54  (15)      4 :  0.8170  0.1830  
 55       55  (14)      4 :  0.8120  0.1880  
 56       56   (6)      4 :  0.8180  0.1820  
 57       57  (14)      4 :  0.8000  0.2000  
 58       58   (8)      4 :  0.8260  0.1740  
 59       59  (12)      4 :  0.8250  0.1750  
 60       60   (7)      4 :  0.7870  0.2130  
 61       61  (30)      5 :  0.8700  0.1300  
 62       62  (11)      5 :  0.8310  0.1690  
 63       63  (48)      5 :  0.8640  0.1360  
 64       64  (18)      5 :  0.8230  0.1770  
 65       65  (24)      5 :  0.8200  0.1800  
 66       66  (14)      5 :  0.8170  0.1830  
 67       67   (8)      5 :  0.8210  0.1790  
 68       68   (5)      5 :  0.8050  0.1950  
 69       69  (36)      5 :  0.8520  0.1480  
 70       70  (14)      5 :  0.8510  0.1490  
 71       71  (23)      5 :  0.8590  0.1410  
 72       72  (47)      5 :  0.8180  0.1820  
 73       73  (17)      5 :  0.8330  0.1670  
 74       74   (9)      5 :  0.8400  0.1600  
 75       75  (13)      5 :  0.7870  0.2130  
 76       76  (18)      6 :  0.8180  0.1820  
 77       77   (9)      6 :  0.8260  0.1740  
 78       78  (16)      6 :  0.7550  0.2450  
 79       79  (11)      6 :  0.8420  0.1580  
 80       80  (16)      6 :  0.8420  0.1580  
 81       81   (7)      6 :  0.7900  0.2100  
 82       82  (21)      6 :  0.8400  0.1600  
 83       83  (11)      6 :  0.8000  0.2000  
 84       84  (13)      6 :  0.7820  0.2180  
 85       85   (7)      6 :  0.8310  0.1690  
 86       86  (19)      6 :  0.8420  0.1580  
 87       87  (43)      6 :  0.8060  0.1940  
 88       88  (21)      6 :  0.8200  0.1800  
 89       89  (11)      6 :  0.8310  0.1690  
 90       90  (21)      6 :  0.8570  0.1430  
 91       91  (14)      6 :  0.8510  0.1490  
 92       92   (9)      7 :  0.8200  0.1800  
 93       93  (16)      7 :  0.8220  0.1780  
 94       94  (24)      7 :  0.8560  0.1440  
 95       95   (6)      7 :  0.8320  0.1680  
 96       96  (34)      7 :  0.8420  0.1580  
 97       97  (21)      7 :  0.8530  0.1470  
 98       98  (11)      7 :  0.8300  0.1700  
 99       99  (17)      7 :  0.8160  0.1840  
100      100  (14)      7 :  0.7970  0.2030  
101      101  (55)      7 :  0.8420  0.1580  
102      102  (12)      7 :  0.8300  0.1700  
103      103  (14)      7 :  0.8070  0.1930  
104      104  (17)      7 :  0.8100  0.1900  
105      105  (14)      7 :  0.8130  0.1870  
