  1        1  (17)      1 :  0.7830  0.2170  
  2        2   (7)      1 :  0.8170  0.1830  
  3        3  (17)      1 :  0.8210  0.1790  
  4        4  (10)      1 :  0.8230  0.1770  
  5        5  (71)      1 :  0.8480  0.1520  
  6        6  (17)      1 :  0.8150  0.1850  
  7        7  (18)      1 :  0.8340  0.1660  
  8        8  (32)      1 :  0.8430  0.1570  
  9        9  (20)      1 :  0.8240  0.1760  
 10       10  (27)      1 :  0.8100  0.1900  
 11       11  (22)      1 :  0.8640  0.1360  
 12       12  (22)      1 :  0.8230  0.1770  
 13       13   (6)      1 :  0.7860  0.2140  
 14       14  (46)      1 :  0.8590  0.1410  
 15       15  (12)      1 :  0.7960  0.2040  
 16       16  (13)      2 :  0.7960  0.2040  
 17       17  (12)      2 :  0.8240  0.1760  
 18       18  (10)      2 :  0.8260  0.1740  
 19       19  (11)      2 :  0.8400  0.1600  
 20       20   (6)      2 :  0.8100  0.1900  
 21       21  (27)      2 :  0.8420  0.1580  
 22       22   (9)      2 :  0.8010  0.1990  
 23       23   (9)      2 :  0.8170  0.1830  
 24       24  (13)      2 :  0.8100  0.1900  
 25       25  (43)      2 :  0.8260  0.1740  
 26       26  (11)      2 :  0.8300  0.1700  
 27       27  (26)      2 :  0.8030  0.1970  
 28       28  (15)      2 :  0.7990  0.2010  
 29       29  (27)      2 :  0.8670  0.1330  
 30       30  (14)      2 :  0.8120  0.1880  
 31       31   (6)      2 :  0.8190  0.1810  
 32       32  (28)      3 :  0.8270  0.1730  
 33       33   (8)      3 :  0.8180  0.1820  
 34       34  (27)      3 :  0.8020  0.1980  
 35       35  (10)      3 :  0.7860  0.2140  
 36       36  (19)      3 :  0.8240  0.1760  
 37       37  (51)      3 :  0.8170  0.1830  
 38       38  (37)      3 :  0.8240  0.1760  
 39       39  (23)      3 :  0.8100  0.1900  
 40       40  (10)      3 :  0.8450  0.1550  
 41       41  (17)      3 :  0.8480  0.1520  
 42       42  (61)      3 :  0.8020  0.1980  
 43       43  (11)      3 :  0.8000  0.2000  
 44       44  (20)      3 :  0.8390  0.1610  
 45       45  (14)      3 :  0.8090  0.1910  
 46       46  (19)      3 :  0.8360  0.1640  
 47       47   (9)      4 :  0.8360  0.1640  
 48       48   (8)      4 :  0.7980  0.2020  
 49       49   (7)      4 :  0.7920  0.2080  
 50       50  (22)      4 :  0.8020  0.1980  
 51       51   (7)      4 :  0.8170  0.1830  
 52       52   (5)      4 :  0.7930  0.2070  
 53       53  (40)      4 :  0.7940  0.2060  
 54       54  (15)      4 :  0.8190  0.1810  
 55       55  (14)      4 :  0.7850  0.2150  
 56       56   (6)      4 :  0.8100  0.1900  
 57       57  (14)      4 :  0.7810  0.2190  
 58       58   (8)      4 :  0.8170  0.1830  
 59       59  (12)      4 :  0.8140  0.1860  
 60       60   (7)      4 :  0.7950  0.2050  
 61       61  (30)      5 :  0.8670  0.1330  
 62       62  (11)      5 :  0.8020  0.1980  
 63       63  (48)      5 :  0.8390  0.1610  
 64       64  (18)      5 :  0.7990  0.2010  
 65       65  (24)      5 :  0.7880  0.2120  
 66       66  (14)      5 :  0.8160  0.1840  
 67       67   (8)      5 :  0.8170  0.1830  
 68       68   (5)      5 :  0.8120  0.1880  
 69       69  (36)      5 :  0.8460  0.1540  
 70       70  (14)      5 :  0.8180  0.1820  
 71       71  (23)      5 :  0.8240  0.1760  
 72       72  (47)      5 :  0.8440  0.1560  
 73       73  (17)      5 :  0.8080  0.1920  
 74       74   (9)      5 :  0.8410  0.1590  
 75       75  (13)      5 :  0.7750  0.2250  
 76       76  (18)      6 :  0.8240  0.1760  
 77       77   (9)      6 :  0.8220  0.1780  
 78       78  (16)      6 :  0.7570  0.2430  
 79       79  (11)      6 :  0.8260  0.1740  
 80       80  (16)      6 :  0.8450  0.1550  
 81       81   (7)      6 :  0.7970  0.2030  
 82       82  (21)      6 :  0.8100  0.1900  
 83       83  (11)      6 :  0.7870  0.2130  
 84       84  (13)      6 :  0.8020  0.1980  
 85       85   (7)      6 :  0.8380  0.1620  
 86       86  (19)      6 :  0.8130  0.1870  
 87       87  (43)      6 :  0.8340  0.1660  
 88       88  (21)      6 :  0.8430  0.1570  
 89       89  (11)      6 :  0.8210  0.1790  
 90       90  (21)      6 :  0.8210  0.1790  
 91       91  (14)      6 :  0.8260  0.1740  
 92       92   (9)      7 :  0.7760  0.2240  
 93       93  (16)      7 :  0.8340  0.1660  
 94       94  (24)      7 :  0.8500  0.1500  
 95       95   (6)      7 :  0.8240  0.1760  
 96       96  (34)      7 :  0.8460  0.1540  
 97       97  (21)      7 :  0.8200  0.1800  
 98       98  (11)      7 :  0.8270  0.1730  
 99       99  (17)      7 :  0.8200  0.1800  
100      100  (14)      7 :  0.8070  0.1930  
101      101  (55)      7 :  0.8040  0.1960  
102      102  (12)      7 :  0.8060  0.1940  
103      103  (14)      7 :  0.7960  0.2040  
104      104  (17)      7 :  0.8310  0.1690  
105      105  (14)      7 :  0.8180  0.1820  
