  1        1  (17)      1 :  0.9900  0.0010  0.0020  0.0040  0.0020  0.0010  
  2        2   (7)      1 :  0.0180  0.0770  0.0860  0.8160  0.0020  0.0010  
  3        3  (17)      1 :  0.0160  0.8370  0.0200  0.1230  0.0020  0.0020  
  4        4  (10)      1 :  0.0380  0.7313  0.0130  0.2068  0.0100  0.0010  
  5        5  (71)      1 :  0.0620  0.7770  0.1160  0.0360  0.0050  0.0040  
  6        6  (17)      1 :  0.0060  0.0060  0.8710  0.1120  0.0010  0.0040  
  7        7  (18)      1 :  0.0020  0.0010  0.0020  0.0040  0.0010  0.9900  
  8        8  (32)      1 :  0.0100  0.0090  0.0080  0.9680  0.0030  0.0020  
  9        9  (20)      1 :  0.0040  0.0070  0.9800  0.0030  0.0010  0.0050  
 10       10  (27)      1 :  0.7808  0.0080  0.2002  0.0080  0.0010  0.0020  
 11       11  (22)      1 :  0.0070  0.9710  0.0060  0.0130  0.0010  0.0020  
 12       12  (22)      1 :  0.5415  0.2108  0.0340  0.0200  0.0010  0.1928  
 13       13   (6)      1 :  0.0080  0.0190  0.9560  0.0110  0.0010  0.0050  
 14       14  (46)      1 :  0.0030  0.0130  0.8959  0.0380  0.0200  0.0300  
 15       15  (12)      1 :  0.9920  0.0020  0.0020  0.0020  0.0010  0.0010  
 16       16  (13)      2 :  0.0040  0.0090  0.9730  0.0070  0.0060  0.0010  
 17       17  (12)      2 :  0.0100  0.0529  0.0030  0.9241  0.0010  0.0090  
 18       18  (10)      2 :  0.0050  0.0380  0.9219  0.0120  0.0030  0.0200  
 19       19  (11)      2 :  0.0080  0.0110  0.6590  0.3030  0.0160  0.0030  
 20       20   (6)      2 :  0.5205  0.0959  0.1249  0.2527  0.0050  0.0010  
 21       21  (27)      2 :  0.0070  0.0521  0.8078  0.1161  0.0010  0.0160  
 22       22   (9)      2 :  0.0020  0.0120  0.9710  0.0110  0.0010  0.0030  
 23       23   (9)      2 :  0.0040  0.0210  0.0591  0.8929  0.0090  0.0140  
 24       24  (13)      2 :  0.0030  0.0060  0.9401  0.0290  0.0060  0.0160  
 25       25  (43)      2 :  0.0020  0.0030  0.0010  0.0010  0.9920  0.0010  
 26       26  (11)      2 :  0.0080  0.0090  0.9570  0.0160  0.0090  0.0010  
 27       27  (26)      2 :  0.6850  0.2860  0.0050  0.0150  0.0030  0.0060  
 28       28  (15)      2 :  0.0040  0.0050  0.9400  0.0400  0.0050  0.0060  
 29       29  (27)      2 :  0.0060  0.4660  0.3040  0.2030  0.0030  0.0180  
 30       30  (14)      2 :  0.2590  0.1340  0.5740  0.0270  0.0010  0.0050  
 31       31   (6)      2 :  0.0080  0.0719  0.7782  0.1389  0.0020  0.0010  
 32       32  (28)      3 :  0.0030  0.9810  0.0070  0.0030  0.0020  0.0040  
 33       33   (8)      3 :  0.0050  0.0440  0.0080  0.9299  0.0110  0.0020  
 34       34  (27)      3 :  0.0030  0.1011  0.7508  0.0961  0.0480  0.0010  
 35       35  (10)      3 :  0.0070  0.0110  0.9630  0.0120  0.0030  0.0040  
 36       36  (19)      3 :  0.0200  0.1792  0.7357  0.0400  0.0220  0.0030  
 37       37  (51)      3 :  0.0020  0.0010  0.0010  0.0010  0.0010  0.9940  
 38       38  (37)      3 :  0.0080  0.7892  0.1828  0.0160  0.0020  0.0020  
 39       39  (23)      3 :  0.0140  0.0050  0.9550  0.0190  0.0020  0.0050  
 40       40  (10)      3 :  0.0180  0.0140  0.8851  0.0110  0.0010  0.0709  
 41       41  (17)      3 :  0.0210  0.8969  0.0040  0.0130  0.0030  0.0621  
 42       42  (61)      3 :  0.0180  0.0550  0.8230  0.0860  0.0130  0.0050  
 43       43  (11)      3 :  0.0060  0.9400  0.0440  0.0040  0.0050  0.0010  
 44       44  (20)      3 :  0.0070  0.6887  0.1001  0.2012  0.0020  0.0010  
 45       45  (14)      3 :  0.3880  0.6030  0.0030  0.0030  0.0010  0.0020  
 46       46  (19)      3 :  0.0070  0.9641  0.0100  0.0110  0.0040  0.0040  
 47       47   (9)      4 :  0.0100  0.0809  0.8731  0.0320  0.0030  0.0010  
 48       48   (8)      4 :  0.0410  0.0040  0.8891  0.0589  0.0060  0.0010  
 49       49   (7)      4 :  0.1300  0.1500  0.6680  0.0480  0.0020  0.0020  
 50       50  (22)      4 :  0.0070  0.9730  0.0050  0.0040  0.0100  0.0010  
 51       51   (7)      4 :  0.0040  0.0100  0.0170  0.9640  0.0030  0.0020  
 52       52   (5)      4 :  0.0120  0.0170  0.8860  0.0820  0.0020  0.0010  
 53       53  (40)      4 :  0.0170  0.0030  0.9720  0.0030  0.0020  0.0030  
 54       54  (15)      4 :  0.0030  0.0030  0.0020  0.9860  0.0030  0.0030  
 55       55  (14)      4 :  0.0340  0.0050  0.7820  0.0010  0.1190  0.0590  
 56       56   (6)      4 :  0.0090  0.9360  0.0430  0.0080  0.0020  0.0020  
 57       57  (14)      4 :  0.0010  0.8440  0.0090  0.0130  0.0100  0.1230  
 58       58   (8)      4 :  0.3093  0.0060  0.0100  0.6527  0.0210  0.0010  
 59       59  (12)      4 :  0.2328  0.0519  0.0060  0.7013  0.0060  0.0020  
 60       60   (7)      4 :  0.0040  0.0150  0.9590  0.0050  0.0080  0.0090  
 61       61  (30)      5 :  0.0070  0.0370  0.9209  0.0210  0.0120  0.0020  
 62       62  (11)      5 :  0.0040  0.0120  0.0390  0.9240  0.0200  0.0010  
 63       63  (48)      5 :  0.0250  0.8519  0.0110  0.0230  0.0851  0.0040  
 64       64  (18)      5 :  0.0020  0.0100  0.7720  0.1460  0.0660  0.0040  
 65       65  (24)      5 :  0.0010  0.0010  0.0010  0.0020  0.9940  0.0010  
 66       66  (14)      5 :  0.0799  0.0190  0.0100  0.8871  0.0020  0.0020  
 67       67   (8)      5 :  0.0090  0.8358  0.0370  0.0170  0.0951  0.0060  
 68       68   (5)      5 :  0.0030  0.0090  0.9680  0.0160  0.0020  0.0020  
 69       69  (36)      5 :  0.3177  0.5055  0.0200  0.1399  0.0080  0.0090  
 70       70  (14)      5 :  0.0030  0.0090  0.0190  0.9650  0.0030  0.0010  
 71       71  (23)      5 :  0.0120  0.0090  0.0050  0.9640  0.0070  0.0030  
 72       72  (47)      5 :  0.0020  0.3970  0.2770  0.1350  0.0010  0.1880  
 73       73  (17)      5 :  0.3774  0.4014  0.0060  0.2092  0.0010  0.0050  
 74       74   (9)      5 :  0.1600  0.0700  0.0970  0.6370  0.0090  0.0270  
 75       75  (13)      5 :  0.0240  0.6793  0.1978  0.0579  0.0200  0.0210  
 76       76  (18)      6 :  0.0190  0.0310  0.9410  0.0050  0.0020  0.0020  
 77       77   (9)      6 :  0.0120  0.0170  0.0410  0.9270  0.0020  0.0010  
 78       78  (16)      6 :  0.0609  0.0030  0.0030  0.9201  0.0110  0.0020  
 79       79  (11)      6 :  0.0050  0.0110  0.3010  0.6800  0.0020  0.0010  
 80       80  (16)      6 :  0.0210  0.9550  0.0080  0.0130  0.0010  0.0020  
 81       81   (7)      6 :  0.0340  0.0080  0.9410  0.0130  0.0020  0.0020  
 82       82  (21)      6 :  0.0130  0.0050  0.0690  0.9100  0.0020  0.0010  
 83       83  (11)      6 :  0.0080  0.0050  0.6540  0.3270  0.0020  0.0040  
 84       84  (13)      6 :  0.0020  0.0280  0.0801  0.8869  0.0010  0.0020  
 85       85   (7)      6 :  0.0651  0.1832  0.6466  0.0180  0.0821  0.0050  
 86       86  (19)      6 :  0.0030  0.9220  0.0050  0.0050  0.0110  0.0540  
 87       87  (43)      6 :  0.3343  0.6106  0.0400  0.0090  0.0020  0.0040  
 88       88  (21)      6 :  0.1190  0.8000  0.0340  0.0120  0.0020  0.0330  
 89       89  (11)      6 :  0.0030  0.0090  0.0250  0.9550  0.0020  0.0060  
 90       90  (21)      6 :  0.0020  0.0340  0.9449  0.0150  0.0030  0.0010  
 91       91  (14)      6 :  0.0110  0.9139  0.0130  0.0200  0.0400  0.0020  
 92       92   (9)      7 :  0.0060  0.0649  0.9131  0.0100  0.0010  0.0050  
 93       93  (16)      7 :  0.0030  0.0070  0.9690  0.0160  0.0030  0.0020  
 94       94  (24)      7 :  0.0070  0.0170  0.3280  0.6430  0.0010  0.0040  
 95       95   (6)      7 :  0.0020  0.9451  0.0110  0.0210  0.0200  0.0010  
 96       96  (34)      7 :  0.0060  0.0220  0.2022  0.7658  0.0020  0.0020  
 97       97  (21)      7 :  0.0130  0.0490  0.0571  0.8689  0.0020  0.0100  
 98       98  (11)      7 :  0.0030  0.0170  0.8370  0.1340  0.0030  0.0060  
 99       99  (17)      7 :  0.0040  0.8060  0.1710  0.0140  0.0010  0.0040  
100      100  (14)      7 :  0.0930  0.6620  0.0410  0.0570  0.0010  0.1460  
101      101  (55)      7 :  0.0060  0.0260  0.9420  0.0180  0.0030  0.0050  
102      102  (12)      7 :  0.0250  0.0370  0.0759  0.8442  0.0030  0.0150  
103      103  (14)      7 :  0.0080  0.9701  0.0060  0.0080  0.0060  0.0020  
104      104  (17)      7 :  0.2170  0.7160  0.0270  0.0330  0.0020  0.0050  
105      105  (14)      7 :  0.0030  0.9100  0.0440  0.0330  0.0010  0.0090  
