  1        1  (17)      1 :  0.7650  0.2030  0.0320  
  2        2   (7)      1 :  0.8338  0.1642  0.0020  
  3        3  (17)      1 :  0.8420  0.1520  0.0060  
  4        4  (10)      1 :  0.8072  0.1409  0.0519  
  5        5  (71)      1 :  0.8779  0.1071  0.0150  
  6        6  (17)      1 :  0.8140  0.1820  0.0040  
  7        7  (18)      1 :  0.7772  0.0040  0.2188  
  8        8  (32)      1 :  0.8352  0.1508  0.0140  
  9        9  (20)      1 :  0.8492  0.1399  0.0110  
 10       10  (27)      1 :  0.8400  0.1100  0.0500  
 11       11  (22)      1 :  0.8600  0.1130  0.0270  
 12       12  (22)      1 :  0.8298  0.1662  0.0040  
 13       13   (6)      1 :  0.8030  0.1290  0.0680  
 14       14  (46)      1 :  0.8360  0.1380  0.0260  
 15       15  (12)      1 :  0.7730  0.1340  0.0930  
 16       16  (13)      2 :  0.8280  0.1560  0.0160  
 17       17  (12)      2 :  0.8330  0.1560  0.0110  
 18       18  (10)      2 :  0.8270  0.1560  0.0170  
 19       19  (11)      2 :  0.8551  0.1319  0.0130  
 20       20   (6)      2 :  0.8312  0.1648  0.0040  
 21       21  (27)      2 :  0.8400  0.1460  0.0140  
 22       22   (9)      2 :  0.7960  0.2000  0.0040  
 23       23   (9)      2 :  0.8040  0.1930  0.0030  
 24       24  (13)      2 :  0.8120  0.1350  0.0530  
 25       25  (43)      2 :  0.8300  0.0040  0.1660  
 26       26  (11)      2 :  0.8230  0.1740  0.0030  
 27       27  (26)      2 :  0.8040  0.1870  0.0090  
 28       28  (15)      2 :  0.7650  0.1490  0.0860  
 29       29  (27)      2 :  0.8440  0.1080  0.0480  
 30       30  (14)      2 :  0.8002  0.0939  0.1059  
 31       31   (6)      2 :  0.8180  0.1790  0.0030  
 32       32  (28)      3 :  0.8620  0.1310  0.0070  
 33       33   (8)      3 :  0.8350  0.1500  0.0150  
 34       34  (27)      3 :  0.8000  0.1920  0.0080  
 35       35  (10)      3 :  0.7980  0.1760  0.0260  
 36       36  (19)      3 :  0.8380  0.0670  0.0950  
 37       37  (51)      3 :  0.7650  0.0040  0.2310  
 38       38  (37)      3 :  0.8178  0.1752  0.0070  
 39       39  (23)      3 :  0.8130  0.1830  0.0040  
 40       40  (10)      3 :  0.8559  0.0701  0.0741  
 41       41  (17)      3 :  0.8010  0.1260  0.0730  
 42       42  (61)      3 :  0.7720  0.2020  0.0260  
 43       43  (11)      3 :  0.8172  0.1698  0.0130  
 44       44  (20)      3 :  0.8240  0.1710  0.0050  
 45       45  (14)      3 :  0.8000  0.1750  0.0250  
 46       46  (19)      3 :  0.8040  0.1870  0.0090  
 47       47   (9)      4 :  0.8160  0.1760  0.0080  
 48       48   (8)      4 :  0.8150  0.1820  0.0030  
 49       49   (7)      4 :  0.8070  0.1870  0.0060  
 50       50  (22)      4 :  0.8110  0.1640  0.0250  
 51       51   (7)      4 :  0.8050  0.1890  0.0060  
 52       52   (5)      4 :  0.8200  0.1680  0.0120  
 53       53  (40)      4 :  0.7270  0.0030  0.2700  
 54       54  (15)      4 :  0.8080  0.1130  0.0790  
 55       55  (14)      4 :  0.8020  0.1720  0.0260  
 56       56   (6)      4 :  0.8120  0.1780  0.0100  
 57       57  (14)      4 :  0.7710  0.0030  0.2260  
 58       58   (8)      4 :  0.8230  0.1720  0.0050  
 59       59  (12)      4 :  0.8180  0.1630  0.0190  
 60       60   (7)      4 :  0.7828  0.2092  0.0080  
 61       61  (30)      5 :  0.8670  0.1220  0.0110  
 62       62  (11)      5 :  0.8270  0.1700  0.0030  
 63       63  (48)      5 :  0.8620  0.1240  0.0140  
 64       64  (18)      5 :  0.8170  0.1710  0.0120  
 65       65  (24)      5 :  0.8180  0.1800  0.0020  
 66       66  (14)      5 :  0.8110  0.1770  0.0120  
 67       67   (8)      5 :  0.8150  0.1750  0.0100  
 68       68   (5)      5 :  0.8000  0.1870  0.0130  
 69       69  (36)      5 :  0.8500  0.1340  0.0160  
 70       70  (14)      5 :  0.8460  0.1490  0.0050  
 71       71  (23)      5 :  0.8510  0.1330  0.0160  
 72       72  (47)      5 :  0.8070  0.1300  0.0630  
 73       73  (17)      5 :  0.8310  0.1650  0.0040  
 74       74   (9)      5 :  0.8370  0.1580  0.0050  
 75       75  (13)      5 :  0.7750  0.0920  0.1330  
 76       76  (18)      6 :  0.8120  0.1800  0.0080  
 77       77   (9)      6 :  0.8220  0.1720  0.0060  
 78       78  (16)      6 :  0.7532  0.2418  0.0050  
 79       79  (11)      6 :  0.8400  0.1570  0.0030  
 80       80  (16)      6 :  0.8400  0.1570  0.0030  
 81       81   (7)      6 :  0.7860  0.2060  0.0080  
 82       82  (21)      6 :  0.8400  0.1570  0.0030  
 83       83  (11)      6 :  0.7920  0.1350  0.0730  
 84       84  (13)      6 :  0.7760  0.2140  0.0100  
 85       85   (7)      6 :  0.8220  0.1430  0.0350  
 86       86  (19)      6 :  0.8230  0.0820  0.0950  
 87       87  (43)      6 :  0.7960  0.1390  0.0650  
 88       88  (21)      6 :  0.8138  0.1341  0.0521  
 89       89  (11)      6 :  0.8262  0.1678  0.0060  
 90       90  (21)      6 :  0.8510  0.0890  0.0600  
 91       91  (14)      6 :  0.8440  0.0950  0.0610  
 92       92   (9)      7 :  0.8150  0.1740  0.0110  
 93       93  (16)      7 :  0.8180  0.1760  0.0060  
 94       94  (24)      7 :  0.8539  0.1411  0.0050  
 95       95   (6)      7 :  0.8300  0.1650  0.0050  
 96       96  (34)      7 :  0.8370  0.1390  0.0240  
 97       97  (21)      7 :  0.8490  0.1410  0.0100  
 98       98  (11)      7 :  0.8280  0.1650  0.0070  
 99       99  (17)      7 :  0.8080  0.1550  0.0370  
100      100  (14)      7 :  0.7730  0.0580  0.1690  
101      101  (55)      7 :  0.8390  0.1470  0.0140  
102      102  (12)      7 :  0.8260  0.1690  0.0050  
103      103  (14)      7 :  0.7992  0.1648  0.0360  
104      104  (17)      7 :  0.8080  0.1840  0.0080  
105      105  (14)      7 :  0.8108  0.1842  0.0050  
