  1        1  (17)      1 :  0.4220  0.2150  0.3630  
  2        2   (7)      1 :  0.3370  0.3740  0.2890  
  3        3  (17)      1 :  0.4050  0.2880  0.3070  
  4        4  (10)      1 :  0.5510  0.1710  0.2780  
  5        5  (71)      1 :  0.4180  0.3200  0.2620  
  6        6  (17)      1 :  0.2760  0.4530  0.2710  
  7        7  (18)      1 :  0.1940  0.4890  0.3170  
  8        8  (32)      1 :  0.3720  0.3470  0.2810  
  9        9  (20)      1 :  0.4280  0.3100  0.2620  
 10       10  (27)      1 :  0.3644  0.3483  0.2873  
 11       11  (22)      1 :  0.4650  0.3020  0.2330  
 12       12  (22)      1 :  0.2980  0.4340  0.2680  
 13       13   (6)      1 :  0.3400  0.3720  0.2880  
 14       14  (46)      1 :  0.4074  0.3283  0.2643  
 15       15  (12)      1 :  0.3480  0.3020  0.3500  
 16       16  (13)      2 :  0.4270  0.2940  0.2790  
 17       17  (12)      2 :  0.2657  0.4875  0.2468  
 18       18  (10)      2 :  0.3560  0.3460  0.2980  
 19       19  (11)      2 :  0.3570  0.3870  0.2560  
 20       20   (6)      2 :  0.3073  0.3524  0.3403  
 21       21  (27)      2 :  0.3170  0.3980  0.2850  
 22       22   (9)      2 :  0.3350  0.3250  0.3400  
 23       23   (9)      2 :  0.3610  0.3230  0.3160  
 24       24  (13)      2 :  0.3510  0.3310  0.3180  
 25       25  (43)      2 :  0.5810  0.1980  0.2210  
 26       26  (11)      2 :  0.4750  0.2280  0.2970  
 27       27  (26)      2 :  0.2877  0.4036  0.3087  
 28       28  (15)      2 :  0.3880  0.3500  0.2620  
 29       29  (27)      2 :  0.3277  0.4266  0.2458  
 30       30  (14)      2 :  0.2690  0.4180  0.3130  
 31       31   (6)      2 :  0.2930  0.4180  0.2890  
 32       32  (28)      3 :  0.4290  0.3160  0.2550  
 33       33   (8)      3 :  0.3480  0.3940  0.2580  
 34       34  (27)      3 :  0.4306  0.2907  0.2787  
 35       35  (10)      3 :  0.3786  0.3087  0.3127  
 36       36  (19)      3 :  0.3736  0.3347  0.2917  
 37       37  (51)      3 :  0.2510  0.4850  0.2640  
 38       38  (37)      3 :  0.3740  0.3550  0.2710  
 39       39  (23)      3 :  0.3610  0.2930  0.3460  
 40       40  (10)      3 :  0.3227  0.4206  0.2567  
 41       41  (17)      3 :  0.4110  0.2990  0.2900  
 42       42  (61)      3 :  0.4020  0.3260  0.2720  
 43       43  (11)      3 :  0.3820  0.3310  0.2870  
 44       44  (20)      3 :  0.3696  0.3576  0.2727  
 45       45  (14)      3 :  0.3730  0.3490  0.2780  
 46       46  (19)      3 :  0.2940  0.3830  0.3230  
 47       47   (9)      4 :  0.3860  0.3150  0.2990  
 48       48   (8)      4 :  0.3720  0.3410  0.2870  
 49       49   (7)      4 :  0.3650  0.3390  0.2960  
 50       50  (22)      4 :  0.4494  0.2492  0.3013  
 51       51   (7)      4 :  0.4340  0.2770  0.2890  
 52       52   (5)      4 :  0.3500  0.3390  0.3110  
 53       53  (40)      4 :  0.3447  0.3706  0.2847  
 54       54  (15)      4 :  0.3010  0.4160  0.2830  
 55       55  (14)      4 :  0.3626  0.3337  0.3037  
 56       56   (6)      4 :  0.3240  0.3860  0.2900  
 57       57  (14)      4 :  0.3130  0.3750  0.3120  
 58       58   (8)      4 :  0.3906  0.3217  0.2877  
 59       59  (12)      4 :  0.3830  0.3090  0.3080  
 60       60   (7)      4 :  0.3270  0.3490  0.3240  
 61       61  (30)      5 :  0.3410  0.4200  0.2390  
 62       62  (11)      5 :  0.3230  0.3580  0.3190  
 63       63  (48)      5 :  0.5020  0.2310  0.2670  
 64       64  (18)      5 :  0.2793  0.4294  0.2913  
 65       65  (24)      5 :  0.4560  0.2390  0.3050  
 66       66  (14)      5 :  0.3330  0.3350  0.3320  
 67       67   (8)      5 :  0.3420  0.3640  0.2940  
 68       68   (5)      5 :  0.2843  0.3904  0.3253  
 69       69  (36)      5 :  0.3980  0.3520  0.2500  
 70       70  (14)      5 :  0.2442  0.4805  0.2753  
 71       71  (23)      5 :  0.3790  0.3730  0.2480  
 72       72  (47)      5 :  0.3910  0.3570  0.2520  
 73       73  (17)      5 :  0.4130  0.3420  0.2450  
 74       74   (9)      5 :  0.3430  0.4040  0.2530  
 75       75  (13)      5 :  0.3590  0.3340  0.3070  
 76       76  (18)      6 :  0.3556  0.3926  0.2517  
 77       77   (9)      6 :  0.3220  0.3960  0.2820  
 78       78  (16)      6 :  0.3190  0.3100  0.3710  
 79       79  (11)      6 :  0.3630  0.4170  0.2200  
 80       80  (16)      6 :  0.3516  0.3626  0.2857  
 81       81   (7)      6 :  0.3430  0.3500  0.3070  
 82       82  (21)      6 :  0.3420  0.3770  0.2810  
 83       83  (11)      6 :  0.3110  0.3740  0.3150  
 84       84  (13)      6 :  0.3250  0.3620  0.3130  
 85       85   (7)      6 :  0.3360  0.4100  0.2540  
 86       86  (19)      6 :  0.3570  0.3610  0.2820  
 87       87  (43)      6 :  0.3700  0.3570  0.2730  
 88       88  (21)      6 :  0.4400  0.3000  0.2600  
 89       89  (11)      6 :  0.3210  0.3640  0.3150  
 90       90  (21)      6 :  0.4490  0.3200  0.2310  
 91       91  (14)      6 :  0.4040  0.3360  0.2600  
 92       92   (9)      7 :  0.2560  0.4370  0.3070  
 93       93  (16)      7 :  0.3890  0.3220  0.2890  
 94       94  (24)      7 :  0.4970  0.2830  0.2200  
 95       95   (6)      7 :  0.3377  0.3467  0.3157  
 96       96  (34)      7 :  0.4016  0.3676  0.2308  
 97       97  (21)      7 :  0.3493  0.3794  0.2713  
 98       98  (11)      7 :  0.3480  0.3300  0.3220  
 99       99  (17)      7 :  0.3570  0.3070  0.3360  
100      100  (14)      7 :  0.3070  0.3610  0.3320  
101      101  (55)      7 :  0.2990  0.4210  0.2800  
102      102  (12)      7 :  0.3200  0.4120  0.2680  
103      103  (14)      7 :  0.4106  0.3167  0.2727  
104      104  (17)      7 :  0.4276  0.2907  0.2817  
105      105  (14)      7 :  0.3147  0.3856  0.2997  
