  1        1  (17)      1 :  0.0020  0.0050  0.0040  0.0260  0.9610  0.0020  
  2        2   (7)      1 :  0.0180  0.8740  0.0540  0.0060  0.0030  0.0450  
  3        3  (17)      1 :  0.0010  0.9469  0.0120  0.0080  0.0240  0.0080  
  4        4  (10)      1 :  0.0010  0.9550  0.0210  0.0100  0.0120  0.0010  
  5        5  (71)      1 :  0.0040  0.8220  0.0180  0.0060  0.1420  0.0080  
  6        6  (17)      1 :  0.0020  0.0070  0.9580  0.0190  0.0060  0.0080  
  7        7  (18)      1 :  0.0030  0.0030  0.0040  0.0020  0.0010  0.9870  
  8        8  (32)      1 :  0.0020  0.0610  0.9080  0.0040  0.0170  0.0080  
  9        9  (20)      1 :  0.0050  0.8920  0.0110  0.0700  0.0030  0.0190  
 10       10  (27)      1 :  0.0030  0.0629  0.2627  0.0070  0.6603  0.0040  
 11       11  (22)      1 :  0.0030  0.4250  0.5420  0.0210  0.0070  0.0020  
 12       12  (22)      1 :  0.0020  0.0100  0.0060  0.9449  0.0270  0.0100  
 13       13   (6)      1 :  0.0030  0.0230  0.7590  0.2050  0.0030  0.0070  
 14       14  (46)      1 :  0.0090  0.4815  0.0721  0.1872  0.2382  0.0120  
 15       15  (12)      1 :  0.0020  0.0040  0.0230  0.0030  0.9630  0.0050  
 16       16  (13)      2 :  0.0050  0.0310  0.9460  0.0070  0.0060  0.0050  
 17       17  (12)      2 :  0.0080  0.9300  0.0200  0.0040  0.0040  0.0340  
 18       18  (10)      2 :  0.0020  0.8288  0.1251  0.0180  0.0080  0.0180  
 19       19  (11)      2 :  0.0130  0.0410  0.8649  0.0040  0.0561  0.0210  
 20       20   (6)      2 :  0.0010  0.6767  0.1131  0.0100  0.1972  0.0020  
 21       21  (27)      2 :  0.0020  0.0510  0.9090  0.0200  0.0110  0.0070  
 22       22   (9)      2 :  0.0040  0.3130  0.6210  0.0340  0.0120  0.0160  
 23       23   (9)      2 :  0.0010  0.0570  0.9230  0.0080  0.0090  0.0020  
 24       24  (13)      2 :  0.0060  0.0390  0.7990  0.1430  0.0030  0.0100  
 25       25  (43)      2 :  0.0010  0.0040  0.0060  0.0060  0.9810  0.0020  
 26       26  (11)      2 :  0.0130  0.8750  0.0620  0.0440  0.0050  0.0010  
 27       27  (26)      2 :  0.0020  0.6274  0.0090  0.1828  0.1688  0.0100  
 28       28  (15)      2 :  0.0020  0.0320  0.9470  0.0050  0.0030  0.0110  
 29       29  (27)      2 :  0.0820  0.0090  0.4580  0.0110  0.2020  0.2380  
 30       30  (14)      2 :  0.0040  0.8038  0.0320  0.1381  0.0190  0.0030  
 31       31   (6)      2 :  0.2160  0.0320  0.4990  0.1980  0.0130  0.0420  
 32       32  (28)      3 :  0.0070  0.9249  0.0200  0.0040  0.0140  0.0300  
 33       33   (8)      3 :  0.0010  0.0660  0.9110  0.0080  0.0110  0.0030  
 34       34  (27)      3 :  0.0080  0.2238  0.7083  0.0080  0.0350  0.0170  
 35       35  (10)      3 :  0.0010  0.1051  0.8699  0.0090  0.0050  0.0100  
 36       36  (19)      3 :  0.0020  0.0070  0.8940  0.0080  0.0770  0.0120  
 37       37  (51)      3 :  0.0030  0.0020  0.0010  0.0030  0.0010  0.9900  
 38       38  (37)      3 :  0.0480  0.0420  0.8412  0.0470  0.0140  0.0080  
 39       39  (23)      3 :  0.0260  0.9491  0.0130  0.0040  0.0040  0.0040  
 40       40  (10)      3 :  0.0030  0.0040  0.7323  0.0040  0.1608  0.0959  
 41       41  (17)      3 :  0.0130  0.0330  0.0120  0.0050  0.7280  0.2090  
 42       42  (61)      3 :  0.0110  0.0630  0.3280  0.5630  0.0310  0.0040  
 43       43  (11)      3 :  0.0020  0.4860  0.2920  0.0700  0.0950  0.0550  
 44       44  (20)      3 :  0.1300  0.0250  0.8250  0.0050  0.0130  0.0020  
 45       45  (14)      3 :  0.0020  0.8860  0.0030  0.1000  0.0020  0.0070  
 46       46  (19)      3 :  0.0660  0.2660  0.0070  0.6570  0.0030  0.0010  
 47       47   (9)      4 :  0.0759  0.8531  0.0539  0.0030  0.0120  0.0020  
 48       48   (8)      4 :  0.0130  0.0110  0.6547  0.0040  0.3133  0.0040  
 49       49   (7)      4 :  0.0090  0.0370  0.8990  0.0170  0.0340  0.0040  
 50       50  (22)      4 :  0.0030  0.5335  0.1942  0.0030  0.2613  0.0050  
 51       51   (7)      4 :  0.0040  0.0769  0.9061  0.0060  0.0050  0.0020  
 52       52   (5)      4 :  0.0010  0.0190  0.9090  0.0040  0.0310  0.0360  
 53       53  (40)      4 :  0.9910  0.0010  0.0010  0.0020  0.0010  0.0040  
 54       54  (15)      4 :  0.0060  0.0090  0.9710  0.0050  0.0060  0.0030  
 55       55  (14)      4 :  0.0140  0.0070  0.9221  0.0100  0.0270  0.0200  
 56       56   (6)      4 :  0.0909  0.8312  0.0559  0.0140  0.0050  0.0030  
 57       57  (14)      4 :  0.0310  0.0090  0.1882  0.6336  0.0040  0.1341  
 58       58   (8)      4 :  0.0010  0.0130  0.4310  0.0570  0.4970  0.0010  
 59       59  (12)      4 :  0.0030  0.8669  0.0701  0.0090  0.0490  0.0020  
 60       60   (7)      4 :  0.0040  0.6460  0.3090  0.0200  0.0110  0.0100  
 61       61  (30)      5 :  0.0460  0.3047  0.5115  0.1089  0.0170  0.0120  
 62       62  (11)      5 :  0.0010  0.6344  0.1858  0.0100  0.1528  0.0160  
 63       63  (48)      5 :  0.0100  0.1688  0.2837  0.0160  0.4186  0.1029  
 64       64  (18)      5 :  0.0020  0.0110  0.9470  0.0170  0.0100  0.0130  
 65       65  (24)      5 :  0.0020  0.0030  0.0030  0.0040  0.9870  0.0010  
 66       66  (14)      5 :  0.0050  0.3584  0.3894  0.0020  0.2432  0.0020  
 67       67   (8)      5 :  0.0050  0.0070  0.3740  0.0210  0.5900  0.0030  
 68       68   (5)      5 :  0.0120  0.0570  0.9220  0.0030  0.0040  0.0020  
 69       69  (36)      5 :  0.0010  0.8130  0.0840  0.0310  0.0590  0.0120  
 70       70  (14)      5 :  0.0020  0.9570  0.0120  0.0040  0.0220  0.0030  
 71       71  (23)      5 :  0.0030  0.0130  0.9630  0.0050  0.0110  0.0050  
 72       72  (47)      5 :  0.0020  0.3794  0.4244  0.0581  0.0070  0.1291  
 73       73  (17)      5 :  0.1000  0.0180  0.8490  0.0210  0.0050  0.0070  
 74       74   (9)      5 :  0.0010  0.0250  0.9179  0.0120  0.0390  0.0050  
 75       75  (13)      5 :  0.0020  0.0060  0.6314  0.1279  0.0110  0.2218  
 76       76  (18)      6 :  0.0020  0.0460  0.9141  0.0030  0.0300  0.0050  
 77       77   (9)      6 :  0.0030  0.8801  0.0749  0.0100  0.0280  0.0040  
 78       78  (16)      6 :  0.1420  0.4360  0.0150  0.0130  0.3900  0.0040  
 79       79  (11)      6 :  0.0020  0.0090  0.9730  0.0020  0.0100  0.0040  
 80       80  (16)      6 :  0.0010  0.8921  0.0739  0.0190  0.0100  0.0040  
 81       81   (7)      6 :  0.0150  0.4480  0.4890  0.0100  0.0150  0.0230  
 82       82  (21)      6 :  0.0030  0.7740  0.1620  0.0070  0.0500  0.0040  
 83       83  (11)      6 :  0.0030  0.3240  0.5740  0.0770  0.0170  0.0050  
 84       84  (13)      6 :  0.0030  0.7948  0.1762  0.0140  0.0050  0.0070  
 85       85   (7)      6 :  0.0040  0.4370  0.5040  0.0220  0.0290  0.0040  
 86       86  (19)      6 :  0.0040  0.0620  0.3560  0.0810  0.1100  0.3870  
 87       87  (43)      6 :  0.0729  0.0180  0.3716  0.1319  0.3936  0.0120  
 88       88  (21)      6 :  0.0030  0.0500  0.7030  0.2050  0.0200  0.0190  
 89       89  (11)      6 :  0.0060  0.4310  0.0950  0.0110  0.4530  0.0040  
 90       90  (21)      6 :  0.0730  0.0230  0.8490  0.0470  0.0040  0.0040  
 91       91  (14)      6 :  0.0010  0.9600  0.0270  0.0030  0.0040  0.0050  
 92       92   (9)      7 :  0.0020  0.7870  0.0110  0.1890  0.0050  0.0060  
 93       93  (16)      7 :  0.0360  0.0080  0.8780  0.0640  0.0050  0.0090  
 94       94  (24)      7 :  0.0010  0.0020  0.0050  0.9890  0.0010  0.0020  
 95       95   (6)      7 :  0.0010  0.8452  0.1329  0.0120  0.0070  0.0020  
 96       96  (34)      7 :  0.0090  0.0220  0.9420  0.0040  0.0150  0.0080  
 97       97  (21)      7 :  0.0040  0.0929  0.6543  0.2328  0.0110  0.0050  
 98       98  (11)      7 :  0.0020  0.0160  0.9550  0.0040  0.0030  0.0200  
 99       99  (17)      7 :  0.0090  0.8690  0.0690  0.0110  0.0070  0.0350  
100      100  (14)      7 :  0.0060  0.0610  0.1500  0.3680  0.1690  0.2460  
101      101  (55)      7 :  0.0030  0.3200  0.6440  0.0140  0.0150  0.0040  
102      102  (12)      7 :  0.0020  0.7962  0.1538  0.0360  0.0040  0.0080  
103      103  (14)      7 :  0.0020  0.6987  0.1892  0.0521  0.0490  0.0090  
104      104  (17)      7 :  0.0260  0.6600  0.2220  0.0610  0.0300  0.0010  
105      105  (14)      7 :  0.0929  0.8132  0.0050  0.0509  0.0100  0.0280  
