  1        1  (17)      1 :  0.0010  0.8420  0.0100  0.0050  0.1410  0.0010  
  2        2   (7)      1 :  0.0020  0.5220  0.4720  0.0010  0.0010  0.0020  
  3        3  (17)      1 :  0.0000  0.0250  0.9560  0.0060  0.0040  0.0090  
  4        4  (10)      1 :  0.0050  0.0210  0.9640  0.0040  0.0050  0.0010  
  5        5  (71)      1 :  0.0040  0.9720  0.0100  0.0040  0.0040  0.0060  
  6        6  (17)      1 :  0.0030  0.9019  0.0801  0.0040  0.0010  0.0100  
  7        7  (18)      1 :  0.0020  0.0010  0.0010  0.0010  0.0010  0.9940  
  8        8  (32)      1 :  0.0010  0.9069  0.0781  0.0110  0.0010  0.0020  
  9        9  (20)      1 :  0.0030  0.8350  0.0390  0.0420  0.0030  0.0780  
 10       10  (27)      1 :  0.0070  0.9770  0.0100  0.0030  0.0010  0.0020  
 11       11  (22)      1 :  0.0040  0.1820  0.7830  0.0280  0.0020  0.0010  
 12       12  (22)      1 :  0.0010  0.0070  0.0030  0.9850  0.0020  0.0020  
 13       13   (6)      1 :  0.0040  0.1179  0.8042  0.0699  0.0020  0.0020  
 14       14  (46)      1 :  0.0020  0.8630  0.0750  0.0050  0.0530  0.0020  
 15       15  (12)      1 :  0.0020  0.9680  0.0130  0.0010  0.0130  0.0030  
 16       16  (13)      2 :  0.0030  0.0200  0.6760  0.2950  0.0020  0.0040  
 17       17  (12)      2 :  0.0010  0.0070  0.9640  0.0150  0.0070  0.0060  
 18       18  (10)      2 :  0.0080  0.2090  0.3680  0.3890  0.0040  0.0220  
 19       19  (11)      2 :  0.0380  0.1662  0.6737  0.0150  0.1061  0.0010  
 20       20   (6)      2 :  0.0010  0.3094  0.4900  0.1936  0.0050  0.0010  
 21       21  (27)      2 :  0.0010  0.6280  0.3150  0.0530  0.0010  0.0020  
 22       22   (9)      2 :  0.0010  0.1622  0.7578  0.0621  0.0010  0.0160  
 23       23   (9)      2 :  0.0060  0.0120  0.9660  0.0040  0.0020  0.0100  
 24       24  (13)      2 :  0.0410  0.0240  0.8519  0.0781  0.0030  0.0020  
 25       25  (43)      2 :  0.0010  0.0010  0.0010  0.0010  0.9950  0.0010  
 26       26  (11)      2 :  0.0050  0.9409  0.0050  0.0200  0.0280  0.0010  
 27       27  (26)      2 :  0.0010  0.9620  0.0140  0.0110  0.0020  0.0100  
 28       28  (15)      2 :  0.0010  0.0040  0.9810  0.0040  0.0060  0.0040  
 29       29  (27)      2 :  0.0020  0.9540  0.0070  0.0020  0.0040  0.0310  
 30       30  (14)      2 :  0.0020  0.7870  0.1490  0.0220  0.0010  0.0390  
 31       31   (6)      2 :  0.0140  0.6190  0.0050  0.3480  0.0050  0.0090  
 32       32  (28)      3 :  0.0170  0.4040  0.4120  0.0110  0.0080  0.1480  
 33       33   (8)      3 :  0.0010  0.0140  0.9700  0.0110  0.0020  0.0020  
 34       34  (27)      3 :  0.0020  0.9630  0.0220  0.0040  0.0070  0.0020  
 35       35  (10)      3 :  0.0040  0.9430  0.0360  0.0140  0.0010  0.0020  
 36       36  (19)      3 :  0.0030  0.5820  0.3790  0.0030  0.0030  0.0300  
 37       37  (51)      3 :  0.0020  0.0010  0.0010  0.0030  0.0000  0.9930  
 38       38  (37)      3 :  0.0010  0.7550  0.1640  0.0750  0.0030  0.0020  
 39       39  (23)      3 :  0.0030  0.9440  0.0220  0.0180  0.0020  0.0110  
 40       40  (10)      3 :  0.0010  0.9240  0.0450  0.0070  0.0060  0.0170  
 41       41  (17)      3 :  0.0020  0.5385  0.2697  0.0040  0.0010  0.1848  
 42       42  (61)      3 :  0.0040  0.3430  0.3230  0.3180  0.0050  0.0070  
 43       43  (11)      3 :  0.0030  0.5145  0.0080  0.4635  0.0090  0.0020  
 44       44  (20)      3 :  0.0100  0.5550  0.4270  0.0020  0.0020  0.0040  
 45       45  (14)      3 :  0.0010  0.9760  0.0030  0.0180  0.0010  0.0010  
 46       46  (19)      3 :  0.0020  0.0030  0.0030  0.9880  0.0030  0.0010  
 47       47   (9)      4 :  0.0040  0.9840  0.0070  0.0030  0.0010  0.0010  
 48       48   (8)      4 :  0.0140  0.0160  0.9660  0.0010  0.0020  0.0010  
 49       49   (7)      4 :  0.0010  0.9520  0.0380  0.0030  0.0020  0.0040  
 50       50  (22)      4 :  0.0630  0.0260  0.9050  0.0020  0.0020  0.0020  
 51       51   (7)      4 :  0.0000  0.0340  0.9620  0.0020  0.0010  0.0010  
 52       52   (5)      4 :  0.0030  0.4700  0.5040  0.0050  0.0060  0.0120  
 53       53  (40)      4 :  0.9960  0.0010  0.0010  0.0010  0.0000  0.0010  
 54       54  (15)      4 :  0.0020  0.9860  0.0040  0.0030  0.0030  0.0020  
 55       55  (14)      4 :  0.0100  0.1548  0.7522  0.0020  0.0649  0.0160  
 56       56   (6)      4 :  0.0090  0.0140  0.9670  0.0060  0.0020  0.0020  
 57       57  (14)      4 :  0.0070  0.0060  0.0100  0.8590  0.0650  0.0530  
 58       58   (8)      4 :  0.0020  0.7240  0.2080  0.0100  0.0550  0.0010  
 59       59  (12)      4 :  0.0030  0.9780  0.0070  0.0060  0.0050  0.0010  
 60       60   (7)      4 :  0.0120  0.7300  0.0290  0.2200  0.0040  0.0050  
 61       61  (30)      5 :  0.0100  0.0070  0.8640  0.1120  0.0040  0.0030  
 62       62  (11)      5 :  0.0020  0.9640  0.0210  0.0050  0.0070  0.0010  
 63       63  (48)      5 :  0.0010  0.9530  0.0330  0.0040  0.0040  0.0050  
 64       64  (18)      5 :  0.0130  0.0040  0.9640  0.0050  0.0130  0.0010  
 65       65  (24)      5 :  0.0010  0.0010  0.0010  0.0010  0.9950  0.0010  
 66       66  (14)      5 :  0.0030  0.9320  0.0190  0.0130  0.0220  0.0110  
 67       67   (8)      5 :  0.0020  0.3986  0.4725  0.0639  0.0609  0.0020  
 68       68   (5)      5 :  0.0360  0.8861  0.0609  0.0020  0.0130  0.0020  
 69       69  (36)      5 :  0.0010  0.0740  0.9070  0.0080  0.0020  0.0080  
 70       70  (14)      5 :  0.0020  0.4424  0.5485  0.0010  0.0010  0.0050  
 71       71  (23)      5 :  0.0020  0.0070  0.9670  0.0050  0.0100  0.0090  
 72       72  (47)      5 :  0.0020  0.0210  0.9360  0.0220  0.0010  0.0180  
 73       73  (17)      5 :  0.0010  0.0100  0.9780  0.0040  0.0030  0.0040  
 74       74   (9)      5 :  0.0010  0.9620  0.0190  0.0080  0.0070  0.0030  
 75       75  (13)      5 :  0.0010  0.0140  0.9630  0.0030  0.0040  0.0150  
 76       76  (18)      6 :  0.0040  0.0120  0.9790  0.0020  0.0010  0.0020  
 77       77   (9)      6 :  0.0010  0.9520  0.0350  0.0050  0.0060  0.0010  
 78       78  (16)      6 :  0.0020  0.8212  0.0040  0.0120  0.1479  0.0130  
 79       79  (11)      6 :  0.0010  0.0020  0.9900  0.0040  0.0010  0.0020  
 80       80  (16)      6 :  0.0010  0.4120  0.5780  0.0020  0.0030  0.0040  
 81       81   (7)      6 :  0.0160  0.6953  0.2757  0.0090  0.0020  0.0020  
 82       82  (21)      6 :  0.0020  0.2200  0.7630  0.0050  0.0090  0.0010  
 83       83  (11)      6 :  0.0030  0.2863  0.6356  0.0651  0.0020  0.0080  
 84       84  (13)      6 :  0.0060  0.4110  0.5770  0.0020  0.0010  0.0030  
 85       85   (7)      6 :  0.0010  0.3584  0.6176  0.0090  0.0110  0.0030  
 86       86  (19)      6 :  0.0010  0.0040  0.7712  0.0030  0.0050  0.2158  
 87       87  (43)      6 :  0.0110  0.9430  0.0350  0.0040  0.0020  0.0050  
 88       88  (21)      6 :  0.0020  0.0170  0.8900  0.0870  0.0030  0.0010  
 89       89  (11)      6 :  0.0110  0.8841  0.0380  0.0050  0.0559  0.0060  
 90       90  (21)      6 :  0.0880  0.3610  0.5400  0.0060  0.0040  0.0010  
 91       91  (14)      6 :  0.0010  0.0050  0.9380  0.0020  0.0530  0.0010  
 92       92   (9)      7 :  0.0030  0.2897  0.3047  0.3906  0.0100  0.0020  
 93       93  (16)      7 :  0.0020  0.7542  0.2208  0.0180  0.0020  0.0030  
 94       94  (24)      7 :  0.0010  0.0030  0.0010  0.9910  0.0010  0.0030  
 95       95   (6)      7 :  0.0010  0.9660  0.0250  0.0030  0.0030  0.0020  
 96       96  (34)      7 :  0.0030  0.0250  0.9520  0.0130  0.0050  0.0020  
 97       97  (21)      7 :  0.0020  0.4394  0.0971  0.4525  0.0020  0.0070  
 98       98  (11)      7 :  0.0000  0.7638  0.2242  0.0040  0.0040  0.0040  
 99       99  (17)      7 :  0.0130  0.8090  0.0500  0.0960  0.0030  0.0290  
100      100  (14)      7 :  0.2733  0.5886  0.0210  0.0110  0.0030  0.1031  
101      101  (55)      7 :  0.0020  0.2660  0.6890  0.0130  0.0030  0.0270  
102      102  (12)      7 :  0.0010  0.0160  0.9301  0.0450  0.0030  0.0050  
103      103  (14)      7 :  0.0020  0.9630  0.0220  0.0080  0.0020  0.0030  
104      104  (17)      7 :  0.0010  0.9770  0.0050  0.0140  0.0010  0.0020  
105      105  (14)      7 :  0.0620  0.7660  0.0120  0.1550  0.0010  0.0040  
