  1        1  (17)      1 :  0.0010  0.9481  0.0040  0.0020  0.0430  0.0020  
  2        2   (7)      1 :  0.0010  0.1630  0.7980  0.0320  0.0010  0.0050  
  3        3  (17)      1 :  0.0010  0.0760  0.0070  0.9080  0.0020  0.0060  
  4        4  (10)      1 :  0.0010  0.1678  0.0170  0.8112  0.0020  0.0010  
  5        5  (71)      1 :  0.0070  0.1331  0.7117  0.1381  0.0040  0.0060  
  6        6  (17)      1 :  0.0080  0.0160  0.9640  0.0090  0.0020  0.0010  
  7        7  (18)      1 :  0.0010  0.0010  0.0020  0.0020  0.0010  0.9930  
  8        8  (32)      1 :  0.0020  0.0120  0.0040  0.9720  0.0020  0.0080  
  9        9  (20)      1 :  0.0010  0.7870  0.1400  0.0200  0.0270  0.0250  
 10       10  (27)      1 :  0.0010  0.0720  0.1370  0.7590  0.0010  0.0300  
 11       11  (22)      1 :  0.0010  0.8100  0.0150  0.1720  0.0010  0.0010  
 12       12  (22)      1 :  0.0010  0.9319  0.0060  0.0080  0.0000  0.0531  
 13       13   (6)      1 :  0.0040  0.0040  0.9790  0.0070  0.0010  0.0050  
 14       14  (46)      1 :  0.0300  0.0240  0.9019  0.0070  0.0040  0.0330  
 15       15  (12)      1 :  0.0020  0.0050  0.0020  0.9870  0.0010  0.0030  
 16       16  (13)      2 :  0.0010  0.0240  0.0210  0.9480  0.0040  0.0020  
 17       17  (12)      2 :  0.0060  0.8318  0.0050  0.0340  0.0110  0.1121  
 18       18  (10)      2 :  0.0020  0.0090  0.9490  0.0340  0.0030  0.0030  
 19       19  (11)      2 :  0.0040  0.0752  0.7866  0.0611  0.0711  0.0020  
 20       20   (6)      2 :  0.0000  0.0070  0.9860  0.0030  0.0030  0.0010  
 21       21  (27)      2 :  0.0010  0.1169  0.0060  0.8721  0.0020  0.0020  
 22       22   (9)      2 :  0.0380  0.0120  0.0040  0.9370  0.0010  0.0080  
 23       23   (9)      2 :  0.0010  0.6390  0.2280  0.0120  0.1190  0.0010  
 24       24  (13)      2 :  0.0680  0.0260  0.7430  0.0800  0.0090  0.0740  
 25       25  (43)      2 :  0.0020  0.0030  0.0020  0.0020  0.9890  0.0020  
 26       26  (11)      2 :  0.0170  0.0110  0.0380  0.9120  0.0200  0.0020  
 27       27  (26)      2 :  0.0010  0.9890  0.0060  0.0020  0.0010  0.0010  
 28       28  (15)      2 :  0.0010  0.5455  0.2492  0.1952  0.0040  0.0050  
 29       29  (27)      2 :  0.0060  0.7483  0.2068  0.0140  0.0080  0.0170  
 30       30  (14)      2 :  0.0140  0.9650  0.0110  0.0050  0.0010  0.0040  
 31       31   (6)      2 :  0.0010  0.0090  0.9700  0.0100  0.0020  0.0080  
 32       32  (28)      3 :  0.0050  0.1480  0.7900  0.0410  0.0120  0.0040  
 33       33   (8)      3 :  0.0010  0.1369  0.8382  0.0190  0.0030  0.0020  
 34       34  (27)      3 :  0.0030  0.7990  0.0460  0.1400  0.0060  0.0060  
 35       35  (10)      3 :  0.0020  0.2520  0.1490  0.5740  0.0010  0.0220  
 36       36  (19)      3 :  0.0020  0.0450  0.7320  0.1280  0.0410  0.0520  
 37       37  (51)      3 :  0.1948  0.0030  0.0020  0.0020  0.0020  0.7962  
 38       38  (37)      3 :  0.0020  0.2843  0.0731  0.6376  0.0010  0.0020  
 39       39  (23)      3 :  0.0010  0.0100  0.0120  0.9680  0.0060  0.0030  
 40       40  (10)      3 :  0.0010  0.0060  0.8142  0.1259  0.0100  0.0430  
 41       41  (17)      3 :  0.0010  0.0040  0.9200  0.0090  0.0020  0.0640  
 42       42  (61)      3 :  0.0020  0.5864  0.2088  0.1089  0.0909  0.0030  
 43       43  (11)      3 :  0.0010  0.0030  0.9399  0.0490  0.0020  0.0050  
 44       44  (20)      3 :  0.0060  0.2040  0.0350  0.7420  0.0020  0.0110  
 45       45  (14)      3 :  0.0060  0.9560  0.0210  0.0120  0.0030  0.0020  
 46       46  (19)      3 :  0.0040  0.0280  0.0100  0.9320  0.0150  0.0110  
 47       47   (9)      4 :  0.0020  0.0130  0.0480  0.9289  0.0050  0.0030  
 48       48   (8)      4 :  0.0010  0.0060  0.0400  0.9429  0.0090  0.0010  
 49       49   (7)      4 :  0.0010  0.0679  0.9151  0.0110  0.0010  0.0040  
 50       50  (22)      4 :  0.0010  0.9670  0.0170  0.0110  0.0020  0.0020  
 51       51   (7)      4 :  0.0020  0.2230  0.0040  0.7670  0.0010  0.0030  
 52       52   (5)      4 :  0.0010  0.0110  0.9349  0.0070  0.0020  0.0440  
 53       53  (40)      4 :  0.9960  0.0020  0.0010  0.0010  0.0000  0.0000  
 54       54  (15)      4 :  0.0040  0.0070  0.9830  0.0030  0.0020  0.0010  
 55       55  (14)      4 :  0.0060  0.6950  0.0290  0.0450  0.0030  0.2220  
 56       56   (6)      4 :  0.0030  0.9241  0.0410  0.0280  0.0030  0.0010  
 57       57  (14)      4 :  0.0030  0.9560  0.0080  0.0030  0.0260  0.0040  
 58       58   (8)      4 :  0.0010  0.2560  0.7260  0.0130  0.0030  0.0010  
 59       59  (12)      4 :  0.0020  0.9510  0.0400  0.0050  0.0010  0.0010  
 60       60   (7)      4 :  0.0010  0.0100  0.0100  0.9690  0.0090  0.0010  
 61       61  (30)      5 :  0.0090  0.1908  0.5435  0.2458  0.0080  0.0030  
 62       62  (11)      5 :  0.0020  0.0440  0.8102  0.0929  0.0430  0.0080  
 63       63  (48)      5 :  0.0030  0.5786  0.3123  0.0240  0.0761  0.0060  
 64       64  (18)      5 :  0.1321  0.0120  0.0971  0.4454  0.2062  0.1071  
 65       65  (24)      5 :  0.0010  0.0010  0.0010  0.0010  0.9950  0.0010  
 66       66  (14)      5 :  0.0040  0.0100  0.9610  0.0130  0.0100  0.0020  
 67       67   (8)      5 :  0.0040  0.8240  0.0450  0.0420  0.0810  0.0040  
 68       68   (5)      5 :  0.0140  0.0020  0.9370  0.0040  0.0420  0.0010  
 69       69  (36)      5 :  0.0010  0.9440  0.0140  0.0360  0.0020  0.0030  
 70       70  (14)      5 :  0.0020  0.5190  0.4690  0.0050  0.0030  0.0020  
 71       71  (23)      5 :  0.0020  0.0070  0.9630  0.0050  0.0220  0.0010  
 72       72  (47)      5 :  0.0060  0.1630  0.1660  0.5780  0.0020  0.0850  
 73       73  (17)      5 :  0.0010  0.9660  0.0160  0.0050  0.0060  0.0060  
 74       74   (9)      5 :  0.0010  0.9010  0.0360  0.0050  0.0530  0.0040  
 75       75  (13)      5 :  0.0220  0.5370  0.3620  0.0060  0.0100  0.0630  
 76       76  (18)      6 :  0.0010  0.1290  0.0440  0.8170  0.0020  0.0070  
 77       77   (9)      6 :  0.0010  0.3580  0.1870  0.4510  0.0020  0.0010  
 78       78  (16)      6 :  0.0070  0.8472  0.0060  0.0030  0.0529  0.0839  
 79       79  (11)      6 :  0.0010  0.0210  0.9279  0.0480  0.0010  0.0010  
 80       80  (16)      6 :  0.0010  0.8060  0.1630  0.0240  0.0050  0.0010  
 81       81   (7)      6 :  0.0020  0.0170  0.9481  0.0290  0.0020  0.0020  
 82       82  (21)      6 :  0.0050  0.0030  0.9620  0.0280  0.0010  0.0010  
 83       83  (11)      6 :  0.0040  0.0160  0.8640  0.1120  0.0010  0.0030  
 84       84  (13)      6 :  0.0130  0.0931  0.8699  0.0180  0.0020  0.0040  
 85       85   (7)      6 :  0.0010  0.0040  0.0040  0.9570  0.0230  0.0110  
 86       86  (19)      6 :  0.0010  0.0090  0.8839  0.0110  0.0100  0.0851  
 87       87  (43)      6 :  0.0090  0.5860  0.3560  0.0440  0.0030  0.0020  
 88       88  (21)      6 :  0.0010  0.8960  0.0130  0.0050  0.0030  0.0820  
 89       89  (11)      6 :  0.0040  0.0040  0.9700  0.0090  0.0080  0.0050  
 90       90  (21)      6 :  0.1190  0.0200  0.0020  0.8570  0.0010  0.0010  
 91       91  (14)      6 :  0.0010  0.0410  0.0060  0.8240  0.1270  0.0010  
 92       92   (9)      7 :  0.0030  0.0050  0.0180  0.9520  0.0160  0.0060  
 93       93  (16)      7 :  0.0030  0.0180  0.3130  0.6590  0.0020  0.0050  
 94       94  (24)      7 :  0.0010  0.3177  0.0080  0.6693  0.0030  0.0010  
 95       95   (6)      7 :  0.0010  0.2060  0.7730  0.0160  0.0030  0.0010  
 96       96  (34)      7 :  0.0030  0.0240  0.1480  0.8160  0.0040  0.0050  
 97       97  (21)      7 :  0.0010  0.0070  0.0070  0.9790  0.0010  0.0050  
 98       98  (11)      7 :  0.0010  0.0040  0.0090  0.9770  0.0030  0.0060  
 99       99  (17)      7 :  0.0010  0.0190  0.9300  0.0330  0.0010  0.0160  
100      100  (14)      7 :  0.2460  0.4560  0.2840  0.0030  0.0010  0.0100  
101      101  (55)      7 :  0.0040  0.0939  0.0350  0.8122  0.0060  0.0490  
102      102  (12)      7 :  0.0010  0.9590  0.0110  0.0170  0.0060  0.0060  
103      103  (14)      7 :  0.0020  0.9580  0.0230  0.0100  0.0060  0.0010  
104      104  (17)      7 :  0.0010  0.9710  0.0070  0.0170  0.0030  0.0010  
105      105  (14)      7 :  0.0020  0.0140  0.9710  0.0070  0.0030  0.0030  
