  1        1  (17)      1 :  0.0060  0.0040  0.0100  0.0370  0.9429  
  2        2   (7)      1 :  0.0050  0.0080  0.0130  0.8971  0.0769  
  3        3  (17)      1 :  0.0920  0.0140  0.0060  0.5330  0.3550  
  4        4  (10)      1 :  0.0100  0.0110  0.0030  0.7838  0.1922  
  5        5  (71)      1 :  0.0210  0.0270  0.0050  0.6456  0.3013  
  6        6  (17)      1 :  0.0050  0.0140  0.0170  0.3910  0.5730  
  7        7  (18)      1 :  0.9860  0.0040  0.0020  0.0030  0.0050  
  8        8  (32)      1 :  0.0250  0.0140  0.0050  0.7020  0.2540  
  9        9  (20)      1 :  0.1998  0.2368  0.0060  0.4925  0.0649  
 10       10  (27)      1 :  0.0621  0.0160  0.0030  0.6567  0.2623  
 11       11  (22)      1 :  0.0050  0.0220  0.0470  0.6480  0.2780  
 12       12  (22)      1 :  0.0050  0.9750  0.0020  0.0090  0.0090  
 13       13   (6)      1 :  0.2330  0.2160  0.0090  0.1430  0.3990  
 14       14  (46)      1 :  0.3297  0.0240  0.0689  0.4715  0.1059  
 15       15  (12)      1 :  0.0040  0.0230  0.0060  0.7090  0.2580  
 16       16  (13)      2 :  0.0080  0.0120  0.0450  0.2797  0.6553  
 17       17  (12)      2 :  0.0080  0.0100  0.0040  0.9650  0.0130  
 18       18  (10)      2 :  0.2418  0.0120  0.0170  0.6284  0.1009  
 19       19  (11)      2 :  0.0250  0.0990  0.0180  0.0560  0.8020  
 20       20   (6)      2 :  0.0050  0.0850  0.0100  0.0160  0.8840  
 21       21  (27)      2 :  0.0500  0.0480  0.0030  0.8430  0.0560  
 22       22   (9)      2 :  0.0090  0.0570  0.0100  0.9140  0.0100  
 23       23   (9)      2 :  0.0940  0.0070  0.0230  0.0650  0.8110  
 24       24  (13)      2 :  0.0570  0.1560  0.0800  0.0250  0.6820  
 25       25  (43)      2 :  0.9880  0.0020  0.0040  0.0020  0.0040  
 26       26  (11)      2 :  0.0040  0.0090  0.0320  0.4470  0.5080  
 27       27  (26)      2 :  0.0030  0.2312  0.0080  0.7327  0.0250  
 28       28  (15)      2 :  0.0140  0.0110  0.0060  0.0180  0.9510  
 29       29  (27)      2 :  0.0230  0.0350  0.0370  0.8360  0.0690  
 30       30  (14)      2 :  0.0140  0.1650  0.0130  0.6270  0.1810  
 31       31   (6)      2 :  0.3970  0.0560  0.3450  0.0340  0.1680  
 32       32  (28)      3 :  0.0641  0.0200  0.0130  0.8799  0.0230  
 33       33   (8)      3 :  0.0060  0.0120  0.0040  0.0910  0.8870  
 34       34  (27)      3 :  0.1890  0.0030  0.0040  0.7720  0.0320  
 35       35  (10)      3 :  0.0090  0.0350  0.0100  0.9170  0.0290  
 36       36  (19)      3 :  0.0220  0.0060  0.0130  0.0390  0.9200  
 37       37  (51)      3 :  0.0060  0.9860  0.0020  0.0030  0.0030  
 38       38  (37)      3 :  0.0210  0.0190  0.0140  0.8180  0.1280  
 39       39  (23)      3 :  0.0260  0.0170  0.0090  0.9120  0.0360  
 40       40  (10)      3 :  0.2412  0.0190  0.0070  0.0300  0.7027  
 41       41  (17)      3 :  0.4815  0.0050  0.0120  0.3584  0.1431  
 42       42  (61)      3 :  0.0871  0.3554  0.0160  0.2162  0.3253  
 43       43  (11)      3 :  0.1060  0.1800  0.0040  0.0120  0.6980  
 44       44  (20)      3 :  0.1592  0.0080  0.0541  0.7407  0.0380  
 45       45  (14)      3 :  0.0040  0.2937  0.0060  0.6693  0.0270  
 46       46  (19)      3 :  0.0030  0.8560  0.0550  0.0740  0.0120  
 47       47   (9)      4 :  0.0060  0.0040  0.0160  0.9590  0.0150  
 48       48   (8)      4 :  0.0030  0.0060  0.1300  0.6930  0.1680  
 49       49   (7)      4 :  0.0130  0.0160  0.0190  0.7792  0.1728  
 50       50  (22)      4 :  0.1009  0.0450  0.0040  0.2188  0.6314  
 51       51   (7)      4 :  0.0090  0.0290  0.0140  0.0450  0.9029  
 52       52   (5)      4 :  0.0540  0.0350  0.0040  0.0210  0.8860  
 53       53  (40)      4 :  0.0030  0.0160  0.9710  0.0050  0.0050  
 54       54  (15)      4 :  0.0060  0.0060  0.6460  0.0360  0.3060  
 55       55  (14)      4 :  0.0490  0.0060  0.0080  0.0180  0.9189  
 56       56   (6)      4 :  0.0060  0.0320  0.0080  0.9380  0.0160  
 57       57  (14)      4 :  0.4370  0.1230  0.2430  0.0630  0.1340  
 58       58   (8)      4 :  0.0020  0.0120  0.0160  0.0210  0.9489  
 59       59  (12)      4 :  0.0050  0.0050  0.0190  0.9430  0.0280  
 60       60   (7)      4 :  0.1768  0.0160  0.1049  0.5355  0.1668  
 61       61  (30)      5 :  0.0130  0.1770  0.0400  0.0790  0.6910  
 62       62  (11)      5 :  0.0520  0.0070  0.2040  0.6290  0.1080  
 63       63  (48)      5 :  0.0130  0.0080  0.0470  0.1070  0.8250  
 64       64  (18)      5 :  0.0140  0.0050  0.0610  0.1550  0.7650  
 65       65  (24)      5 :  0.0030  0.0020  0.9910  0.0020  0.0020  
 66       66  (14)      5 :  0.0150  0.0190  0.0400  0.0640  0.8620  
 67       67   (8)      5 :  0.0220  0.0170  0.0050  0.8120  0.1440  
 68       68   (5)      5 :  0.1479  0.0100  0.0370  0.0480  0.7572  
 69       69  (36)      5 :  0.0400  0.2630  0.0100  0.4020  0.2850  
 70       70  (14)      5 :  0.0020  0.0060  0.0110  0.9680  0.0130  
 71       71  (23)      5 :  0.0270  0.0070  0.0070  0.0150  0.9441  
 72       72  (47)      5 :  0.5385  0.0110  0.0040  0.3754  0.0711  
 73       73  (17)      5 :  0.0870  0.0100  0.0100  0.8680  0.0250  
 74       74   (9)      5 :  0.0040  0.0180  0.0130  0.0440  0.9211  
 75       75  (13)      5 :  0.0350  0.0250  0.0050  0.0150  0.9199  
 76       76  (18)      6 :  0.0130  0.0410  0.0110  0.3497  0.5854  
 77       77   (9)      6 :  0.0080  0.0400  0.0130  0.8710  0.0680  
 78       78  (16)      6 :  0.0060  0.0050  0.0891  0.8949  0.0050  
 79       79  (11)      6 :  0.0220  0.0030  0.0080  0.0290  0.9380  
 80       80  (16)      6 :  0.0440  0.0080  0.0140  0.8370  0.0970  
 81       81   (7)      6 :  0.0160  0.0070  0.0230  0.4234  0.5305  
 82       82  (21)      6 :  0.0060  0.0300  0.0030  0.9191  0.0420  
 83       83  (11)      6 :  0.1441  0.0160  0.0030  0.8028  0.0340  
 84       84  (13)      6 :  0.0250  0.0040  0.0100  0.8018  0.1592  
 85       85   (7)      6 :  0.0730  0.0140  0.1400  0.4200  0.3530  
 86       86  (19)      6 :  0.9650  0.0090  0.0020  0.0120  0.0120  
 87       87  (43)      6 :  0.2500  0.5100  0.0530  0.0380  0.1490  
 88       88  (21)      6 :  0.1798  0.0400  0.0070  0.0130  0.7602  
 89       89  (11)      6 :  0.0070  0.0130  0.1071  0.8629  0.0100  
 90       90  (21)      6 :  0.0040  0.1070  0.0150  0.0170  0.8570  
 91       91  (14)      6 :  0.0709  0.0090  0.0060  0.0749  0.8392  
 92       92   (9)      7 :  0.0060  0.3260  0.0030  0.6510  0.0140  
 93       93  (16)      7 :  0.0090  0.0370  0.0110  0.8380  0.1050  
 94       94  (24)      7 :  0.0050  0.9720  0.0030  0.0100  0.0100  
 95       95   (6)      7 :  0.0470  0.0090  0.0040  0.8939  0.0460  
 96       96  (34)      7 :  0.1602  0.0330  0.0100  0.6927  0.1041  
 97       97  (21)      7 :  0.0040  0.3950  0.0080  0.0320  0.5610  
 98       98  (11)      7 :  0.0170  0.0350  0.0020  0.0581  0.8879  
 99       99  (17)      7 :  0.1283  0.0511  0.0060  0.1263  0.6884  
100      100  (14)      7 :  0.0050  0.0140  0.0050  0.9630  0.0130  
101      101  (55)      7 :  0.0100  0.0170  0.0080  0.9260  0.0390  
102      102  (12)      7 :  0.0100  0.0140  0.0040  0.8370  0.1350  
103      103  (14)      7 :  0.0150  0.0440  0.0050  0.7932  0.1429  
104      104  (17)      7 :  0.0080  0.0610  0.0100  0.1360  0.7850  
105      105  (14)      7 :  0.2850  0.0850  0.0630  0.5360  0.0310  
