  1        1  (17)      1 :  0.7662  0.0040  0.2228  0.0070  
  2        2   (7)      1 :  0.8220  0.0010  0.0700  0.1070  
  3        3  (17)      1 :  0.8280  0.0020  0.0070  0.1630  
  4        4  (10)      1 :  0.8242  0.0060  0.1069  0.0629  
  5        5  (71)      1 :  0.8310  0.0030  0.1080  0.0580  
  6        6  (17)      1 :  0.8090  0.0020  0.0070  0.1820  
  7        7  (18)      1 :  0.8240  0.0020  0.1710  0.0030  
  8        8  (32)      1 :  0.8500  0.0010  0.1250  0.0240  
  9        9  (20)      1 :  0.8458  0.0040  0.0040  0.1461  
 10       10  (27)      1 :  0.8190  0.0010  0.1750  0.0050  
 11       11  (22)      1 :  0.8850  0.0030  0.0080  0.1040  
 12       12  (22)      1 :  0.7950  0.1960  0.0040  0.0050  
 13       13   (6)      1 :  0.8220  0.0030  0.0060  0.1690  
 14       14  (46)      1 :  0.8310  0.0020  0.0670  0.1000  
 15       15  (12)      1 :  0.7888  0.0030  0.2062  0.0020  
 16       16  (13)      2 :  0.8030  0.0220  0.1670  0.0080  
 17       17  (12)      2 :  0.8428  0.0020  0.0040  0.1512  
 18       18  (10)      2 :  0.8440  0.0020  0.0030  0.1510  
 19       19  (11)      2 :  0.8460  0.0040  0.0040  0.1460  
 20       20   (6)      2 :  0.8410  0.0130  0.0160  0.1300  
 21       21  (27)      2 :  0.8490  0.0020  0.0090  0.1400  
 22       22   (9)      2 :  0.8260  0.0050  0.0040  0.1650  
 23       23   (9)      2 :  0.8290  0.0020  0.1560  0.0130  
 24       24  (13)      2 :  0.8390  0.0070  0.0100  0.1440  
 25       25  (43)      2 :  0.8110  0.1870  0.0010  0.0010  
 26       26  (11)      2 :  0.8270  0.0040  0.0090  0.1600  
 27       27  (26)      2 :  0.8370  0.0800  0.0280  0.0550  
 28       28  (15)      2 :  0.7908  0.0010  0.0911  0.1171  
 29       29  (27)      2 :  0.8741  0.0070  0.0040  0.1149  
 30       30  (14)      2 :  0.8110  0.0070  0.0220  0.1600  
 31       31   (6)      2 :  0.8392  0.0030  0.0250  0.1329  
 32       32  (28)      3 :  0.8472  0.0040  0.0769  0.0719  
 33       33   (8)      3 :  0.8370  0.0070  0.1220  0.0340  
 34       34  (27)      3 :  0.8050  0.0010  0.1080  0.0860  
 35       35  (10)      3 :  0.7950  0.0030  0.0190  0.1830  
 36       36  (19)      3 :  0.8292  0.0020  0.1588  0.0100  
 37       37  (51)      3 :  0.7830  0.2100  0.0040  0.0030  
 38       38  (37)      3 :  0.8352  0.0140  0.1099  0.0410  
 39       39  (23)      3 :  0.8020  0.0020  0.0060  0.1900  
 40       40  (10)      3 :  0.8500  0.0030  0.1220  0.0250  
 41       41  (17)      3 :  0.7918  0.0170  0.1862  0.0050  
 42       42  (61)      3 :  0.8140  0.0300  0.0120  0.1440  
 43       43  (11)      3 :  0.8090  0.0030  0.0030  0.1850  
 44       44  (20)      3 :  0.8360  0.0050  0.1140  0.0450  
 45       45  (14)      3 :  0.8448  0.0160  0.0020  0.1371  
 46       46  (19)      3 :  0.8250  0.1690  0.0020  0.0040  
 47       47   (9)      4 :  0.8380  0.0030  0.0620  0.0970  
 48       48   (8)      4 :  0.8100  0.0010  0.0050  0.1840  
 49       49   (7)      4 :  0.8040  0.0030  0.1660  0.0270  
 50       50  (22)      4 :  0.8000  0.0990  0.0390  0.0620  
 51       51   (7)      4 :  0.8058  0.0020  0.0751  0.1171  
 52       52   (5)      4 :  0.8060  0.0030  0.0540  0.1370  
 53       53  (40)      4 :  0.8511  0.0020  0.0270  0.1199  
 54       54  (15)      4 :  0.8660  0.0070  0.0080  0.1190  
 55       55  (14)      4 :  0.8118  0.0010  0.1722  0.0150  
 56       56   (6)      4 :  0.8350  0.0020  0.0040  0.1590  
 57       57  (14)      4 :  0.8050  0.0040  0.0040  0.1870  
 58       58   (8)      4 :  0.8290  0.0140  0.1340  0.0230  
 59       59  (12)      4 :  0.8350  0.0010  0.0110  0.1530  
 60       60   (7)      4 :  0.8148  0.0020  0.0030  0.1802  
 61       61  (30)      5 :  0.8680  0.0040  0.0040  0.1240  
 62       62  (11)      5 :  0.8130  0.0020  0.0470  0.1380  
 63       63  (48)      5 :  0.8630  0.0020  0.0570  0.0780  
 64       64  (18)      5 :  0.8408  0.0010  0.0020  0.1562  
 65       65  (24)      5 :  0.8148  0.0010  0.0160  0.1682  
 66       66  (14)      5 :  0.8400  0.0040  0.0050  0.1510  
 67       67   (8)      5 :  0.8162  0.0110  0.0180  0.1548  
 68       68   (5)      5 :  0.8080  0.0010  0.0040  0.1870  
 69       69  (36)      5 :  0.8650  0.0620  0.0050  0.0680  
 70       70  (14)      5 :  0.8418  0.0010  0.0040  0.1532  
 71       71  (23)      5 :  0.8360  0.0280  0.1300  0.0060  
 72       72  (47)      5 :  0.8250  0.0030  0.0070  0.1650  
 73       73  (17)      5 :  0.8140  0.0140  0.1640  0.0080  
 74       74   (9)      5 :  0.8320  0.0020  0.0050  0.1610  
 75       75  (13)      5 :  0.7998  0.0430  0.0090  0.1481  
 76       76  (18)      6 :  0.8350  0.0030  0.1390  0.0230  
 77       77   (9)      6 :  0.8078  0.0010  0.0030  0.1882  
 78       78  (16)      6 :  0.7960  0.0300  0.0660  0.1080  
 79       79  (11)      6 :  0.8509  0.0010  0.1351  0.0130  
 80       80  (16)      6 :  0.8290  0.0020  0.0120  0.1570  
 81       81   (7)      6 :  0.8202  0.0020  0.0180  0.1598  
 82       82  (21)      6 :  0.8170  0.0020  0.0090  0.1720  
 83       83  (11)      6 :  0.8170  0.0090  0.0080  0.1660  
 84       84  (13)      6 :  0.7878  0.0010  0.0470  0.1642  
 85       85   (7)      6 :  0.8550  0.0150  0.0420  0.0880  
 86       86  (19)      6 :  0.8200  0.0020  0.0080  0.1700  
 87       87  (43)      6 :  0.8220  0.0460  0.1000  0.0320  
 88       88  (21)      6 :  0.8242  0.0400  0.0579  0.0779  
 89       89  (11)      6 :  0.8330  0.0020  0.0300  0.1350  
 90       90  (21)      6 :  0.8680  0.0050  0.0040  0.1230  
 91       91  (14)      6 :  0.8320  0.0810  0.0300  0.0570  
 92       92   (9)      7 :  0.8098  0.0220  0.0020  0.1662  
 93       93  (16)      7 :  0.8430  0.0050  0.0500  0.1020  
 94       94  (24)      7 :  0.8669  0.0230  0.0020  0.1081  
 95       95   (6)      7 :  0.8132  0.0010  0.0040  0.1818  
 96       96  (34)      7 :  0.8619  0.0010  0.0240  0.1131  
 97       97  (21)      7 :  0.8430  0.0080  0.0030  0.1460  
 98       98  (11)      7 :  0.8160  0.0020  0.0170  0.1650  
 99       99  (17)      7 :  0.8280  0.0070  0.0030  0.1620  
100      100  (14)      7 :  0.8198  0.0020  0.0591  0.1191  
101      101  (55)      7 :  0.8390  0.0070  0.0240  0.1300  
102      102  (12)      7 :  0.8442  0.0020  0.0030  0.1508  
103      103  (14)      7 :  0.8290  0.0090  0.0080  0.1540  
104      104  (17)      7 :  0.8300  0.0020  0.0380  0.1300  
105      105  (14)      7 :  0.8228  0.0090  0.0040  0.1642  
