  1        1  (17)      1 :  0.2857  0.0020  0.0020  0.0020  0.7083  
  2        2   (7)      1 :  0.0120  0.0050  0.0090  0.1878  0.7862  
  3        3  (17)      1 :  0.0040  0.0020  0.0549  0.1299  0.8092  
  4        4  (10)      1 :  0.0050  0.0020  0.0050  0.2030  0.7850  
  5        5  (71)      1 :  0.1280  0.0020  0.0410  0.0590  0.7700  
  6        6  (17)      1 :  0.0030  0.0020  0.0060  0.2070  0.7820  
  7        7  (18)      1 :  0.2360  0.0050  0.0010  0.0010  0.7570  
  8        8  (32)      1 :  0.1802  0.0010  0.0020  0.0060  0.8108  
  9        9  (20)      1 :  0.0120  0.0030  0.0880  0.1040  0.7930  
 10       10  (27)      1 :  0.1580  0.0010  0.0170  0.0400  0.7840  
 11       11  (22)      1 :  0.0040  0.0010  0.0160  0.1350  0.8440  
 12       12  (22)      1 :  0.0030  0.2198  0.0020  0.0070  0.7682  
 13       13   (6)      1 :  0.0020  0.0110  0.2080  0.0180  0.7610  
 14       14  (46)      1 :  0.0250  0.0020  0.0190  0.1160  0.8380  
 15       15  (12)      1 :  0.2580  0.0010  0.0020  0.0020  0.7370  
 16       16  (13)      2 :  0.0020  0.0140  0.0230  0.1800  0.7810  
 17       17  (12)      2 :  0.0060  0.0020  0.1670  0.0140  0.8110  
 18       18  (10)      2 :  0.0020  0.0070  0.0120  0.1820  0.7970  
 19       19  (11)      2 :  0.0020  0.0040  0.0100  0.1850  0.7990  
 20       20   (6)      2 :  0.0030  0.0260  0.0030  0.2182  0.7497  
 21       21  (27)      2 :  0.0020  0.0010  0.1181  0.0791  0.7998  
 22       22   (9)      2 :  0.0020  0.0030  0.0150  0.1910  0.7890  
 23       23   (9)      2 :  0.0130  0.0020  0.0140  0.1942  0.7768  
 24       24  (13)      2 :  0.0110  0.0350  0.0911  0.0641  0.7988  
 25       25  (43)      2 :  0.1301  0.0010  0.0010  0.0010  0.8669  
 26       26  (11)      2 :  0.0020  0.0060  0.0030  0.1940  0.7950  
 27       27  (26)      2 :  0.0170  0.0930  0.0080  0.1010  0.7810  
 28       28  (15)      2 :  0.0030  0.0030  0.0841  0.1041  0.8058  
 29       29  (27)      2 :  0.0030  0.0020  0.0290  0.1518  0.8142  
 30       30  (14)      2 :  0.0030  0.0090  0.1898  0.0060  0.7922  
 31       31   (6)      2 :  0.0040  0.0010  0.0030  0.1730  0.8190  
 32       32  (28)      3 :  0.0160  0.0020  0.1090  0.0720  0.8010  
 33       33   (8)      3 :  0.0020  0.0030  0.0030  0.1780  0.8140  
 34       34  (27)      3 :  0.0030  0.0020  0.1700  0.0220  0.8030  
 35       35  (10)      3 :  0.0170  0.0050  0.1708  0.0190  0.7882  
 36       36  (19)      3 :  0.0480  0.0020  0.0220  0.1119  0.8162  
 37       37  (51)      3 :  0.0010  0.2210  0.0020  0.0010  0.7750  
 38       38  (37)      3 :  0.0040  0.0030  0.0040  0.1702  0.8188  
 39       39  (23)      3 :  0.0030  0.0020  0.0719  0.1159  0.8072  
 40       40  (10)      3 :  0.1010  0.0060  0.0310  0.0400  0.8220  
 41       41  (17)      3 :  0.1340  0.0040  0.0450  0.0480  0.7690  
 42       42  (61)      3 :  0.0070  0.0370  0.1060  0.0900  0.7600  
 43       43  (11)      3 :  0.0020  0.0030  0.0070  0.2030  0.7850  
 44       44  (20)      3 :  0.0900  0.0060  0.0860  0.0190  0.7990  
 45       45  (14)      3 :  0.0030  0.0140  0.0220  0.1670  0.7940  
 46       46  (19)      3 :  0.0030  0.2078  0.0060  0.0070  0.7762  
 47       47   (9)      4 :  0.0020  0.0020  0.0450  0.1460  0.8050  
 48       48   (8)      4 :  0.0040  0.0030  0.0569  0.1578  0.7782  
 49       49   (7)      4 :  0.0060  0.0030  0.0330  0.1950  0.7630  
 50       50  (22)      4 :  0.0110  0.0090  0.0070  0.1730  0.8000  
 51       51   (7)      4 :  0.0130  0.0080  0.1350  0.0550  0.7890  
 52       52   (5)      4 :  0.0100  0.0030  0.0789  0.1439  0.7642  
 53       53  (40)      4 :  0.0010  0.2730  0.0010  0.0010  0.7240  
 54       54  (15)      4 :  0.0150  0.0020  0.0060  0.2038  0.7732  
 55       55  (14)      4 :  0.0080  0.0020  0.1932  0.0350  0.7618  
 56       56   (6)      4 :  0.0020  0.0010  0.1830  0.0070  0.8070  
 57       57  (14)      4 :  0.0050  0.0020  0.1930  0.0090  0.7910  
 58       58   (8)      4 :  0.0920  0.0010  0.0020  0.1050  0.8000  
 59       59  (12)      4 :  0.0110  0.0030  0.0180  0.1788  0.7892  
 60       60   (7)      4 :  0.0040  0.0010  0.1460  0.0750  0.7740  
 61       61  (30)      5 :  0.0030  0.0020  0.0390  0.1251  0.8308  
 62       62  (11)      5 :  0.0030  0.0020  0.0050  0.2060  0.7840  
 63       63  (48)      5 :  0.0150  0.0120  0.0170  0.0810  0.8750  
 64       64  (18)      5 :  0.0020  0.0060  0.1980  0.0050  0.7890  
 65       65  (24)      5 :  0.0020  0.0010  0.0130  0.1910  0.7930  
 66       66  (14)      5 :  0.0561  0.0080  0.0070  0.1782  0.7508  
 67       67   (8)      5 :  0.0040  0.0100  0.0260  0.1702  0.7898  
 68       68   (5)      5 :  0.0020  0.0020  0.0510  0.1530  0.7920  
 69       69  (36)      5 :  0.0170  0.0150  0.0110  0.1321  0.8248  
 70       70  (14)      5 :  0.0190  0.0040  0.0591  0.1051  0.8128  
 71       71  (23)      5 :  0.0770  0.0080  0.0030  0.1110  0.8010  
 72       72  (47)      5 :  0.0040  0.0060  0.1439  0.0330  0.8132  
 73       73  (17)      5 :  0.1310  0.0040  0.0550  0.0100  0.8000  
 74       74   (9)      5 :  0.0040  0.0010  0.0030  0.1710  0.8210  
 75       75  (13)      5 :  0.0210  0.0130  0.1459  0.0330  0.7872  
 76       76  (18)      6 :  0.0150  0.0010  0.0080  0.2070  0.7690  
 77       77   (9)      6 :  0.0020  0.0020  0.1550  0.0540  0.7870  
 78       78  (16)      6 :  0.0030  0.0190  0.0410  0.1638  0.7732  
 79       79  (11)      6 :  0.0610  0.0010  0.0240  0.0910  0.8230  
 80       80  (16)      6 :  0.0030  0.0060  0.0110  0.1830  0.7970  
 81       81   (7)      6 :  0.0020  0.0060  0.0060  0.2008  0.7852  
 82       82  (21)      6 :  0.0110  0.0060  0.0140  0.1692  0.7998  
 83       83  (11)      6 :  0.0070  0.0270  0.1780  0.0040  0.7840  
 84       84  (13)      6 :  0.0010  0.0020  0.0050  0.2072  0.7848  
 85       85   (7)      6 :  0.0819  0.0420  0.0420  0.0360  0.7982  
 86       86  (19)      6 :  0.0040  0.0010  0.1860  0.0060  0.8030  
 87       87  (43)      6 :  0.0941  0.0040  0.0721  0.0501  0.7798  
 88       88  (21)      6 :  0.0320  0.0430  0.0859  0.0220  0.8172  
 89       89  (11)      6 :  0.0050  0.0010  0.0070  0.1750  0.8120  
 90       90  (21)      6 :  0.0020  0.0090  0.1538  0.0240  0.8112  
 91       91  (14)      6 :  0.0030  0.0140  0.0110  0.1400  0.8320  
 92       92   (9)      7 :  0.0010  0.0420  0.1071  0.0561  0.7938  
 93       93  (16)      7 :  0.0130  0.0030  0.0100  0.1840  0.7900  
 94       94  (24)      7 :  0.0020  0.0010  0.1500  0.0100  0.8370  
 95       95   (6)      7 :  0.0050  0.0010  0.0810  0.1080  0.8050  
 96       96  (34)      7 :  0.0220  0.0020  0.0831  0.0390  0.8539  
 97       97  (21)      7 :  0.0030  0.0579  0.0130  0.1259  0.8002  
 98       98  (11)      7 :  0.0030  0.0020  0.0660  0.1490  0.7800  
 99       99  (17)      7 :  0.0010  0.0070  0.0100  0.1940  0.7880  
100      100  (14)      7 :  0.0150  0.0270  0.0060  0.2018  0.7502  
101      101  (55)      7 :  0.0260  0.0190  0.0900  0.0770  0.7880  
102      102  (12)      7 :  0.0130  0.0010  0.0040  0.1862  0.7958  
103      103  (14)      7 :  0.0030  0.0360  0.0860  0.0990  0.7760  
104      104  (17)      7 :  0.0020  0.0010  0.0060  0.1750  0.8160  
105      105  (14)      7 :  0.0020  0.0030  0.0080  0.1750  0.8120  
