  1        1  (17)      1 :  0.0270  0.0080  0.0050  0.8921  0.0080  0.0020  0.0579  
  2        2   (7)      1 :  0.1638  0.7333  0.0899  0.0030  0.0060  0.0020  0.0020  
  3        3  (17)      1 :  0.0260  0.3976  0.4845  0.0440  0.0140  0.0030  0.0310  
  4        4  (10)      1 :  0.0170  0.0080  0.9210  0.0190  0.0070  0.0030  0.0250  
  5        5  (71)      1 :  0.0260  0.6730  0.0210  0.2470  0.0090  0.0060  0.0180  
  6        6  (17)      1 :  0.2018  0.4955  0.2498  0.0150  0.0070  0.0290  0.0020  
  7        7  (18)      1 :  0.8340  0.0110  0.0020  0.0020  0.0150  0.1310  0.0050  
  8        8  (32)      1 :  0.7027  0.2362  0.0210  0.0230  0.0070  0.0030  0.0070  
  9        9  (20)      1 :  0.0370  0.8030  0.0110  0.0250  0.0940  0.0270  0.0030  
 10       10  (27)      1 :  0.1788  0.5095  0.0250  0.2687  0.0090  0.0070  0.0020  
 11       11  (22)      1 :  0.0130  0.0340  0.9291  0.0020  0.0130  0.0040  0.0050  
 12       12  (22)      1 :  0.0080  0.0070  0.0030  0.0150  0.9640  0.0020  0.0010  
 13       13   (6)      1 :  0.1808  0.5824  0.0130  0.0090  0.1858  0.0040  0.0250  
 14       14  (46)      1 :  0.0110  0.8108  0.1061  0.0410  0.0060  0.0050  0.0200  
 15       15  (12)      1 :  0.0110  0.1120  0.0040  0.8550  0.0020  0.0030  0.0130  
 16       16  (13)      2 :  0.0250  0.5440  0.0860  0.0060  0.3210  0.0060  0.0120  
 17       17  (12)      2 :  0.9520  0.0070  0.0070  0.0130  0.0130  0.0060  0.0020  
 18       18  (10)      2 :  0.0420  0.1732  0.3173  0.0030  0.3824  0.0771  0.0050  
 19       19  (11)      2 :  0.0040  0.0060  0.7393  0.0569  0.0170  0.0879  0.0889  
 20       20   (6)      2 :  0.3830  0.0250  0.0410  0.2060  0.3080  0.0010  0.0360  
 21       21  (27)      2 :  0.7894  0.0469  0.0589  0.0050  0.0948  0.0020  0.0030  
 22       22   (9)      2 :  0.8350  0.0160  0.0200  0.0020  0.1110  0.0150  0.0010  
 23       23   (9)      2 :  0.0150  0.2090  0.7430  0.0080  0.0060  0.0170  0.0020  
 24       24  (13)      2 :  0.0140  0.0810  0.5210  0.0020  0.2560  0.0540  0.0720  
 25       25  (43)      2 :  0.0010  0.0020  0.0020  0.0020  0.0020  0.0010  0.9900  
 26       26  (11)      2 :  0.0100  0.8388  0.0140  0.0210  0.1041  0.0030  0.0090  
 27       27  (26)      2 :  0.9379  0.0090  0.0060  0.0250  0.0120  0.0070  0.0030  
 28       28  (15)      2 :  0.0460  0.0100  0.9150  0.0090  0.0130  0.0050  0.0020  
 29       29  (27)      2 :  0.0630  0.8860  0.0050  0.0270  0.0090  0.0050  0.0050  
 30       30  (14)      2 :  0.4030  0.1900  0.3470  0.0100  0.0290  0.0190  0.0020  
 31       31   (6)      2 :  0.0160  0.5530  0.0060  0.0060  0.3980  0.0180  0.0030  
 32       32  (28)      3 :  0.0220  0.5846  0.0440  0.0110  0.0160  0.1782  0.1441  
 33       33   (8)      3 :  0.2970  0.0330  0.6180  0.0090  0.0390  0.0030  0.0010  
 34       34  (27)      3 :  0.0250  0.8611  0.0819  0.0080  0.0050  0.0030  0.0160  
 35       35  (10)      3 :  0.0210  0.5806  0.3463  0.0100  0.0330  0.0080  0.0010  
 36       36  (19)      3 :  0.5650  0.0500  0.2640  0.0990  0.0040  0.0170  0.0010  
 37       37  (51)      3 :  0.0020  0.0010  0.0030  0.0010  0.0040  0.9870  0.0020  
 38       38  (37)      3 :  0.0930  0.7650  0.0510  0.0040  0.0710  0.0040  0.0120  
 39       39  (23)      3 :  0.0090  0.9290  0.0280  0.0030  0.0210  0.0080  0.0020  
 40       40  (10)      3 :  0.1280  0.6540  0.0470  0.0180  0.0090  0.0070  0.1370  
 41       41  (17)      3 :  0.0070  0.9129  0.0120  0.0100  0.0060  0.0410  0.0110  
 42       42  (61)      3 :  0.0370  0.1848  0.1249  0.0240  0.5215  0.0160  0.0919  
 43       43  (11)      3 :  0.0080  0.5435  0.0080  0.0230  0.4104  0.0010  0.0060  
 44       44  (20)      3 :  0.3900  0.5560  0.0240  0.0030  0.0040  0.0100  0.0130  
 45       45  (14)      3 :  0.0380  0.9160  0.0150  0.0100  0.0180  0.0020  0.0010  
 46       46  (19)      3 :  0.0070  0.0050  0.0030  0.0030  0.9730  0.0030  0.0060  
 47       47   (9)      4 :  0.0290  0.9369  0.0110  0.0070  0.0090  0.0040  0.0030  
 48       48   (8)      4 :  0.0210  0.0350  0.9071  0.0280  0.0020  0.0050  0.0020  
 49       49   (7)      4 :  0.4990  0.3990  0.0720  0.0090  0.0100  0.0050  0.0060  
 50       50  (22)      4 :  0.8749  0.0070  0.0110  0.0040  0.0090  0.0270  0.0671  
 51       51   (7)      4 :  0.1430  0.0580  0.7760  0.0110  0.0080  0.0020  0.0020  
 52       52   (5)      4 :  0.0780  0.7650  0.0470  0.0610  0.0170  0.0170  0.0150  
 53       53  (40)      4 :  0.0010  0.0010  0.0010  0.0010  0.0020  0.9930  0.0010  
 54       54  (15)      4 :  0.0050  0.9660  0.0080  0.0040  0.0120  0.0030  0.0020  
 55       55  (14)      4 :  0.3730  0.3610  0.0630  0.1600  0.0020  0.0190  0.0220  
 56       56   (6)      4 :  0.8460  0.0660  0.0520  0.0030  0.0190  0.0100  0.0040  
 57       57  (14)      4 :  0.0050  0.0040  0.0100  0.0410  0.7480  0.1790  0.0130  
 58       58   (8)      4 :  0.0040  0.0500  0.6360  0.2900  0.0120  0.0040  0.0040  
 59       59  (12)      4 :  0.0210  0.7260  0.0100  0.2250  0.0130  0.0030  0.0020  
 60       60   (7)      4 :  0.0490  0.6294  0.0290  0.0040  0.2547  0.0280  0.0060  
 61       61  (30)      5 :  0.0571  0.1171  0.4955  0.0080  0.2633  0.0561  0.0030  
 62       62  (11)      5 :  0.0070  0.6390  0.1590  0.1760  0.0150  0.0030  0.0010  
 63       63  (48)      5 :  0.0170  0.9200  0.0080  0.0410  0.0060  0.0030  0.0050  
 64       64  (18)      5 :  0.0440  0.0040  0.8120  0.0720  0.0070  0.0200  0.0410  
 65       65  (24)      5 :  0.0020  0.0020  0.0020  0.9830  0.0050  0.0010  0.0050  
 66       66  (14)      5 :  0.0969  0.6434  0.0889  0.0559  0.0659  0.0130  0.0360  
 67       67   (8)      5 :  0.4995  0.0649  0.1658  0.1049  0.1469  0.0040  0.0140  
 68       68   (5)      5 :  0.2513  0.6747  0.0190  0.0030  0.0040  0.0160  0.0320  
 69       69  (36)      5 :  0.7940  0.0150  0.0200  0.1370  0.0280  0.0020  0.0040  
 70       70  (14)      5 :  0.2390  0.6840  0.0490  0.0120  0.0020  0.0120  0.0020  
 71       71  (23)      5 :  0.0070  0.0150  0.7730  0.0070  0.0060  0.0150  0.1770  
 72       72  (47)      5 :  0.0420  0.1180  0.7200  0.0030  0.0930  0.0170  0.0070  
 73       73  (17)      5 :  0.7870  0.0160  0.1010  0.0160  0.0130  0.0050  0.0620  
 74       74   (9)      5 :  0.6446  0.0631  0.0050  0.2593  0.0120  0.0120  0.0040  
 75       75  (13)      5 :  0.5420  0.0310  0.3580  0.0050  0.0080  0.0060  0.0500  
 76       76  (18)      6 :  0.9510  0.0140  0.0170  0.0090  0.0040  0.0030  0.0020  
 77       77   (9)      6 :  0.0471  0.9098  0.0240  0.0060  0.0070  0.0030  0.0030  
 78       78  (16)      6 :  0.6340  0.1270  0.0090  0.1720  0.0480  0.0070  0.0030  
 79       79  (11)      6 :  0.0580  0.0050  0.9170  0.0040  0.0120  0.0010  0.0030  
 80       80  (16)      6 :  0.6430  0.2980  0.0420  0.0060  0.0040  0.0050  0.0020  
 81       81   (7)      6 :  0.0090  0.3674  0.5886  0.0070  0.0150  0.0080  0.0050  
 82       82  (21)      6 :  0.0210  0.7447  0.0711  0.0060  0.0200  0.0050  0.1321  
 83       83  (11)      6 :  0.6533  0.0331  0.0701  0.0170  0.1533  0.0501  0.0230  
 84       84  (13)      6 :  0.5614  0.3866  0.0270  0.0040  0.0050  0.0060  0.0100  
 85       85   (7)      6 :  0.0310  0.0871  0.8078  0.0310  0.0260  0.0030  0.0140  
 86       86  (19)      6 :  0.7147  0.0440  0.0420  0.0040  0.0090  0.0080  0.1782  
 87       87  (43)      6 :  0.7403  0.1888  0.0120  0.0330  0.0110  0.0120  0.0030  
 88       88  (21)      6 :  0.7453  0.0140  0.0140  0.0040  0.1658  0.0020  0.0549  
 89       89  (11)      6 :  0.0130  0.8991  0.0250  0.0400  0.0110  0.0080  0.0040  
 90       90  (21)      6 :  0.0370  0.5526  0.3524  0.0100  0.0280  0.0150  0.0050  
 91       91  (14)      6 :  0.0270  0.0180  0.8370  0.0110  0.0050  0.0020  0.1000  
 92       92   (9)      7 :  0.0110  0.0511  0.4114  0.0060  0.4565  0.0060  0.0581  
 93       93  (16)      7 :  0.0120  0.0300  0.9250  0.0160  0.0100  0.0050  0.0020  
 94       94  (24)      7 :  0.0030  0.0060  0.0030  0.0030  0.9800  0.0030  0.0020  
 95       95   (6)      7 :  0.0220  0.9230  0.0070  0.0070  0.0110  0.0020  0.0280  
 96       96  (34)      7 :  0.0270  0.1900  0.6940  0.0080  0.0260  0.0090  0.0460  
 97       97  (21)      7 :  0.0110  0.0140  0.4955  0.0561  0.4084  0.0130  0.0020  
 98       98  (11)      7 :  0.0220  0.0460  0.9109  0.0140  0.0040  0.0010  0.0020  
 99       99  (17)      7 :  0.4780  0.1370  0.0220  0.0050  0.2540  0.0550  0.0490  
100      100  (14)      7 :  0.0890  0.5770  0.0060  0.0090  0.0070  0.2940  0.0180  
101      101  (55)      7 :  0.2208  0.6154  0.0669  0.0290  0.0539  0.0060  0.0080  
102      102  (12)      7 :  0.8500  0.0150  0.0890  0.0130  0.0310  0.0010  0.0010  
103      103  (14)      7 :  0.0839  0.8302  0.0300  0.0060  0.0350  0.0080  0.0070  
104      104  (17)      7 :  0.0120  0.9540  0.0070  0.0040  0.0180  0.0020  0.0030  
105      105  (14)      7 :  0.0170  0.6770  0.0160  0.0030  0.1650  0.1200  0.0020  
