  1        1  (17)      1 :  0.9350  0.0040  0.0030  0.0040  0.0510  0.0010  0.0020  
  2        2   (7)      1 :  0.3413  0.4645  0.0961  0.0260  0.0080  0.0541  0.0100  
  3        3  (17)      1 :  0.0470  0.8690  0.0200  0.0330  0.0120  0.0180  0.0010  
  4        4  (10)      1 :  0.0570  0.8000  0.0600  0.0060  0.0720  0.0030  0.0020  
  5        5  (71)      1 :  0.4060  0.4100  0.1320  0.0230  0.0140  0.0080  0.0070  
  6        6  (17)      1 :  0.2402  0.2953  0.2823  0.1181  0.0050  0.0400  0.0190  
  7        7  (18)      1 :  0.0020  0.0030  0.0030  0.0020  0.0020  0.9840  0.0040  
  8        8  (32)      1 :  0.9340  0.0090  0.0070  0.0370  0.0060  0.0050  0.0020  
  9        9  (20)      1 :  0.0040  0.0190  0.8830  0.0040  0.0450  0.0420  0.0030  
 10       10  (27)      1 :  0.8590  0.0260  0.0700  0.0030  0.0120  0.0160  0.0140  
 11       11  (22)      1 :  0.0130  0.0210  0.7548  0.1822  0.0210  0.0060  0.0020  
 12       12  (22)      1 :  0.0030  0.0060  0.0040  0.0030  0.9640  0.0170  0.0030  
 13       13   (6)      1 :  0.0160  0.4515  0.0380  0.0230  0.4665  0.0020  0.0030  
 14       14  (46)      1 :  0.1860  0.2780  0.0580  0.2760  0.0150  0.1790  0.0080  
 15       15  (12)      1 :  0.8531  0.0070  0.0100  0.0090  0.0030  0.1139  0.0040  
 16       16  (13)      2 :  0.0150  0.1780  0.7320  0.0100  0.0170  0.0450  0.0030  
 17       17  (12)      2 :  0.0911  0.0150  0.8529  0.0080  0.0080  0.0230  0.0020  
 18       18  (10)      2 :  0.1190  0.4430  0.3840  0.0150  0.0240  0.0070  0.0080  
 19       19  (11)      2 :  0.2700  0.3110  0.0350  0.0460  0.3330  0.0020  0.0030  
 20       20   (6)      2 :  0.8457  0.0431  0.0341  0.0090  0.0561  0.0020  0.0100  
 21       21  (27)      2 :  0.0090  0.1920  0.7680  0.0050  0.0120  0.0060  0.0080  
 22       22   (9)      2 :  0.0070  0.0600  0.8020  0.0060  0.0230  0.0960  0.0060  
 23       23   (9)      2 :  0.4500  0.0980  0.1370  0.2650  0.0110  0.0350  0.0040  
 24       24  (13)      2 :  0.0980  0.0770  0.0800  0.0390  0.6360  0.0510  0.0190  
 25       25  (43)      2 :  0.0170  0.0040  0.0100  0.0080  0.9540  0.0030  0.0040  
 26       26  (11)      2 :  0.0060  0.1011  0.6927  0.0741  0.0420  0.0020  0.0821  
 27       27  (26)      2 :  0.0620  0.0080  0.0130  0.0110  0.8840  0.0090  0.0130  
 28       28  (15)      2 :  0.6220  0.1540  0.1340  0.0140  0.0640  0.0110  0.0010  
 29       29  (27)      2 :  0.0140  0.7872  0.0959  0.0160  0.0060  0.0699  0.0110  
 30       30  (14)      2 :  0.0880  0.1980  0.2420  0.0050  0.4200  0.0390  0.0080  
 31       31   (6)      2 :  0.0310  0.2130  0.0820  0.6520  0.0050  0.0100  0.0070  
 32       32  (28)      3 :  0.0360  0.8890  0.0450  0.0060  0.0080  0.0050  0.0110  
 33       33   (8)      3 :  0.2655  0.5938  0.0309  0.0250  0.0778  0.0030  0.0040  
 34       34  (27)      3 :  0.0370  0.3966  0.5305  0.0100  0.0130  0.0030  0.0100  
 35       35  (10)      3 :  0.0110  0.6166  0.3043  0.0210  0.0200  0.0210  0.0060  
 36       36  (19)      3 :  0.0300  0.8430  0.0470  0.0170  0.0090  0.0490  0.0050  
 37       37  (51)      3 :  0.0040  0.0030  0.0020  0.0020  0.0050  0.9810  0.0030  
 38       38  (37)      3 :  0.1838  0.0160  0.7373  0.0420  0.0140  0.0030  0.0040  
 39       39  (23)      3 :  0.0040  0.0250  0.8850  0.0290  0.0050  0.0510  0.0010  
 40       40  (10)      3 :  0.1400  0.3140  0.1560  0.0380  0.1680  0.1780  0.0060  
 41       41  (17)      3 :  0.6600  0.0310  0.0260  0.0090  0.0140  0.2590  0.0010  
 42       42  (61)      3 :  0.0210  0.0310  0.3684  0.1121  0.4615  0.0030  0.0030  
 43       43  (11)      3 :  0.1159  0.6164  0.0170  0.1548  0.0899  0.0020  0.0040  
 44       44  (20)      3 :  0.1330  0.4910  0.2780  0.0270  0.0360  0.0220  0.0130  
 45       45  (14)      3 :  0.0100  0.0130  0.8930  0.0240  0.0250  0.0320  0.0030  
 46       46  (19)      3 :  0.0050  0.0150  0.0110  0.0040  0.9530  0.0040  0.0080  
 47       47   (9)      4 :  0.0301  0.0882  0.8126  0.0070  0.0050  0.0010  0.0561  
 48       48   (8)      4 :  0.8811  0.0100  0.0340  0.0070  0.0549  0.0040  0.0090  
 49       49   (7)      4 :  0.0370  0.5914  0.3027  0.0060  0.0270  0.0020  0.0340  
 50       50  (22)      4 :  0.0671  0.5375  0.2643  0.0040  0.0631  0.0050  0.0591  
 51       51   (7)      4 :  0.0660  0.8870  0.0210  0.0100  0.0090  0.0030  0.0040  
 52       52   (5)      4 :  0.0998  0.8054  0.0519  0.0230  0.0070  0.0060  0.0070  
 53       53  (40)      4 :  0.0060  0.0120  0.0180  0.0120  0.0120  0.0020  0.9379  
 54       54  (15)      4 :  0.0030  0.0060  0.0040  0.9760  0.0040  0.0020  0.0050  
 55       55  (14)      4 :  0.0090  0.8641  0.0060  0.0060  0.0070  0.0210  0.0869  
 56       56   (6)      4 :  0.0130  0.0390  0.9160  0.0200  0.0060  0.0020  0.0040  
 57       57  (14)      4 :  0.0060  0.0310  0.9310  0.0080  0.0070  0.0100  0.0070  
 58       58   (8)      4 :  0.8960  0.0130  0.0240  0.0240  0.0340  0.0060  0.0030  
 59       59  (12)      4 :  0.1100  0.1900  0.6520  0.0300  0.0040  0.0060  0.0080  
 60       60   (7)      4 :  0.0100  0.0740  0.6920  0.1990  0.0130  0.0110  0.0010  
 61       61  (30)      5 :  0.0350  0.0230  0.3830  0.5340  0.0100  0.0050  0.0100  
 62       62  (11)      5 :  0.1890  0.0690  0.6520  0.0200  0.0590  0.0060  0.0050  
 63       63  (48)      5 :  0.0490  0.5890  0.2270  0.0630  0.0410  0.0200  0.0110  
 64       64  (18)      5 :  0.0090  0.8490  0.0120  0.0180  0.0880  0.0030  0.0210  
 65       65  (24)      5 :  0.0040  0.0020  0.0030  0.9810  0.0050  0.0010  0.0040  
 66       66  (14)      5 :  0.6920  0.0180  0.0180  0.2440  0.0160  0.0050  0.0070  
 67       67   (8)      5 :  0.0130  0.6126  0.0490  0.0100  0.2933  0.0140  0.0080  
 68       68   (5)      5 :  0.0080  0.4535  0.0390  0.4104  0.0080  0.0030  0.0781  
 69       69  (36)      5 :  0.1129  0.0599  0.2737  0.0380  0.4885  0.0240  0.0030  
 70       70  (14)      5 :  0.6757  0.1642  0.0100  0.1311  0.0090  0.0070  0.0030  
 71       71  (23)      5 :  0.7972  0.0200  0.0060  0.1389  0.0300  0.0040  0.0040  
 72       72  (47)      5 :  0.0140  0.4294  0.1912  0.0080  0.1592  0.1952  0.0030  
 73       73  (17)      5 :  0.1341  0.1171  0.6997  0.0050  0.0190  0.0240  0.0010  
 74       74   (9)      5 :  0.1110  0.6770  0.0230  0.1580  0.0120  0.0170  0.0020  
 75       75  (13)      5 :  0.0240  0.3560  0.0640  0.0180  0.4700  0.0620  0.0060  
 76       76  (18)      6 :  0.1420  0.8040  0.0360  0.0050  0.0040  0.0080  0.0010  
 77       77   (9)      6 :  0.0540  0.7900  0.0640  0.0700  0.0150  0.0050  0.0020  
 78       78  (16)      6 :  0.2713  0.0270  0.3574  0.1572  0.1081  0.0060  0.0731  
 79       79  (11)      6 :  0.6753  0.0949  0.0519  0.1279  0.0260  0.0220  0.0020  
 80       80  (16)      6 :  0.0170  0.1109  0.4376  0.0679  0.3536  0.0080  0.0050  
 81       81   (7)      6 :  0.0450  0.0790  0.7100  0.0560  0.0260  0.0040  0.0800  
 82       82  (21)      6 :  0.6510  0.1850  0.1120  0.0080  0.0330  0.0030  0.0080  
 83       83  (11)      6 :  0.0811  0.1391  0.3914  0.0060  0.3493  0.0060  0.0270  
 84       84  (13)      6 :  0.2032  0.6266  0.1011  0.0470  0.0160  0.0030  0.0030  
 85       85   (7)      6 :  0.3630  0.1010  0.0150  0.0220  0.4070  0.0890  0.0030  
 86       86  (19)      6 :  0.0050  0.9510  0.0130  0.0030  0.0100  0.0170  0.0010  
 87       87  (43)      6 :  0.1900  0.7100  0.0200  0.0130  0.0260  0.0200  0.0210  
 88       88  (21)      6 :  0.0270  0.3524  0.0891  0.0150  0.3203  0.1922  0.0040  
 89       89  (11)      6 :  0.0749  0.8332  0.0370  0.0090  0.0370  0.0040  0.0050  
 90       90  (21)      6 :  0.0150  0.7010  0.2020  0.0040  0.0490  0.0190  0.0100  
 91       91  (14)      6 :  0.0060  0.3260  0.3550  0.0210  0.2670  0.0230  0.0020  
 92       92   (9)      7 :  0.0210  0.0310  0.2490  0.0370  0.6510  0.0040  0.0070  
 93       93  (16)      7 :  0.0519  0.8761  0.0080  0.0290  0.0270  0.0060  0.0020  
 94       94  (24)      7 :  0.0040  0.0040  0.9670  0.0070  0.0120  0.0040  0.0020  
 95       95   (6)      7 :  0.0200  0.8711  0.0799  0.0080  0.0070  0.0040  0.0100  
 96       96  (34)      7 :  0.5940  0.0570  0.2560  0.0060  0.0130  0.0700  0.0040  
 97       97  (21)      7 :  0.0080  0.8861  0.0070  0.0120  0.0769  0.0080  0.0020  
 98       98  (11)      7 :  0.0789  0.8342  0.0260  0.0370  0.0150  0.0070  0.0020  
 99       99  (17)      7 :  0.0040  0.9321  0.0190  0.0060  0.0210  0.0130  0.0050  
100      100  (14)      7 :  0.5920  0.0100  0.0050  0.0040  0.0820  0.0370  0.2700  
101      101  (55)      7 :  0.1030  0.4200  0.2650  0.0450  0.0290  0.1100  0.0280  
102      102  (12)      7 :  0.3210  0.5370  0.0470  0.0750  0.0130  0.0050  0.0020  
103      103  (14)      7 :  0.0090  0.1740  0.0110  0.1710  0.6270  0.0050  0.0030  
104      104  (17)      7 :  0.0689  0.0470  0.4785  0.3616  0.0370  0.0030  0.0040  
105      105  (14)      7 :  0.0080  0.6140  0.1660  0.1830  0.0190  0.0030  0.0070  
