  1        1  (17)      1 :  0.9160  0.0020  0.0010  0.0790  0.0010  0.0000  0.0010  
  2        2   (7)      1 :  0.0050  0.0180  0.9690  0.0010  0.0010  0.0050  0.0010  
  3        3  (17)      1 :  0.9560  0.0080  0.0270  0.0020  0.0050  0.0020  0.0000  
  4        4  (10)      1 :  0.9780  0.0060  0.0120  0.0020  0.0010  0.0000  0.0010  
  5        5  (71)      1 :  0.0220  0.8791  0.0739  0.0050  0.0140  0.0030  0.0030  
  6        6  (17)      1 :  0.0030  0.9730  0.0090  0.0010  0.0070  0.0000  0.0070  
  7        7  (18)      1 :  0.0030  0.0700  0.1290  0.0000  0.0030  0.7870  0.0080  
  8        8  (32)      1 :  0.9650  0.0030  0.0140  0.0020  0.0010  0.0130  0.0020  
  9        9  (20)      1 :  0.0040  0.9500  0.0080  0.0310  0.0010  0.0050  0.0010  
 10       10  (27)      1 :  0.9249  0.0210  0.0100  0.0010  0.0010  0.0400  0.0020  
 11       11  (22)      1 :  0.0950  0.0120  0.8890  0.0010  0.0010  0.0010  0.0010  
 12       12  (22)      1 :  0.8669  0.0020  0.0030  0.0000  0.0040  0.1231  0.0010  
 13       13   (6)      1 :  0.0080  0.9770  0.0040  0.0010  0.0010  0.0040  0.0050  
 14       14  (46)      1 :  0.0020  0.9580  0.0160  0.0030  0.0010  0.0050  0.0150  
 15       15  (12)      1 :  0.9860  0.0030  0.0040  0.0020  0.0030  0.0010  0.0010  
 16       16  (13)      2 :  0.0060  0.9670  0.0190  0.0030  0.0030  0.0010  0.0010  
 17       17  (12)      2 :  0.0390  0.0020  0.9310  0.0030  0.0030  0.0200  0.0020  
 18       18  (10)      2 :  0.0030  0.0420  0.9430  0.0020  0.0020  0.0050  0.0030  
 19       19  (11)      2 :  0.1427  0.6168  0.1337  0.0878  0.0060  0.0010  0.0120  
 20       20   (6)      2 :  0.0180  0.9740  0.0040  0.0020  0.0010  0.0010  0.0000  
 21       21  (27)      2 :  0.0120  0.0090  0.9730  0.0020  0.0010  0.0020  0.0010  
 22       22   (9)      2 :  0.0100  0.6900  0.1940  0.0010  0.0800  0.0030  0.0220  
 23       23   (9)      2 :  0.0190  0.0120  0.8222  0.1429  0.0010  0.0010  0.0020  
 24       24  (13)      2 :  0.1381  0.7037  0.0190  0.0140  0.0110  0.0370  0.0771  
 25       25  (43)      2 :  0.0020  0.0010  0.0010  0.9920  0.0020  0.0010  0.0010  
 26       26  (11)      2 :  0.0020  0.9600  0.0200  0.0080  0.0010  0.0010  0.0080  
 27       27  (26)      2 :  0.9630  0.0140  0.0060  0.0020  0.0130  0.0010  0.0010  
 28       28  (15)      2 :  0.0190  0.1730  0.7940  0.0080  0.0020  0.0030  0.0010  
 29       29  (27)      2 :  0.0040  0.0180  0.9530  0.0090  0.0040  0.0090  0.0030  
 30       30  (14)      2 :  0.0400  0.9380  0.0100  0.0020  0.0020  0.0010  0.0070  
 31       31   (6)      2 :  0.0010  0.9780  0.0020  0.0030  0.0010  0.0130  0.0020  
 32       32  (28)      3 :  0.0230  0.8982  0.0549  0.0120  0.0040  0.0020  0.0060  
 33       33   (8)      3 :  0.0300  0.0270  0.9370  0.0010  0.0030  0.0010  0.0010  
 34       34  (27)      3 :  0.0160  0.0030  0.9700  0.0020  0.0010  0.0020  0.0060  
 35       35  (10)      3 :  0.0080  0.0719  0.9001  0.0010  0.0120  0.0050  0.0020  
 36       36  (19)      3 :  0.0300  0.9151  0.0100  0.0230  0.0020  0.0180  0.0020  
 37       37  (51)      3 :  0.0130  0.0280  0.0390  0.0050  0.9061  0.0060  0.0030  
 38       38  (37)      3 :  0.0640  0.8910  0.0390  0.0010  0.0020  0.0010  0.0020  
 39       39  (23)      3 :  0.0060  0.0040  0.9810  0.0030  0.0040  0.0010  0.0010  
 40       40  (10)      3 :  0.0100  0.9530  0.0100  0.0050  0.0170  0.0040  0.0010  
 41       41  (17)      3 :  0.0110  0.5455  0.3866  0.0010  0.0030  0.0519  0.0010  
 42       42  (61)      3 :  0.5050  0.1240  0.2270  0.1370  0.0040  0.0010  0.0020  
 43       43  (11)      3 :  0.0519  0.9131  0.0210  0.0020  0.0030  0.0080  0.0010  
 44       44  (20)      3 :  0.0120  0.0579  0.9221  0.0010  0.0030  0.0010  0.0030  
 45       45  (14)      3 :  0.0080  0.8881  0.0899  0.0070  0.0020  0.0010  0.0040  
 46       46  (19)      3 :  0.4920  0.2190  0.1060  0.0630  0.1030  0.0140  0.0030  
 47       47   (9)      4 :  0.0080  0.0070  0.9790  0.0040  0.0000  0.0010  0.0010  
 48       48   (8)      4 :  0.0140  0.0030  0.9731  0.0060  0.0010  0.0010  0.0020  
 49       49   (7)      4 :  0.0140  0.2452  0.7327  0.0010  0.0010  0.0050  0.0010  
 50       50  (22)      4 :  0.9650  0.0060  0.0170  0.0060  0.0040  0.0010  0.0010  
 51       51   (7)      4 :  0.4259  0.0681  0.4950  0.0010  0.0040  0.0010  0.0050  
 52       52   (5)      4 :  0.0040  0.8699  0.0851  0.0030  0.0360  0.0010  0.0010  
 53       53  (40)      4 :  0.0010  0.0020  0.0010  0.0000  0.0010  0.0000  0.9950  
 54       54  (15)      4 :  0.0080  0.7300  0.0050  0.0040  0.2480  0.0010  0.0040  
 55       55  (14)      4 :  0.0060  0.8829  0.0501  0.0050  0.0110  0.0440  0.0010  
 56       56   (6)      4 :  0.0090  0.0040  0.9720  0.0030  0.0090  0.0010  0.0020  
 57       57  (14)      4 :  0.0040  0.0450  0.8430  0.0970  0.0080  0.0010  0.0020  
 58       58   (8)      4 :  0.0200  0.0290  0.9370  0.0100  0.0010  0.0010  0.0020  
 59       59  (12)      4 :  0.0110  0.2627  0.7193  0.0020  0.0020  0.0010  0.0020  
 60       60   (7)      4 :  0.0150  0.0659  0.9111  0.0050  0.0010  0.0010  0.0010  
 61       61  (30)      5 :  0.0150  0.7840  0.1700  0.0120  0.0120  0.0010  0.0060  
 62       62  (11)      5 :  0.0060  0.0050  0.9391  0.0410  0.0010  0.0060  0.0020  
 63       63  (48)      5 :  0.0110  0.6987  0.1972  0.0841  0.0010  0.0050  0.0030  
 64       64  (18)      5 :  0.0080  0.2248  0.2637  0.2478  0.1409  0.0050  0.1099  
 65       65  (24)      5 :  0.0010  0.0010  0.0010  0.9960  0.0000  0.0000  0.0010  
 66       66  (14)      5 :  0.0070  0.0240  0.8781  0.0080  0.0799  0.0010  0.0020  
 67       67   (8)      5 :  0.0999  0.0030  0.7183  0.1139  0.0629  0.0010  0.0010  
 68       68   (5)      5 :  0.0010  0.9510  0.0080  0.0110  0.0010  0.0010  0.0270  
 69       69  (36)      5 :  0.9630  0.0120  0.0140  0.0020  0.0020  0.0060  0.0010  
 70       70  (14)      5 :  0.0719  0.0500  0.8711  0.0020  0.0020  0.0010  0.0020  
 71       71  (23)      5 :  0.5245  0.4186  0.0230  0.0260  0.0060  0.0010  0.0010  
 72       72  (47)      5 :  0.0060  0.0629  0.8802  0.0020  0.0030  0.0379  0.0080  
 73       73  (17)      5 :  0.0080  0.0070  0.9670  0.0080  0.0020  0.0070  0.0010  
 74       74   (9)      5 :  0.1460  0.8030  0.0090  0.0390  0.0010  0.0010  0.0010  
 75       75  (13)      5 :  0.0160  0.1880  0.7080  0.0140  0.0180  0.0400  0.0160  
 76       76  (18)      6 :  0.0290  0.1469  0.8142  0.0020  0.0030  0.0040  0.0010  
 77       77   (9)      6 :  0.0170  0.0620  0.9160  0.0020  0.0020  0.0000  0.0010  
 78       78  (16)      6 :  0.0130  0.0050  0.8821  0.0789  0.0020  0.0140  0.0050  
 79       79  (11)      6 :  0.0020  0.0030  0.9920  0.0010  0.0000  0.0010  0.0010  
 80       80  (16)      6 :  0.0220  0.5090  0.4620  0.0020  0.0020  0.0020  0.0010  
 81       81   (7)      6 :  0.0070  0.0300  0.9580  0.0010  0.0010  0.0010  0.0020  
 82       82  (21)      6 :  0.0040  0.0200  0.9690  0.0010  0.0010  0.0000  0.0050  
 83       83  (11)      6 :  0.0090  0.0410  0.9430  0.0010  0.0010  0.0010  0.0040  
 84       84  (13)      6 :  0.0060  0.0130  0.9640  0.0020  0.0050  0.0010  0.0090  
 85       85   (7)      6 :  0.0090  0.0150  0.9359  0.0300  0.0010  0.0090  0.0000  
 86       86  (19)      6 :  0.0130  0.9180  0.0030  0.0040  0.0000  0.0590  0.0030  
 87       87  (43)      6 :  0.0430  0.9370  0.0070  0.0030  0.0030  0.0020  0.0050  
 88       88  (21)      6 :  0.0509  0.7984  0.1208  0.0070  0.0060  0.0160  0.0010  
 89       89  (11)      6 :  0.0070  0.0560  0.9160  0.0090  0.0020  0.0050  0.0050  
 90       90  (21)      6 :  0.4555  0.3896  0.0130  0.0010  0.0010  0.0010  0.1389  
 91       91  (14)      6 :  0.7270  0.0030  0.1230  0.1420  0.0030  0.0010  0.0010  
 92       92   (9)      7 :  0.0360  0.8721  0.0619  0.0240  0.0010  0.0020  0.0030  
 93       93  (16)      7 :  0.0060  0.3337  0.6484  0.0020  0.0060  0.0020  0.0020  
 94       94  (24)      7 :  0.0070  0.9860  0.0020  0.0020  0.0010  0.0010  0.0010  
 95       95   (6)      7 :  0.0120  0.0449  0.9361  0.0030  0.0020  0.0010  0.0010  
 96       96  (34)      7 :  0.0080  0.0130  0.9710  0.0020  0.0020  0.0010  0.0030  
 97       97  (21)      7 :  0.9680  0.0180  0.0040  0.0020  0.0050  0.0020  0.0010  
 98       98  (11)      7 :  0.1540  0.0090  0.8200  0.0040  0.0070  0.0050  0.0010  
 99       99  (17)      7 :  0.0550  0.8520  0.0840  0.0010  0.0020  0.0050  0.0010  
100      100  (14)      7 :  0.7220  0.0030  0.0280  0.0010  0.0140  0.0020  0.2300  
101      101  (55)      7 :  0.0150  0.0060  0.9590  0.0060  0.0020  0.0090  0.0030  
102      102  (12)      7 :  0.6444  0.0180  0.3137  0.0100  0.0010  0.0120  0.0010  
103      103  (14)      7 :  0.2270  0.0300  0.7290  0.0070  0.0040  0.0010  0.0020  
104      104  (17)      7 :  0.0060  0.4456  0.5395  0.0050  0.0010  0.0020  0.0010  
105      105  (14)      7 :  0.0040  0.9810  0.0100  0.0020  0.0010  0.0010  0.0010  
