  1        1  (17)      1 :  0.9720  0.0030  0.0010  0.0010  0.0190  0.0040  
  2        2   (7)      1 :  0.0050  0.0410  0.9470  0.0030  0.0010  0.0030  
  3        3  (17)      1 :  0.1229  0.8132  0.0430  0.0040  0.0030  0.0140  
  4        4  (10)      1 :  0.2780  0.1210  0.5950  0.0020  0.0010  0.0030  
  5        5  (71)      1 :  0.8180  0.0540  0.0580  0.0500  0.0020  0.0180  
  6        6  (17)      1 :  0.0040  0.0130  0.9780  0.0020  0.0010  0.0020  
  7        7  (18)      1 :  0.0020  0.0020  0.0040  0.0050  0.0010  0.9860  
  8        8  (32)      1 :  0.0130  0.0050  0.9630  0.0050  0.0020  0.0120  
  9        9  (20)      1 :  0.0020  0.8819  0.0200  0.0120  0.0010  0.0831  
 10       10  (27)      1 :  0.9660  0.0080  0.0150  0.0050  0.0010  0.0050  
 11       11  (22)      1 :  0.0100  0.8620  0.1190  0.0050  0.0020  0.0020  
 12       12  (22)      1 :  0.0410  0.1001  0.0060  0.8488  0.0010  0.0030  
 13       13   (6)      1 :  0.0310  0.8799  0.0300  0.0190  0.0010  0.0390  
 14       14  (46)      1 :  0.0040  0.8820  0.0070  0.0020  0.0030  0.1020  
 15       15  (12)      1 :  0.9920  0.0010  0.0020  0.0030  0.0010  0.0010  
 16       16  (13)      2 :  0.0030  0.7560  0.2270  0.0030  0.0080  0.0030  
 17       17  (12)      2 :  0.0080  0.0070  0.9790  0.0020  0.0020  0.0020  
 18       18  (10)      2 :  0.0020  0.4480  0.4630  0.0060  0.0020  0.0790  
 19       19  (11)      2 :  0.0200  0.9050  0.0120  0.0540  0.0040  0.0050  
 20       20   (6)      2 :  0.4446  0.5425  0.0050  0.0050  0.0020  0.0010  
 21       21  (27)      2 :  0.0070  0.0120  0.9510  0.0160  0.0020  0.0120  
 22       22   (9)      2 :  0.0050  0.0050  0.9520  0.0310  0.0020  0.0050  
 23       23   (9)      2 :  0.0060  0.3826  0.5864  0.0040  0.0030  0.0180  
 24       24  (13)      2 :  0.0080  0.9310  0.0140  0.0110  0.0090  0.0270  
 25       25  (43)      2 :  0.0010  0.0020  0.0010  0.0010  0.0120  0.9830  
 26       26  (11)      2 :  0.0160  0.9270  0.0480  0.0030  0.0040  0.0020  
 27       27  (26)      2 :  0.9440  0.0080  0.0140  0.0250  0.0080  0.0010  
 28       28  (15)      2 :  0.0070  0.9760  0.0080  0.0030  0.0020  0.0040  
 29       29  (27)      2 :  0.0030  0.0140  0.9620  0.0070  0.0020  0.0120  
 30       30  (14)      2 :  0.1480  0.8140  0.0240  0.0070  0.0010  0.0060  
 31       31   (6)      2 :  0.0020  0.6860  0.0470  0.0080  0.0520  0.2050  
 32       32  (28)      3 :  0.0320  0.0230  0.9031  0.0170  0.0020  0.0230  
 33       33   (8)      3 :  0.0030  0.0180  0.9700  0.0060  0.0010  0.0020  
 34       34  (27)      3 :  0.0060  0.0520  0.8280  0.0020  0.0010  0.1110  
 35       35  (10)      3 :  0.0020  0.0220  0.7810  0.1870  0.0030  0.0050  
 36       36  (19)      3 :  0.0769  0.2128  0.6783  0.0050  0.0200  0.0070  
 37       37  (51)      3 :  0.0020  0.0020  0.0010  0.9920  0.0010  0.0020  
 38       38  (37)      3 :  0.0100  0.0240  0.9560  0.0030  0.0010  0.0060  
 39       39  (23)      3 :  0.0030  0.9440  0.0360  0.0080  0.0020  0.0070  
 40       40  (10)      3 :  0.0260  0.0770  0.6930  0.0190  0.0020  0.1830  
 41       41  (17)      3 :  0.0020  0.0020  0.6640  0.0030  0.0070  0.3220  
 42       42  (61)      3 :  0.0050  0.9640  0.0080  0.0130  0.0010  0.0090  
 43       43  (11)      3 :  0.0090  0.9540  0.0100  0.0090  0.0010  0.0170  
 44       44  (20)      3 :  0.0020  0.0110  0.9070  0.0020  0.0050  0.0730  
 45       45  (14)      3 :  0.0090  0.9180  0.0140  0.0570  0.0010  0.0010  
 46       46  (19)      3 :  0.0010  0.0030  0.0120  0.9640  0.0190  0.0010  
 47       47   (9)      4 :  0.3370  0.0100  0.6480  0.0010  0.0010  0.0030  
 48       48   (8)      4 :  0.0120  0.0440  0.9269  0.0030  0.0130  0.0010  
 49       49   (7)      4 :  0.1513  0.0120  0.8277  0.0050  0.0010  0.0030  
 50       50  (22)      4 :  0.3536  0.2927  0.2517  0.0370  0.0010  0.0639  
 51       51   (7)      4 :  0.0070  0.6370  0.3430  0.0080  0.0020  0.0030  
 52       52   (5)      4 :  0.0090  0.9460  0.0240  0.0110  0.0010  0.0090  
 53       53  (40)      4 :  0.0030  0.9660  0.0080  0.0170  0.0040  0.0020  
 54       54  (15)      4 :  0.0020  0.9600  0.0070  0.0010  0.0280  0.0020  
 55       55  (14)      4 :  0.0240  0.8498  0.0110  0.0020  0.0020  0.1111  
 56       56   (6)      4 :  0.0080  0.2288  0.7562  0.0030  0.0020  0.0020  
 57       57  (14)      4 :  0.0110  0.5996  0.0751  0.0010  0.0811  0.2322  
 58       58   (8)      4 :  0.0869  0.0579  0.8462  0.0040  0.0030  0.0020  
 59       59  (12)      4 :  0.0501  0.0050  0.9389  0.0010  0.0040  0.0010  
 60       60   (7)      4 :  0.0120  0.8082  0.0539  0.0030  0.0729  0.0500  
 61       61  (30)      5 :  0.0110  0.8332  0.0480  0.0869  0.0170  0.0040  
 62       62  (11)      5 :  0.0260  0.1060  0.7370  0.0010  0.1040  0.0260  
 63       63  (48)      5 :  0.0810  0.2280  0.6590  0.0040  0.0240  0.0040  
 64       64  (18)      5 :  0.0030  0.9650  0.0200  0.0020  0.0050  0.0050  
 65       65  (24)      5 :  0.0010  0.0010  0.0010  0.0010  0.9950  0.0010  
 66       66  (14)      5 :  0.0310  0.0230  0.9249  0.0130  0.0050  0.0030  
 67       67   (8)      5 :  0.0660  0.0030  0.9100  0.0050  0.0060  0.0100  
 68       68   (5)      5 :  0.0030  0.9710  0.0110  0.0010  0.0010  0.0130  
 69       69  (36)      5 :  0.7862  0.0220  0.0050  0.1459  0.0030  0.0380  
 70       70  (14)      5 :  0.0030  0.0120  0.9810  0.0020  0.0010  0.0010  
 71       71  (23)      5 :  0.0080  0.0130  0.9510  0.0030  0.0010  0.0240  
 72       72  (47)      5 :  0.0050  0.0380  0.5420  0.0040  0.0010  0.4100  
 73       73  (17)      5 :  0.0070  0.0120  0.9341  0.0040  0.0020  0.0410  
 74       74   (9)      5 :  0.1340  0.7440  0.1060  0.0020  0.0130  0.0010  
 75       75  (13)      5 :  0.0440  0.8260  0.0190  0.0100  0.0010  0.1000  
 76       76  (18)      6 :  0.0140  0.6416  0.3303  0.0090  0.0020  0.0030  
 77       77   (9)      6 :  0.0130  0.0170  0.9610  0.0060  0.0010  0.0020  
 78       78  (16)      6 :  0.1129  0.0070  0.8022  0.0020  0.0739  0.0020  
 79       79  (11)      6 :  0.0060  0.0100  0.9660  0.0010  0.0090  0.0080  
 80       80  (16)      6 :  0.0460  0.8890  0.0480  0.0020  0.0020  0.0130  
 81       81   (7)      6 :  0.0200  0.1870  0.7850  0.0020  0.0010  0.0050  
 82       82  (21)      6 :  0.0050  0.0270  0.9600  0.0050  0.0010  0.0020  
 83       83  (11)      6 :  0.0701  0.0300  0.8158  0.0030  0.0010  0.0801  
 84       84  (13)      6 :  0.0020  0.0140  0.9710  0.0060  0.0010  0.0060  
 85       85   (7)      6 :  0.0160  0.3087  0.5974  0.0110  0.0480  0.0190  
 86       86  (19)      6 :  0.0030  0.2488  0.0160  0.0020  0.0010  0.7293  
 87       87  (43)      6 :  0.4780  0.2070  0.0070  0.2680  0.0020  0.0380  
 88       88  (21)      6 :  0.0100  0.7970  0.0200  0.0250  0.0020  0.1460  
 89       89  (11)      6 :  0.0260  0.0050  0.9130  0.0430  0.0070  0.0060  
 90       90  (21)      6 :  0.0030  0.9481  0.0400  0.0060  0.0020  0.0010  
 91       91  (14)      6 :  0.1320  0.0100  0.7530  0.0100  0.0060  0.0890  
 92       92   (9)      7 :  0.0020  0.6006  0.1802  0.2142  0.0010  0.0020  
 93       93  (16)      7 :  0.0120  0.0090  0.9150  0.0570  0.0010  0.0060  
 94       94  (24)      7 :  0.0020  0.9600  0.0050  0.0300  0.0020  0.0010  
 95       95   (6)      7 :  0.0080  0.0100  0.9700  0.0020  0.0020  0.0080  
 96       96  (34)      7 :  0.0040  0.0270  0.9271  0.0040  0.0020  0.0360  
 97       97  (21)      7 :  0.0120  0.6394  0.0150  0.3297  0.0020  0.0020  
 98       98  (11)      7 :  0.0220  0.0640  0.8780  0.0290  0.0020  0.0050  
 99       99  (17)      7 :  0.0050  0.9209  0.0210  0.0100  0.0020  0.0410  
100      100  (14)      7 :  0.0390  0.0080  0.8840  0.0650  0.0010  0.0030  
101      101  (55)      7 :  0.0120  0.0410  0.9280  0.0130  0.0030  0.0030  
102      102  (12)      7 :  0.0090  0.0650  0.9180  0.0040  0.0020  0.0020  
103      103  (14)      7 :  0.0020  0.2933  0.6687  0.0320  0.0010  0.0030  
104      104  (17)      7 :  0.0300  0.9600  0.0040  0.0040  0.0010  0.0010  
105      105  (14)      7 :  0.0020  0.7620  0.1470  0.0180  0.0030  0.0680  
