  1        1  (17)      1 :  0.0020  0.0020  0.0030  0.0020  0.0030  0.0020  0.9860  
  2        2   (7)      1 :  0.6817  0.2302  0.0791  0.0010  0.0030  0.0010  0.0040  
  3        3  (17)      1 :  0.4730  0.0400  0.4410  0.0010  0.0190  0.0020  0.0240  
  4        4  (10)      1 :  0.9359  0.0030  0.0430  0.0100  0.0020  0.0010  0.0050  
  5        5  (71)      1 :  0.0160  0.8517  0.0902  0.0020  0.0070  0.0050  0.0281  
  6        6  (17)      1 :  0.0160  0.0920  0.8790  0.0010  0.0040  0.0040  0.0040  
  7        7  (18)      1 :  0.0010  0.0010  0.0020  0.0000  0.0010  0.9940  0.0010  
  8        8  (32)      1 :  0.9690  0.0070  0.0030  0.0030  0.0060  0.0010  0.0110  
  9        9  (20)      1 :  0.0060  0.9710  0.0100  0.0010  0.0070  0.0020  0.0030  
 10       10  (27)      1 :  0.0050  0.3960  0.0120  0.0010  0.0020  0.0030  0.5810  
 11       11  (22)      1 :  0.9491  0.0120  0.0090  0.0010  0.0250  0.0020  0.0020  
 12       12  (22)      1 :  0.0060  0.0030  0.0020  0.0010  0.9261  0.0569  0.0050  
 13       13   (6)      1 :  0.0130  0.9660  0.0090  0.0010  0.0020  0.0060  0.0030  
 14       14  (46)      1 :  0.0210  0.9031  0.0110  0.0200  0.0050  0.0360  0.0040  
 15       15  (12)      1 :  0.0050  0.0020  0.0020  0.0020  0.0010  0.0010  0.9870  
 16       16  (13)      2 :  0.0090  0.9660  0.0100  0.0100  0.0020  0.0010  0.0020  
 17       17  (12)      2 :  0.0060  0.0030  0.9770  0.0010  0.0040  0.0060  0.0030  
 18       18  (10)      2 :  0.0420  0.6907  0.2282  0.0020  0.0060  0.0250  0.0060  
 19       19  (11)      2 :  0.2540  0.6620  0.0400  0.0310  0.0040  0.0030  0.0060  
 20       20   (6)      2 :  0.7490  0.0100  0.0090  0.0040  0.0110  0.0010  0.2160  
 21       21  (27)      2 :  0.1862  0.0080  0.6486  0.0010  0.1401  0.0110  0.0050  
 22       22   (9)      2 :  0.7350  0.1700  0.0680  0.0010  0.0230  0.0020  0.0010  
 23       23   (9)      2 :  0.0020  0.0070  0.9700  0.0060  0.0030  0.0090  0.0030  
 24       24  (13)      2 :  0.4875  0.4605  0.0150  0.0040  0.0180  0.0140  0.0010  
 25       25  (43)      2 :  0.0030  0.0020  0.0020  0.9890  0.0010  0.0010  0.0020  
 26       26  (11)      2 :  0.0160  0.9260  0.0280  0.0080  0.0180  0.0010  0.0030  
 27       27  (26)      2 :  0.1940  0.0070  0.4150  0.0010  0.1650  0.0030  0.2150  
 28       28  (15)      2 :  0.0070  0.0971  0.8839  0.0050  0.0020  0.0030  0.0020  
 29       29  (27)      2 :  0.0210  0.2318  0.6583  0.0050  0.0599  0.0160  0.0080  
 30       30  (14)      2 :  0.0100  0.0130  0.8780  0.0010  0.0870  0.0040  0.0070  
 31       31   (6)      2 :  0.0200  0.8880  0.0760  0.0010  0.0070  0.0020  0.0060  
 32       32  (28)      3 :  0.2190  0.7400  0.0120  0.0050  0.0150  0.0070  0.0020  
 33       33   (8)      3 :  0.9230  0.0050  0.0390  0.0170  0.0100  0.0010  0.0050  
 34       34  (27)      3 :  0.0060  0.0110  0.9309  0.0461  0.0020  0.0010  0.0030  
 35       35  (10)      3 :  0.0340  0.8879  0.0561  0.0020  0.0080  0.0050  0.0070  
 36       36  (19)      3 :  0.6687  0.2082  0.0881  0.0170  0.0010  0.0020  0.0150  
 37       37  (51)      3 :  0.0010  0.0010  0.0010  0.0000  0.0020  0.9940  0.0010  
 38       38  (37)      3 :  0.9240  0.0170  0.0420  0.0010  0.0110  0.0020  0.0030  
 39       39  (23)      3 :  0.0140  0.0810  0.8870  0.0020  0.0020  0.0070  0.0070  
 40       40  (10)      3 :  0.0060  0.9250  0.0060  0.0010  0.0010  0.0500  0.0110  
 41       41  (17)      3 :  0.8418  0.0120  0.0180  0.0070  0.0020  0.1071  0.0120  
 42       42  (61)      3 :  0.0380  0.5996  0.2983  0.0140  0.0450  0.0020  0.0030  
 43       43  (11)      3 :  0.8870  0.0920  0.0040  0.0040  0.0050  0.0010  0.0070  
 44       44  (20)      3 :  0.9550  0.0280  0.0080  0.0030  0.0020  0.0010  0.0030  
 45       45  (14)      3 :  0.0989  0.2707  0.0969  0.0010  0.3487  0.0020  0.1818  
 46       46  (19)      3 :  0.0040  0.0040  0.0020  0.0030  0.9840  0.0020  0.0010  
 47       47   (9)      4 :  0.0210  0.1808  0.7842  0.0020  0.0050  0.0010  0.0060  
 48       48   (8)      4 :  0.0040  0.0150  0.9349  0.0040  0.0020  0.0000  0.0400  
 49       49   (7)      4 :  0.9101  0.0430  0.0220  0.0020  0.0110  0.0030  0.0090  
 50       50  (22)      4 :  0.9590  0.0230  0.0040  0.0060  0.0040  0.0010  0.0030  
 51       51   (7)      4 :  0.9560  0.0140  0.0130  0.0030  0.0090  0.0020  0.0030  
 52       52   (5)      4 :  0.1050  0.5750  0.2950  0.0010  0.0060  0.0010  0.0170  
 53       53  (40)      4 :  0.0020  0.9890  0.0030  0.0010  0.0020  0.0020  0.0010  
 54       54  (15)      4 :  0.5560  0.0060  0.4260  0.0040  0.0050  0.0010  0.0020  
 55       55  (14)      4 :  0.0020  0.8232  0.0280  0.0579  0.0030  0.0400  0.0460  
 56       56   (6)      4 :  0.0200  0.0080  0.9620  0.0020  0.0030  0.0020  0.0030  
 57       57  (14)      4 :  0.0050  0.0030  0.8889  0.0120  0.0010  0.0891  0.0010  
 58       58   (8)      4 :  0.2760  0.0040  0.5250  0.0170  0.0200  0.0010  0.1570  
 59       59  (12)      4 :  0.8082  0.0060  0.0709  0.0120  0.0180  0.0010  0.0839  
 60       60   (7)      4 :  0.0170  0.1190  0.8170  0.0130  0.0100  0.0220  0.0020  
 61       61  (30)      5 :  0.0170  0.0410  0.9139  0.0140  0.0090  0.0010  0.0040  
 62       62  (11)      5 :  0.0848  0.0100  0.8703  0.0190  0.0110  0.0010  0.0040  
 63       63  (48)      5 :  0.8851  0.0070  0.0120  0.0809  0.0020  0.0070  0.0060  
 64       64  (18)      5 :  0.0180  0.4850  0.4610  0.0200  0.0070  0.0070  0.0020  
 65       65  (24)      5 :  0.0010  0.0020  0.0020  0.9930  0.0010  0.0000  0.0010  
 66       66  (14)      5 :  0.9660  0.0040  0.0120  0.0020  0.0050  0.0020  0.0090  
 67       67   (8)      5 :  0.8088  0.0050  0.0791  0.0921  0.0030  0.0070  0.0050  
 68       68   (5)      5 :  0.0040  0.9760  0.0150  0.0010  0.0010  0.0020  0.0010  
 69       69  (36)      5 :  0.9289  0.0090  0.0050  0.0050  0.0140  0.0060  0.0320  
 70       70  (14)      5 :  0.0050  0.0040  0.9850  0.0010  0.0010  0.0010  0.0030  
 71       71  (23)      5 :  0.9620  0.0090  0.0080  0.0040  0.0090  0.0020  0.0060  
 72       72  (47)      5 :  0.0730  0.0500  0.6730  0.0010  0.0100  0.1900  0.0030  
 73       73  (17)      5 :  0.6957  0.0060  0.0030  0.0010  0.0400  0.0040  0.2503  
 74       74   (9)      5 :  0.7630  0.0940  0.0300  0.0090  0.0230  0.0150  0.0660  
 75       75  (13)      5 :  0.0130  0.0110  0.9391  0.0160  0.0110  0.0070  0.0030  
 76       76  (18)      6 :  0.1271  0.8128  0.0430  0.0010  0.0120  0.0010  0.0030  
 77       77   (9)      6 :  0.0070  0.0300  0.9520  0.0020  0.0040  0.0010  0.0040  
 78       78  (16)      6 :  0.9230  0.0040  0.0420  0.0190  0.0020  0.0020  0.0080  
 79       79  (11)      6 :  0.3786  0.0320  0.5784  0.0030  0.0020  0.0020  0.0040  
 80       80  (16)      6 :  0.9740  0.0060  0.0090  0.0010  0.0020  0.0020  0.0060  
 81       81   (7)      6 :  0.0480  0.9130  0.0100  0.0020  0.0030  0.0030  0.0210  
 82       82  (21)      6 :  0.0601  0.5105  0.2823  0.0030  0.1381  0.0010  0.0050  
 83       83  (11)      6 :  0.0530  0.4220  0.4960  0.0010  0.0130  0.0030  0.0120  
 84       84  (13)      6 :  0.1493  0.2926  0.5501  0.0020  0.0040  0.0010  0.0010  
 85       85   (7)      6 :  0.0120  0.0020  0.8810  0.0690  0.0290  0.0020  0.0050  
 86       86  (19)      6 :  0.8760  0.0040  0.0040  0.0250  0.0080  0.0820  0.0010  
 87       87  (43)      6 :  0.1950  0.3450  0.0100  0.0010  0.4280  0.0070  0.0140  
 88       88  (21)      6 :  0.4950  0.1330  0.2540  0.0010  0.0870  0.0150  0.0150  
 89       89  (11)      6 :  0.3850  0.2890  0.3020  0.0020  0.0150  0.0040  0.0030  
 90       90  (21)      6 :  0.0100  0.9460  0.0260  0.0020  0.0130  0.0010  0.0020  
 91       91  (14)      6 :  0.9419  0.0070  0.0220  0.0200  0.0020  0.0020  0.0050  
 92       92   (9)      7 :  0.0050  0.0110  0.9441  0.0010  0.0350  0.0020  0.0020  
 93       93  (16)      7 :  0.0310  0.0660  0.8800  0.0030  0.0140  0.0020  0.0040  
 94       94  (24)      7 :  0.0020  0.0040  0.0030  0.0010  0.9880  0.0010  0.0010  
 95       95   (6)      7 :  0.2887  0.0260  0.6663  0.0120  0.0030  0.0020  0.0020  
 96       96  (34)      7 :  0.2170  0.3580  0.4020  0.0010  0.0140  0.0030  0.0050  
 97       97  (21)      7 :  0.0510  0.3090  0.0510  0.0020  0.5820  0.0030  0.0020  
 98       98  (11)      7 :  0.0040  0.0050  0.9740  0.0010  0.0080  0.0060  0.0020  
 99       99  (17)      7 :  0.1430  0.0250  0.8130  0.0020  0.0100  0.0050  0.0020  
100      100  (14)      7 :  0.7822  0.0070  0.0140  0.0010  0.0130  0.1658  0.0170  
101      101  (55)      7 :  0.0420  0.9171  0.0260  0.0020  0.0060  0.0030  0.0040  
102      102  (12)      7 :  0.0340  0.0240  0.8940  0.0030  0.0070  0.0080  0.0300  
103      103  (14)      7 :  0.9600  0.0150  0.0050  0.0090  0.0070  0.0010  0.0030  
104      104  (17)      7 :  0.7592  0.0200  0.1678  0.0020  0.0160  0.0030  0.0320  
105      105  (14)      7 :  0.0699  0.1808  0.6563  0.0010  0.0839  0.0070  0.0010  
