  1        1  (17)      1 :  0.4410  0.2120  0.3470  
  2        2   (7)      1 :  0.3756  0.3477  0.2767  
  3        3  (17)      1 :  0.3930  0.3230  0.2840  
  4        4  (10)      1 :  0.3960  0.3380  0.2660  
  5        5  (71)      1 :  0.3674  0.3804  0.2523  
  6        6  (17)      1 :  0.3726  0.3417  0.2857  
  7        7  (18)      1 :  0.3910  0.3490  0.2600  
  8        8  (32)      1 :  0.4800  0.2550  0.2650  
  9        9  (20)      1 :  0.4416  0.2767  0.2817  
 10       10  (27)      1 :  0.3926  0.3077  0.2997  
 11       11  (22)      1 :  0.4590  0.3190  0.2220  
 12       12  (22)      1 :  0.4570  0.2670  0.2760  
 13       13   (6)      1 :  0.3443  0.3323  0.3233  
 14       14  (46)      1 :  0.4104  0.3544  0.2352  
 15       15  (12)      1 :  0.3650  0.3130  0.3220  
 16       16  (13)      2 :  0.3490  0.3390  0.3120  
 17       17  (12)      2 :  0.4590  0.2520  0.2890  
 18       18  (10)      2 :  0.3740  0.3530  0.2730  
 19       19  (11)      2 :  0.3666  0.3806  0.2527  
 20       20   (6)      2 :  0.3690  0.3260  0.3050  
 21       21  (27)      2 :  0.3946  0.3526  0.2527  
 22       22   (9)      2 :  0.3970  0.2930  0.3100  
 23       23   (9)      2 :  0.4200  0.2850  0.2950  
 24       24  (13)      2 :  0.3570  0.3530  0.2900  
 25       25  (43)      2 :  0.2830  0.4450  0.2720  
 26       26  (11)      2 :  0.3100  0.4260  0.2640  
 27       27  (26)      2 :  0.3520  0.3380  0.3100  
 28       28  (15)      2 :  0.4164  0.2643  0.3193  
 29       29  (27)      2 :  0.3470  0.4400  0.2130  
 30       30  (14)      2 :  0.3410  0.3640  0.2950  
 31       31   (6)      2 :  0.3600  0.3590  0.2810  
 32       32  (28)      3 :  0.3670  0.3640  0.2690  
 33       33   (8)      3 :  0.3420  0.3730  0.2850  
 34       34  (27)      3 :  0.3353  0.3664  0.2983  
 35       35  (10)      3 :  0.3450  0.3220  0.3330  
 36       36  (19)      3 :  0.4434  0.2723  0.2843  
 37       37  (51)      3 :  0.4920  0.2200  0.2880  
 38       38  (37)      3 :  0.4535  0.2663  0.2803  
 39       39  (23)      3 :  0.3440  0.3610  0.2950  
 40       40  (10)      3 :  0.4340  0.3130  0.2530  
 41       41  (17)      3 :  0.4460  0.3130  0.2410  
 42       42  (61)      3 :  0.3173  0.3874  0.2953  
 43       43  (11)      3 :  0.3816  0.3097  0.3087  
 44       44  (20)      3 :  0.2923  0.4695  0.2382  
 45       45  (14)      3 :  0.3834  0.3243  0.2923  
 46       46  (19)      3 :  0.4050  0.3330  0.2620  
 47       47   (9)      4 :  0.3493  0.3954  0.2553  
 48       48   (8)      4 :  0.3970  0.3000  0.3030  
 49       49   (7)      4 :  0.3724  0.3083  0.3193  
 50       50  (22)      4 :  0.4710  0.2270  0.3020  
 51       51   (7)      4 :  0.4200  0.2980  0.2820  
 52       52   (5)      4 :  0.4100  0.2690  0.3210  
 53       53  (40)      4 :  0.1700  0.5480  0.2820  
 54       54  (15)      4 :  0.3590  0.3710  0.2700  
 55       55  (14)      4 :  0.2420  0.4410  0.3170  
 56       56   (6)      4 :  0.4060  0.3010  0.2930  
 57       57  (14)      4 :  0.3470  0.3170  0.3360  
 58       58   (8)      4 :  0.3417  0.3776  0.2807  
 59       59  (12)      4 :  0.3840  0.3210  0.2950  
 60       60   (7)      4 :  0.3700  0.3040  0.3260  
 61       61  (30)      5 :  0.4460  0.3330  0.2210  
 62       62  (11)      5 :  0.2937  0.4026  0.3037  
 63       63  (48)      5 :  0.3150  0.4300  0.2550  
 64       64  (18)      5 :  0.3504  0.3534  0.2963  
 65       65  (24)      5 :  0.3280  0.3610  0.3110  
 66       66  (14)      5 :  0.3794  0.3273  0.2933  
 67       67   (8)      5 :  0.3990  0.3150  0.2860  
 68       68   (5)      5 :  0.2820  0.4310  0.2870  
 69       69  (36)      5 :  0.4605  0.2787  0.2607  
 70       70  (14)      5 :  0.3660  0.3470  0.2870  
 71       71  (23)      5 :  0.4760  0.2440  0.2800  
 72       72  (47)      5 :  0.3160  0.4400  0.2440  
 73       73  (17)      5 :  0.3720  0.3370  0.2910  
 74       74   (9)      5 :  0.3480  0.4040  0.2480  
 75       75  (13)      5 :  0.3500  0.3060  0.3440  
 76       76  (18)      6 :  0.3804  0.3453  0.2743  
 77       77   (9)      6 :  0.3430  0.3780  0.2790  
 78       78  (16)      6 :  0.2600  0.3810  0.3590  
 79       79  (11)      6 :  0.3584  0.3654  0.2763  
 80       80  (16)      6 :  0.4300  0.3230  0.2470  
 81       81   (7)      6 :  0.2940  0.4030  0.3030  
 82       82  (21)      6 :  0.3834  0.3223  0.2943  
 83       83  (11)      6 :  0.3260  0.3440  0.3300  
 84       84  (13)      6 :  0.3130  0.3850  0.3020  
 85       85   (7)      6 :  0.3363  0.4104  0.2533  
 86       86  (19)      6 :  0.3646  0.3427  0.2927  
 87       87  (43)      6 :  0.4190  0.3180  0.2630  
 88       88  (21)      6 :  0.5250  0.2210  0.2540  
 89       89  (11)      6 :  0.3320  0.3950  0.2730  
 90       90  (21)      6 :  0.4300  0.2900  0.2800  
 91       91  (14)      6 :  0.3490  0.3890  0.2620  
 92       92   (9)      7 :  0.4610  0.1950  0.3440  
 93       93  (16)      7 :  0.3894  0.3393  0.2713  
 94       94  (24)      7 :  0.4745  0.2787  0.2468  
 95       95   (6)      7 :  0.4700  0.2540  0.2760  
 96       96  (34)      7 :  0.3940  0.3560  0.2500  
 97       97  (21)      7 :  0.3660  0.3570  0.2770  
 98       98  (11)      7 :  0.4140  0.2990  0.2870  
 99       99  (17)      7 :  0.3340  0.3870  0.2790  
100      100  (14)      7 :  0.3350  0.3750  0.2900  
101      101  (55)      7 :  0.3350  0.3720  0.2930  
102      102  (12)      7 :  0.4184  0.2713  0.3103  
103      103  (14)      7 :  0.2740  0.4150  0.3110  
104      104  (17)      7 :  0.3323  0.4064  0.2613  
105      105  (14)      7 :  0.3400  0.3760  0.2840  
