  1        1  (17)      1 :  0.0030  0.0020  0.0010  0.0030  0.0020  0.0020  0.9870  
  2        2   (7)      1 :  0.0580  0.0060  0.9300  0.0010  0.0010  0.0030  0.0010  
  3        3  (17)      1 :  0.9540  0.0280  0.0040  0.0100  0.0010  0.0010  0.0020  
  4        4  (10)      1 :  0.0120  0.9710  0.0060  0.0030  0.0020  0.0030  0.0030  
  5        5  (71)      1 :  0.2750  0.2280  0.4480  0.0030  0.0340  0.0070  0.0050  
  6        6  (17)      1 :  0.0140  0.9480  0.0310  0.0020  0.0020  0.0020  0.0010  
  7        7  (18)      1 :  0.0010  0.0010  0.0020  0.0020  0.0020  0.9910  0.0010  
  8        8  (32)      1 :  0.0819  0.1538  0.5974  0.0220  0.0020  0.0030  0.1399  
  9        9  (20)      1 :  0.2132  0.0831  0.6927  0.0030  0.0020  0.0030  0.0030  
 10       10  (27)      1 :  0.0150  0.6570  0.2380  0.0020  0.0060  0.0390  0.0430  
 11       11  (22)      1 :  0.9459  0.0130  0.0060  0.0260  0.0050  0.0020  0.0020  
 12       12  (22)      1 :  0.0020  0.0020  0.0020  0.0010  0.9870  0.0020  0.0040  
 13       13   (6)      1 :  0.0100  0.9230  0.0380  0.0100  0.0030  0.0130  0.0030  
 14       14  (46)      1 :  0.0590  0.8980  0.0100  0.0030  0.0050  0.0170  0.0080  
 15       15  (12)      1 :  0.0040  0.9730  0.0060  0.0020  0.0020  0.0100  0.0030  
 16       16  (13)      2 :  0.0290  0.9530  0.0050  0.0090  0.0020  0.0010  0.0010  
 17       17  (12)      2 :  0.7820  0.0340  0.0860  0.0150  0.0280  0.0540  0.0010  
 18       18  (10)      2 :  0.0180  0.9271  0.0210  0.0050  0.0040  0.0230  0.0020  
 19       19  (11)      2 :  0.0090  0.9550  0.0200  0.0100  0.0020  0.0020  0.0020  
 20       20   (6)      2 :  0.0190  0.0100  0.9019  0.0030  0.0040  0.0010  0.0611  
 21       21  (27)      2 :  0.0030  0.0040  0.9780  0.0080  0.0030  0.0020  0.0020  
 22       22   (9)      2 :  0.0090  0.4120  0.5240  0.0040  0.0450  0.0050  0.0010  
 23       23   (9)      2 :  0.9361  0.0360  0.0170  0.0010  0.0050  0.0030  0.0020  
 24       24  (13)      2 :  0.0030  0.6620  0.1960  0.0020  0.1010  0.0230  0.0130  
 25       25  (43)      2 :  0.0010  0.0010  0.0010  0.0010  0.0010  0.0010  0.9940  
 26       26  (11)      2 :  0.1171  0.2472  0.5766  0.0010  0.0561  0.0010  0.0010  
 27       27  (26)      2 :  0.0090  0.0030  0.9119  0.0170  0.0470  0.0010  0.0110  
 28       28  (15)      2 :  0.0030  0.8700  0.0230  0.0970  0.0010  0.0030  0.0030  
 29       29  (27)      2 :  0.0050  0.0070  0.9560  0.0020  0.0030  0.0230  0.0040  
 30       30  (14)      2 :  0.0540  0.3490  0.4830  0.0700  0.0310  0.0050  0.0080  
 31       31   (6)      2 :  0.7878  0.0110  0.0150  0.0040  0.1762  0.0050  0.0010  
 32       32  (28)      3 :  0.9690  0.0060  0.0060  0.0100  0.0010  0.0030  0.0050  
 33       33   (8)      3 :  0.0629  0.7163  0.2038  0.0090  0.0040  0.0020  0.0020  
 34       34  (27)      3 :  0.7890  0.1590  0.0360  0.0020  0.0030  0.0070  0.0040  
 35       35  (10)      3 :  0.0060  0.9370  0.0140  0.0010  0.0130  0.0140  0.0150  
 36       36  (19)      3 :  0.0120  0.9160  0.0060  0.0510  0.0020  0.0070  0.0060  
 37       37  (51)      3 :  0.0010  0.0010  0.0010  0.9950  0.0000  0.0010  0.0010  
 38       38  (37)      3 :  0.8790  0.0090  0.1020  0.0010  0.0040  0.0030  0.0020  
 39       39  (23)      3 :  0.0070  0.9071  0.0769  0.0020  0.0030  0.0020  0.0020  
 40       40  (10)      3 :  0.0120  0.0530  0.7430  0.1600  0.0170  0.0040  0.0110  
 41       41  (17)      3 :  0.8458  0.0050  0.0030  0.0040  0.0010  0.1321  0.0090  
 42       42  (61)      3 :  0.0220  0.1710  0.5270  0.0830  0.1890  0.0020  0.0060  
 43       43  (11)      3 :  0.9250  0.0290  0.0280  0.0020  0.0040  0.0030  0.0090  
 44       44  (20)      3 :  0.0280  0.0060  0.9560  0.0020  0.0030  0.0020  0.0030  
 45       45  (14)      3 :  0.9609  0.0090  0.0080  0.0030  0.0110  0.0060  0.0020  
 46       46  (19)      3 :  0.0040  0.0020  0.0030  0.0030  0.9860  0.0010  0.0010  
 47       47   (9)      4 :  0.0130  0.0741  0.9009  0.0010  0.0010  0.0090  0.0010  
 48       48   (8)      4 :  0.0420  0.2210  0.7210  0.0010  0.0020  0.0020  0.0110  
 49       49   (7)      4 :  0.0250  0.0110  0.9580  0.0010  0.0010  0.0030  0.0010  
 50       50  (22)      4 :  0.9039  0.0140  0.0050  0.0120  0.0020  0.0020  0.0611  
 51       51   (7)      4 :  0.8609  0.0931  0.0180  0.0030  0.0020  0.0010  0.0220  
 52       52   (5)      4 :  0.0070  0.5690  0.3120  0.0240  0.0020  0.0020  0.0840  
 53       53  (40)      4 :  0.0020  0.0010  0.0010  0.0030  0.0010  0.9910  0.0010  
 54       54  (15)      4 :  0.9770  0.0060  0.0030  0.0040  0.0060  0.0020  0.0020  
 55       55  (14)      4 :  0.0110  0.5624  0.3377  0.0030  0.0020  0.0799  0.0040  
 56       56   (6)      4 :  0.7738  0.0280  0.0370  0.1532  0.0020  0.0010  0.0050  
 57       57  (14)      4 :  0.0120  0.1010  0.0060  0.7510  0.0050  0.1230  0.0020  
 58       58   (8)      4 :  0.3360  0.1570  0.3800  0.0010  0.0080  0.0010  0.1170  
 59       59  (12)      4 :  0.0370  0.4106  0.5415  0.0060  0.0010  0.0020  0.0020  
 60       60   (7)      4 :  0.0350  0.9259  0.0140  0.0050  0.0040  0.0070  0.0090  
 61       61  (30)      5 :  0.2010  0.7410  0.0280  0.0140  0.0090  0.0020  0.0050  
 62       62  (11)      5 :  0.0150  0.0180  0.9490  0.0010  0.0140  0.0010  0.0020  
 63       63  (48)      5 :  0.4515  0.0200  0.4715  0.0020  0.0040  0.0501  0.0010  
 64       64  (18)      5 :  0.0060  0.9591  0.0030  0.0070  0.0020  0.0060  0.0170  
 65       65  (24)      5 :  0.9840  0.0030  0.0040  0.0010  0.0040  0.0020  0.0020  
 66       66  (14)      5 :  0.8629  0.0511  0.0450  0.0010  0.0020  0.0040  0.0340  
 67       67   (8)      5 :  0.1622  0.8128  0.0060  0.0040  0.0050  0.0030  0.0070  
 68       68   (5)      5 :  0.0460  0.0290  0.9080  0.0010  0.0010  0.0130  0.0020  
 69       69  (36)      5 :  0.4180  0.0290  0.3160  0.0760  0.1390  0.0010  0.0210  
 70       70  (14)      5 :  0.1802  0.8008  0.0130  0.0020  0.0010  0.0020  0.0010  
 71       71  (23)      5 :  0.8460  0.0060  0.0600  0.0060  0.0130  0.0010  0.0680  
 72       72  (47)      5 :  0.0280  0.8190  0.0160  0.0060  0.0050  0.1230  0.0030  
 73       73  (17)      5 :  0.0300  0.8450  0.0740  0.0010  0.0190  0.0010  0.0300  
 74       74   (9)      5 :  0.0170  0.1480  0.8100  0.0040  0.0020  0.0120  0.0070  
 75       75  (13)      5 :  0.0190  0.6707  0.0040  0.0741  0.0190  0.0551  0.1582  
 76       76  (18)      6 :  0.0030  0.0390  0.9419  0.0010  0.0060  0.0080  0.0010  
 77       77   (9)      6 :  0.4304  0.4194  0.1451  0.0020  0.0010  0.0010  0.0010  
 78       78  (16)      6 :  0.0100  0.0050  0.9630  0.0020  0.0020  0.0160  0.0020  
 79       79  (11)      6 :  0.0230  0.1151  0.8539  0.0020  0.0010  0.0020  0.0030  
 80       80  (16)      6 :  0.8302  0.1229  0.0170  0.0030  0.0230  0.0010  0.0030  
 81       81   (7)      6 :  0.0120  0.0100  0.9670  0.0010  0.0020  0.0050  0.0030  
 82       82  (21)      6 :  0.0160  0.4434  0.5355  0.0010  0.0020  0.0010  0.0010  
 83       83  (11)      6 :  0.0120  0.0450  0.7962  0.1399  0.0020  0.0030  0.0020  
 84       84  (13)      6 :  0.0030  0.0160  0.9660  0.0030  0.0030  0.0070  0.0020  
 85       85   (7)      6 :  0.0060  0.9640  0.0090  0.0010  0.0060  0.0120  0.0020  
 86       86  (19)      6 :  0.6890  0.0110  0.0280  0.1140  0.0020  0.0800  0.0760  
 87       87  (43)      6 :  0.0100  0.0140  0.7982  0.0100  0.1289  0.0180  0.0210  
 88       88  (21)      6 :  0.0080  0.8870  0.0280  0.0430  0.0130  0.0030  0.0180  
 89       89  (11)      6 :  0.2887  0.3906  0.3037  0.0010  0.0020  0.0110  0.0030  
 90       90  (21)      6 :  0.0699  0.8462  0.0050  0.0010  0.0330  0.0310  0.0140  
 91       91  (14)      6 :  0.8549  0.1211  0.0080  0.0070  0.0040  0.0030  0.0020  
 92       92   (9)      7 :  0.0190  0.9240  0.0030  0.0190  0.0320  0.0020  0.0010  
 93       93  (16)      7 :  0.0040  0.5215  0.4484  0.0050  0.0040  0.0030  0.0140  
 94       94  (24)      7 :  0.0210  0.9441  0.0030  0.0040  0.0240  0.0010  0.0030  
 95       95   (6)      7 :  0.9700  0.0090  0.0140  0.0010  0.0010  0.0010  0.0040  
 96       96  (34)      7 :  0.0430  0.0170  0.9150  0.0050  0.0020  0.0150  0.0030  
 97       97  (21)      7 :  0.0130  0.7628  0.0320  0.0050  0.1842  0.0020  0.0010  
 98       98  (11)      7 :  0.0230  0.1121  0.8248  0.0300  0.0050  0.0010  0.0040  
 99       99  (17)      7 :  0.2970  0.0800  0.5690  0.0040  0.0400  0.0050  0.0050  
100      100  (14)      7 :  0.0090  0.0050  0.6050  0.0050  0.0040  0.3670  0.0050  
101      101  (55)      7 :  0.1049  0.0100  0.8651  0.0020  0.0100  0.0040  0.0040  
102      102  (12)      7 :  0.0100  0.9311  0.0350  0.0020  0.0080  0.0060  0.0080  
103      103  (14)      7 :  0.6860  0.1540  0.1320  0.0060  0.0030  0.0030  0.0160  
104      104  (17)      7 :  0.9590  0.0140  0.0110  0.0010  0.0120  0.0020  0.0010  
105      105  (14)      7 :  0.9460  0.0100  0.0260  0.0010  0.0060  0.0090  0.0020  
