  1        1  (17)      1 :  0.0070  0.0020  0.7725  0.2144  0.0020  0.0010  0.0010  
  2        2   (7)      1 :  0.0020  0.0140  0.9790  0.0010  0.0010  0.0020  0.0010  
  3        3  (17)      1 :  0.0040  0.0130  0.9610  0.0010  0.0170  0.0030  0.0010  
  4        4  (10)      1 :  0.0100  0.0090  0.9710  0.0030  0.0050  0.0010  0.0010  
  5        5  (71)      1 :  0.1820  0.0240  0.7860  0.0030  0.0020  0.0010  0.0020  
  6        6  (17)      1 :  0.0170  0.8981  0.0789  0.0010  0.0020  0.0020  0.0010  
  7        7  (18)      1 :  0.0010  0.0010  0.0010  0.0000  0.0010  0.9950  0.0010  
  8        8  (32)      1 :  0.0140  0.0030  0.9730  0.0030  0.0010  0.0020  0.0040  
  9        9  (20)      1 :  0.0060  0.0500  0.8970  0.0090  0.0290  0.0080  0.0010  
 10       10  (27)      1 :  0.9340  0.0080  0.0080  0.0010  0.0010  0.0460  0.0020  
 11       11  (22)      1 :  0.1680  0.0130  0.8080  0.0010  0.0020  0.0020  0.0060  
 12       12  (22)      1 :  0.8940  0.0030  0.0020  0.0010  0.0470  0.0020  0.0510  
 13       13   (6)      1 :  0.3250  0.0360  0.6200  0.0030  0.0090  0.0030  0.0040  
 14       14  (46)      1 :  0.0220  0.9070  0.0110  0.0110  0.0030  0.0440  0.0020  
 15       15  (12)      1 :  0.9880  0.0030  0.0020  0.0020  0.0010  0.0020  0.0020  
 16       16  (13)      2 :  0.9689  0.0050  0.0010  0.0010  0.0220  0.0010  0.0010  
 17       17  (12)      2 :  0.0070  0.0150  0.9600  0.0010  0.0030  0.0070  0.0070  
 18       18  (10)      2 :  0.0160  0.8690  0.0540  0.0030  0.0060  0.0480  0.0040  
 19       19  (11)      2 :  0.0100  0.9251  0.0330  0.0230  0.0040  0.0010  0.0040  
 20       20   (6)      2 :  0.0520  0.0420  0.8660  0.0040  0.0180  0.0010  0.0170  
 21       21  (27)      2 :  0.0030  0.0110  0.9680  0.0010  0.0020  0.0030  0.0120  
 22       22   (9)      2 :  0.0820  0.0130  0.8980  0.0010  0.0010  0.0030  0.0020  
 23       23   (9)      2 :  0.0180  0.9670  0.0030  0.0060  0.0010  0.0030  0.0020  
 24       24  (13)      2 :  0.0100  0.7768  0.1441  0.0140  0.0300  0.0170  0.0080  
 25       25  (43)      2 :  0.0010  0.0010  0.0020  0.9820  0.0120  0.0010  0.0010  
 26       26  (11)      2 :  0.0230  0.9410  0.0130  0.0060  0.0010  0.0010  0.0150  
 27       27  (26)      2 :  0.8800  0.0240  0.0130  0.0040  0.0710  0.0040  0.0040  
 28       28  (15)      2 :  0.0110  0.9690  0.0090  0.0030  0.0020  0.0050  0.0010  
 29       29  (27)      2 :  0.0050  0.0070  0.8513  0.0110  0.0150  0.0259  0.0848  
 30       30  (14)      2 :  0.0090  0.7213  0.1319  0.0010  0.1299  0.0040  0.0030  
 31       31   (6)      2 :  0.0070  0.6460  0.0090  0.1320  0.0020  0.0790  0.1250  
 32       32  (28)      3 :  0.1970  0.7650  0.0110  0.0080  0.0020  0.0070  0.0100  
 33       33   (8)      3 :  0.6304  0.1608  0.1968  0.0040  0.0020  0.0040  0.0020  
 34       34  (27)      3 :  0.3180  0.6220  0.0530  0.0010  0.0020  0.0030  0.0010  
 35       35  (10)      3 :  0.0230  0.9340  0.0070  0.0010  0.0010  0.0110  0.0230  
 36       36  (19)      3 :  0.8120  0.1370  0.0330  0.0130  0.0010  0.0020  0.0020  
 37       37  (51)      3 :  0.0010  0.0010  0.0010  0.0020  0.8990  0.0930  0.0030  
 38       38  (37)      3 :  0.9610  0.0150  0.0070  0.0020  0.0100  0.0020  0.0030  
 39       39  (23)      3 :  0.0160  0.3634  0.5886  0.0010  0.0050  0.0120  0.0140  
 40       40  (10)      3 :  0.8699  0.0581  0.0130  0.0040  0.0020  0.0501  0.0030  
 41       41  (17)      3 :  0.7800  0.0270  0.0030  0.0070  0.0120  0.1700  0.0010  
 42       42  (61)      3 :  0.0280  0.9340  0.0090  0.0050  0.0140  0.0010  0.0090  
 43       43  (11)      3 :  0.0040  0.0050  0.8360  0.0030  0.1480  0.0030  0.0010  
 44       44  (20)      3 :  0.3540  0.0270  0.5860  0.0060  0.0010  0.0010  0.0250  
 45       45  (14)      3 :  0.0060  0.8452  0.0240  0.0020  0.0030  0.0110  0.1089  
 46       46  (19)      3 :  0.3986  0.0020  0.0030  0.0120  0.0010  0.0010  0.5824  
 47       47   (9)      4 :  0.1410  0.7830  0.0530  0.0010  0.0030  0.0010  0.0180  
 48       48   (8)      4 :  0.0190  0.9670  0.0030  0.0040  0.0000  0.0010  0.0060  
 49       49   (7)      4 :  0.7423  0.0130  0.2368  0.0030  0.0020  0.0010  0.0020  
 50       50  (22)      4 :  0.9540  0.0050  0.0070  0.0310  0.0010  0.0010  0.0010  
 51       51   (7)      4 :  0.0430  0.3836  0.5634  0.0030  0.0020  0.0020  0.0030  
 52       52   (5)      4 :  0.0030  0.6670  0.3150  0.0020  0.0010  0.0030  0.0090  
 53       53  (40)      4 :  0.0010  0.0020  0.0020  0.0010  0.0000  0.0010  0.9930  
 54       54  (15)      4 :  0.0020  0.9209  0.0050  0.0010  0.0010  0.0060  0.0641  
 55       55  (14)      4 :  0.9041  0.0380  0.0110  0.0300  0.0040  0.0090  0.0040  
 56       56   (6)      4 :  0.0130  0.9181  0.0569  0.0030  0.0010  0.0010  0.0070  
 57       57  (14)      4 :  0.0110  0.3477  0.1009  0.5115  0.0140  0.0120  0.0030  
 58       58   (8)      4 :  0.9070  0.0210  0.0540  0.0140  0.0020  0.0010  0.0010  
 59       59  (12)      4 :  0.0160  0.5734  0.3956  0.0050  0.0050  0.0010  0.0040  
 60       60   (7)      4 :  0.0050  0.0180  0.9089  0.0030  0.0631  0.0010  0.0010  
 61       61  (30)      5 :  0.0060  0.9450  0.0030  0.0320  0.0060  0.0010  0.0070  
 62       62  (11)      5 :  0.8611  0.0290  0.0040  0.0969  0.0010  0.0010  0.0070  
 63       63  (48)      5 :  0.0740  0.3430  0.5480  0.0110  0.0030  0.0120  0.0090  
 64       64  (18)      5 :  0.0130  0.9020  0.0210  0.0160  0.0330  0.0010  0.0140  
 65       65  (24)      5 :  0.0010  0.0010  0.0010  0.9940  0.0010  0.0010  0.0010  
 66       66  (14)      5 :  0.0160  0.9421  0.0090  0.0020  0.0010  0.0020  0.0280  
 67       67   (8)      5 :  0.3804  0.5055  0.0110  0.0951  0.0020  0.0050  0.0010  
 68       68   (5)      5 :  0.0050  0.9720  0.0060  0.0040  0.0020  0.0070  0.0040  
 69       69  (36)      5 :  0.1339  0.0200  0.8202  0.0130  0.0060  0.0050  0.0020  
 70       70  (14)      5 :  0.0150  0.9710  0.0070  0.0010  0.0020  0.0010  0.0030  
 71       71  (23)      5 :  0.9081  0.0460  0.0280  0.0030  0.0080  0.0020  0.0050  
 72       72  (47)      5 :  0.0060  0.6970  0.0130  0.0030  0.0060  0.2690  0.0060  
 73       73  (17)      5 :  0.9600  0.0110  0.0080  0.0020  0.0020  0.0140  0.0030  
 74       74   (9)      5 :  0.0590  0.8780  0.0110  0.0480  0.0010  0.0020  0.0010  
 75       75  (13)      5 :  0.0090  0.9419  0.0020  0.0090  0.0030  0.0310  0.0040  
 76       76  (18)      6 :  0.7538  0.0040  0.2262  0.0010  0.0060  0.0070  0.0020  
 77       77   (9)      6 :  0.0060  0.9710  0.0060  0.0120  0.0020  0.0010  0.0020  
 78       78  (16)      6 :  0.7017  0.0100  0.0140  0.1972  0.0150  0.0090  0.0531  
 79       79  (11)      6 :  0.0759  0.8991  0.0100  0.0080  0.0010  0.0050  0.0010  
 80       80  (16)      6 :  0.0100  0.9550  0.0290  0.0010  0.0020  0.0020  0.0010  
 81       81   (7)      6 :  0.2020  0.2800  0.5110  0.0010  0.0010  0.0040  0.0010  
 82       82  (21)      6 :  0.0911  0.8749  0.0220  0.0010  0.0030  0.0010  0.0070  
 83       83  (11)      6 :  0.0200  0.0260  0.9371  0.0010  0.0020  0.0020  0.0120  
 84       84  (13)      6 :  0.0120  0.9650  0.0140  0.0010  0.0010  0.0040  0.0030  
 85       85   (7)      6 :  0.8670  0.0560  0.0320  0.0390  0.0030  0.0010  0.0020  
 86       86  (19)      6 :  0.0150  0.0040  0.8380  0.0140  0.0020  0.1250  0.0020  
 87       87  (43)      6 :  0.8340  0.0260  0.0870  0.0240  0.0030  0.0090  0.0170  
 88       88  (21)      6 :  0.3160  0.5650  0.0230  0.0050  0.0020  0.0870  0.0020  
 89       89  (11)      6 :  0.9049  0.0450  0.0090  0.0060  0.0010  0.0170  0.0170  
 90       90  (21)      6 :  0.0150  0.9050  0.0230  0.0040  0.0170  0.0040  0.0320  
 91       91  (14)      6 :  0.9670  0.0060  0.0090  0.0150  0.0010  0.0010  0.0010  
 92       92   (9)      7 :  0.0130  0.8052  0.0659  0.0170  0.0889  0.0010  0.0090  
 93       93  (16)      7 :  0.0100  0.0060  0.9660  0.0030  0.0040  0.0070  0.0040  
 94       94  (24)      7 :  0.0010  0.0010  0.0010  0.0010  0.9940  0.0010  0.0010  
 95       95   (6)      7 :  0.0210  0.1039  0.8671  0.0040  0.0010  0.0010  0.0020  
 96       96  (34)      7 :  0.0060  0.0090  0.9580  0.0030  0.0150  0.0030  0.0060  
 97       97  (21)      7 :  0.3950  0.0180  0.4650  0.0010  0.0120  0.0010  0.1080  
 98       98  (11)      7 :  0.0120  0.0080  0.9570  0.0170  0.0040  0.0010  0.0010  
 99       99  (17)      7 :  0.0180  0.7650  0.2000  0.0010  0.0030  0.0020  0.0110  
100      100  (14)      7 :  0.0711  0.0050  0.6533  0.0050  0.1052  0.0962  0.0641  
101      101  (55)      7 :  0.7692  0.1219  0.0929  0.0010  0.0090  0.0010  0.0050  
102      102  (12)      7 :  0.0310  0.0150  0.9390  0.0070  0.0020  0.0040  0.0020  
103      103  (14)      7 :  0.2540  0.6870  0.0470  0.0040  0.0030  0.0030  0.0020  
104      104  (17)      7 :  0.0791  0.9059  0.0080  0.0010  0.0030  0.0010  0.0020  
105      105  (14)      7 :  0.0080  0.9580  0.0170  0.0020  0.0030  0.0100  0.0020  
