  1        1  (17)      1 :  0.0200  0.0090  0.0070  0.0480  0.1678  0.0060  0.7423  
  2        2   (7)      1 :  0.4360  0.0220  0.4290  0.0060  0.0090  0.0910  0.0070  
  3        3  (17)      1 :  0.3467  0.1469  0.1439  0.0090  0.0689  0.0180  0.2667  
  4        4  (10)      1 :  0.0250  0.0060  0.8390  0.0040  0.0480  0.0050  0.0730  
  5        5  (71)      1 :  0.2523  0.0270  0.0561  0.0060  0.0350  0.0240  0.5996  
  6        6  (17)      1 :  0.0100  0.7930  0.0250  0.0020  0.1380  0.0170  0.0150  
  7        7  (18)      1 :  0.0170  0.0170  0.0160  0.0030  0.0100  0.9271  0.0100  
  8        8  (32)      1 :  0.0680  0.0920  0.4900  0.0040  0.0110  0.0080  0.3270  
  9        9  (20)      1 :  0.6577  0.0200  0.0541  0.0070  0.1932  0.0571  0.0110  
 10       10  (27)      1 :  0.0350  0.0340  0.1301  0.0070  0.0601  0.0070  0.7267  
 11       11  (22)      1 :  0.0811  0.4725  0.3814  0.0060  0.0170  0.0150  0.0270  
 12       12  (22)      1 :  0.0080  0.0080  0.0100  0.0030  0.9439  0.0100  0.0170  
 13       13   (6)      1 :  0.0200  0.0690  0.5720  0.0050  0.2350  0.0490  0.0500  
 14       14  (46)      1 :  0.4496  0.0519  0.0430  0.0410  0.2707  0.0969  0.0470  
 15       15  (12)      1 :  0.0140  0.0170  0.0210  0.0090  0.0080  0.0050  0.9260  
 16       16  (13)      2 :  0.0090  0.0549  0.8871  0.0040  0.0110  0.0200  0.0140  
 17       17  (12)      2 :  0.8360  0.0210  0.0400  0.0150  0.0180  0.0610  0.0090  
 18       18  (10)      2 :  0.1159  0.2398  0.4476  0.0809  0.0470  0.0519  0.0170  
 19       19  (11)      2 :  0.0480  0.4320  0.2560  0.0860  0.0110  0.1100  0.0570  
 20       20   (6)      2 :  0.0280  0.0640  0.3420  0.0530  0.2050  0.0070  0.3010  
 21       21  (27)      2 :  0.0790  0.0520  0.7520  0.0030  0.0200  0.0100  0.0840  
 22       22   (9)      2 :  0.0329  0.0429  0.8443  0.0070  0.0200  0.0289  0.0240  
 23       23   (9)      2 :  0.1720  0.7500  0.0210  0.0120  0.0270  0.0100  0.0080  
 24       24  (13)      2 :  0.0090  0.1141  0.5215  0.0100  0.3013  0.0300  0.0140  
 25       25  (43)      2 :  0.0040  0.0070  0.0100  0.0800  0.0080  0.0050  0.8860  
 26       26  (11)      2 :  0.4920  0.1060  0.2750  0.0310  0.0730  0.0090  0.0140  
 27       27  (26)      2 :  0.5684  0.0100  0.0110  0.0410  0.3377  0.0080  0.0240  
 28       28  (15)      2 :  0.0190  0.3626  0.5524  0.0140  0.0090  0.0380  0.0050  
 29       29  (27)      2 :  0.0250  0.0911  0.3984  0.0220  0.0260  0.2953  0.1421  
 30       30  (14)      2 :  0.3650  0.0350  0.1660  0.0110  0.3890  0.0140  0.0200  
 31       31   (6)      2 :  0.1360  0.2450  0.0560  0.0400  0.1270  0.3870  0.0090  
 32       32  (28)      3 :  0.6910  0.0230  0.0280  0.0040  0.0070  0.1240  0.1230  
 33       33   (8)      3 :  0.0440  0.3750  0.5290  0.0100  0.0090  0.0100  0.0230  
 34       34  (27)      3 :  0.3363  0.0951  0.3393  0.0140  0.0120  0.0480  0.1552  
 35       35  (10)      3 :  0.1220  0.3740  0.4390  0.0090  0.0120  0.0250  0.0190  
 36       36  (19)      3 :  0.0220  0.4510  0.1040  0.0600  0.0370  0.0900  0.2360  
 37       37  (51)      3 :  0.0040  0.0050  0.0040  0.0020  0.0040  0.9770  0.0040  
 38       38  (37)      3 :  0.0770  0.4490  0.0610  0.0050  0.1160  0.0620  0.2300  
 39       39  (23)      3 :  0.2280  0.0240  0.6830  0.0220  0.0140  0.0150  0.0140  
 40       40  (10)      3 :  0.0370  0.4156  0.0290  0.0080  0.0300  0.1349  0.3457  
 41       41  (17)      3 :  0.0230  0.0130  0.0070  0.0020  0.0210  0.2280  0.7060  
 42       42  (61)      3 :  0.1970  0.2450  0.0310  0.0310  0.4040  0.0500  0.0420  
 43       43  (11)      3 :  0.0280  0.0400  0.5465  0.0060  0.0290  0.0300  0.3207  
 44       44  (20)      3 :  0.1802  0.2312  0.3143  0.0040  0.0260  0.0671  0.1772  
 45       45  (14)      3 :  0.9191  0.0100  0.0150  0.0040  0.0230  0.0200  0.0090  
 46       46  (19)      3 :  0.0100  0.0070  0.9160  0.0090  0.0180  0.0310  0.0090  
 47       47   (9)      4 :  0.4500  0.0180  0.4580  0.0050  0.0370  0.0170  0.0150  
 48       48   (8)      4 :  0.0130  0.5616  0.0400  0.0390  0.0100  0.0561  0.2803  
 49       49   (7)      4 :  0.0800  0.2410  0.4890  0.0040  0.0900  0.0190  0.0770  
 50       50  (22)      4 :  0.4336  0.0789  0.0100  0.0030  0.0080  0.0080  0.4585  
 51       51   (7)      4 :  0.2410  0.7040  0.0130  0.0030  0.0080  0.0060  0.0250  
 52       52   (5)      4 :  0.0130  0.1642  0.4895  0.0040  0.0120  0.0611  0.2563  
 53       53  (40)      4 :  0.0050  0.0090  0.0050  0.0040  0.0040  0.9670  0.0060  
 54       54  (15)      4 :  0.0110  0.9241  0.0180  0.0090  0.0130  0.0170  0.0080  
 55       55  (14)      4 :  0.0220  0.7470  0.0090  0.0070  0.1250  0.0370  0.0530  
 56       56   (6)      4 :  0.7270  0.0700  0.0200  0.0110  0.0230  0.1360  0.0130  
 57       57  (14)      4 :  0.0410  0.0440  0.0160  0.1090  0.2450  0.5380  0.0070  
 58       58   (8)      4 :  0.0190  0.3297  0.0170  0.0509  0.2747  0.0040  0.3047  
 59       59  (12)      4 :  0.1660  0.3640  0.2910  0.0230  0.0620  0.0140  0.0800  
 60       60   (7)      4 :  0.1419  0.0330  0.7043  0.0090  0.0230  0.0549  0.0340  
 61       61  (30)      5 :  0.0790  0.5050  0.1820  0.0460  0.0550  0.1200  0.0130  
 62       62  (11)      5 :  0.3704  0.2763  0.1792  0.0841  0.0220  0.0360  0.0320  
 63       63  (48)      5 :  0.0511  0.1872  0.0511  0.0420  0.0581  0.1291  0.4815  
 64       64  (18)      5 :  0.0100  0.8390  0.0130  0.0500  0.0570  0.0230  0.0080  
 65       65  (24)      5 :  0.0030  0.0040  0.0070  0.9770  0.0040  0.0020  0.0030  
 66       66  (14)      5 :  0.0529  0.6404  0.0400  0.0430  0.0120  0.0150  0.1968  
 67       67   (8)      5 :  0.0761  0.3253  0.0390  0.0781  0.0420  0.0180  0.4214  
 68       68   (5)      5 :  0.1260  0.5580  0.2460  0.0130  0.0130  0.0320  0.0120  
 69       69  (36)      5 :  0.4160  0.0620  0.1030  0.0280  0.1140  0.0150  0.2620  
 70       70  (14)      5 :  0.8130  0.0890  0.0120  0.0220  0.0070  0.0100  0.0470  
 71       71  (23)      5 :  0.0220  0.5816  0.0511  0.0050  0.0130  0.0110  0.3163  
 72       72  (47)      5 :  0.1840  0.1820  0.3460  0.0030  0.1230  0.1440  0.0180  
 73       73  (17)      5 :  0.1330  0.6960  0.0540  0.0070  0.0060  0.0940  0.0100  
 74       74   (9)      5 :  0.0710  0.6890  0.0170  0.0070  0.1340  0.0110  0.0710  
 75       75  (13)      5 :  0.0150  0.4246  0.0270  0.0030  0.2907  0.2228  0.0170  
 76       76  (18)      6 :  0.0200  0.4350  0.4200  0.0090  0.0150  0.0080  0.0930  
 77       77   (9)      6 :  0.6160  0.2440  0.0400  0.0200  0.0310  0.0140  0.0350  
 78       78  (16)      6 :  0.6116  0.0681  0.0070  0.1712  0.0921  0.0350  0.0150  
 79       79  (11)      6 :  0.0430  0.8002  0.0400  0.0050  0.0150  0.0150  0.0819  
 80       80  (16)      6 :  0.8216  0.0571  0.0140  0.0130  0.0531  0.0080  0.0331  
 81       81   (7)      6 :  0.0869  0.0839  0.5784  0.0300  0.0200  0.0789  0.1219  
 82       82  (21)      6 :  0.2607  0.0470  0.4585  0.0080  0.0460  0.0110  0.1688  
 83       83  (11)      6 :  0.4865  0.0631  0.2553  0.0040  0.0761  0.0380  0.0771  
 84       84  (13)      6 :  0.5560  0.2830  0.0510  0.0040  0.0860  0.0110  0.0090  
 85       85   (7)      6 :  0.0410  0.2210  0.5960  0.0570  0.0480  0.0120  0.0250  
 86       86  (19)      6 :  0.0230  0.0200  0.0929  0.0100  0.0250  0.3696  0.4595  
 87       87  (43)      6 :  0.3053  0.0621  0.0280  0.0050  0.3143  0.0571  0.2282  
 88       88  (21)      6 :  0.0200  0.1978  0.0320  0.0030  0.3606  0.0969  0.2897  
 89       89  (11)      6 :  0.4340  0.0840  0.0680  0.0470  0.0330  0.0100  0.3240  
 90       90  (21)      6 :  0.2440  0.4020  0.1660  0.0080  0.1320  0.0210  0.0270  
 91       91  (14)      6 :  0.3300  0.0190  0.5720  0.0070  0.0090  0.0060  0.0570  
 92       92   (9)      7 :  0.2312  0.0150  0.5215  0.0290  0.1722  0.0230  0.0080  
 93       93  (16)      7 :  0.0160  0.1320  0.7310  0.0040  0.0210  0.0740  0.0220  
 94       94  (24)      7 :  0.0080  0.0060  0.0220  0.0060  0.9510  0.0040  0.0030  
 95       95   (6)      7 :  0.3846  0.2368  0.1079  0.0030  0.0130  0.0060  0.2488  
 96       96  (34)      7 :  0.0641  0.5115  0.1752  0.0050  0.0130  0.0350  0.1962  
 97       97  (21)      7 :  0.0390  0.0550  0.6370  0.0060  0.0680  0.0180  0.1770  
 98       98  (11)      7 :  0.0160  0.6603  0.2228  0.0040  0.0160  0.0669  0.0140  
 99       99  (17)      7 :  0.3243  0.1231  0.3383  0.0030  0.0140  0.1331  0.0641  
100      100  (14)      7 :  0.0200  0.0080  0.0310  0.0040  0.7660  0.1360  0.0350  
101      101  (55)      7 :  0.0340  0.0480  0.8310  0.0140  0.0280  0.0120  0.0330  
102      102  (12)      7 :  0.4400  0.1430  0.3300  0.0280  0.0350  0.0130  0.0110  
103      103  (14)      7 :  0.3640  0.2010  0.1340  0.0170  0.1750  0.0220  0.0870  
104      104  (17)      7 :  0.4545  0.2763  0.0110  0.0200  0.2142  0.0060  0.0180  
105      105  (14)      7 :  0.5864  0.0410  0.0689  0.0080  0.0430  0.2398  0.0130  
