  1        1  (17)      1 :  0.4790  0.1890  0.3320  
  2        2   (7)      1 :  0.3560  0.3790  0.2650  
  3        3  (17)      1 :  0.3340  0.3680  0.2980  
  4        4  (10)      1 :  0.3270  0.3550  0.3180  
  5        5  (71)      1 :  0.4110  0.3310  0.2580  
  6        6  (17)      1 :  0.3906  0.3187  0.2907  
  7        7  (18)      1 :  0.2907  0.3427  0.3666  
  8        8  (32)      1 :  0.5140  0.2120  0.2740  
  9        9  (20)      1 :  0.4130  0.3570  0.2300  
 10       10  (27)      1 :  0.3700  0.3690  0.2610  
 11       11  (22)      1 :  0.4540  0.2860  0.2600  
 12       12  (22)      1 :  0.4036  0.3087  0.2877  
 13       13   (6)      1 :  0.3680  0.3130  0.3190  
 14       14  (46)      1 :  0.3974  0.3413  0.2613  
 15       15  (12)      1 :  0.3233  0.3263  0.3504  
 16       16  (13)      2 :  0.4360  0.2530  0.3110  
 17       17  (12)      2 :  0.3990  0.3060  0.2950  
 18       18  (10)      2 :  0.3690  0.3540  0.2770  
 19       19  (11)      2 :  0.3656  0.3846  0.2498  
 20       20   (6)      2 :  0.3420  0.3390  0.3190  
 21       21  (27)      2 :  0.4254  0.3273  0.2472  
 22       22   (9)      2 :  0.3750  0.3150  0.3100  
 23       23   (9)      2 :  0.2920  0.3680  0.3400  
 24       24  (13)      2 :  0.3390  0.3870  0.2740  
 25       25  (43)      2 :  0.4296  0.2607  0.3097  
 26       26  (11)      2 :  0.3267  0.4056  0.2677  
 27       27  (26)      2 :  0.3437  0.3576  0.2987  
 28       28  (15)      2 :  0.4390  0.2560  0.3050  
 29       29  (27)      2 :  0.4030  0.3150  0.2820  
 30       30  (14)      2 :  0.4765  0.2563  0.2673  
 31       31   (6)      2 :  0.2730  0.4430  0.2840  
 32       32  (28)      3 :  0.3430  0.3650  0.2920  
 33       33   (8)      3 :  0.3660  0.3510  0.2830  
 34       34  (27)      3 :  0.2910  0.4250  0.2840  
 35       35  (10)      3 :  0.3580  0.3480  0.2940  
 36       36  (19)      3 :  0.3430  0.3510  0.3060  
 37       37  (51)      3 :  0.5390  0.2050  0.2560  
 38       38  (37)      3 :  0.4420  0.3130  0.2450  
 39       39  (23)      3 :  0.3330  0.3500  0.3170  
 40       40  (10)      3 :  0.3770  0.3700  0.2530  
 41       41  (17)      3 :  0.3900  0.3100  0.3000  
 42       42  (61)      3 :  0.3670  0.3300  0.3030  
 43       43  (11)      3 :  0.3720  0.3480  0.2800  
 44       44  (20)      3 :  0.3450  0.3570  0.2980  
 45       45  (14)      3 :  0.3680  0.3440  0.2880  
 46       46  (19)      3 :  0.2490  0.4280  0.3230  
 47       47   (9)      4 :  0.3460  0.3880  0.2660  
 48       48   (8)      4 :  0.3670  0.3670  0.2660  
 49       49   (7)      4 :  0.4234  0.2543  0.3223  
 50       50  (22)      4 :  0.4140  0.3150  0.2710  
 51       51   (7)      4 :  0.3580  0.3460  0.2960  
 52       52   (5)      4 :  0.3350  0.3870  0.2780  
 53       53  (40)      4 :  0.1310  0.5890  0.2800  
 54       54  (15)      4 :  0.2677  0.4515  0.2807  
 55       55  (14)      4 :  0.2940  0.3860  0.3200  
 56       56   (6)      4 :  0.3736  0.3167  0.3097  
 57       57  (14)      4 :  0.4126  0.2637  0.3237  
 58       58   (8)      4 :  0.3560  0.3540  0.2900  
 59       59  (12)      4 :  0.3524  0.3443  0.3033  
 60       60   (7)      4 :  0.4100  0.2770  0.3130  
 61       61  (30)      5 :  0.3820  0.3820  0.2360  
 62       62  (11)      5 :  0.3210  0.4140  0.2650  
 63       63  (48)      5 :  0.3570  0.4050  0.2380  
 64       64  (18)      5 :  0.4406  0.2378  0.3217  
 65       65  (24)      5 :  0.1622  0.5516  0.2863  
 66       66  (14)      5 :  0.3584  0.3504  0.2913  
 67       67   (8)      5 :  0.4250  0.2870  0.2880  
 68       68   (5)      5 :  0.3490  0.3370  0.3140  
 69       69  (36)      5 :  0.4680  0.2950  0.2370  
 70       70  (14)      5 :  0.3780  0.3750  0.2470  
 71       71  (23)      5 :  0.3840  0.3580  0.2580  
 72       72  (47)      5 :  0.3160  0.3690  0.3150  
 73       73  (17)      5 :  0.3940  0.3350  0.2710  
 74       74   (9)      5 :  0.3770  0.3470  0.2760  
 75       75  (13)      5 :  0.3050  0.3680  0.3270  
 76       76  (18)      6 :  0.4344  0.2823  0.2833  
 77       77   (9)      6 :  0.2870  0.4280  0.2850  
 78       78  (16)      6 :  0.2630  0.4070  0.3300  
 79       79  (11)      6 :  0.3780  0.3690  0.2530  
 80       80  (16)      6 :  0.3594  0.3493  0.2913  
 81       81   (7)      6 :  0.3500  0.3630  0.2870  
 82       82  (21)      6 :  0.3724  0.3353  0.2923  
 83       83  (11)      6 :  0.3530  0.3600  0.2870  
 84       84  (13)      6 :  0.3437  0.4006  0.2557  
 85       85   (7)      6 :  0.3030  0.4060  0.2910  
 86       86  (19)      6 :  0.4815  0.2468  0.2717  
 87       87  (43)      6 :  0.4426  0.3277  0.2298  
 88       88  (21)      6 :  0.4670  0.2480  0.2850  
 89       89  (11)      6 :  0.3350  0.4170  0.2480  
 90       90  (21)      6 :  0.3726  0.3836  0.2438  
 91       91  (14)      6 :  0.3540  0.4100  0.2360  
 92       92   (9)      7 :  0.4110  0.3250  0.2640  
 93       93  (16)      7 :  0.3060  0.4020  0.2920  
 94       94  (24)      7 :  0.4810  0.2690  0.2500  
 95       95   (6)      7 :  0.4434  0.2883  0.2683  
 96       96  (34)      7 :  0.3980  0.3760  0.2260  
 97       97  (21)      7 :  0.4006  0.3746  0.2248  
 98       98  (11)      7 :  0.3690  0.3170  0.3140  
 99       99  (17)      7 :  0.3250  0.3690  0.3060  
100      100  (14)      7 :  0.4020  0.3250  0.2730  
101      101  (55)      7 :  0.4050  0.3220  0.2730  
102      102  (12)      7 :  0.4360  0.2620  0.3020  
103      103  (14)      7 :  0.3760  0.3070  0.3170  
104      104  (17)      7 :  0.2570  0.4630  0.2800  
105      105  (14)      7 :  0.3170  0.3690  0.3140  
