  1        1  (17)      1 :  0.0260  0.0020  0.0030  0.0070  0.9620  
  2        2   (7)      1 :  0.0170  0.0030  0.0040  0.0140  0.9620  
  3        3  (17)      1 :  0.0100  0.0110  0.0050  0.0160  0.9580  
  4        4  (10)      1 :  0.9600  0.0030  0.0050  0.0180  0.0140  
  5        5  (71)      1 :  0.0960  0.0070  0.0070  0.3810  0.5090  
  6        6  (17)      1 :  0.0400  0.0110  0.0060  0.0210  0.9220  
  7        7  (18)      1 :  0.0050  0.9880  0.0020  0.0020  0.0030  
  8        8  (32)      1 :  0.9540  0.0020  0.0100  0.0080  0.0260  
  9        9  (20)      1 :  0.0230  0.0280  0.0080  0.0180  0.9231  
 10       10  (27)      1 :  0.9600  0.0100  0.0030  0.0130  0.0140  
 11       11  (22)      1 :  0.7898  0.0020  0.0140  0.1481  0.0460  
 12       12  (22)      1 :  0.0250  0.0130  0.9510  0.0060  0.0050  
 13       13   (6)      1 :  0.4484  0.0020  0.1832  0.0571  0.3093  
 14       14  (46)      1 :  0.0230  0.1220  0.0040  0.1780  0.6730  
 15       15  (12)      1 :  0.9780  0.0030  0.0060  0.0070  0.0060  
 16       16  (13)      2 :  0.9730  0.0050  0.0090  0.0080  0.0050  
 17       17  (12)      2 :  0.0130  0.0030  0.0370  0.0120  0.9350  
 18       18  (10)      2 :  0.0170  0.0370  0.0070  0.3330  0.6060  
 19       19  (11)      2 :  0.0321  0.0020  0.0170  0.9178  0.0311  
 20       20   (6)      2 :  0.0230  0.0020  0.0290  0.0030  0.9430  
 21       21  (27)      2 :  0.0060  0.0040  0.0290  0.0390  0.9220  
 22       22   (9)      2 :  0.1210  0.0100  0.0200  0.0260  0.8230  
 23       23   (9)      2 :  0.0380  0.0190  0.0060  0.7270  0.2100  
 24       24  (13)      2 :  0.4240  0.0230  0.1790  0.0960  0.2780  
 25       25  (43)      2 :  0.9590  0.0300  0.0030  0.0030  0.0050  
 26       26  (11)      2 :  0.0130  0.0020  0.0160  0.0190  0.9500  
 27       27  (26)      2 :  0.1300  0.0250  0.0430  0.3010  0.5010  
 28       28  (15)      2 :  0.0220  0.0110  0.0020  0.9409  0.0240  
 29       29  (27)      2 :  0.0130  0.0800  0.0380  0.0100  0.8590  
 30       30  (14)      2 :  0.0580  0.0360  0.1180  0.7030  0.0850  
 31       31   (6)      2 :  0.0340  0.0130  0.2122  0.0220  0.7187  
 32       32  (28)      3 :  0.0550  0.0330  0.0100  0.7460  0.1560  
 33       33   (8)      3 :  0.0941  0.0050  0.0080  0.0230  0.8699  
 34       34  (27)      3 :  0.0549  0.0030  0.0040  0.9251  0.0130  
 35       35  (10)      3 :  0.0080  0.0280  0.0250  0.8780  0.0610  
 36       36  (19)      3 :  0.8871  0.0040  0.0040  0.0260  0.0789  
 37       37  (51)      3 :  0.0020  0.9880  0.0050  0.0030  0.0020  
 38       38  (37)      3 :  0.8152  0.0020  0.0809  0.0200  0.0819  
 39       39  (23)      3 :  0.0190  0.0170  0.0190  0.8980  0.0470  
 40       40  (10)      3 :  0.4020  0.1020  0.0140  0.0160  0.4660  
 41       41  (17)      3 :  0.7307  0.2432  0.0030  0.0160  0.0070  
 42       42  (61)      3 :  0.1240  0.0020  0.2630  0.5900  0.0210  
 43       43  (11)      3 :  0.0090  0.0040  0.0980  0.0070  0.8820  
 44       44  (20)      3 :  0.8620  0.0020  0.0250  0.0830  0.0280  
 45       45  (14)      3 :  0.0070  0.0270  0.2733  0.0400  0.6527  
 46       46  (19)      3 :  0.0040  0.0020  0.9900  0.0020  0.0020  
 47       47   (9)      4 :  0.3410  0.0020  0.0280  0.4430  0.1860  
 48       48   (8)      4 :  0.0180  0.0020  0.0050  0.9500  0.0250  
 49       49   (7)      4 :  0.5620  0.0030  0.0030  0.0560  0.3760  
 50       50  (22)      4 :  0.9790  0.0020  0.0030  0.0070  0.0090  
 51       51   (7)      4 :  0.0829  0.0040  0.0050  0.8921  0.0160  
 52       52   (5)      4 :  0.0500  0.0140  0.0240  0.0870  0.8250  
 53       53  (40)      4 :  0.0020  0.0020  0.9900  0.0030  0.0030  
 54       54  (15)      4 :  0.0070  0.0080  0.0740  0.0130  0.8980  
 55       55  (14)      4 :  0.0290  0.0260  0.0060  0.9239  0.0150  
 56       56   (6)      4 :  0.0100  0.0020  0.0070  0.9421  0.0390  
 57       57  (14)      4 :  0.0120  0.0030  0.0060  0.9690  0.0100  
 58       58   (8)      4 :  0.2890  0.0030  0.0070  0.0270  0.6740  
 59       59  (12)      4 :  0.2757  0.0020  0.0090  0.1159  0.5974  
 60       60   (7)      4 :  0.0719  0.0110  0.0120  0.8571  0.0480  
 61       61  (30)      5 :  0.0230  0.0050  0.0740  0.5270  0.3710  
 62       62  (11)      5 :  0.0190  0.0030  0.0460  0.9161  0.0160  
 63       63  (48)      5 :  0.1553  0.0080  0.0130  0.1754  0.6483  
 64       64  (18)      5 :  0.0060  0.0040  0.0200  0.9580  0.0120  
 65       65  (24)      5 :  0.0060  0.0010  0.0020  0.9870  0.0040  
 66       66  (14)      5 :  0.0150  0.0030  0.0350  0.0130  0.9341  
 67       67   (8)      5 :  0.0649  0.0150  0.0080  0.8771  0.0350  
 68       68   (5)      5 :  0.0120  0.0060  0.0040  0.0100  0.9680  
 69       69  (36)      5 :  0.6923  0.0110  0.0240  0.0270  0.2458  
 70       70  (14)      5 :  0.0110  0.0040  0.0060  0.9050  0.0740  
 71       71  (23)      5 :  0.8770  0.0040  0.0190  0.0070  0.0930  
 72       72  (47)      5 :  0.0100  0.3380  0.0320  0.5160  0.1040  
 73       73  (17)      5 :  0.9181  0.0110  0.0210  0.0350  0.0150  
 74       74   (9)      5 :  0.0280  0.0050  0.0030  0.0430  0.9211  
 75       75  (13)      5 :  0.0110  0.0600  0.0240  0.0900  0.8150  
 76       76  (18)      6 :  0.3430  0.0220  0.0120  0.0290  0.5940  
 77       77   (9)      6 :  0.0040  0.0010  0.0060  0.8949  0.0941  
 78       78  (16)      6 :  0.0250  0.0661  0.0120  0.4625  0.4344  
 79       79  (11)      6 :  0.1270  0.0070  0.0030  0.7050  0.1580  
 80       80  (16)      6 :  0.0200  0.0030  0.0030  0.0530  0.9210  
 81       81   (7)      6 :  0.0320  0.0130  0.0030  0.0680  0.8840  
 82       82  (21)      6 :  0.0470  0.0010  0.0400  0.1180  0.7940  
 83       83  (11)      6 :  0.0870  0.0040  0.0140  0.8440  0.0510  
 84       84  (13)      6 :  0.0100  0.0080  0.0030  0.0330  0.9460  
 85       85   (7)      6 :  0.0771  0.0060  0.0200  0.8869  0.0100  
 86       86  (19)      6 :  0.2680  0.1120  0.0030  0.4690  0.1480  
 87       87  (43)      6 :  0.6933  0.0410  0.1349  0.0729  0.0579  
 88       88  (21)      6 :  0.0160  0.1301  0.0060  0.0100  0.8378  
 89       89  (11)      6 :  0.0270  0.0060  0.0991  0.5115  0.3564  
 90       90  (21)      6 :  0.0210  0.0070  0.3103  0.3594  0.3023  
 91       91  (14)      6 :  0.9630  0.0020  0.0130  0.0150  0.0070  
 92       92   (9)      7 :  0.0130  0.0080  0.0410  0.9181  0.0200  
 93       93  (16)      7 :  0.0100  0.0200  0.0040  0.0140  0.9520  
 94       94  (24)      7 :  0.0110  0.0350  0.5930  0.1490  0.2120  
 95       95   (6)      7 :  0.0410  0.0020  0.0030  0.8350  0.1190  
 96       96  (34)      7 :  0.0741  0.0070  0.0631  0.3834  0.4725  
 97       97  (21)      7 :  0.0430  0.0030  0.3776  0.5325  0.0440  
 98       98  (11)      7 :  0.0350  0.0040  0.0020  0.9400  0.0190  
 99       99  (17)      7 :  0.0971  0.0110  0.1401  0.2823  0.4695  
100      100  (14)      7 :  0.0110  0.1150  0.0500  0.0090  0.8150  
101      101  (55)      7 :  0.6370  0.0030  0.0160  0.2410  0.1030  
102      102  (12)      7 :  0.1660  0.0030  0.0320  0.2970  0.5020  
103      103  (14)      7 :  0.0390  0.0050  0.0260  0.1341  0.7958  
104      104  (17)      7 :  0.0360  0.0020  0.1270  0.0170  0.8180  
105      105  (14)      7 :  0.0170  0.0380  0.0120  0.8871  0.0460  
