  1        1  (17)      1 :  0.7620  0.0060  0.2320  
  2        2   (7)      1 :  0.8268  0.1692  0.0040  
  3        3  (17)      1 :  0.8300  0.1530  0.0170  
  4        4  (10)      1 :  0.8300  0.1280  0.0420  
  5        5  (71)      1 :  0.8350  0.0940  0.0710  
  6        6  (17)      1 :  0.8120  0.1820  0.0060  
  7        7  (18)      1 :  0.8180  0.0040  0.1780  
  8        8  (32)      1 :  0.8580  0.1370  0.0050  
  9        9  (20)      1 :  0.8480  0.1270  0.0250  
 10       10  (27)      1 :  0.8230  0.1180  0.0590  
 11       11  (22)      1 :  0.8890  0.1050  0.0060  
 12       12  (22)      1 :  0.8180  0.0080  0.1740  
 13       13   (6)      1 :  0.8270  0.1540  0.0190  
 14       14  (46)      1 :  0.8350  0.1340  0.0310  
 15       15  (12)      1 :  0.8000  0.1050  0.0950  
 16       16  (13)      2 :  0.8130  0.1720  0.0150  
 17       17  (12)      2 :  0.8450  0.1500  0.0050  
 18       18  (10)      2 :  0.8480  0.1430  0.0090  
 19       19  (11)      2 :  0.8490  0.1380  0.0130  
 20       20   (6)      2 :  0.8450  0.1330  0.0220  
 21       21  (27)      2 :  0.8541  0.1299  0.0160  
 22       22   (9)      2 :  0.8300  0.1660  0.0040  
 23       23   (9)      2 :  0.8360  0.1570  0.0070  
 24       24  (13)      2 :  0.8440  0.1460  0.0100  
 25       25  (43)      2 :  0.8250  0.0030  0.1720  
 26       26  (11)      2 :  0.8310  0.1590  0.0100  
 27       27  (26)      2 :  0.8350  0.0130  0.1520  
 28       28  (15)      2 :  0.7950  0.1930  0.0120  
 29       29  (27)      2 :  0.8780  0.1000  0.0220  
 30       30  (14)      2 :  0.8120  0.0940  0.0940  
 31       31   (6)      2 :  0.8440  0.1510  0.0050  
 32       32  (28)      3 :  0.8520  0.1330  0.0150  
 33       33   (8)      3 :  0.8430  0.1210  0.0360  
 34       34  (27)      3 :  0.8110  0.1620  0.0270  
 35       35  (10)      3 :  0.8000  0.1910  0.0090  
 36       36  (19)      3 :  0.8390  0.1190  0.0420  
 37       37  (51)      3 :  0.7820  0.0050  0.2130  
 38       38  (37)      3 :  0.8410  0.1250  0.0340  
 39       39  (23)      3 :  0.8058  0.1892  0.0050  
 40       40  (10)      3 :  0.8530  0.0700  0.0770  
 41       41  (17)      3 :  0.7970  0.0460  0.1570  
 42       42  (61)      3 :  0.8180  0.1590  0.0230  
 43       43  (11)      3 :  0.8130  0.1740  0.0130  
 44       44  (20)      3 :  0.8430  0.1450  0.0120  
 45       45  (14)      3 :  0.8472  0.1429  0.0100  
 46       46  (19)      3 :  0.8480  0.1450  0.0070  
 47       47   (9)      4 :  0.8422  0.1489  0.0090  
 48       48   (8)      4 :  0.8132  0.1838  0.0030  
 49       49   (7)      4 :  0.8100  0.1540  0.0360  
 50       50  (22)      4 :  0.8042  0.1239  0.0719  
 51       51   (7)      4 :  0.8110  0.1730  0.0160  
 52       52   (5)      4 :  0.8080  0.1570  0.0350  
 53       53  (40)      4 :  0.8560  0.1400  0.0040  
 54       54  (15)      4 :  0.8701  0.1239  0.0060  
 55       55  (14)      4 :  0.8170  0.0940  0.0890  
 56       56   (6)      4 :  0.8370  0.1580  0.0050  
 57       57  (14)      4 :  0.8020  0.0770  0.1210  
 58       58   (8)      4 :  0.8340  0.1150  0.0510  
 59       59  (12)      4 :  0.8410  0.1540  0.0050  
 60       60   (7)      4 :  0.8188  0.1772  0.0040  
 61       61  (30)      5 :  0.8739  0.1151  0.0110  
 62       62  (11)      5 :  0.8160  0.1780  0.0060  
 63       63  (48)      5 :  0.8640  0.1250  0.0110  
 64       64  (18)      5 :  0.8428  0.1481  0.0090  
 65       65  (24)      5 :  0.8180  0.1780  0.0040  
 66       66  (14)      5 :  0.8440  0.1530  0.0030  
 67       67   (8)      5 :  0.8160  0.1150  0.0690  
 68       68   (5)      5 :  0.8110  0.1840  0.0050  
 69       69  (36)      5 :  0.8630  0.0410  0.0960  
 70       70  (14)      5 :  0.8450  0.1500  0.0050  
 71       71  (23)      5 :  0.8430  0.1320  0.0250  
 72       72  (47)      5 :  0.8230  0.0900  0.0870  
 73       73  (17)      5 :  0.8208  0.0691  0.1101  
 74       74   (9)      5 :  0.8360  0.1530  0.0110  
 75       75  (13)      5 :  0.7960  0.0430  0.1610  
 76       76  (18)      6 :  0.8410  0.1410  0.0180  
 77       77   (9)      6 :  0.8120  0.1820  0.0060  
 78       78  (16)      6 :  0.7950  0.0470  0.1580  
 79       79  (11)      6 :  0.8549  0.1351  0.0100  
 80       80  (16)      6 :  0.8320  0.1600  0.0080  
 81       81   (7)      6 :  0.8250  0.1570  0.0180  
 82       82  (21)      6 :  0.8240  0.1680  0.0080  
 83       83  (11)      6 :  0.8190  0.1650  0.0160  
 84       84  (13)      6 :  0.7920  0.1990  0.0090  
 85       85   (7)      6 :  0.8580  0.0430  0.0990  
 86       86  (19)      6 :  0.8110  0.0080  0.1810  
 87       87  (43)      6 :  0.8270  0.0590  0.1140  
 88       88  (21)      6 :  0.8228  0.0110  0.1662  
 89       89  (11)      6 :  0.8370  0.1520  0.0110  
 90       90  (21)      6 :  0.8720  0.1140  0.0140  
 91       91  (14)      6 :  0.8420  0.1260  0.0320  
 92       92   (9)      7 :  0.8140  0.1670  0.0190  
 93       93  (16)      7 :  0.8462  0.1449  0.0090  
 94       94  (24)      7 :  0.8700  0.0890  0.0410  
 95       95   (6)      7 :  0.8170  0.1800  0.0030  
 96       96  (34)      7 :  0.8670  0.1290  0.0040  
 97       97  (21)      7 :  0.8462  0.1489  0.0050  
 98       98  (11)      7 :  0.8182  0.1718  0.0100  
 99       99  (17)      7 :  0.8322  0.1608  0.0070  
100      100  (14)      7 :  0.8180  0.0900  0.0920  
101      101  (55)      7 :  0.8442  0.1459  0.0100  
102      102  (12)      7 :  0.8490  0.1450  0.0060  
103      103  (14)      7 :  0.8290  0.0640  0.1070  
104      104  (17)      7 :  0.8360  0.1540  0.0100  
105      105  (14)      7 :  0.8240  0.1660  0.0100  
