  1        1  (17)      1 :  0.7810  0.2190  
  2        2   (7)      1 :  0.8250  0.1750  
  3        3  (17)      1 :  0.8300  0.1700  
  4        4  (10)      1 :  0.8310  0.1690  
  5        5  (71)      1 :  0.8360  0.1640  
  6        6  (17)      1 :  0.8100  0.1900  
  7        7  (18)      1 :  0.8340  0.1660  
  8        8  (32)      1 :  0.8560  0.1440  
  9        9  (20)      1 :  0.8500  0.1500  
 10       10  (27)      1 :  0.8260  0.1740  
 11       11  (22)      1 :  0.8860  0.1140  
 12       12  (22)      1 :  0.8320  0.1680  
 13       13   (6)      1 :  0.8270  0.1730  
 14       14  (46)      1 :  0.8390  0.1610  
 15       15  (12)      1 :  0.8020  0.1980  
 16       16  (13)      2 :  0.8120  0.1880  
 17       17  (12)      2 :  0.8460  0.1540  
 18       18  (10)      2 :  0.8460  0.1540  
 19       19  (11)      2 :  0.8480  0.1520  
 20       20   (6)      2 :  0.8440  0.1560  
 21       21  (27)      2 :  0.8510  0.1490  
 22       22   (9)      2 :  0.8310  0.1690  
 23       23   (9)      2 :  0.8350  0.1650  
 24       24  (13)      2 :  0.8430  0.1570  
 25       25  (43)      2 :  0.8520  0.1480  
 26       26  (11)      2 :  0.8310  0.1690  
 27       27  (26)      2 :  0.8450  0.1550  
 28       28  (15)      2 :  0.7950  0.2050  
 29       29  (27)      2 :  0.8780  0.1220  
 30       30  (14)      2 :  0.8160  0.1840  
 31       31   (6)      2 :  0.8420  0.1580  
 32       32  (28)      3 :  0.8510  0.1490  
 33       33   (8)      3 :  0.8440  0.1560  
 34       34  (27)      3 :  0.8110  0.1890  
 35       35  (10)      3 :  0.7980  0.2020  
 36       36  (19)      3 :  0.8380  0.1620  
 37       37  (51)      3 :  0.8010  0.1990  
 38       38  (37)      3 :  0.8420  0.1580  
 39       39  (23)      3 :  0.8030  0.1970  
 40       40  (10)      3 :  0.8560  0.1440  
 41       41  (17)      3 :  0.8070  0.1930  
 42       42  (61)      3 :  0.8150  0.1850  
 43       43  (11)      3 :  0.8130  0.1870  
 44       44  (20)      3 :  0.8430  0.1570  
 45       45  (14)      3 :  0.8470  0.1530  
 46       46  (19)      3 :  0.8480  0.1520  
 47       47   (9)      4 :  0.8410  0.1590  
 48       48   (8)      4 :  0.8130  0.1870  
 49       49   (7)      4 :  0.8110  0.1890  
 50       50  (22)      4 :  0.8080  0.1920  
 51       51   (7)      4 :  0.8100  0.1900  
 52       52   (5)      4 :  0.8080  0.1920  
 53       53  (40)      4 :  0.8530  0.1470  
 54       54  (15)      4 :  0.8680  0.1320  
 55       55  (14)      4 :  0.8200  0.1800  
 56       56   (6)      4 :  0.8370  0.1630  
 57       57  (14)      4 :  0.8070  0.1930  
 58       58   (8)      4 :  0.8360  0.1640  
 59       59  (12)      4 :  0.8380  0.1620  
 60       60   (7)      4 :  0.8170  0.1830  
 61       61  (30)      5 :  0.8700  0.1300  
 62       62  (11)      5 :  0.8170  0.1830  
 63       63  (48)      5 :  0.8640  0.1360  
 64       64  (18)      5 :  0.8420  0.1580  
 65       65  (24)      5 :  0.8190  0.1810  
 66       66  (14)      5 :  0.8440  0.1560  
 67       67   (8)      5 :  0.8200  0.1800  
 68       68   (5)      5 :  0.8100  0.1900  
 69       69  (36)      5 :  0.8680  0.1320  
 70       70  (14)      5 :  0.8420  0.1580  
 71       71  (23)      5 :  0.8420  0.1580  
 72       72  (47)      5 :  0.8280  0.1720  
 73       73  (17)      5 :  0.8250  0.1750  
 74       74   (9)      5 :  0.8370  0.1630  
 75       75  (13)      5 :  0.8030  0.1970  
 76       76  (18)      6 :  0.8420  0.1580  
 77       77   (9)      6 :  0.8100  0.1900  
 78       78  (16)      6 :  0.8010  0.1990  
 79       79  (11)      6 :  0.8540  0.1460  
 80       80  (16)      6 :  0.8310  0.1690  
 81       81   (7)      6 :  0.8240  0.1760  
 82       82  (21)      6 :  0.8220  0.1780  
 83       83  (11)      6 :  0.8190  0.1810  
 84       84  (13)      6 :  0.7930  0.2070  
 85       85   (7)      6 :  0.8590  0.1410  
 86       86  (19)      6 :  0.8220  0.1780  
 87       87  (43)      6 :  0.8350  0.1650  
 88       88  (21)      6 :  0.8340  0.1660  
 89       89  (11)      6 :  0.8380  0.1620  
 90       90  (21)      6 :  0.8710  0.1290  
 91       91  (14)      6 :  0.8410  0.1590  
 92       92   (9)      7 :  0.8140  0.1860  
 93       93  (16)      7 :  0.8480  0.1520  
 94       94  (24)      7 :  0.8710  0.1290  
 95       95   (6)      7 :  0.8160  0.1840  
 96       96  (34)      7 :  0.8640  0.1360  
 97       97  (21)      7 :  0.8450  0.1550  
 98       98  (11)      7 :  0.8180  0.1820  
 99       99  (17)      7 :  0.8310  0.1690  
100      100  (14)      7 :  0.8240  0.1760  
101      101  (55)      7 :  0.8420  0.1580  
102      102  (12)      7 :  0.8490  0.1510  
103      103  (14)      7 :  0.8320  0.1680  
104      104  (17)      7 :  0.8360  0.1640  
105      105  (14)      7 :  0.8230  0.1770  
