  1        1  (17)      1 :  0.0240  0.0360  0.6260  0.3140  
  2        2   (7)      1 :  0.4296  0.2158  0.0599  0.2947  
  3        3  (17)      1 :  0.3730  0.0610  0.2960  0.2700  
  4        4  (10)      1 :  0.6246  0.0300  0.1281  0.2172  
  5        5  (71)      1 :  0.1170  0.0960  0.5520  0.2350  
  6        6  (17)      1 :  0.5130  0.2060  0.2200  0.0610  
  7        7  (18)      1 :  0.0939  0.8342  0.0360  0.0360  
  8        8  (32)      1 :  0.5280  0.0680  0.3390  0.0650  
  9        9  (20)      1 :  0.0949  0.2907  0.0869  0.5275  
 10       10  (27)      1 :  0.1782  0.0511  0.6897  0.0811  
 11       11  (22)      1 :  0.5930  0.1070  0.1260  0.1740  
 12       12  (22)      1 :  0.0490  0.4124  0.3383  0.2002  
 13       13   (6)      1 :  0.4330  0.2720  0.2280  0.0670  
 14       14  (46)      1 :  0.0939  0.3806  0.1668  0.3586  
 15       15  (12)      1 :  0.2150  0.0330  0.7090  0.0430  
 16       16  (13)      2 :  0.6510  0.1670  0.1180  0.0640  
 17       17  (12)      2 :  0.4260  0.1820  0.0430  0.3490  
 18       18  (10)      2 :  0.4140  0.1230  0.0780  0.3850  
 19       19  (11)      2 :  0.3994  0.2843  0.1381  0.1782  
 20       20   (6)      2 :  0.1780  0.0380  0.4230  0.3610  
 21       21  (27)      2 :  0.5710  0.1500  0.1490  0.1300  
 22       22   (9)      2 :  0.5300  0.2510  0.1310  0.0880  
 23       23   (9)      2 :  0.4670  0.1500  0.1410  0.2420  
 24       24  (13)      2 :  0.4870  0.2710  0.1480  0.0940  
 25       25  (43)      2 :  0.0300  0.0510  0.8920  0.0270  
 26       26  (11)      2 :  0.2170  0.0990  0.1380  0.5460  
 27       27  (26)      2 :  0.0841  0.0941  0.1371  0.6847  
 28       28  (15)      2 :  0.6940  0.1600  0.0430  0.1030  
 29       29  (27)      2 :  0.3870  0.3110  0.1900  0.1120  
 30       30  (14)      2 :  0.1431  0.1491  0.2122  0.4955  
 31       31   (6)      2 :  0.1790  0.4370  0.0760  0.3080  
 32       32  (28)      3 :  0.0870  0.3030  0.2280  0.3820  
 33       33   (8)      3 :  0.7227  0.0921  0.1331  0.0521  
 34       34  (27)      3 :  0.3800  0.2000  0.1820  0.2380  
 35       35  (10)      3 :  0.5330  0.1760  0.0810  0.2100  
 36       36  (19)      3 :  0.3410  0.2380  0.3090  0.1120  
 37       37  (51)      3 :  0.0360  0.9290  0.0180  0.0170  
 38       38  (37)      3 :  0.2492  0.2553  0.3674  0.1281  
 39       39  (23)      3 :  0.3730  0.0970  0.0600  0.4700  
 40       40  (10)      3 :  0.1522  0.3463  0.4464  0.0551  
 41       41  (17)      3 :  0.0380  0.2593  0.6597  0.0430  
 42       42  (61)      3 :  0.1199  0.3227  0.2068  0.3506  
 43       43  (11)      3 :  0.4344  0.1191  0.3093  0.1371  
 44       44  (20)      3 :  0.3483  0.2482  0.2482  0.1552  
 45       45  (14)      3 :  0.1001  0.1612  0.0420  0.6967  
 46       46  (19)      3 :  0.3914  0.2753  0.0440  0.2893  
 47       47   (9)      4 :  0.3510  0.1430  0.1020  0.4040  
 48       48   (8)      4 :  0.2680  0.1910  0.3960  0.1450  
 49       49   (7)      4 :  0.3710  0.1680  0.2540  0.2070  
 50       50  (22)      4 :  0.1240  0.0750  0.5370  0.2640  
 51       51   (7)      4 :  0.5570  0.1150  0.2040  0.1240  
 52       52   (5)      4 :  0.4420  0.2200  0.2750  0.0630  
 53       53  (40)      4 :  0.0240  0.9310  0.0190  0.0260  
 54       54  (15)      4 :  0.7370  0.1530  0.0440  0.0660  
 55       55  (14)      4 :  0.1950  0.3550  0.3390  0.1110  
 56       56   (6)      4 :  0.1200  0.2730  0.0590  0.5480  
 57       57  (14)      4 :  0.0611  0.5265  0.0300  0.3824  
 58       58   (8)      4 :  0.2410  0.0560  0.5300  0.1730  
 59       59  (12)      4 :  0.3240  0.0880  0.2040  0.3840  
 60       60   (7)      4 :  0.4560  0.1910  0.0650  0.2880  
 61       61  (30)      5 :  0.3690  0.3360  0.0680  0.2270  
 62       62  (11)      5 :  0.2490  0.1330  0.1340  0.4840  
 63       63  (48)      5 :  0.1710  0.2160  0.5150  0.0980  
 64       64  (18)      5 :  0.4780  0.1660  0.0850  0.2710  
 65       65  (24)      5 :  0.0550  0.0230  0.0520  0.8700  
 66       66  (14)      5 :  0.3460  0.1000  0.3480  0.2060  
 67       67   (8)      5 :  0.2737  0.1568  0.4086  0.1608  
 68       68   (5)      5 :  0.3860  0.2030  0.1060  0.3050  
 69       69  (36)      5 :  0.2292  0.0861  0.3133  0.3714  
 70       70  (14)      5 :  0.3350  0.1090  0.0870  0.4690  
 71       71  (23)      5 :  0.3930  0.0810  0.4570  0.0690  
 72       72  (47)      5 :  0.4150  0.3520  0.0850  0.1480  
 73       73  (17)      5 :  0.3410  0.3340  0.0740  0.2510  
 74       74   (9)      5 :  0.2840  0.1440  0.2940  0.2780  
 75       75  (13)      5 :  0.2620  0.4340  0.2100  0.0940  
 76       76  (18)      6 :  0.5936  0.1061  0.2392  0.0611  
 77       77   (9)      6 :  0.3463  0.0941  0.1311  0.4284  
 78       78  (16)      6 :  0.0749  0.1718  0.1089  0.6444  
 79       79  (11)      6 :  0.4396  0.1369  0.3057  0.1179  
 80       80  (16)      6 :  0.1280  0.1200  0.1390  0.6130  
 81       81   (7)      6 :  0.3010  0.2360  0.2380  0.2250  
 82       82  (21)      6 :  0.4510  0.0840  0.2370  0.2280  
 83       83  (11)      6 :  0.3860  0.2230  0.1530  0.2380  
 84       84  (13)      6 :  0.3724  0.1542  0.0791  0.3944  
 85       85   (7)      6 :  0.4620  0.1610  0.1120  0.2650  
 86       86  (19)      6 :  0.1680  0.4480  0.3400  0.0440  
 87       87  (43)      6 :  0.1120  0.3120  0.3880  0.1880  
 88       88  (21)      6 :  0.1359  0.3017  0.4635  0.0989  
 89       89  (11)      6 :  0.2580  0.0960  0.3350  0.3110  
 90       90  (21)      6 :  0.4110  0.2550  0.1660  0.1680  
 91       91  (14)      6 :  0.4150  0.0830  0.2060  0.2960  
 92       92   (9)      7 :  0.2880  0.1810  0.0430  0.4880  
 93       93  (16)      7 :  0.5710  0.2930  0.0840  0.0520  
 94       94  (24)      7 :  0.3350  0.0720  0.0380  0.5550  
 95       95   (6)      7 :  0.3684  0.0631  0.3393  0.2292  
 96       96  (34)      7 :  0.4800  0.1630  0.2490  0.1080  
 97       97  (21)      7 :  0.3400  0.2480  0.2510  0.1610  
 98       98  (11)      7 :  0.5230  0.2740  0.1360  0.0670  
 99       99  (17)      7 :  0.2757  0.2577  0.2118  0.2547  
100      100  (14)      7 :  0.0500  0.3280  0.3530  0.2690  
101      101  (55)      7 :  0.5330  0.1060  0.2130  0.1480  
102      102  (12)      7 :  0.5530  0.1110  0.0590  0.2770  
103      103  (14)      7 :  0.2630  0.1410  0.2010  0.3950  
104      104  (17)      7 :  0.1850  0.1120  0.1830  0.5200  
105      105  (14)      7 :  0.1340  0.3020  0.0510  0.5130  
