  1        1  (17)      1 :  0.2480  0.2870  0.2230  0.1680  0.0740  
  2        2   (7)      1 :  0.2218  0.0789  0.2298  0.2448  0.2248  
  3        3  (17)      1 :  0.2690  0.1140  0.2220  0.2080  0.1870  
  4        4  (10)      1 :  0.3097  0.1858  0.1189  0.2138  0.1718  
  5        5  (71)      1 :  0.2442  0.1912  0.1892  0.1431  0.2322  
  6        6  (17)      1 :  0.1968  0.1439  0.2238  0.2398  0.1958  
  7        7  (18)      1 :  0.1180  0.3050  0.0590  0.1130  0.4050  
  8        8  (32)      1 :  0.3430  0.1430  0.1200  0.2010  0.1930  
  9        9  (20)      1 :  0.2190  0.1290  0.2240  0.1750  0.2530  
 10       10  (27)      1 :  0.3060  0.2430  0.1250  0.1280  0.1980  
 11       11  (22)      1 :  0.3036  0.1754  0.1974  0.1473  0.1764  
 12       12  (22)      1 :  0.2350  0.0610  0.0720  0.2480  0.3840  
 13       13   (6)      1 :  0.2388  0.2118  0.1558  0.1968  0.1968  
 14       14  (46)      1 :  0.2787  0.1658  0.1868  0.1838  0.1848  
 15       15  (12)      1 :  0.1480  0.3070  0.2330  0.1670  0.1450  
 16       16  (13)      2 :  0.3090  0.1290  0.1620  0.2140  0.1860  
 17       17  (12)      2 :  0.2122  0.1371  0.2432  0.1842  0.2232  
 18       18  (10)      2 :  0.1758  0.1209  0.1239  0.2238  0.3556  
 19       19  (11)      2 :  0.1688  0.1149  0.2917  0.1848  0.2398  
 20       20   (6)      2 :  0.2238  0.0729  0.2557  0.2228  0.2248  
 21       21  (27)      2 :  0.1510  0.1200  0.1920  0.2100  0.3270  
 22       22   (9)      2 :  0.2362  0.0901  0.1441  0.3103  0.2192  
 23       23   (9)      2 :  0.2148  0.0929  0.2737  0.2727  0.1459  
 24       24  (13)      2 :  0.1370  0.1970  0.2410  0.1780  0.2470  
 25       25  (43)      2 :  0.3750  0.1390  0.1540  0.1680  0.1640  
 26       26  (11)      2 :  0.1740  0.0770  0.2240  0.2560  0.2690  
 27       27  (26)      2 :  0.2288  0.0999  0.3087  0.2657  0.0969  
 28       28  (15)      2 :  0.1229  0.2527  0.1299  0.2128  0.2817  
 29       29  (27)      2 :  0.1608  0.1908  0.2468  0.1528  0.2488  
 30       30  (14)      2 :  0.1820  0.1910  0.1610  0.1860  0.2800  
 31       31   (6)      2 :  0.1762  0.0961  0.2853  0.2442  0.1982  
 32       32  (28)      3 :  0.2820  0.1120  0.2710  0.1700  0.1650  
 33       33   (8)      3 :  0.1902  0.1331  0.2402  0.2002  0.2362  
 34       34  (27)      3 :  0.2280  0.1570  0.2050  0.2620  0.1480  
 35       35  (10)      3 :  0.2140  0.2210  0.1500  0.1930  0.2220  
 36       36  (19)      3 :  0.2840  0.2720  0.0840  0.1100  0.2500  
 37       37  (51)      3 :  0.3080  0.4160  0.1010  0.0840  0.0910  
 38       38  (37)      3 :  0.2930  0.1130  0.1220  0.2440  0.2280  
 39       39  (23)      3 :  0.1950  0.1080  0.2370  0.2510  0.2090  
 40       40  (10)      3 :  0.2500  0.2050  0.2510  0.1060  0.1880  
 41       41  (17)      3 :  0.3000  0.1720  0.0950  0.2340  0.1990  
 42       42  (61)      3 :  0.1650  0.1670  0.1550  0.2850  0.2280  
 43       43  (11)      3 :  0.2242  0.0951  0.2563  0.2402  0.1842  
 44       44  (20)      3 :  0.1530  0.1200  0.2680  0.2270  0.2320  
 45       45  (14)      3 :  0.2352  0.1381  0.2853  0.2142  0.1271  
 46       46  (19)      3 :  0.1922  0.0921  0.3293  0.2452  0.1411  
 47       47   (9)      4 :  0.1708  0.1688  0.2637  0.2188  0.1778  
 48       48   (8)      4 :  0.2130  0.1280  0.1890  0.2550  0.2150  
 49       49   (7)      4 :  0.1930  0.1270  0.1870  0.2470  0.2460  
 50       50  (22)      4 :  0.3790  0.1550  0.1030  0.2210  0.1420  
 51       51   (7)      4 :  0.2112  0.1782  0.2112  0.2182  0.1812  
 52       52   (5)      4 :  0.2030  0.1450  0.2680  0.2130  0.1710  
 53       53  (40)      4 :  0.0620  0.4970  0.2040  0.0590  0.1780  
 54       54  (15)      4 :  0.1780  0.2490  0.2840  0.1440  0.1450  
 55       55  (14)      4 :  0.1470  0.2380  0.2010  0.1810  0.2330  
 56       56   (6)      4 :  0.2170  0.1120  0.2660  0.2480  0.1570  
 57       57  (14)      4 :  0.1600  0.4020  0.1350  0.0650  0.2380  
 58       58   (8)      4 :  0.2430  0.1070  0.2580  0.2300  0.1620  
 59       59  (12)      4 :  0.2352  0.2392  0.2032  0.1542  0.1682  
 60       60   (7)      4 :  0.2823  0.1822  0.1471  0.2442  0.1441  
 61       61  (30)      5 :  0.3070  0.1670  0.2130  0.1420  0.1710  
 62       62  (11)      5 :  0.1261  0.0641  0.2933  0.2543  0.2623  
 63       63  (48)      5 :  0.1870  0.1310  0.2260  0.1740  0.2820  
 64       64  (18)      5 :  0.0930  0.1900  0.2040  0.1930  0.3200  
 65       65  (24)      5 :  0.1060  0.0530  0.4450  0.2360  0.1600  
 66       66  (14)      5 :  0.2360  0.1570  0.2580  0.2150  0.1340  
 67       67   (8)      5 :  0.2142  0.1371  0.1922  0.2422  0.2142  
 68       68   (5)      5 :  0.1410  0.1300  0.2070  0.2350  0.2870  
 69       69  (36)      5 :  0.2737  0.1209  0.1928  0.1938  0.2188  
 70       70  (14)      5 :  0.2580  0.2250  0.2090  0.1360  0.1720  
 71       71  (23)      5 :  0.3940  0.1200  0.2120  0.1690  0.1050  
 72       72  (47)      5 :  0.2178  0.2488  0.1808  0.1668  0.1858  
 73       73  (17)      5 :  0.3160  0.1250  0.2450  0.2120  0.1020  
 74       74   (9)      5 :  0.1449  0.0999  0.2138  0.2278  0.3137  
 75       75  (13)      5 :  0.1930  0.2530  0.1780  0.1890  0.1870  
 76       76  (18)      6 :  0.2030  0.1270  0.1620  0.2280  0.2800  
 77       77   (9)      6 :  0.1880  0.1310  0.3250  0.2110  0.1450  
 78       78  (16)      6 :  0.0900  0.1130  0.2940  0.3350  0.1680  
 79       79  (11)      6 :  0.2390  0.1000  0.1910  0.2230  0.2470  
 80       80  (16)      6 :  0.2090  0.0950  0.2400  0.2260  0.2300  
 81       81   (7)      6 :  0.1548  0.1339  0.2028  0.2697  0.2388  
 82       82  (21)      6 :  0.3080  0.0760  0.2690  0.2280  0.1190  
 83       83  (11)      6 :  0.2252  0.2583  0.1832  0.1732  0.1602  
 84       84  (13)      6 :  0.1810  0.1130  0.1910  0.2960  0.2190  
 85       85   (7)      6 :  0.1290  0.2330  0.2240  0.1660  0.2480  
 86       86  (19)      6 :  0.2400  0.2010  0.0790  0.1750  0.3050  
 87       87  (43)      6 :  0.2060  0.2500  0.2140  0.1570  0.1730  
 88       88  (21)      6 :  0.3940  0.1870  0.0810  0.1930  0.1450  
 89       89  (11)      6 :  0.2100  0.0940  0.2140  0.2340  0.2480  
 90       90  (21)      6 :  0.2517  0.1978  0.2488  0.1309  0.1708  
 91       91  (14)      6 :  0.2280  0.2070  0.2170  0.1240  0.2240  
 92       92   (9)      7 :  0.2480  0.1170  0.2070  0.2330  0.1950  
 93       93  (16)      7 :  0.1990  0.1410  0.1930  0.2300  0.2370  
 94       94  (24)      7 :  0.3427  0.0609  0.2128  0.1988  0.1848  
 95       95   (6)      7 :  0.2543  0.0681  0.1902  0.2583  0.2292  
 96       96  (34)      7 :  0.2940  0.1440  0.1810  0.1770  0.2040  
 97       97  (21)      7 :  0.2290  0.1600  0.2220  0.1630  0.2260  
 98       98  (11)      7 :  0.2358  0.1319  0.1618  0.2088  0.2617  
 99       99  (17)      7 :  0.2250  0.1510  0.1760  0.2220  0.2260  
100      100  (14)      7 :  0.1580  0.3080  0.1330  0.1500  0.2510  
101      101  (55)      7 :  0.3000  0.1120  0.1460  0.1860  0.2560  
102      102  (12)      7 :  0.2510  0.1450  0.0960  0.2160  0.2920  
103      103  (14)      7 :  0.1640  0.2450  0.2040  0.1750  0.2120  
104      104  (17)      7 :  0.1850  0.1300  0.3010  0.2270  0.1570  
105      105  (14)      7 :  0.1430  0.1000  0.2350  0.2640  0.2580  
