  1        1  (17)      1 :  0.0040  0.0010  0.0780  0.9170  
  2        2   (7)      1 :  0.5465  0.0010  0.0010  0.4515  
  3        3  (17)      1 :  0.9890  0.0010  0.0020  0.0080  
  4        4  (10)      1 :  0.7600  0.0020  0.0040  0.2340  
  5        5  (71)      1 :  0.2933  0.0020  0.0030  0.7017  
  6        6  (17)      1 :  0.5025  0.0100  0.0010  0.4865  
  7        7  (18)      1 :  0.4695  0.1279  0.0010  0.4016  
  8        8  (32)      1 :  0.0350  0.0010  0.0020  0.9620  
  9        9  (20)      1 :  0.1960  0.0160  0.0030  0.7850  
 10       10  (27)      1 :  0.0170  0.0020  0.0010  0.9800  
 11       11  (22)      1 :  0.6840  0.0020  0.0030  0.3110  
 12       12  (22)      1 :  0.0030  0.0010  0.0010  0.9950  
 13       13   (6)      1 :  0.9430  0.0020  0.0020  0.0530  
 14       14  (46)      1 :  0.8690  0.0020  0.0420  0.0870  
 15       15  (12)      1 :  0.0050  0.0010  0.0070  0.9870  
 16       16  (13)      2 :  0.9780  0.0040  0.0020  0.0160  
 17       17  (12)      2 :  0.9840  0.0020  0.0060  0.0080  
 18       18  (10)      2 :  0.7370  0.0330  0.0030  0.2270  
 19       19  (11)      2 :  0.8691  0.0330  0.0879  0.0100  
 20       20   (6)      2 :  0.0280  0.0000  0.0080  0.9640  
 21       21  (27)      2 :  0.2078  0.0020  0.0010  0.7892  
 22       22   (9)      2 :  0.6474  0.0030  0.0010  0.3487  
 23       23   (9)      2 :  0.9930  0.0030  0.0010  0.0030  
 24       24  (13)      2 :  0.9690  0.0170  0.0040  0.0100  
 25       25  (43)      2 :  0.0030  0.0010  0.9950  0.0010  
 26       26  (11)      2 :  0.0150  0.0030  0.0270  0.9550  
 27       27  (26)      2 :  0.0050  0.0020  0.0010  0.9920  
 28       28  (15)      2 :  0.9830  0.0010  0.0040  0.0120  
 29       29  (27)      2 :  0.0120  0.0020  0.0030  0.9830  
 30       30  (14)      2 :  0.0270  0.0030  0.0010  0.9690  
 31       31   (6)      2 :  0.6170  0.0130  0.0040  0.3660  
 32       32  (28)      3 :  0.8270  0.1230  0.0150  0.0350  
 33       33   (8)      3 :  0.9790  0.0010  0.0020  0.0180  
 34       34  (27)      3 :  0.7130  0.0010  0.0070  0.2790  
 35       35  (10)      3 :  0.9500  0.0020  0.0010  0.0470  
 36       36  (19)      3 :  0.6510  0.0040  0.0020  0.3430  
 37       37  (51)      3 :  0.0010  0.9970  0.0010  0.0010  
 38       38  (37)      3 :  0.0430  0.0010  0.0010  0.9550  
 39       39  (23)      3 :  0.2242  0.0050  0.0010  0.7698  
 40       40  (10)      3 :  0.5425  0.0030  0.0070  0.4476  
 41       41  (17)      3 :  0.9130  0.0200  0.0010  0.0660  
 42       42  (61)      3 :  0.4280  0.0120  0.0070  0.5530  
 43       43  (11)      3 :  0.0060  0.0010  0.0060  0.9870  
 44       44  (20)      3 :  0.8539  0.0030  0.0020  0.1411  
 45       45  (14)      3 :  0.0040  0.0010  0.0010  0.9940  
 46       46  (19)      3 :  0.0130  0.0040  0.0060  0.9770  
 47       47   (9)      4 :  0.0240  0.0020  0.0020  0.9720  
 48       48   (8)      4 :  0.9860  0.0010  0.0020  0.0110  
 49       49   (7)      4 :  0.4080  0.0020  0.0010  0.5890  
 50       50  (22)      4 :  0.1080  0.0130  0.0020  0.8770  
 51       51   (7)      4 :  0.8060  0.0010  0.0010  0.1920  
 52       52   (5)      4 :  0.4690  0.0060  0.0040  0.5210  
 53       53  (40)      4 :  0.0010  0.9980  0.0000  0.0010  
 54       54  (15)      4 :  0.0050  0.0010  0.0020  0.9920  
 55       55  (14)      4 :  0.9300  0.0060  0.0520  0.0120  
 56       56   (6)      4 :  0.9930  0.0030  0.0010  0.0030  
 57       57  (14)      4 :  0.1241  0.2262  0.1011  0.5485  
 58       58   (8)      4 :  0.0420  0.0010  0.0320  0.9250  
 59       59  (12)      4 :  0.0050  0.0010  0.0040  0.9900  
 60       60   (7)      4 :  0.9050  0.0110  0.0030  0.0810  
 61       61  (30)      5 :  0.9620  0.0220  0.0030  0.0130  
 62       62  (11)      5 :  0.0330  0.0010  0.0110  0.9550  
 63       63  (48)      5 :  0.0569  0.0010  0.0030  0.9391  
 64       64  (18)      5 :  0.9780  0.0030  0.0160  0.0030  
 65       65  (24)      5 :  0.0020  0.0010  0.9960  0.0010  
 66       66  (14)      5 :  0.1770  0.0100  0.0200  0.7930  
 67       67   (8)      5 :  0.6026  0.0010  0.0450  0.3514  
 68       68   (5)      5 :  0.9730  0.0040  0.0100  0.0130  
 69       69  (36)      5 :  0.0230  0.0010  0.0040  0.9720  
 70       70  (14)      5 :  0.9880  0.0020  0.0020  0.0080  
 71       71  (23)      5 :  0.9780  0.0030  0.0130  0.0060  
 72       72  (47)      5 :  0.9160  0.0050  0.0010  0.0780  
 73       73  (17)      5 :  0.9700  0.0020  0.0030  0.0250  
 74       74   (9)      5 :  0.0190  0.0020  0.0060  0.9730  
 75       75  (13)      5 :  0.9830  0.0030  0.0030  0.0110  
 76       76  (18)      6 :  0.6520  0.0020  0.0010  0.3450  
 77       77   (9)      6 :  0.7110  0.0010  0.0060  0.2820  
 78       78  (16)      6 :  0.0100  0.0030  0.1219  0.8651  
 79       79  (11)      6 :  0.9920  0.0000  0.0020  0.0060  
 80       80  (16)      6 :  0.0270  0.0020  0.0010  0.9700  
 81       81   (7)      6 :  0.9640  0.0020  0.0020  0.0320  
 82       82  (21)      6 :  0.9760  0.0020  0.0040  0.0180  
 83       83  (11)      6 :  0.9670  0.0090  0.0020  0.0220  
 84       84  (13)      6 :  0.7060  0.0020  0.0010  0.2910  
 85       85   (7)      6 :  0.9810  0.0010  0.0080  0.0100  
 86       86  (19)      6 :  0.9870  0.0030  0.0030  0.0070  
 87       87  (43)      6 :  0.0080  0.0100  0.0010  0.9810  
 88       88  (21)      6 :  0.3060  0.0010  0.0050  0.6880  
 89       89  (11)      6 :  0.2330  0.0030  0.0240  0.7400  
 90       90  (21)      6 :  0.8458  0.0050  0.0040  0.1451  
 91       91  (14)      6 :  0.9130  0.0010  0.0730  0.0130  
 92       92   (9)      7 :  0.9720  0.0020  0.0150  0.0110  
 93       93  (16)      7 :  0.9740  0.0010  0.0010  0.0240  
 94       94  (24)      7 :  0.1698  0.0689  0.0020  0.7592  
 95       95   (6)      7 :  0.0250  0.0010  0.0020  0.9720  
 96       96  (34)      7 :  0.9820  0.0040  0.0030  0.0110  
 97       97  (21)      7 :  0.5050  0.0050  0.0020  0.4880  
 98       98  (11)      7 :  0.8861  0.0010  0.0020  0.1109  
 99       99  (17)      7 :  0.0230  0.0250  0.0010  0.9510  
100      100  (14)      7 :  0.0060  0.2593  0.0040  0.7307  
101      101  (55)      7 :  0.9610  0.0020  0.0030  0.0340  
102      102  (12)      7 :  0.9770  0.0000  0.0020  0.0210  
103      103  (14)      7 :  0.0100  0.0020  0.0020  0.9860  
104      104  (17)      7 :  0.0070  0.0010  0.0010  0.9910  
105      105  (14)      7 :  0.6540  0.1140  0.0010  0.2310  
