  1        1  (17)      1 :  0.9130  0.0010  0.0800  0.0040  0.0020  
  2        2   (7)      1 :  0.0060  0.0020  0.0010  0.9840  0.0070  
  3        3  (17)      1 :  0.9740  0.0010  0.0010  0.0090  0.0150  
  4        4  (10)      1 :  0.9710  0.0010  0.0020  0.0190  0.0070  
  5        5  (71)      1 :  0.0680  0.0090  0.0050  0.1040  0.8140  
  6        6  (17)      1 :  0.0050  0.0400  0.0020  0.0220  0.9310  
  7        7  (18)      1 :  0.0070  0.0320  0.0010  0.0060  0.9540  
  8        8  (32)      1 :  0.9320  0.0040  0.0030  0.0550  0.0060  
  9        9  (20)      1 :  0.0070  0.0010  0.0300  0.0150  0.9470  
 10       10  (27)      1 :  0.9030  0.0010  0.0010  0.0250  0.0700  
 11       11  (22)      1 :  0.0940  0.0010  0.0010  0.8980  0.0060  
 12       12  (22)      1 :  0.9740  0.0020  0.0010  0.0050  0.0180  
 13       13   (6)      1 :  0.0130  0.0020  0.0010  0.0120  0.9720  
 14       14  (46)      1 :  0.0030  0.0290  0.0040  0.0220  0.9421  
 15       15  (12)      1 :  0.9850  0.0020  0.0020  0.0080  0.0030  
 16       16  (13)      2 :  0.0100  0.0020  0.0060  0.0150  0.9670  
 17       17  (12)      2 :  0.0879  0.0060  0.0040  0.8961  0.0060  
 18       18  (10)      2 :  0.0030  0.0030  0.0040  0.7938  0.1962  
 19       19  (11)      2 :  0.0859  0.0230  0.0609  0.1918  0.6384  
 20       20   (6)      2 :  0.0200  0.0010  0.0030  0.0070  0.9690  
 21       21  (27)      2 :  0.0330  0.0010  0.0020  0.9491  0.0150  
 22       22   (9)      2 :  0.0500  0.0610  0.0020  0.3200  0.5670  
 23       23   (9)      2 :  0.0090  0.0020  0.1220  0.8500  0.0170  
 24       24  (13)      2 :  0.0710  0.0810  0.0050  0.0100  0.8330  
 25       25  (43)      2 :  0.0020  0.0020  0.9900  0.0020  0.0040  
 26       26  (11)      2 :  0.0040  0.0030  0.0100  0.0789  0.9041  
 27       27  (26)      2 :  0.9499  0.0030  0.0010  0.0090  0.0370  
 28       28  (15)      2 :  0.0110  0.0010  0.0040  0.7047  0.2793  
 29       29  (27)      2 :  0.0070  0.0090  0.0070  0.9211  0.0559  
 30       30  (14)      2 :  0.0480  0.0100  0.0020  0.0270  0.9130  
 31       31   (6)      2 :  0.0040  0.0010  0.0030  0.0030  0.9890  
 32       32  (28)      3 :  0.0250  0.0140  0.0120  0.0310  0.9180  
 33       33   (8)      3 :  0.0280  0.0010  0.0020  0.9540  0.0150  
 34       34  (27)      3 :  0.0160  0.0020  0.0040  0.9710  0.0070  
 35       35  (10)      3 :  0.0070  0.0040  0.0010  0.7290  0.2590  
 36       36  (19)      3 :  0.0170  0.0030  0.0350  0.0090  0.9360  
 37       37  (51)      3 :  0.0010  0.9930  0.0010  0.0020  0.0030  
 38       38  (37)      3 :  0.0880  0.0040  0.0010  0.1690  0.7380  
 39       39  (23)      3 :  0.0080  0.0030  0.0050  0.9710  0.0130  
 40       40  (10)      3 :  0.0501  0.0020  0.0060  0.0250  0.9169  
 41       41  (17)      3 :  0.0320  0.0030  0.0010  0.1608  0.8032  
 42       42  (61)      3 :  0.3900  0.0020  0.1120  0.2310  0.2650  
 43       43  (11)      3 :  0.3560  0.0010  0.0020  0.0040  0.6370  
 44       44  (20)      3 :  0.0120  0.0070  0.0020  0.6923  0.2867  
 45       45  (14)      3 :  0.0160  0.0070  0.0070  0.2857  0.6843  
 46       46  (19)      3 :  0.6214  0.0130  0.0150  0.0210  0.3297  
 47       47   (9)      4 :  0.0100  0.0010  0.0050  0.9690  0.0150  
 48       48   (8)      4 :  0.0040  0.0030  0.0070  0.9820  0.0040  
 49       49   (7)      4 :  0.0060  0.0020  0.0010  0.8240  0.1670  
 50       50  (22)      4 :  0.8458  0.0040  0.0040  0.1381  0.0080  
 51       51   (7)      4 :  0.5495  0.0050  0.0010  0.4144  0.0300  
 52       52   (5)      4 :  0.0060  0.0080  0.0020  0.1479  0.8362  
 53       53  (40)      4 :  0.0010  0.9970  0.0000  0.0010  0.0010  
 54       54  (15)      4 :  0.1490  0.0390  0.0030  0.1540  0.6550  
 55       55  (14)      4 :  0.0090  0.0170  0.0060  0.0130  0.9550  
 56       56   (6)      4 :  0.0300  0.0020  0.0020  0.9540  0.0120  
 57       57  (14)      4 :  0.0110  0.0080  0.0731  0.4635  0.4444  
 58       58   (8)      4 :  0.0180  0.0020  0.0070  0.9610  0.0120  
 59       59  (12)      4 :  0.0090  0.0030  0.0030  0.9710  0.0140  
 60       60   (7)      4 :  0.0130  0.0010  0.0090  0.8840  0.0930  
 61       61  (30)      5 :  0.0120  0.0240  0.0120  0.3030  0.6490  
 62       62  (11)      5 :  0.0040  0.0020  0.0420  0.9440  0.0080  
 63       63  (48)      5 :  0.0120  0.0030  0.0771  0.2272  0.6807  
 64       64  (18)      5 :  0.0160  0.2180  0.2100  0.0170  0.5390  
 65       65  (24)      5 :  0.0020  0.0010  0.9900  0.0020  0.0050  
 66       66  (14)      5 :  0.0210  0.0170  0.0120  0.9249  0.0250  
 67       67   (8)      5 :  0.2950  0.0150  0.1010  0.5690  0.0200  
 68       68   (5)      5 :  0.0030  0.0100  0.0200  0.0170  0.9500  
 69       69  (36)      5 :  0.9600  0.0020  0.0030  0.0090  0.0260  
 70       70  (14)      5 :  0.1069  0.0040  0.0020  0.8801  0.0070  
 71       71  (23)      5 :  0.7203  0.0020  0.0330  0.0509  0.1938  
 72       72  (47)      5 :  0.0130  0.0180  0.0020  0.4050  0.5620  
 73       73  (17)      5 :  0.0070  0.0020  0.0060  0.9700  0.0150  
 74       74   (9)      5 :  0.1020  0.0020  0.0370  0.0090  0.8500  
 75       75  (13)      5 :  0.0370  0.0570  0.0150  0.2510  0.6400  
 76       76  (18)      6 :  0.0350  0.0010  0.0040  0.7470  0.2130  
 77       77   (9)      6 :  0.0180  0.0010  0.0030  0.9429  0.0350  
 78       78  (16)      6 :  0.0050  0.0260  0.0780  0.8690  0.0220  
 79       79  (11)      6 :  0.0040  0.0010  0.0010  0.9860  0.0080  
 80       80  (16)      6 :  0.0180  0.0010  0.0040  0.4460  0.5310  
 81       81   (7)      6 :  0.0060  0.0020  0.0020  0.9670  0.0230  
 82       82  (21)      6 :  0.0080  0.0110  0.0010  0.9640  0.0160  
 83       83  (11)      6 :  0.0070  0.0070  0.0020  0.9590  0.0250  
 84       84  (13)      6 :  0.0080  0.0260  0.0020  0.9490  0.0150  
 85       85   (7)      6 :  0.0200  0.0010  0.0430  0.8881  0.0480  
 86       86  (19)      6 :  0.0080  0.0020  0.0160  0.0030  0.9710  
 87       87  (43)      6 :  0.0781  0.0040  0.0030  0.0130  0.9019  
 88       88  (21)      6 :  0.0250  0.0030  0.0070  0.0390  0.9261  
 89       89  (11)      6 :  0.0410  0.0020  0.0080  0.6713  0.2777  
 90       90  (21)      6 :  0.7437  0.0300  0.0020  0.0450  0.1792  
 91       91  (14)      6 :  0.7460  0.0010  0.1620  0.0790  0.0120  
 92       92   (9)      7 :  0.0350  0.0030  0.0300  0.1640  0.7680  
 93       93  (16)      7 :  0.0080  0.0040  0.0010  0.7970  0.1900  
 94       94  (24)      7 :  0.0040  0.0010  0.0020  0.0090  0.9840  
 95       95   (6)      7 :  0.0130  0.0050  0.0040  0.9181  0.0599  
 96       96  (34)      7 :  0.0070  0.0060  0.0020  0.9730  0.0120  
 97       97  (21)      7 :  0.9740  0.0010  0.0020  0.0060  0.0170  
 98       98  (11)      7 :  0.1588  0.0020  0.0030  0.8222  0.0140  
 99       99  (17)      7 :  0.0911  0.0010  0.0020  0.0490  0.8569  
100      100  (14)      7 :  0.6587  0.3093  0.0010  0.0120  0.0190  
101      101  (55)      7 :  0.0180  0.0050  0.0060  0.9600  0.0110  
102      102  (12)      7 :  0.4990  0.0010  0.0120  0.3990  0.0890  
103      103  (14)      7 :  0.2720  0.0030  0.0130  0.6550  0.0570  
104      104  (17)      7 :  0.0080  0.0010  0.0060  0.7020  0.2830  
105      105  (14)      7 :  0.0030  0.0010  0.0020  0.0060  0.9880  
