  1        1  (17)      1 :  0.7770  0.0010  0.2200  0.0020  
  2        2   (7)      1 :  0.8328  0.0020  0.0030  0.1622  
  3        3  (17)      1 :  0.8138  0.0010  0.0060  0.1792  
  4        4  (10)      1 :  0.7922  0.0020  0.0749  0.1309  
  5        5  (71)      1 :  0.8490  0.0040  0.0480  0.0990  
  6        6  (17)      1 :  0.8160  0.0060  0.0040  0.1740  
  7        7  (18)      1 :  0.7430  0.2520  0.0020  0.0030  
  8        8  (32)      1 :  0.8328  0.0010  0.1081  0.0581  
  9        9  (20)      1 :  0.8591  0.0040  0.0070  0.1299  
 10       10  (27)      1 :  0.8390  0.0010  0.0840  0.0760  
 11       11  (22)      1 :  0.8428  0.0030  0.0050  0.1491  
 12       12  (22)      1 :  0.8050  0.1740  0.0100  0.0110  
 13       13   (6)      1 :  0.7950  0.0020  0.0470  0.1560  
 14       14  (46)      1 :  0.8380  0.0060  0.0160  0.1400  
 15       15  (12)      1 :  0.7592  0.0010  0.2368  0.0030  
 16       16  (13)      2 :  0.8038  0.0010  0.0020  0.1932  
 17       17  (12)      2 :  0.8160  0.0010  0.0030  0.1800  
 18       18  (10)      2 :  0.8272  0.0030  0.0020  0.1678  
 19       19  (11)      2 :  0.8498  0.0020  0.0050  0.1431  
 20       20   (6)      2 :  0.7960  0.0030  0.0980  0.1030  
 21       21  (27)      2 :  0.8530  0.0090  0.0060  0.1320  
 22       22   (9)      2 :  0.8010  0.0050  0.0030  0.1910  
 23       23   (9)      2 :  0.7822  0.0040  0.0020  0.2118  
 24       24  (13)      2 :  0.8272  0.0140  0.0080  0.1508  
 25       25  (43)      2 :  0.7972  0.0010  0.1998  0.0020  
 26       26  (11)      2 :  0.8292  0.0020  0.0050  0.1638  
 27       27  (26)      2 :  0.7878  0.0020  0.2052  0.0050  
 28       28  (15)      2 :  0.8090  0.0010  0.0120  0.1780  
 29       29  (27)      2 :  0.8270  0.0120  0.1400  0.0210  
 30       30  (14)      2 :  0.8290  0.0040  0.1520  0.0150  
 31       31   (6)      2 :  0.8202  0.0310  0.0040  0.1449  
 32       32  (28)      3 :  0.8110  0.0020  0.0080  0.1790  
 33       33   (8)      3 :  0.8218  0.0020  0.0110  0.1652  
 34       34  (27)      3 :  0.8198  0.0010  0.0040  0.1752  
 35       35  (10)      3 :  0.8100  0.0090  0.0030  0.1780  
 36       36  (19)      3 :  0.8120  0.0030  0.0190  0.1660  
 37       37  (51)      3 :  0.8320  0.1650  0.0010  0.0020  
 38       38  (37)      3 :  0.8520  0.0010  0.0090  0.1380  
 39       39  (23)      3 :  0.8022  0.0020  0.0030  0.1928  
 40       40  (10)      3 :  0.8450  0.0230  0.0150  0.1170  
 41       41  (17)      3 :  0.8030  0.0030  0.0130  0.1810  
 42       42  (61)      3 :  0.8060  0.0760  0.0870  0.0310  
 43       43  (11)      3 :  0.8260  0.0030  0.0050  0.1660  
 44       44  (20)      3 :  0.8120  0.0010  0.1680  0.0190  
 45       45  (14)      3 :  0.8180  0.0040  0.0050  0.1730  
 46       46  (19)      3 :  0.7830  0.2060  0.0030  0.0080  
 47       47   (9)      4 :  0.8332  0.0020  0.0180  0.1469  
 48       48   (8)      4 :  0.8320  0.0020  0.0040  0.1620  
 49       49   (7)      4 :  0.7970  0.0010  0.0180  0.1840  
 50       50  (22)      4 :  0.8232  0.0010  0.0140  0.1618  
 51       51   (7)      4 :  0.8082  0.0020  0.0100  0.1798  
 52       52   (5)      4 :  0.8238  0.0010  0.0060  0.1692  
 53       53  (40)      4 :  0.7880  0.2080  0.0020  0.0020  
 54       54  (15)      4 :  0.8130  0.0020  0.0030  0.1820  
 55       55  (14)      4 :  0.7860  0.0090  0.1450  0.0600  
 56       56   (6)      4 :  0.8020  0.0030  0.0080  0.1870  
 57       57  (14)      4 :  0.7940  0.0060  0.1700  0.0300  
 58       58   (8)      4 :  0.8238  0.0010  0.0871  0.0881  
 59       59  (12)      4 :  0.8070  0.0020  0.0150  0.1760  
 60       60   (7)      4 :  0.8052  0.0020  0.0070  0.1858  
 61       61  (30)      5 :  0.8560  0.0040  0.0080  0.1320  
 62       62  (11)      5 :  0.8280  0.0030  0.0060  0.1630  
 63       63  (48)      5 :  0.8550  0.0110  0.1120  0.0220  
 64       64  (18)      5 :  0.7940  0.0030  0.0550  0.1480  
 65       65  (24)      5 :  0.7980  0.0020  0.0030  0.1970  
 66       66  (14)      5 :  0.8180  0.0190  0.0890  0.0740  
 67       67   (8)      5 :  0.8180  0.0080  0.0090  0.1650  
 68       68   (5)      5 :  0.8050  0.0020  0.0050  0.1880  
 69       69  (36)      5 :  0.8580  0.0130  0.0640  0.0650  
 70       70  (14)      5 :  0.8430  0.0010  0.0080  0.1480  
 71       71  (23)      5 :  0.8448  0.0020  0.0100  0.1431  
 72       72  (47)      5 :  0.8010  0.0030  0.0070  0.1890  
 73       73  (17)      5 :  0.8250  0.0070  0.1460  0.0220  
 74       74   (9)      5 :  0.8260  0.0020  0.0350  0.1370  
 75       75  (13)      5 :  0.7868  0.0140  0.0501  0.1491  
 76       76  (18)      6 :  0.8150  0.0020  0.0300  0.1530  
 77       77   (9)      6 :  0.8230  0.0010  0.0050  0.1710  
 78       78  (16)      6 :  0.7790  0.0070  0.1620  0.0520  
 79       79  (11)      6 :  0.8438  0.0030  0.0651  0.0881  
 80       80  (16)      6 :  0.8180  0.0030  0.0040  0.1750  
 81       81   (7)      6 :  0.8160  0.0030  0.0040  0.1770  
 82       82  (21)      6 :  0.8108  0.0120  0.0040  0.1732  
 83       83  (11)      6 :  0.8192  0.0020  0.0120  0.1668  
 84       84  (13)      6 :  0.8360  0.0020  0.0030  0.1590  
 85       85   (7)      6 :  0.8090  0.0330  0.1180  0.0400  
 86       86  (19)      6 :  0.8260  0.0090  0.1290  0.0360  
 87       87  (43)      6 :  0.8480  0.0050  0.1300  0.0170  
 88       88  (21)      6 :  0.8178  0.0140  0.1411  0.0270  
 89       89  (11)      6 :  0.8410  0.0010  0.0020  0.1560  
 90       90  (21)      6 :  0.8540  0.0110  0.0080  0.1270  
 91       91  (14)      6 :  0.8462  0.0020  0.0040  0.1479  
 92       92   (9)      7 :  0.8340  0.0180  0.0090  0.1390  
 93       93  (16)      7 :  0.8210  0.0200  0.0040  0.1550  
 94       94  (24)      7 :  0.8480  0.0030  0.0020  0.1470  
 95       95   (6)      7 :  0.8262  0.0010  0.0030  0.1698  
 96       96  (34)      7 :  0.8640  0.0030  0.0160  0.1170  
 97       97  (21)      7 :  0.8551  0.0180  0.1019  0.0250  
 98       98  (11)      7 :  0.8110  0.0060  0.0050  0.1780  
 99       99  (17)      7 :  0.8120  0.0150  0.0060  0.1670  
100      100  (14)      7 :  0.8188  0.0170  0.1572  0.0070  
101      101  (55)      7 :  0.8238  0.0060  0.1091  0.0611  
102      102  (12)      7 :  0.8120  0.0020  0.0140  0.1720  
103      103  (14)      7 :  0.8040  0.0020  0.0440  0.1500  
104      104  (17)      7 :  0.8200  0.0030  0.0140  0.1630  
105      105  (14)      7 :  0.7950  0.0020  0.0030  0.2000  
