  1        1  (17)      1 :  0.7700  0.2300  
  2        2   (7)      1 :  0.8120  0.1880  
  3        3  (17)      1 :  0.8090  0.1910  
  4        4  (10)      1 :  0.8210  0.1790  
  5        5  (71)      1 :  0.8440  0.1560  
  6        6  (17)      1 :  0.8220  0.1780  
  7        7  (18)      1 :  0.7890  0.2110  
  8        8  (32)      1 :  0.8340  0.1660  
  9        9  (20)      1 :  0.8410  0.1590  
 10       10  (27)      1 :  0.8230  0.1770  
 11       11  (22)      1 :  0.8620  0.1380  
 12       12  (22)      1 :  0.8290  0.1710  
 13       13   (6)      1 :  0.8100  0.1900  
 14       14  (46)      1 :  0.8430  0.1570  
 15       15  (12)      1 :  0.7690  0.2310  
 16       16  (13)      2 :  0.8350  0.1650  
 17       17  (12)      2 :  0.8470  0.1530  
 18       18  (10)      2 :  0.8130  0.1870  
 19       19  (11)      2 :  0.8410  0.1590  
 20       20   (6)      2 :  0.7890  0.2110  
 21       21  (27)      2 :  0.8270  0.1730  
 22       22   (9)      2 :  0.7800  0.2200  
 23       23   (9)      2 :  0.7960  0.2040  
 24       24  (13)      2 :  0.7930  0.2070  
 25       25  (43)      2 :  0.8670  0.1330  
 26       26  (11)      2 :  0.8150  0.1850  
 27       27  (26)      2 :  0.8050  0.1950  
 28       28  (15)      2 :  0.8330  0.1670  
 29       29  (27)      2 :  0.8440  0.1560  
 30       30  (14)      2 :  0.7990  0.2010  
 31       31   (6)      2 :  0.8200  0.1800  
 32       32  (28)      3 :  0.8410  0.1590  
 33       33   (8)      3 :  0.8420  0.1580  
 34       34  (27)      3 :  0.8290  0.1710  
 35       35  (10)      3 :  0.7970  0.2030  
 36       36  (19)      3 :  0.8170  0.1830  
 37       37  (51)      3 :  0.8250  0.1750  
 38       38  (37)      3 :  0.8380  0.1620  
 39       39  (23)      3 :  0.7820  0.2180  
 40       40  (10)      3 :  0.8350  0.1650  
 41       41  (17)      3 :  0.8200  0.1800  
 42       42  (61)      3 :  0.8250  0.1750  
 43       43  (11)      3 :  0.8180  0.1820  
 44       44  (20)      3 :  0.8300  0.1700  
 45       45  (14)      3 :  0.8280  0.1720  
 46       46  (19)      3 :  0.8020  0.1980  
 47       47   (9)      4 :  0.8080  0.1920  
 48       48   (8)      4 :  0.8160  0.1840  
 49       49   (7)      4 :  0.8150  0.1850  
 50       50  (22)      4 :  0.8030  0.1970  
 51       51   (7)      4 :  0.8180  0.1820  
 52       52   (5)      4 :  0.8020  0.1980  
 53       53  (40)      4 :  0.8190  0.1810  
 54       54  (15)      4 :  0.8180  0.1820  
 55       55  (14)      4 :  0.8040  0.1960  
 56       56   (6)      4 :  0.8180  0.1820  
 57       57  (14)      4 :  0.8060  0.1940  
 58       58   (8)      4 :  0.8210  0.1790  
 59       59  (12)      4 :  0.8120  0.1880  
 60       60   (7)      4 :  0.7970  0.2030  
 61       61  (30)      5 :  0.8470  0.1530  
 62       62  (11)      5 :  0.8000  0.2000  
 63       63  (48)      5 :  0.8430  0.1570  
 64       64  (18)      5 :  0.8060  0.1940  
 65       65  (24)      5 :  0.7980  0.2020  
 66       66  (14)      5 :  0.7940  0.2060  
 67       67   (8)      5 :  0.8100  0.1900  
 68       68   (5)      5 :  0.7920  0.2080  
 69       69  (36)      5 :  0.8590  0.1410  
 70       70  (14)      5 :  0.8190  0.1810  
 71       71  (23)      5 :  0.8490  0.1510  
 72       72  (47)      5 :  0.8350  0.1650  
 73       73  (17)      5 :  0.8460  0.1540  
 74       74   (9)      5 :  0.8430  0.1570  
 75       75  (13)      5 :  0.8020  0.1980  
 76       76  (18)      6 :  0.8420  0.1580  
 77       77   (9)      6 :  0.8210  0.1790  
 78       78  (16)      6 :  0.7560  0.2440  
 79       79  (11)      6 :  0.8650  0.1350  
 80       80  (16)      6 :  0.8210  0.1790  
 81       81   (7)      6 :  0.8070  0.1930  
 82       82  (21)      6 :  0.8240  0.1760  
 83       83  (11)      6 :  0.7980  0.2020  
 84       84  (13)      6 :  0.8020  0.1980  
 85       85   (7)      6 :  0.8380  0.1620  
 86       86  (19)      6 :  0.8210  0.1790  
 87       87  (43)      6 :  0.8290  0.1710  
 88       88  (21)      6 :  0.8400  0.1600  
 89       89  (11)      6 :  0.7980  0.2020  
 90       90  (21)      6 :  0.8580  0.1420  
 91       91  (14)      6 :  0.8390  0.1610  
 92       92   (9)      7 :  0.8010  0.1990  
 93       93  (16)      7 :  0.8200  0.1800  
 94       94  (24)      7 :  0.8760  0.1240  
 95       95   (6)      7 :  0.8020  0.1980  
 96       96  (34)      7 :  0.8650  0.1350  
 97       97  (21)      7 :  0.8250  0.1750  
 98       98  (11)      7 :  0.7990  0.2010  
 99       99  (17)      7 :  0.7850  0.2150  
100      100  (14)      7 :  0.7860  0.2140  
101      101  (55)      7 :  0.8220  0.1780  
102      102  (12)      7 :  0.8320  0.1680  
103      103  (14)      7 :  0.8300  0.1700  
104      104  (17)      7 :  0.8200  0.1800  
105      105  (14)      7 :  0.8070  0.1930  
