  1        1  (17)      1 :  0.7600  0.2350  0.0050  
  2        2   (7)      1 :  0.8112  0.1758  0.0130  
  3        3  (17)      1 :  0.8440  0.1520  0.0040  
  4        4  (10)      1 :  0.8040  0.1850  0.0110  
  5        5  (71)      1 :  0.8422  0.1349  0.0230  
  6        6  (17)      1 :  0.8150  0.1800  0.0050  
  7        7  (18)      1 :  0.8470  0.1130  0.0400  
  8        8  (32)      1 :  0.8322  0.1648  0.0030  
  9        9  (20)      1 :  0.8430  0.1130  0.0440  
 10       10  (27)      1 :  0.8530  0.1450  0.0020  
 11       11  (22)      1 :  0.8680  0.0980  0.0340  
 12       12  (22)      1 :  0.8689  0.1281  0.0030  
 13       13   (6)      1 :  0.8130  0.1770  0.0100  
 14       14  (46)      1 :  0.8529  0.1021  0.0450  
 15       15  (12)      1 :  0.7750  0.2220  0.0030  
 16       16  (13)      2 :  0.8170  0.1370  0.0460  
 17       17  (12)      2 :  0.8100  0.1320  0.0580  
 18       18  (10)      2 :  0.8178  0.1632  0.0190  
 19       19  (11)      2 :  0.8500  0.1180  0.0320  
 20       20   (6)      2 :  0.7870  0.2060  0.0070  
 21       21  (27)      2 :  0.8462  0.1459  0.0080  
 22       22   (9)      2 :  0.8198  0.1652  0.0150  
 23       23   (9)      2 :  0.8340  0.1600  0.0060  
 24       24  (13)      2 :  0.8380  0.1510  0.0110  
 25       25  (43)      2 :  0.8500  0.0670  0.0830  
 26       26  (11)      2 :  0.8138  0.1602  0.0260  
 27       27  (26)      2 :  0.8098  0.1411  0.0490  
 28       28  (15)      2 :  0.8070  0.1830  0.0100  
 29       29  (27)      2 :  0.8560  0.1160  0.0280  
 30       30  (14)      2 :  0.8080  0.1570  0.0350  
 31       31   (6)      2 :  0.8290  0.0480  0.1230  
 32       32  (28)      3 :  0.8340  0.1480  0.0180  
 33       33   (8)      3 :  0.8460  0.1480  0.0060  
 34       34  (27)      3 :  0.8340  0.1220  0.0440  
 35       35  (10)      3 :  0.8062  0.1798  0.0140  
 36       36  (19)      3 :  0.8140  0.1690  0.0170  
 37       37  (51)      3 :  0.7610  0.0060  0.2330  
 38       38  (37)      3 :  0.8500  0.1330  0.0170  
 39       39  (23)      3 :  0.8010  0.1560  0.0430  
 40       40  (10)      3 :  0.8460  0.1460  0.0080  
 41       41  (17)      3 :  0.8382  0.1558  0.0060  
 42       42  (61)      3 :  0.8220  0.1280  0.0500  
 43       43  (11)      3 :  0.8300  0.1600  0.0100  
 44       44  (20)      3 :  0.8298  0.1301  0.0400  
 45       45  (14)      3 :  0.8072  0.1369  0.0559  
 46       46  (19)      3 :  0.8218  0.0070  0.1712  
 47       47   (9)      4 :  0.8130  0.1680  0.0190  
 48       48   (8)      4 :  0.8230  0.1710  0.0060  
 49       49   (7)      4 :  0.8050  0.1870  0.0080  
 50       50  (22)      4 :  0.8170  0.1690  0.0140  
 51       51   (7)      4 :  0.8040  0.1880  0.0080  
 52       52   (5)      4 :  0.8160  0.1770  0.0070  
 53       53  (40)      4 :  0.7420  0.0040  0.2540  
 54       54  (15)      4 :  0.8060  0.1300  0.0640  
 55       55  (14)      4 :  0.8080  0.1700  0.0220  
 56       56   (6)      4 :  0.8010  0.1280  0.0710  
 57       57  (14)      4 :  0.7740  0.0060  0.2200  
 58       58   (8)      4 :  0.7990  0.1980  0.0030  
 59       59  (12)      4 :  0.8140  0.1710  0.0150  
 60       60   (7)      4 :  0.8058  0.1582  0.0360  
 61       61  (30)      5 :  0.8670  0.0400  0.0930  
 62       62  (11)      5 :  0.8100  0.1800  0.0100  
 63       63  (48)      5 :  0.8610  0.1260  0.0130  
 64       64  (18)      5 :  0.8190  0.1640  0.0170  
 65       65  (24)      5 :  0.7878  0.0300  0.1822  
 66       66  (14)      5 :  0.8170  0.1760  0.0070  
 67       67   (8)      5 :  0.8300  0.1530  0.0170  
 68       68   (5)      5 :  0.8180  0.1680  0.0140  
 69       69  (36)      5 :  0.8358  0.1552  0.0090  
 70       70  (14)      5 :  0.8430  0.1300  0.0270  
 71       71  (23)      5 :  0.8510  0.1450  0.0040  
 72       72  (47)      5 :  0.8610  0.1300  0.0090  
 73       73  (17)      5 :  0.7830  0.1410  0.0760  
 74       74   (9)      5 :  0.8272  0.1678  0.0050  
 75       75  (13)      5 :  0.8000  0.1620  0.0380  
 76       76  (18)      6 :  0.8350  0.1620  0.0030  
 77       77   (9)      6 :  0.8350  0.1490  0.0160  
 78       78  (16)      6 :  0.7910  0.1200  0.0890  
 79       79  (11)      6 :  0.8290  0.1670  0.0040  
 80       80  (16)      6 :  0.8328  0.1281  0.0390  
 81       81   (7)      6 :  0.8430  0.1480  0.0090  
 82       82  (21)      6 :  0.8030  0.1890  0.0080  
 83       83  (11)      6 :  0.8170  0.0850  0.0980  
 84       84  (13)      6 :  0.8140  0.1800  0.0060  
 85       85   (7)      6 :  0.8420  0.1330  0.0250  
 86       86  (19)      6 :  0.8290  0.0700  0.1010  
 87       87  (43)      6 :  0.8272  0.1578  0.0150  
 88       88  (21)      6 :  0.8570  0.1360  0.0070  
 89       89  (11)      6 :  0.7960  0.1940  0.0100  
 90       90  (21)      6 :  0.8640  0.1140  0.0220  
 91       91  (14)      6 :  0.8260  0.1660  0.0080  
 92       92   (9)      7 :  0.7828  0.1271  0.0901  
 93       93  (16)      7 :  0.8190  0.1240  0.0570  
 94       94  (24)      7 :  0.8571  0.0120  0.1309  
 95       95   (6)      7 :  0.8092  0.1868  0.0040  
 96       96  (34)      7 :  0.8510  0.1380  0.0110  
 97       97  (21)      7 :  0.8322  0.1598  0.0080  
 98       98  (11)      7 :  0.8252  0.1598  0.0150  
 99       99  (17)      7 :  0.8170  0.1620  0.0210  
100      100  (14)      7 :  0.8060  0.1840  0.0100  
101      101  (55)      7 :  0.8380  0.1510  0.0110  
102      102  (12)      7 :  0.8340  0.1460  0.0200  
103      103  (14)      7 :  0.8210  0.1630  0.0160  
104      104  (17)      7 :  0.8130  0.1800  0.0070  
105      105  (14)      7 :  0.7960  0.1390  0.0650  
