  1        1  (17)      1 :  0.9870  0.0010  0.0060  0.0030  0.0030  
  2        2   (7)      1 :  0.5155  0.0010  0.0010  0.1932  0.2893  
  3        3  (17)      1 :  0.0070  0.0020  0.0020  0.9790  0.0100  
  4        4  (10)      1 :  0.9720  0.0010  0.0070  0.0130  0.0070  
  5        5  (71)      1 :  0.2420  0.0040  0.0030  0.5350  0.2160  
  6        6  (17)      1 :  0.0100  0.0050  0.0010  0.0230  0.9610  
  7        7  (18)      1 :  0.0010  0.9930  0.0010  0.0030  0.0020  
  8        8  (32)      1 :  0.9670  0.0020  0.0020  0.0120  0.0170  
  9        9  (20)      1 :  0.0080  0.0020  0.0010  0.0050  0.9840  
 10       10  (27)      1 :  0.0180  0.0020  0.0010  0.0050  0.9740  
 11       11  (22)      1 :  0.9480  0.0010  0.0010  0.0400  0.0100  
 12       12  (22)      1 :  0.8282  0.1638  0.0010  0.0030  0.0040  
 13       13   (6)      1 :  0.0050  0.0020  0.0010  0.0070  0.9850  
 14       14  (46)      1 :  0.0100  0.0210  0.0130  0.0110  0.9451  
 15       15  (12)      1 :  0.9890  0.0010  0.0030  0.0020  0.0050  
 16       16  (13)      2 :  0.0100  0.0010  0.0060  0.0060  0.9770  
 17       17  (12)      2 :  0.0130  0.0060  0.0010  0.9680  0.0120  
 18       18  (10)      2 :  0.0050  0.0160  0.0020  0.0260  0.9510  
 19       19  (11)      2 :  0.0540  0.0020  0.0260  0.0580  0.8600  
 20       20   (6)      2 :  0.9870  0.0010  0.0020  0.0030  0.0070  
 21       21  (27)      2 :  0.0070  0.0170  0.0010  0.9680  0.0070  
 22       22   (9)      2 :  0.0170  0.0020  0.0010  0.6380  0.3420  
 23       23   (9)      2 :  0.0100  0.0070  0.0090  0.9431  0.0310  
 24       24  (13)      2 :  0.0660  0.0200  0.0060  0.1300  0.7780  
 25       25  (43)      2 :  0.0020  0.0000  0.9940  0.0030  0.0010  
 26       26  (11)      2 :  0.0100  0.0000  0.0050  0.0170  0.9680  
 27       27  (26)      2 :  0.9900  0.0020  0.0010  0.0040  0.0030  
 28       28  (15)      2 :  0.0080  0.0050  0.0040  0.0899  0.8931  
 29       29  (27)      2 :  0.0100  0.0130  0.0030  0.8660  0.1080  
 30       30  (14)      2 :  0.2750  0.0050  0.0010  0.0150  0.7040  
 31       31   (6)      2 :  0.0140  0.0020  0.0010  0.0180  0.9650  
 32       32  (28)      3 :  0.0160  0.0040  0.0050  0.9550  0.0200  
 33       33   (8)      3 :  0.6420  0.0010  0.0200  0.3210  0.0160  
 34       34  (27)      3 :  0.0070  0.0010  0.0440  0.0200  0.9279  
 35       35  (10)      3 :  0.0080  0.0030  0.0030  0.6640  0.3220  
 36       36  (19)      3 :  0.1160  0.0020  0.0200  0.2900  0.5720  
 37       37  (51)      3 :  0.0010  0.9950  0.0010  0.0010  0.0020  
 38       38  (37)      3 :  0.4980  0.0010  0.0010  0.1300  0.3700  
 39       39  (23)      3 :  0.0170  0.0050  0.0020  0.0490  0.9270  
 40       40  (10)      3 :  0.0020  0.0450  0.0010  0.0050  0.9470  
 41       41  (17)      3 :  0.1860  0.0950  0.0080  0.5350  0.1760  
 42       42  (61)      3 :  0.0170  0.0040  0.0070  0.9150  0.0570  
 43       43  (11)      3 :  0.0800  0.0010  0.0040  0.0100  0.9050  
 44       44  (20)      3 :  0.9670  0.0010  0.0020  0.0150  0.0150  
 45       45  (14)      3 :  0.8292  0.0020  0.0010  0.0320  0.1359  
 46       46  (19)      3 :  0.0020  0.0020  0.0030  0.9900  0.0030  
 47       47   (9)      4 :  0.0360  0.0010  0.0020  0.5420  0.4190  
 48       48   (8)      4 :  0.0130  0.0000  0.0040  0.0380  0.9449  
 49       49   (7)      4 :  0.8810  0.0010  0.0010  0.0080  0.1090  
 50       50  (22)      4 :  0.0180  0.0010  0.0090  0.8378  0.1341  
 51       51   (7)      4 :  0.0330  0.0020  0.0020  0.9540  0.0090  
 52       52   (5)      4 :  0.0130  0.0010  0.0010  0.0050  0.9800  
 53       53  (40)      4 :  0.0020  0.0020  0.0020  0.0030  0.9910  
 54       54  (15)      4 :  0.0080  0.0010  0.0070  0.9620  0.0220  
 55       55  (14)      4 :  0.0090  0.0430  0.0979  0.0030  0.8472  
 56       56   (6)      4 :  0.0120  0.0020  0.0020  0.9590  0.0250  
 57       57  (14)      4 :  0.0050  0.0650  0.0050  0.9230  0.0020  
 58       58   (8)      4 :  0.9471  0.0010  0.0100  0.0310  0.0110  
 59       59  (12)      4 :  0.9650  0.0010  0.0110  0.0170  0.0060  
 60       60   (7)      4 :  0.0120  0.0100  0.0120  0.1698  0.7962  
 61       61  (30)      5 :  0.0210  0.0010  0.0110  0.2803  0.6867  
 62       62  (11)      5 :  0.0300  0.0010  0.0100  0.9530  0.0060  
 63       63  (48)      5 :  0.9090  0.0050  0.0680  0.0040  0.0140  
 64       64  (18)      5 :  0.0040  0.0030  0.0210  0.9680  0.0040  
 65       65  (24)      5 :  0.0010  0.0010  0.9960  0.0010  0.0010  
 66       66  (14)      5 :  0.9760  0.0010  0.0010  0.0160  0.0060  
 67       67   (8)      5 :  0.2010  0.0030  0.1070  0.6740  0.0150  
 68       68   (5)      5 :  0.0020  0.0010  0.0020  0.0120  0.9830  
 69       69  (36)      5 :  0.9790  0.0040  0.0030  0.0080  0.0060  
 70       70  (14)      5 :  0.0190  0.0010  0.0010  0.9690  0.0100  
 71       71  (23)      5 :  0.9680  0.0020  0.0050  0.0150  0.0100  
 72       72  (47)      5 :  0.1121  0.1782  0.0010  0.0320  0.6767  
 73       73  (17)      5 :  0.9870  0.0060  0.0010  0.0030  0.0030  
 74       74   (9)      5 :  0.8472  0.0210  0.0130  0.0300  0.0889  
 75       75  (13)      5 :  0.0130  0.0100  0.0210  0.3504  0.6056  
 76       76  (18)      6 :  0.0200  0.0020  0.0020  0.0130  0.9630  
 77       77   (9)      6 :  0.0080  0.0010  0.0020  0.9700  0.0190  
 78       78  (16)      6 :  0.9580  0.0010  0.0160  0.0220  0.0030  
 79       79  (11)      6 :  0.8531  0.0020  0.0030  0.0290  0.1129  
 80       80  (16)      6 :  0.8860  0.0020  0.0010  0.0800  0.0310  
 81       81   (7)      6 :  0.0150  0.0020  0.0030  0.0050  0.9750  
 82       82  (21)      6 :  0.0560  0.0010  0.0010  0.8540  0.0880  
 83       83  (11)      6 :  0.0360  0.0030  0.0010  0.3856  0.5744  
 84       84  (13)      6 :  0.0220  0.0010  0.0010  0.9580  0.0180  
 85       85   (7)      6 :  0.1179  0.0020  0.0470  0.7413  0.0919  
 86       86  (19)      6 :  0.0150  0.0840  0.0270  0.8570  0.0170  
 87       87  (43)      6 :  0.5524  0.0050  0.0020  0.0040  0.4366  
 88       88  (21)      6 :  0.8590  0.0160  0.0010  0.0490  0.0750  
 89       89  (11)      6 :  0.0080  0.0030  0.0020  0.9680  0.0190  
 90       90  (21)      6 :  0.0050  0.0010  0.0030  0.0100  0.9810  
 91       91  (14)      6 :  0.2160  0.0020  0.0200  0.7540  0.0080  
 92       92   (9)      7 :  0.0030  0.0030  0.0010  0.9760  0.0170  
 93       93  (16)      7 :  0.0160  0.0020  0.0020  0.2993  0.6807  
 94       94  (24)      7 :  0.9230  0.0040  0.0010  0.0500  0.0220  
 95       95   (6)      7 :  0.0110  0.0010  0.0100  0.9730  0.0050  
 96       96  (34)      7 :  0.0200  0.0020  0.0020  0.8610  0.1150  
 97       97  (21)      7 :  0.0020  0.0060  0.0010  0.9850  0.0060  
 98       98  (11)      7 :  0.0070  0.0030  0.0010  0.7270  0.2620  
 99       99  (17)      7 :  0.0040  0.0040  0.0010  0.9450  0.0460  
100      100  (14)      7 :  0.8242  0.1618  0.0010  0.0070  0.0060  
101      101  (55)      7 :  0.0220  0.0030  0.0020  0.0160  0.9570  
102      102  (12)      7 :  0.0170  0.0080  0.0020  0.9570  0.0160  
103      103  (14)      7 :  0.9380  0.0020  0.0070  0.0360  0.0170  
104      104  (17)      7 :  0.9560  0.0020  0.0010  0.0120  0.0290  
105      105  (14)      7 :  0.0050  0.0060  0.0010  0.9630  0.0250  
