  1        1  (17)      1 :  0.8118  0.0130  0.0981  0.0270  0.0501  
  2        2   (7)      1 :  0.0710  0.2170  0.0250  0.1580  0.5290  
  3        3  (17)      1 :  0.1000  0.0850  0.3090  0.2270  0.2790  
  4        4  (10)      1 :  0.1842  0.0551  0.2182  0.0400  0.5025  
  5        5  (71)      1 :  0.5060  0.1290  0.0870  0.1030  0.1750  
  6        6  (17)      1 :  0.0791  0.1031  0.0791  0.2232  0.5155  
  7        7  (18)      1 :  0.0170  0.9100  0.0330  0.0140  0.0260  
  8        8  (32)      1 :  0.0641  0.0250  0.0310  0.1151  0.7648  
  9        9  (20)      1 :  0.1451  0.0771  0.3323  0.2823  0.1632  
 10       10  (27)      1 :  0.2620  0.1010  0.1350  0.0550  0.4470  
 11       11  (22)      1 :  0.2000  0.0810  0.1160  0.2300  0.3730  
 12       12  (22)      1 :  0.7670  0.0880  0.1020  0.0190  0.0240  
 13       13   (6)      1 :  0.1900  0.0770  0.4350  0.0770  0.2210  
 14       14  (46)      1 :  0.0330  0.0550  0.3760  0.4710  0.0650  
 15       15  (12)      1 :  0.8368  0.0130  0.0170  0.0270  0.1061  
 16       16  (13)      2 :  0.0990  0.0230  0.3450  0.3000  0.2330  
 17       17  (12)      2 :  0.0930  0.1400  0.0900  0.5950  0.0820  
 18       18  (10)      2 :  0.0899  0.1588  0.2747  0.0809  0.3956  
 19       19  (11)      2 :  0.1618  0.0430  0.1928  0.2537  0.3487  
 20       20   (6)      2 :  0.2890  0.0340  0.1920  0.1780  0.3070  
 21       21  (27)      2 :  0.0910  0.0660  0.0790  0.0710  0.6930  
 22       22   (9)      2 :  0.1640  0.0240  0.1440  0.0510  0.6170  
 23       23   (9)      2 :  0.0669  0.1199  0.0250  0.7243  0.0639  
 24       24  (13)      2 :  0.0530  0.2300  0.3050  0.1300  0.2820  
 25       25  (43)      2 :  0.0390  0.0140  0.8990  0.0340  0.0140  
 26       26  (11)      2 :  0.1151  0.1512  0.0571  0.1512  0.5255  
 27       27  (26)      2 :  0.4440  0.1980  0.1200  0.0970  0.1410  
 28       28  (15)      2 :  0.0930  0.0650  0.1360  0.0730  0.6330  
 29       29  (27)      2 :  0.1409  0.4096  0.0589  0.0669  0.3237  
 30       30  (14)      2 :  0.1170  0.1980  0.3440  0.2650  0.0760  
 31       31   (6)      2 :  0.0850  0.2330  0.1180  0.4410  0.1230  
 32       32  (28)      3 :  0.1311  0.2963  0.2302  0.2713  0.0711  
 33       33   (8)      3 :  0.1788  0.0609  0.1009  0.1778  0.4815  
 34       34  (27)      3 :  0.0590  0.1860  0.1400  0.1660  0.4490  
 35       35  (10)      3 :  0.2937  0.1389  0.0989  0.2458  0.2228  
 36       36  (19)      3 :  0.2152  0.0661  0.2312  0.2523  0.2352  
 37       37  (51)      3 :  0.0690  0.2290  0.5680  0.0290  0.1050  
 38       38  (37)      3 :  0.1120  0.0360  0.3780  0.1600  0.3140  
 39       39  (23)      3 :  0.0400  0.1069  0.0639  0.3636  0.4256  
 40       40  (10)      3 :  0.0669  0.1528  0.3856  0.1139  0.2807  
 41       41  (17)      3 :  0.0680  0.0540  0.3230  0.4830  0.0720  
 42       42  (61)      3 :  0.3140  0.0880  0.1160  0.3350  0.1470  
 43       43  (11)      3 :  0.0580  0.0990  0.2540  0.0500  0.5390  
 44       44  (20)      3 :  0.0660  0.2290  0.1790  0.1480  0.3780  
 45       45  (14)      3 :  0.2402  0.2763  0.1131  0.1512  0.2192  
 46       46  (19)      3 :  0.8621  0.0370  0.0400  0.0350  0.0260  
 47       47   (9)      4 :  0.1151  0.1441  0.0430  0.1031  0.5946  
 48       48   (8)      4 :  0.2258  0.0240  0.0260  0.1349  0.5894  
 49       49   (7)      4 :  0.0730  0.1980  0.0380  0.0810  0.6100  
 50       50  (22)      4 :  0.1708  0.0709  0.2517  0.0639  0.4426  
 51       51   (7)      4 :  0.3047  0.0519  0.0919  0.1089  0.4426  
 52       52   (5)      4 :  0.2537  0.0959  0.1079  0.0559  0.4865  
 53       53  (40)      4 :  0.0110  0.9540  0.0100  0.0120  0.0130  
 54       54  (15)      4 :  0.0560  0.0240  0.0240  0.8530  0.0430  
 55       55  (14)      4 :  0.2510  0.6100  0.0380  0.0610  0.0400  
 56       56   (6)      4 :  0.1440  0.0770  0.0580  0.5230  0.1980  
 57       57  (14)      4 :  0.0330  0.1560  0.5230  0.0710  0.2170  
 58       58   (8)      4 :  0.1658  0.0310  0.0480  0.3457  0.4096  
 59       59  (12)      4 :  0.6244  0.0859  0.1199  0.0539  0.1159  
 60       60   (7)      4 :  0.0480  0.0500  0.2050  0.4490  0.2480  
 61       61  (30)      5 :  0.3800  0.0440  0.1730  0.2080  0.1950  
 62       62  (11)      5 :  0.1229  0.1508  0.0410  0.3586  0.3267  
 63       63  (48)      5 :  0.2362  0.1772  0.1161  0.0911  0.3794  
 64       64  (18)      5 :  0.1029  0.3786  0.1279  0.2687  0.1219  
 65       65  (24)      5 :  0.0130  0.0160  0.0160  0.9350  0.0200  
 66       66  (14)      5 :  0.1330  0.0770  0.0720  0.4310  0.2870  
 67       67   (8)      5 :  0.2390  0.0860  0.1780  0.2230  0.2740  
 68       68   (5)      5 :  0.0220  0.1389  0.1029  0.3766  0.3596  
 69       69  (36)      5 :  0.4230  0.0530  0.1710  0.0530  0.3000  
 70       70  (14)      5 :  0.3443  0.1732  0.0260  0.4314  0.0250  
 71       71  (23)      5 :  0.1622  0.0380  0.2573  0.2693  0.2733  
 72       72  (47)      5 :  0.0860  0.4880  0.2810  0.0730  0.0720  
 73       73  (17)      5 :  0.4575  0.1812  0.0841  0.1592  0.1181  
 74       74   (9)      5 :  0.4030  0.1010  0.0490  0.2060  0.2410  
 75       75  (13)      5 :  0.3247  0.1978  0.2118  0.0519  0.2138  
 76       76  (18)      6 :  0.2260  0.1250  0.0550  0.0910  0.5030  
 77       77   (9)      6 :  0.1140  0.0360  0.1770  0.4720  0.2010  
 78       78  (16)      6 :  0.1920  0.4300  0.0310  0.1380  0.2090  
 79       79  (11)      6 :  0.1059  0.0210  0.0260  0.3417  0.5055  
 80       80  (16)      6 :  0.1000  0.1100  0.3720  0.2110  0.2070  
 81       81   (7)      6 :  0.1399  0.0719  0.1049  0.0779  0.6054  
 82       82  (21)      6 :  0.3130  0.1750  0.0670  0.2350  0.2100  
 83       83  (11)      6 :  0.3150  0.1700  0.1580  0.1140  0.2430  
 84       84  (13)      6 :  0.1832  0.1121  0.1161  0.3934  0.1952  
 85       85   (7)      6 :  0.1810  0.1200  0.1150  0.2590  0.3250  
 86       86  (19)      6 :  0.0620  0.2400  0.6390  0.0240  0.0350  
 87       87  (43)      6 :  0.2120  0.3650  0.1590  0.0460  0.2180  
 88       88  (21)      6 :  0.3664  0.1231  0.3073  0.0651  0.1381  
 89       89  (11)      6 :  0.2148  0.2288  0.1548  0.1768  0.2248  
 90       90  (21)      6 :  0.2110  0.1720  0.1490  0.0640  0.4040  
 91       91  (14)      6 :  0.1449  0.0440  0.1988  0.2527  0.3596  
 92       92   (9)      7 :  0.2360  0.0440  0.4190  0.2060  0.0950  
 93       93  (16)      7 :  0.2298  0.0839  0.0529  0.0739  0.5594  
 94       94  (24)      7 :  0.0110  0.0090  0.9520  0.0120  0.0160  
 95       95   (6)      7 :  0.1850  0.0830  0.0720  0.3310  0.3290  
 96       96  (34)      7 :  0.0490  0.2320  0.2290  0.0600  0.4300  
 97       97  (21)      7 :  0.4060  0.0450  0.0520  0.0280  0.4690  
 98       98  (11)      7 :  0.0781  0.0801  0.0400  0.0430  0.7588  
 99       99  (17)      7 :  0.1618  0.2028  0.2118  0.0410  0.3826  
100      100  (14)      7 :  0.0960  0.6380  0.1790  0.0350  0.0520  
101      101  (55)      7 :  0.0509  0.0509  0.0709  0.3017  0.5255  
102      102  (12)      7 :  0.3240  0.2140  0.0630  0.3180  0.0810  
103      103  (14)      7 :  0.1540  0.2680  0.1900  0.1460  0.2420  
104      104  (17)      7 :  0.2790  0.2400  0.0330  0.1230  0.3250  
105      105  (14)      7 :  0.0420  0.1301  0.2112  0.5255  0.0911  
