  1        1  (17)      1 :  0.7530  0.0020  0.2320  0.0130  
  2        2   (7)      1 :  0.8120  0.0010  0.0010  0.1860  
  3        3  (17)      1 :  0.8060  0.0020  0.0020  0.1900  
  4        4  (10)      1 :  0.8192  0.0020  0.0060  0.1728  
  5        5  (71)      1 :  0.8470  0.0030  0.0070  0.1430  
  6        6  (17)      1 :  0.8232  0.0020  0.0020  0.1728  
  7        7  (18)      1 :  0.7413  0.2537  0.0010  0.0040  
  8        8  (32)      1 :  0.8318  0.0020  0.0040  0.1622  
  9        9  (20)      1 :  0.8410  0.0070  0.0010  0.1510  
 10       10  (27)      1 :  0.8160  0.0050  0.0960  0.0830  
 11       11  (22)      1 :  0.8610  0.0020  0.0020  0.1350  
 12       12  (22)      1 :  0.7890  0.2040  0.0020  0.0050  
 13       13   (6)      1 :  0.8080  0.0030  0.0030  0.1860  
 14       14  (46)      1 :  0.8390  0.0050  0.0070  0.1490  
 15       15  (12)      1 :  0.7530  0.0010  0.2370  0.0090  
 16       16  (13)      2 :  0.8320  0.0030  0.0060  0.1590  
 17       17  (12)      2 :  0.8460  0.0030  0.0020  0.1490  
 18       18  (10)      2 :  0.8110  0.0130  0.0070  0.1690  
 19       19  (11)      2 :  0.8402  0.0030  0.0080  0.1489  
 20       20   (6)      2 :  0.7852  0.0030  0.0070  0.2048  
 21       21  (27)      2 :  0.8268  0.0140  0.0010  0.1582  
 22       22   (9)      2 :  0.7790  0.0040  0.0010  0.2160  
 23       23   (9)      2 :  0.7950  0.0030  0.0020  0.2000  
 24       24  (13)      2 :  0.7848  0.0270  0.0010  0.1872  
 25       25  (43)      2 :  0.8410  0.0010  0.1570  0.0010  
 26       26  (11)      2 :  0.8170  0.0020  0.0030  0.1780  
 27       27  (26)      2 :  0.8012  0.0040  0.0210  0.1738  
 28       28  (15)      2 :  0.8290  0.0020  0.0050  0.1640  
 29       29  (27)      2 :  0.8380  0.0490  0.0020  0.1110  
 30       30  (14)      2 :  0.7960  0.0140  0.0010  0.1890  
 31       31   (6)      2 :  0.8178  0.0020  0.0030  0.1772  
 32       32  (28)      3 :  0.8390  0.0030  0.0020  0.1560  
 33       33   (8)      3 :  0.8360  0.0030  0.0020  0.1590  
 34       34  (27)      3 :  0.8268  0.0010  0.0030  0.1692  
 35       35  (10)      3 :  0.7980  0.0020  0.0030  0.1970  
 36       36  (19)      3 :  0.8172  0.0030  0.0240  0.1558  
 37       37  (51)      3 :  0.7720  0.2250  0.0010  0.0020  
 38       38  (37)      3 :  0.8360  0.0020  0.0030  0.1590  
 39       39  (23)      3 :  0.7800  0.0010  0.0020  0.2170  
 40       40  (10)      3 :  0.8340  0.0110  0.0020  0.1530  
 41       41  (17)      3 :  0.8170  0.0060  0.0290  0.1480  
 42       42  (61)      3 :  0.8238  0.0150  0.0030  0.1582  
 43       43  (11)      3 :  0.8170  0.0010  0.0020  0.1800  
 44       44  (20)      3 :  0.8280  0.0010  0.0020  0.1690  
 45       45  (14)      3 :  0.8240  0.0050  0.0040  0.1670  
 46       46  (19)      3 :  0.7762  0.2138  0.0020  0.0080  
 47       47   (9)      4 :  0.8080  0.0020  0.0020  0.1880  
 48       48   (8)      4 :  0.8140  0.0010  0.0050  0.1800  
 49       49   (7)      4 :  0.8120  0.0020  0.0020  0.1840  
 50       50  (22)      4 :  0.8020  0.0040  0.0040  0.1900  
 51       51   (7)      4 :  0.8190  0.0030  0.0020  0.1760  
 52       52   (5)      4 :  0.8000  0.0030  0.0020  0.1950  
 53       53  (40)      4 :  0.7942  0.2028  0.0010  0.0020  
 54       54  (15)      4 :  0.8140  0.0080  0.0010  0.1770  
 55       55  (14)      4 :  0.7972  0.0160  0.0609  0.1259  
 56       56   (6)      4 :  0.8150  0.0020  0.0020  0.1810  
 57       57  (14)      4 :  0.8020  0.0100  0.0010  0.1870  
 58       58   (8)      4 :  0.8180  0.0030  0.0140  0.1650  
 59       59  (12)      4 :  0.8070  0.0020  0.0350  0.1560  
 60       60   (7)      4 :  0.7932  0.0100  0.0040  0.1928  
 61       61  (30)      5 :  0.8420  0.0030  0.0040  0.1510  
 62       62  (11)      5 :  0.7988  0.0050  0.0070  0.1892  
 63       63  (48)      5 :  0.8428  0.0040  0.0060  0.1471  
 64       64  (18)      5 :  0.8058  0.0090  0.0130  0.1722  
 65       65  (24)      5 :  0.7720  0.0010  0.2240  0.0030  
 66       66  (14)      5 :  0.7920  0.0060  0.0030  0.1990  
 67       67   (8)      5 :  0.8078  0.0020  0.0060  0.1842  
 68       68   (5)      5 :  0.7910  0.0020  0.0020  0.2050  
 69       69  (36)      5 :  0.8531  0.0280  0.0100  0.1089  
 70       70  (14)      5 :  0.8190  0.0010  0.0030  0.1770  
 71       71  (23)      5 :  0.8480  0.0050  0.0100  0.1370  
 72       72  (47)      5 :  0.8290  0.0300  0.0010  0.1400  
 73       73  (17)      5 :  0.8420  0.0100  0.0350  0.1130  
 74       74   (9)      5 :  0.8390  0.0040  0.0070  0.1500  
 75       75  (13)      5 :  0.7980  0.0110  0.0030  0.1880  
 76       76  (18)      6 :  0.8420  0.0020  0.0020  0.1540  
 77       77   (9)      6 :  0.8220  0.0010  0.0010  0.1760  
 78       78  (16)      6 :  0.7530  0.0020  0.0060  0.2390  
 79       79  (11)      6 :  0.8640  0.0010  0.0010  0.1340  
 80       80  (16)      6 :  0.8190  0.0010  0.0020  0.1780  
 81       81   (7)      6 :  0.8042  0.0070  0.0040  0.1848  
 82       82  (21)      6 :  0.8232  0.0050  0.0030  0.1688  
 83       83  (11)      6 :  0.7960  0.0140  0.0020  0.1880  
 84       84  (13)      6 :  0.8002  0.0020  0.0020  0.1958  
 85       85   (7)      6 :  0.8340  0.0120  0.0140  0.1400  
 86       86  (19)      6 :  0.8110  0.0610  0.0020  0.1260  
 87       87  (43)      6 :  0.8198  0.0561  0.0040  0.1201  
 88       88  (21)      6 :  0.8390  0.0360  0.0020  0.1230  
 89       89  (11)      6 :  0.7938  0.0020  0.0010  0.2032  
 90       90  (21)      6 :  0.8571  0.0020  0.0020  0.1389  
 91       91  (14)      6 :  0.8370  0.0050  0.0140  0.1440  
 92       92   (9)      7 :  0.7970  0.0070  0.0010  0.1950  
 93       93  (16)      7 :  0.8190  0.0170  0.0020  0.1620  
 94       94  (24)      7 :  0.8739  0.0180  0.0010  0.1071  
 95       95   (6)      7 :  0.7992  0.0020  0.0020  0.1968  
 96       96  (34)      7 :  0.8660  0.0010  0.0010  0.1320  
 97       97  (21)      7 :  0.8118  0.0961  0.0010  0.0911  
 98       98  (11)      7 :  0.8010  0.0030  0.0010  0.1950  
 99       99  (17)      7 :  0.7790  0.0170  0.0010  0.2030  
100      100  (14)      7 :  0.7810  0.0180  0.0030  0.1980  
101      101  (55)      7 :  0.8198  0.0130  0.0030  0.1642  
102      102  (12)      7 :  0.8310  0.0040  0.0090  0.1560  
103      103  (14)      7 :  0.8290  0.0030  0.0020  0.1660  
104      104  (17)      7 :  0.8170  0.0030  0.0010  0.1790  
105      105  (14)      7 :  0.8022  0.0250  0.0010  0.1718  
