  1        1  (17)      1 :  0.9550  0.0020  0.0310  0.0080  0.0040  
  2        2   (7)      1 :  0.0040  0.1070  0.0040  0.8070  0.0780  
  3        3  (17)      1 :  0.0310  0.0050  0.0060  0.9310  0.0270  
  4        4  (10)      1 :  0.0200  0.0020  0.0050  0.9410  0.0320  
  5        5  (71)      1 :  0.3510  0.0100  0.0050  0.6100  0.0240  
  6        6  (17)      1 :  0.0250  0.0040  0.0030  0.0100  0.9580  
  7        7  (18)      1 :  0.0070  0.9730  0.0030  0.0100  0.0070  
  8        8  (32)      1 :  0.0669  0.0040  0.0030  0.0579  0.8681  
  9        9  (20)      1 :  0.0100  0.0310  0.0080  0.9410  0.0100  
 10       10  (27)      1 :  0.8260  0.0030  0.0020  0.0850  0.0840  
 11       11  (22)      1 :  0.0050  0.0040  0.0500  0.2108  0.7303  
 12       12  (22)      1 :  0.9079  0.0511  0.0150  0.0090  0.0170  
 13       13   (6)      1 :  0.1099  0.0070  0.0330  0.0100  0.8402  
 14       14  (46)      1 :  0.3650  0.0380  0.0660  0.4850  0.0460  
 15       15  (12)      1 :  0.9050  0.0050  0.0020  0.0070  0.0810  
 16       16  (13)      2 :  0.0060  0.0080  0.0090  0.0180  0.9590  
 17       17  (12)      2 :  0.0040  0.0430  0.0080  0.9340  0.0110  
 18       18  (10)      2 :  0.0100  0.0200  0.0470  0.7157  0.2072  
 19       19  (11)      2 :  0.0120  0.0610  0.0120  0.0250  0.8900  
 20       20   (6)      2 :  0.0790  0.0020  0.0260  0.6390  0.2540  
 21       21  (27)      2 :  0.0350  0.0050  0.0070  0.1070  0.8460  
 22       22   (9)      2 :  0.0100  0.0270  0.0180  0.1091  0.8358  
 23       23   (9)      2 :  0.0060  0.0020  0.0140  0.1568  0.8212  
 24       24  (13)      2 :  0.0050  0.0509  0.0080  0.0420  0.8941  
 25       25  (43)      2 :  0.9800  0.0010  0.0130  0.0030  0.0030  
 26       26  (11)      2 :  0.0070  0.0020  0.0680  0.8980  0.0250  
 27       27  (26)      2 :  0.0370  0.0030  0.0180  0.9370  0.0050  
 28       28  (15)      2 :  0.0030  0.0110  0.0060  0.0140  0.9660  
 29       29  (27)      2 :  0.3130  0.2800  0.1430  0.0040  0.2600  
 30       30  (14)      2 :  0.0330  0.0030  0.0190  0.9310  0.0140  
 31       31   (6)      2 :  0.0120  0.2510  0.6250  0.0430  0.0690  
 32       32  (28)      3 :  0.0160  0.0570  0.0070  0.9110  0.0090  
 33       33   (8)      3 :  0.0210  0.0020  0.0150  0.0230  0.9390  
 34       34  (27)      3 :  0.0430  0.0100  0.0200  0.3730  0.5540  
 35       35  (10)      3 :  0.0060  0.0060  0.0140  0.0890  0.8850  
 36       36  (19)      3 :  0.0819  0.0090  0.0150  0.0070  0.8871  
 37       37  (51)      3 :  0.0020  0.9920  0.0020  0.0020  0.0020  
 38       38  (37)      3 :  0.0430  0.0120  0.0160  0.0270  0.9020  
 39       39  (23)      3 :  0.0060  0.0040  0.0530  0.9180  0.0190  
 40       40  (10)      3 :  0.3430  0.0330  0.0030  0.0070  0.6140  
 41       41  (17)      3 :  0.8300  0.1530  0.0030  0.0090  0.0050  
 42       42  (61)      3 :  0.0640  0.0100  0.2890  0.2270  0.4100  
 43       43  (11)      3 :  0.3930  0.0110  0.0120  0.4430  0.1410  
 44       44  (20)      3 :  0.0160  0.0100  0.0210  0.0290  0.9239  
 45       45  (14)      3 :  0.0040  0.0060  0.0190  0.9670  0.0040  
 46       46  (19)      3 :  0.0040  0.0020  0.9790  0.0050  0.0100  
 47       47   (9)      4 :  0.0080  0.0090  0.0150  0.9280  0.0400  
 48       48   (8)      4 :  0.0761  0.0080  0.0060  0.0130  0.8969  
 49       49   (7)      4 :  0.0520  0.0050  0.0150  0.0620  0.8660  
 50       50  (22)      4 :  0.5255  0.0030  0.0040  0.3786  0.0889  
 51       51   (7)      4 :  0.0060  0.0020  0.0050  0.0250  0.9620  
 52       52   (5)      4 :  0.0860  0.0160  0.0060  0.0140  0.8780  
 53       53  (40)      4 :  0.0020  0.9920  0.0030  0.0010  0.0020  
 54       54  (15)      4 :  0.0040  0.0080  0.0250  0.0090  0.9540  
 55       55  (14)      4 :  0.0630  0.0200  0.0090  0.0070  0.9010  
 56       56   (6)      4 :  0.0040  0.0160  0.0420  0.8729  0.0651  
 57       57  (14)      4 :  0.0070  0.1930  0.7620  0.0190  0.0190  
 58       58   (8)      4 :  0.6000  0.0020  0.0160  0.0370  0.3450  
 59       59  (12)      4 :  0.0150  0.0040  0.0440  0.7900  0.1470  
 60       60   (7)      4 :  0.0100  0.0250  0.0200  0.7758  0.1692  
 61       61  (30)      5 :  0.0060  0.0280  0.2442  0.0741  0.6476  
 62       62  (11)      5 :  0.0160  0.0100  0.2062  0.7157  0.0521  
 63       63  (48)      5 :  0.7520  0.0590  0.0120  0.0740  0.1030  
 64       64  (18)      5 :  0.0070  0.0090  0.0390  0.0170  0.9280  
 65       65  (24)      5 :  0.0020  0.0010  0.9920  0.0020  0.0030  
 66       66  (14)      5 :  0.1562  0.0060  0.0070  0.3814  0.4494  
 67       67   (8)      5 :  0.5425  0.0030  0.1001  0.0110  0.3433  
 68       68   (5)      5 :  0.0070  0.0120  0.0100  0.1080  0.8630  
 69       69  (36)      5 :  0.0220  0.0070  0.0170  0.8110  0.1430  
 70       70  (14)      5 :  0.0110  0.0030  0.0050  0.9650  0.0160  
 71       71  (23)      5 :  0.1031  0.0030  0.0050  0.0060  0.8829  
 72       72  (47)      5 :  0.0330  0.0511  0.0030  0.4474  0.4655  
 73       73  (17)      5 :  0.0070  0.0090  0.0810  0.0200  0.8830  
 74       74   (9)      5 :  0.0370  0.0040  0.0120  0.0200  0.9270  
 75       75  (13)      5 :  0.2278  0.1009  0.0030  0.0150  0.6533  
 76       76  (18)      6 :  0.0350  0.0020  0.0060  0.0080  0.9490  
 77       77   (9)      6 :  0.0120  0.0050  0.0190  0.9160  0.0480  
 78       78  (16)      6 :  0.0580  0.0060  0.4510  0.4540  0.0310  
 79       79  (11)      6 :  0.0320  0.0060  0.0050  0.0100  0.9469  
 80       80  (16)      6 :  0.0090  0.0020  0.0050  0.9730  0.0110  
 81       81   (7)      6 :  0.0280  0.0549  0.0090  0.3946  0.5135  
 82       82  (21)      6 :  0.0790  0.0070  0.0090  0.6600  0.2450  
 83       83  (11)      6 :  0.0170  0.0080  0.0140  0.5810  0.3800  
 84       84  (13)      6 :  0.0060  0.0090  0.0060  0.8510  0.1280  
 85       85   (7)      6 :  0.0200  0.0020  0.0210  0.3930  0.5640  
 86       86  (19)      6 :  0.4960  0.0970  0.0140  0.0120  0.3810  
 87       87  (43)      6 :  0.7137  0.0430  0.0180  0.1562  0.0691  
 88       88  (21)      6 :  0.5130  0.0230  0.0040  0.0420  0.4180  
 89       89  (11)      6 :  0.4434  0.0030  0.0320  0.4885  0.0330  
 90       90  (21)      6 :  0.0280  0.0090  0.0200  0.0480  0.8950  
 91       91  (14)      6 :  0.0160  0.0030  0.0030  0.9450  0.0330  
 92       92   (9)      7 :  0.0040  0.0130  0.1353  0.8246  0.0230  
 93       93  (16)      7 :  0.0060  0.0110  0.2840  0.0090  0.6900  
 94       94  (24)      7 :  0.0030  0.0020  0.9830  0.0050  0.0070  
 95       95   (6)      7 :  0.0290  0.0010  0.0060  0.8390  0.1250  
 96       96  (34)      7 :  0.0110  0.0220  0.0050  0.0240  0.9380  
 97       97  (21)      7 :  0.2128  0.0050  0.0070  0.0490  0.7263  
 98       98  (11)      7 :  0.0070  0.0130  0.0100  0.0140  0.9560  
 99       99  (17)      7 :  0.0110  0.0500  0.0080  0.8670  0.0640  
100      100  (14)      7 :  0.7420  0.2140  0.0120  0.0200  0.0120  
101      101  (55)      7 :  0.0320  0.0060  0.0080  0.2760  0.6780  
102      102  (12)      7 :  0.0050  0.0040  0.0250  0.7380  0.2280  
103      103  (14)      7 :  0.0960  0.0070  0.0060  0.7040  0.1870  
104      104  (17)      7 :  0.0160  0.0020  0.1500  0.8110  0.0210  
105      105  (14)      7 :  0.0080  0.1728  0.0120  0.7972  0.0100  
