  1        1  (17)      1 :  0.7870  0.1560  0.0570  
  2        2   (7)      1 :  0.8250  0.1560  0.0190  
  3        3  (17)      1 :  0.8280  0.1570  0.0150  
  4        4  (10)      1 :  0.8270  0.0660  0.1070  
  5        5  (71)      1 :  0.8620  0.1200  0.0180  
  6        6  (17)      1 :  0.8180  0.1720  0.0100  
  7        7  (18)      1 :  0.7600  0.0510  0.1890  
  8        8  (32)      1 :  0.8500  0.1090  0.0410  
  9        9  (20)      1 :  0.8272  0.1439  0.0290  
 10       10  (27)      1 :  0.8220  0.1660  0.0120  
 11       11  (22)      1 :  0.8478  0.1331  0.0190  
 12       12  (22)      1 :  0.8470  0.0880  0.0650  
 13       13   (6)      1 :  0.8040  0.1830  0.0130  
 14       14  (46)      1 :  0.8442  0.1459  0.0100  
 15       15  (12)      1 :  0.7810  0.1130  0.1060  
 16       16  (13)      2 :  0.8260  0.1660  0.0080  
 17       17  (12)      2 :  0.7970  0.1930  0.0100  
 18       18  (10)      2 :  0.8190  0.1510  0.0300  
 19       19  (11)      2 :  0.8580  0.1230  0.0190  
 20       20   (6)      2 :  0.8070  0.1390  0.0540  
 21       21  (27)      2 :  0.8438  0.1411  0.0150  
 22       22   (9)      2 :  0.7898  0.2012  0.0090  
 23       23   (9)      2 :  0.7790  0.2160  0.0050  
 24       24  (13)      2 :  0.8238  0.1421  0.0340  
 25       25  (43)      2 :  0.8510  0.0820  0.0670  
 26       26  (11)      2 :  0.8018  0.1882  0.0100  
 27       27  (26)      2 :  0.8260  0.0640  0.1100  
 28       28  (15)      2 :  0.8250  0.1620  0.0130  
 29       29  (27)      2 :  0.8192  0.1399  0.0410  
 30       30  (14)      2 :  0.8080  0.1400  0.0520  
 31       31   (6)      2 :  0.8388  0.1502  0.0110  
 32       32  (28)      3 :  0.8448  0.0861  0.0691  
 33       33   (8)      3 :  0.7952  0.1778  0.0270  
 34       34  (27)      3 :  0.8350  0.1530  0.0120  
 35       35  (10)      3 :  0.7840  0.2020  0.0140  
 36       36  (19)      3 :  0.8248  0.1231  0.0521  
 37       37  (51)      3 :  0.7530  0.0130  0.2340  
 38       38  (37)      3 :  0.8332  0.1548  0.0120  
 39       39  (23)      3 :  0.8020  0.1790  0.0190  
 40       40  (10)      3 :  0.8550  0.1270  0.0180  
 41       41  (17)      3 :  0.8130  0.1780  0.0090  
 42       42  (61)      3 :  0.8240  0.1540  0.0220  
 43       43  (11)      3 :  0.7880  0.1830  0.0290  
 44       44  (20)      3 :  0.8150  0.1590  0.0260  
 45       45  (14)      3 :  0.8190  0.1150  0.0660  
 46       46  (19)      3 :  0.8220  0.0980  0.0800  
 47       47   (9)      4 :  0.8300  0.1490  0.0210  
 48       48   (8)      4 :  0.8110  0.1800  0.0090  
 49       49   (7)      4 :  0.8038  0.1522  0.0440  
 50       50  (22)      4 :  0.8432  0.1289  0.0280  
 51       51   (7)      4 :  0.8210  0.1430  0.0360  
 52       52   (5)      4 :  0.8352  0.1489  0.0160  
 53       53  (40)      4 :  0.8160  0.0540  0.1300  
 54       54  (15)      4 :  0.7980  0.1770  0.0250  
 55       55  (14)      4 :  0.8120  0.1110  0.0770  
 56       56   (6)      4 :  0.8278  0.1632  0.0090  
 57       57  (14)      4 :  0.8150  0.0470  0.1380  
 58       58   (8)      4 :  0.8280  0.1620  0.0100  
 59       59  (12)      4 :  0.8070  0.0870  0.1060  
 60       60   (7)      4 :  0.7990  0.1910  0.0100  
 61       61  (30)      5 :  0.8520  0.1390  0.0090  
 62       62  (11)      5 :  0.8220  0.1650  0.0130  
 63       63  (48)      5 :  0.8390  0.1170  0.0440  
 64       64  (18)      5 :  0.8080  0.1680  0.0240  
 65       65  (24)      5 :  0.7790  0.1620  0.0590  
 66       66  (14)      5 :  0.8008  0.1892  0.0100  
 67       67   (8)      5 :  0.8272  0.1528  0.0200  
 68       68   (5)      5 :  0.7940  0.2020  0.0040  
 69       69  (36)      5 :  0.8408  0.0631  0.0961  
 70       70  (14)      5 :  0.8190  0.1740  0.0070  
 71       71  (23)      5 :  0.8470  0.1420  0.0110  
 72       72  (47)      5 :  0.7890  0.1550  0.0560  
 73       73  (17)      5 :  0.8080  0.1640  0.0280  
 74       74   (9)      5 :  0.8460  0.1120  0.0420  
 75       75  (13)      5 :  0.8002  0.1359  0.0639  
 76       76  (18)      6 :  0.8120  0.1730  0.0150  
 77       77   (9)      6 :  0.8170  0.1740  0.0090  
 78       78  (16)      6 :  0.7850  0.0810  0.1340  
 79       79  (11)      6 :  0.8292  0.1658  0.0050  
 80       80  (16)      6 :  0.8250  0.1030  0.0720  
 81       81   (7)      6 :  0.8300  0.1510  0.0190  
 82       82  (21)      6 :  0.8290  0.1640  0.0070  
 83       83  (11)      6 :  0.8290  0.1480  0.0230  
 84       84  (13)      6 :  0.7880  0.2050  0.0070  
 85       85   (7)      6 :  0.8448  0.1241  0.0310  
 86       86  (19)      6 :  0.8050  0.1420  0.0530  
 87       87  (43)      6 :  0.8220  0.0810  0.0970  
 88       88  (21)      6 :  0.8440  0.1150  0.0410  
 89       89  (11)      6 :  0.8262  0.1508  0.0230  
 90       90  (21)      6 :  0.8540  0.1290  0.0170  
 91       91  (14)      6 :  0.8398  0.1101  0.0501  
 92       92   (9)      7 :  0.8270  0.1100  0.0630  
 93       93  (16)      7 :  0.8248  0.1441  0.0310  
 94       94  (24)      7 :  0.8108  0.0621  0.1271  
 95       95   (6)      7 :  0.8210  0.1720  0.0070  
 96       96  (34)      7 :  0.8560  0.1000  0.0440  
 97       97  (21)      7 :  0.8450  0.1210  0.0340  
 98       98  (11)      7 :  0.8070  0.1230  0.0700  
 99       99  (17)      7 :  0.8422  0.1179  0.0400  
100      100  (14)      7 :  0.7800  0.0790  0.1410  
101      101  (55)      7 :  0.8460  0.1210  0.0330  
102      102  (12)      7 :  0.8378  0.1411  0.0210  
103      103  (14)      7 :  0.8190  0.0840  0.0970  
104      104  (17)      7 :  0.8150  0.1030  0.0820  
105      105  (14)      7 :  0.8270  0.1670  0.0060  
