  1        1  (17)      1 :  0.9510  0.0050  0.0310  0.0130  
  2        2   (7)      1 :  0.9670  0.0020  0.0030  0.0280  
  3        3  (17)      1 :  0.0140  0.0030  0.0010  0.9820  
  4        4  (10)      1 :  0.4234  0.0070  0.0020  0.5676  
  5        5  (71)      1 :  0.0430  0.0110  0.0050  0.9410  
  6        6  (17)      1 :  0.0839  0.0040  0.0010  0.9111  
  7        7  (18)      1 :  0.0080  0.9800  0.0020  0.0100  
  8        8  (32)      1 :  0.9530  0.0250  0.0020  0.0200  
  9        9  (20)      1 :  0.0690  0.0110  0.0040  0.9160  
 10       10  (27)      1 :  0.6907  0.1722  0.0130  0.1241  
 11       11  (22)      1 :  0.0360  0.0070  0.0070  0.9500  
 12       12  (22)      1 :  0.0040  0.0040  0.0030  0.9890  
 13       13   (6)      1 :  0.1009  0.0090  0.0040  0.8861  
 14       14  (46)      1 :  0.6707  0.1031  0.0370  0.1892  
 15       15  (12)      1 :  0.5670  0.0790  0.0170  0.3370  
 16       16  (13)      2 :  0.9000  0.0230  0.0020  0.0750  
 17       17  (12)      2 :  0.1010  0.0060  0.0190  0.8740  
 18       18  (10)      2 :  0.8190  0.0310  0.0060  0.1440  
 19       19  (11)      2 :  0.9780  0.0060  0.0040  0.0120  
 20       20   (6)      2 :  0.4680  0.0030  0.0040  0.5250  
 21       21  (27)      2 :  0.9800  0.0070  0.0020  0.0110  
 22       22   (9)      2 :  0.9740  0.0030  0.0060  0.0170  
 23       23   (9)      2 :  0.8020  0.0050  0.0020  0.1910  
 24       24  (13)      2 :  0.0480  0.0601  0.0070  0.8849  
 25       25  (43)      2 :  0.0030  0.9940  0.0010  0.0020  
 26       26  (11)      2 :  0.1129  0.0020  0.0470  0.8382  
 27       27  (26)      2 :  0.0110  0.0020  0.0190  0.9680  
 28       28  (15)      2 :  0.9429  0.0200  0.0010  0.0360  
 29       29  (27)      2 :  0.7978  0.1131  0.0671  0.0220  
 30       30  (14)      2 :  0.0460  0.0180  0.0400  0.8961  
 31       31   (6)      2 :  0.0400  0.0060  0.1880  0.7660  
 32       32  (28)      3 :  0.1040  0.0070  0.0110  0.8780  
 33       33   (8)      3 :  0.9530  0.0110  0.0030  0.0330  
 34       34  (27)      3 :  0.9260  0.0050  0.0290  0.0400  
 35       35  (10)      3 :  0.9690  0.0180  0.0030  0.0100  
 36       36  (19)      3 :  0.8770  0.0420  0.0040  0.0770  
 37       37  (51)      3 :  0.0030  0.9930  0.0010  0.0030  
 38       38  (37)      3 :  0.0120  0.0040  0.0030  0.9810  
 39       39  (23)      3 :  0.9660  0.0030  0.0100  0.0210  
 40       40  (10)      3 :  0.3010  0.2250  0.0100  0.4640  
 41       41  (17)      3 :  0.0100  0.3053  0.0010  0.6837  
 42       42  (61)      3 :  0.0480  0.0120  0.0040  0.9359  
 43       43  (11)      3 :  0.0120  0.0120  0.0050  0.9710  
 44       44  (20)      3 :  0.7572  0.0100  0.0040  0.2288  
 45       45  (14)      3 :  0.0120  0.0050  0.1530  0.8300  
 46       46  (19)      3 :  0.1552  0.0030  0.7558  0.0861  
 47       47   (9)      4 :  0.7508  0.0020  0.0090  0.2382  
 48       48   (8)      4 :  0.9690  0.0020  0.0160  0.0130  
 49       49   (7)      4 :  0.9810  0.0030  0.0040  0.0120  
 50       50  (22)      4 :  0.9700  0.0060  0.0020  0.0220  
 51       51   (7)      4 :  0.9421  0.0030  0.0060  0.0490  
 52       52   (5)      4 :  0.9490  0.0230  0.0020  0.0260  
 53       53  (40)      4 :  0.0020  0.0040  0.9920  0.0020  
 54       54  (15)      4 :  0.0921  0.0030  0.0170  0.8879  
 55       55  (14)      4 :  0.7928  0.0701  0.1271  0.0100  
 56       56   (6)      4 :  0.9229  0.0030  0.0110  0.0631  
 57       57  (14)      4 :  0.3207  0.2488  0.0100  0.4206  
 58       58   (8)      4 :  0.9440  0.0030  0.0040  0.0490  
 59       59  (12)      4 :  0.2272  0.0020  0.0120  0.7588  
 60       60   (7)      4 :  0.8210  0.0060  0.0190  0.1540  
 61       61  (30)      5 :  0.3007  0.0120  0.0290  0.6583  
 62       62  (11)      5 :  0.9470  0.0020  0.0290  0.0220  
 63       63  (48)      5 :  0.0870  0.0420  0.0240  0.8470  
 64       64  (18)      5 :  0.9590  0.0140  0.0190  0.0080  
 65       65  (24)      5 :  0.0020  0.0010  0.9950  0.0020  
 66       66  (14)      5 :  0.5450  0.0040  0.0480  0.4030  
 67       67   (8)      5 :  0.6400  0.0100  0.0070  0.3430  
 68       68   (5)      5 :  0.9570  0.0020  0.0030  0.0380  
 69       69  (36)      5 :  0.0180  0.0280  0.0140  0.9399  
 70       70  (14)      5 :  0.3280  0.0040  0.0070  0.6610  
 71       71  (23)      5 :  0.8780  0.0510  0.0080  0.0630  
 72       72  (47)      5 :  0.0859  0.1908  0.0030  0.7203  
 73       73  (17)      5 :  0.9690  0.0080  0.0040  0.0190  
 74       74   (9)      5 :  0.7548  0.0060  0.0050  0.2342  
 75       75  (13)      5 :  0.0420  0.1010  0.0100  0.8470  
 76       76  (18)      6 :  0.9880  0.0030  0.0040  0.0050  
 77       77   (9)      6 :  0.8280  0.0050  0.0050  0.1620  
 78       78  (16)      6 :  0.3290  0.0020  0.4870  0.1820  
 79       79  (11)      6 :  0.9880  0.0030  0.0040  0.0050  
 80       80  (16)      6 :  0.0120  0.0020  0.0010  0.9850  
 81       81   (7)      6 :  0.9610  0.0030  0.0110  0.0250  
 82       82  (21)      6 :  0.9760  0.0030  0.0040  0.0170  
 83       83  (11)      6 :  0.9140  0.0320  0.0030  0.0510  
 84       84  (13)      6 :  0.9550  0.0160  0.0030  0.0260  
 85       85   (7)      6 :  0.1009  0.0110  0.0140  0.8741  
 86       86  (19)      6 :  0.2640  0.4310  0.0030  0.3020  
 87       87  (43)      6 :  0.7490  0.0280  0.1440  0.0790  
 88       88  (21)      6 :  0.0180  0.2550  0.0020  0.7250  
 89       89  (11)      6 :  0.8500  0.0150  0.0380  0.0970  
 90       90  (21)      6 :  0.0320  0.0070  0.1770  0.7840  
 91       91  (14)      6 :  0.8911  0.0160  0.0090  0.0839  
 92       92   (9)      7 :  0.2983  0.0030  0.1251  0.5736  
 93       93  (16)      7 :  0.9840  0.0030  0.0060  0.0070  
 94       94  (24)      7 :  0.0070  0.0020  0.0030  0.9880  
 95       95   (6)      7 :  0.0270  0.0040  0.0010  0.9680  
 96       96  (34)      7 :  0.9119  0.0430  0.0040  0.0410  
 97       97  (21)      7 :  0.9180  0.0030  0.0120  0.0670  
 98       98  (11)      7 :  0.9830  0.0050  0.0010  0.0110  
 99       99  (17)      7 :  0.0490  0.0230  0.0030  0.9251  
100      100  (14)      7 :  0.0350  0.3197  0.2448  0.4006  
101      101  (55)      7 :  0.9630  0.0130  0.0070  0.0170  
102      102  (12)      7 :  0.9750  0.0030  0.0060  0.0160  
103      103  (14)      7 :  0.0590  0.0080  0.0070  0.9260  
104      104  (17)      7 :  0.0070  0.0010  0.0040  0.9880  
105      105  (14)      7 :  0.0190  0.0040  0.0040  0.9730  
