  1        1  (17)      1 :  0.3457  0.2637  0.3906  
  2        2   (7)      1 :  0.3740  0.3350  0.2910  
  3        3  (17)      1 :  0.3826  0.3447  0.2727  
  4        4  (10)      1 :  0.3554  0.3483  0.2963  
  5        5  (71)      1 :  0.3560  0.3270  0.3170  
  6        6  (17)      1 :  0.3790  0.3100  0.3110  
  7        7  (18)      1 :  0.2282  0.4494  0.3223  
  8        8  (32)      1 :  0.4064  0.3333  0.2603  
  9        9  (20)      1 :  0.4464  0.2633  0.2903  
 10       10  (27)      1 :  0.3180  0.3940  0.2880  
 11       11  (22)      1 :  0.4600  0.3070  0.2330  
 12       12  (22)      1 :  0.3820  0.3370  0.2810  
 13       13   (6)      1 :  0.3130  0.3660  0.3210  
 14       14  (46)      1 :  0.4200  0.3360  0.2440  
 15       15  (12)      1 :  0.1950  0.4610  0.3440  
 16       16  (13)      2 :  0.3210  0.3750  0.3040  
 17       17  (12)      2 :  0.3560  0.3800  0.2640  
 18       18  (10)      2 :  0.3250  0.3880  0.2870  
 19       19  (11)      2 :  0.3560  0.3580  0.2860  
 20       20   (6)      2 :  0.3640  0.2880  0.3480  
 21       21  (27)      2 :  0.3836  0.3357  0.2807  
 22       22   (9)      2 :  0.3020  0.4030  0.2950  
 23       23   (9)      2 :  0.3590  0.3220  0.3190  
 24       24  (13)      2 :  0.4400  0.2840  0.2760  
 25       25  (43)      2 :  0.5150  0.3030  0.1820  
 26       26  (11)      2 :  0.4080  0.3060  0.2860  
 27       27  (26)      2 :  0.2900  0.4220  0.2880  
 28       28  (15)      2 :  0.3900  0.3350  0.2750  
 29       29  (27)      2 :  0.3710  0.3590  0.2700  
 30       30  (14)      2 :  0.3810  0.3340  0.2850  
 31       31   (6)      2 :  0.4346  0.3047  0.2607  
 32       32  (28)      3 :  0.4590  0.2600  0.2810  
 33       33   (8)      3 :  0.3110  0.4250  0.2640  
 34       34  (27)      3 :  0.3450  0.3770  0.2780  
 35       35  (10)      3 :  0.3540  0.3500  0.2960  
 36       36  (19)      3 :  0.4150  0.3200  0.2650  
 37       37  (51)      3 :  0.2740  0.4670  0.2590  
 38       38  (37)      3 :  0.4550  0.2710  0.2740  
 39       39  (23)      3 :  0.3430  0.3820  0.2750  
 40       40  (10)      3 :  0.3750  0.3770  0.2480  
 41       41  (17)      3 :  0.3850  0.3090  0.3060  
 42       42  (61)      3 :  0.3906  0.2937  0.3157  
 43       43  (11)      3 :  0.3670  0.3330  0.3000  
 44       44  (20)      3 :  0.3660  0.3570  0.2770  
 45       45  (14)      3 :  0.3740  0.3390  0.2870  
 46       46  (19)      3 :  0.2610  0.4620  0.2770  
 47       47   (9)      4 :  0.3300  0.3910  0.2790  
 48       48   (8)      4 :  0.2640  0.4320  0.3040  
 49       49   (7)      4 :  0.3437  0.3307  0.3257  
 50       50  (22)      4 :  0.4134  0.3093  0.2773  
 51       51   (7)      4 :  0.3860  0.3220  0.2920  
 52       52   (5)      4 :  0.3950  0.2740  0.3310  
 53       53  (40)      4 :  0.3130  0.3930  0.2940  
 54       54  (15)      4 :  0.2380  0.4520  0.3100  
 55       55  (14)      4 :  0.3170  0.3590  0.3240  
 56       56   (6)      4 :  0.3870  0.3440  0.2690  
 57       57  (14)      4 :  0.5365  0.1818  0.2817  
 58       58   (8)      4 :  0.3380  0.3780  0.2840  
 59       59  (12)      4 :  0.4010  0.2970  0.3020  
 60       60   (7)      4 :  0.3656  0.3207  0.3137  
 61       61  (30)      5 :  0.3690  0.3990  0.2320  
 62       62  (11)      5 :  0.3320  0.3690  0.2990  
 63       63  (48)      5 :  0.4200  0.3810  0.1990  
 64       64  (18)      5 :  0.3430  0.3730  0.2840  
 65       65  (24)      5 :  0.3510  0.3740  0.2750  
 66       66  (14)      5 :  0.3410  0.3090  0.3500  
 67       67   (8)      5 :  0.3250  0.3750  0.3000  
 68       68   (5)      5 :  0.3910  0.3170  0.2920  
 69       69  (36)      5 :  0.4930  0.2490  0.2580  
 70       70  (14)      5 :  0.2633  0.4745  0.2623  
 71       71  (23)      5 :  0.3916  0.3227  0.2857  
 72       72  (47)      5 :  0.3490  0.3900  0.2610  
 73       73  (17)      5 :  0.3650  0.3740  0.2610  
 74       74   (9)      5 :  0.3810  0.3680  0.2510  
 75       75  (13)      5 :  0.3327  0.3666  0.3007  
 76       76  (18)      6 :  0.3556  0.3227  0.3217  
 77       77   (9)      6 :  0.3190  0.3780  0.3030  
 78       78  (16)      6 :  0.2780  0.4110  0.3110  
 79       79  (11)      6 :  0.3650  0.3830  0.2520  
 80       80  (16)      6 :  0.3720  0.3380  0.2900  
 81       81   (7)      6 :  0.3240  0.3790  0.2970  
 82       82  (21)      6 :  0.3770  0.3410  0.2820  
 83       83  (11)      6 :  0.3370  0.3730  0.2900  
 84       84  (13)      6 :  0.3680  0.3270  0.3050  
 85       85   (7)      6 :  0.2990  0.4350  0.2660  
 86       86  (19)      6 :  0.4560  0.2680  0.2760  
 87       87  (43)      6 :  0.3740  0.3370  0.2890  
 88       88  (21)      6 :  0.4720  0.2760  0.2520  
 89       89  (11)      6 :  0.3540  0.3850  0.2610  
 90       90  (21)      6 :  0.3490  0.3800  0.2710  
 91       91  (14)      6 :  0.3443  0.4264  0.2292  
 92       92   (9)      7 :  0.4360  0.2820  0.2820  
 93       93  (16)      7 :  0.3440  0.3440  0.3120  
 94       94  (24)      7 :  0.5620  0.2240  0.2140  
 95       95   (6)      7 :  0.4300  0.2920  0.2780  
 96       96  (34)      7 :  0.3840  0.4030  0.2130  
 97       97  (21)      7 :  0.3880  0.3450  0.2670  
 98       98  (11)      7 :  0.3340  0.3500  0.3160  
 99       99  (17)      7 :  0.4600  0.2320  0.3080  
100      100  (14)      7 :  0.2390  0.4310  0.3300  
101      101  (55)      7 :  0.2810  0.4280  0.2910  
102      102  (12)      7 :  0.3754  0.3293  0.2953  
103      103  (14)      7 :  0.3160  0.3700  0.3140  
104      104  (17)      7 :  0.3140  0.4130  0.2730  
105      105  (14)      7 :  0.4665  0.2607  0.2727  
