  1        1  (17)      1 :  0.0010  0.0030  0.0040  0.7680  0.2230  0.0010  
  2        2   (7)      1 :  0.0020  0.0350  0.1250  0.8350  0.0010  0.0020  
  3        3  (17)      1 :  0.0010  0.0150  0.2873  0.6887  0.0010  0.0070  
  4        4  (10)      1 :  0.0020  0.9080  0.0030  0.0820  0.0030  0.0020  
  5        5  (71)      1 :  0.0040  0.3960  0.0570  0.5280  0.0100  0.0050  
  6        6  (17)      1 :  0.0010  0.0140  0.9018  0.0782  0.0010  0.0040  
  7        7  (18)      1 :  0.0010  0.0020  0.0020  0.0010  0.0010  0.9930  
  8        8  (32)      1 :  0.0080  0.0090  0.0070  0.9700  0.0040  0.0020  
  9        9  (20)      1 :  0.0030  0.1698  0.2667  0.5295  0.0130  0.0180  
 10       10  (27)      1 :  0.0030  0.9301  0.0340  0.0190  0.0020  0.0120  
 11       11  (22)      1 :  0.0090  0.9510  0.0180  0.0190  0.0020  0.0010  
 12       12  (22)      1 :  0.3477  0.2418  0.3896  0.0130  0.0010  0.0070  
 13       13   (6)      1 :  0.0150  0.3624  0.0310  0.5866  0.0040  0.0010  
 14       14  (46)      1 :  0.0020  0.0090  0.8560  0.0180  0.0100  0.1050  
 15       15  (12)      1 :  0.0040  0.6913  0.2907  0.0030  0.0080  0.0030  
 16       16  (13)      2 :  0.0040  0.9740  0.0040  0.0090  0.0030  0.0060  
 17       17  (12)      2 :  0.0190  0.0040  0.0080  0.9630  0.0020  0.0040  
 18       18  (10)      2 :  0.0070  0.4204  0.2362  0.3043  0.0070  0.0250  
 19       19  (11)      2 :  0.0080  0.0460  0.8640  0.0300  0.0510  0.0010  
 20       20   (6)      2 :  0.0090  0.0080  0.5440  0.4350  0.0030  0.0010  
 21       21  (27)      2 :  0.0160  0.0050  0.0100  0.9660  0.0010  0.0020  
 22       22   (9)      2 :  0.0060  0.0280  0.0170  0.9400  0.0010  0.0080  
 23       23   (9)      2 :  0.0020  0.0200  0.9520  0.0050  0.0070  0.0140  
 24       24  (13)      2 :  0.0210  0.0300  0.8709  0.0360  0.0230  0.0190  
 25       25  (43)      2 :  0.0010  0.0030  0.0020  0.0020  0.9880  0.0040  
 26       26  (11)      2 :  0.0080  0.4650  0.5020  0.0190  0.0050  0.0010  
 27       27  (26)      2 :  0.0060  0.9580  0.0100  0.0060  0.0050  0.0150  
 28       28  (15)      2 :  0.0010  0.0080  0.9640  0.0140  0.0030  0.0100  
 29       29  (27)      2 :  0.0440  0.0060  0.0140  0.8551  0.0170  0.0639  
 30       30  (14)      2 :  0.0050  0.7297  0.0490  0.1902  0.0020  0.0240  
 31       31   (6)      2 :  0.1220  0.0120  0.7270  0.0040  0.1240  0.0110  
 32       32  (28)      3 :  0.0150  0.8090  0.1410  0.0080  0.0150  0.0120  
 33       33   (8)      3 :  0.0020  0.1381  0.5806  0.2723  0.0040  0.0030  
 34       34  (27)      3 :  0.0020  0.9750  0.0110  0.0080  0.0020  0.0020  
 35       35  (10)      3 :  0.0490  0.6130  0.3070  0.0110  0.0020  0.0180  
 36       36  (19)      3 :  0.0040  0.1990  0.7710  0.0140  0.0100  0.0020  
 37       37  (51)      3 :  0.0020  0.0020  0.0010  0.0030  0.0010  0.9910  
 38       38  (37)      3 :  0.0040  0.6230  0.3510  0.0180  0.0030  0.0010  
 39       39  (23)      3 :  0.0080  0.7508  0.0310  0.1982  0.0020  0.0100  
 40       40  (10)      3 :  0.0020  0.1400  0.7550  0.0080  0.0070  0.0880  
 41       41  (17)      3 :  0.0020  0.7430  0.0100  0.0060  0.0090  0.2300  
 42       42  (61)      3 :  0.0660  0.3500  0.5560  0.0210  0.0060  0.0010  
 43       43  (11)      3 :  0.0020  0.0050  0.0100  0.9760  0.0030  0.0040  
 44       44  (20)      3 :  0.0290  0.8242  0.0280  0.1119  0.0050  0.0020  
 45       45  (14)      3 :  0.2212  0.7027  0.0430  0.0160  0.0010  0.0160  
 46       46  (19)      3 :  0.9880  0.0040  0.0020  0.0020  0.0030  0.0010  
 47       47   (9)      4 :  0.0130  0.9420  0.0340  0.0090  0.0010  0.0010  
 48       48   (8)      4 :  0.0050  0.0730  0.9040  0.0080  0.0090  0.0010  
 49       49   (7)      4 :  0.0020  0.8060  0.0910  0.0960  0.0020  0.0030  
 50       50  (22)      4 :  0.0020  0.9421  0.0340  0.0080  0.0120  0.0020  
 51       51   (7)      4 :  0.0030  0.6076  0.2472  0.1371  0.0030  0.0020  
 52       52   (5)      4 :  0.0100  0.0390  0.8731  0.0669  0.0020  0.0090  
 53       53  (40)      4 :  0.9950  0.0010  0.0010  0.0010  0.0010  0.0010  
 54       54  (15)      4 :  0.1031  0.0070  0.8719  0.0120  0.0010  0.0050  
 55       55  (14)      4 :  0.0060  0.7057  0.2052  0.0040  0.0531  0.0260  
 56       56   (6)      4 :  0.0080  0.9241  0.0150  0.0490  0.0030  0.0010  
 57       57  (14)      4 :  0.0030  0.4810  0.0280  0.0520  0.4290  0.0070  
 58       58   (8)      4 :  0.0030  0.0130  0.9290  0.0090  0.0440  0.0020  
 59       59  (12)      4 :  0.0040  0.8910  0.0810  0.0180  0.0040  0.0020  
 60       60   (7)      4 :  0.0020  0.0450  0.0090  0.9369  0.0030  0.0040  
 61       61  (30)      5 :  0.0170  0.0180  0.9170  0.0040  0.0410  0.0030  
 62       62  (11)      5 :  0.0210  0.7160  0.1570  0.0060  0.0980  0.0020  
 63       63  (48)      5 :  0.0130  0.4060  0.5020  0.0590  0.0120  0.0080  
 64       64  (18)      5 :  0.0320  0.7280  0.2120  0.0130  0.0110  0.0040  
 65       65  (24)      5 :  0.0020  0.0020  0.0010  0.0020  0.9920  0.0010  
 66       66  (14)      5 :  0.0480  0.0060  0.9390  0.0020  0.0030  0.0020  
 67       67   (8)      5 :  0.0030  0.6090  0.2280  0.0650  0.0860  0.0090  
 68       68   (5)      5 :  0.0020  0.0050  0.9710  0.0140  0.0030  0.0050  
 69       69  (36)      5 :  0.0050  0.7970  0.0330  0.1350  0.0210  0.0090  
 70       70  (14)      5 :  0.0030  0.0350  0.9540  0.0050  0.0010  0.0020  
 71       71  (23)      5 :  0.0050  0.0150  0.9640  0.0090  0.0040  0.0030  
 72       72  (47)      5 :  0.0080  0.4810  0.1860  0.0060  0.0020  0.3170  
 73       73  (17)      5 :  0.0090  0.9550  0.0070  0.0230  0.0020  0.0040  
 74       74   (9)      5 :  0.0010  0.0140  0.9110  0.0100  0.0600  0.0040  
 75       75  (13)      5 :  0.0030  0.0270  0.9000  0.0060  0.0110  0.0530  
 76       76  (18)      6 :  0.0040  0.1360  0.0980  0.7440  0.0020  0.0160  
 77       77   (9)      6 :  0.0040  0.5070  0.4700  0.0080  0.0100  0.0010  
 78       78  (16)      6 :  0.0060  0.7642  0.0090  0.0090  0.1688  0.0430  
 79       79  (11)      6 :  0.0020  0.0090  0.9660  0.0100  0.0090  0.0040  
 80       80  (16)      6 :  0.0010  0.3960  0.5810  0.0190  0.0010  0.0020  
 81       81   (7)      6 :  0.0020  0.3130  0.6230  0.0500  0.0010  0.0110  
 82       82  (21)      6 :  0.0380  0.0220  0.9190  0.0180  0.0020  0.0010  
 83       83  (11)      6 :  0.0190  0.3756  0.0110  0.5874  0.0040  0.0030  
 84       84  (13)      6 :  0.0030  0.0120  0.9620  0.0120  0.0020  0.0090  
 85       85   (7)      6 :  0.0100  0.9070  0.0310  0.0120  0.0320  0.0080  
 86       86  (19)      6 :  0.0020  0.8721  0.0040  0.0669  0.0100  0.0450  
 87       87  (43)      6 :  0.0670  0.4980  0.3570  0.0250  0.0420  0.0110  
 88       88  (21)      6 :  0.0030  0.0100  0.8882  0.0060  0.0090  0.0838  
 89       89  (11)      6 :  0.0390  0.7550  0.1460  0.0430  0.0130  0.0040  
 90       90  (21)      6 :  0.1160  0.0080  0.8260  0.0410  0.0050  0.0040  
 91       91  (14)      6 :  0.0090  0.9271  0.0210  0.0080  0.0330  0.0020  
 92       92   (9)      7 :  0.0240  0.5610  0.3460  0.0370  0.0260  0.0060  
 93       93  (16)      7 :  0.0040  0.0120  0.0230  0.9360  0.0030  0.0220  
 94       94  (24)      7 :  0.0030  0.0110  0.0060  0.9690  0.0060  0.0050  
 95       95   (6)      7 :  0.0010  0.7037  0.0050  0.2853  0.0040  0.0010  
 96       96  (34)      7 :  0.0110  0.0390  0.0120  0.9319  0.0030  0.0030  
 97       97  (21)      7 :  0.2940  0.0380  0.0310  0.6330  0.0010  0.0030  
 98       98  (11)      7 :  0.0010  0.2560  0.0460  0.6630  0.0320  0.0020  
 99       99  (17)      7 :  0.0610  0.0350  0.6120  0.2850  0.0010  0.0060  
100      100  (14)      7 :  0.0230  0.4790  0.0320  0.2970  0.0050  0.1640  
101      101  (55)      7 :  0.0120  0.8372  0.0380  0.1079  0.0020  0.0030  
102      102  (12)      7 :  0.0090  0.0970  0.0180  0.8640  0.0100  0.0020  
103      103  (14)      7 :  0.0030  0.9540  0.0170  0.0170  0.0040  0.0050  
104      104  (17)      7 :  0.0090  0.0520  0.9070  0.0280  0.0020  0.0020  
105      105  (14)      7 :  0.0040  0.8901  0.0639  0.0100  0.0010  0.0310  
