  1        1  (17)      1 :  0.8589  0.0020  0.0020  0.0010  0.0010  0.0010  0.1341  
  2        2   (7)      1 :  0.0250  0.1980  0.7710  0.0010  0.0020  0.0020  0.0010  
  3        3  (17)      1 :  0.0100  0.9520  0.0270  0.0020  0.0040  0.0040  0.0010  
  4        4  (10)      1 :  0.1618  0.0050  0.8172  0.0010  0.0080  0.0020  0.0050  
  5        5  (71)      1 :  0.1908  0.7892  0.0090  0.0020  0.0030  0.0030  0.0030  
  6        6  (17)      1 :  0.3200  0.6540  0.0130  0.0020  0.0080  0.0010  0.0020  
  7        7  (18)      1 :  0.0020  0.0020  0.0050  0.0020  0.0020  0.9870  0.0000  
  8        8  (32)      1 :  0.5784  0.0020  0.2967  0.0010  0.0020  0.0020  0.1179  
  9        9  (20)      1 :  0.0090  0.9380  0.0180  0.0010  0.0280  0.0020  0.0040  
 10       10  (27)      1 :  0.9690  0.0080  0.0150  0.0010  0.0010  0.0040  0.0020  
 11       11  (22)      1 :  0.5155  0.0490  0.3816  0.0020  0.0500  0.0010  0.0010  
 12       12  (22)      1 :  0.1310  0.8240  0.0030  0.0030  0.0160  0.0220  0.0010  
 13       13   (6)      1 :  0.0240  0.9530  0.0050  0.0010  0.0150  0.0010  0.0010  
 14       14  (46)      1 :  0.0050  0.3646  0.5504  0.0150  0.0030  0.0040  0.0579  
 15       15  (12)      1 :  0.9840  0.0030  0.0070  0.0020  0.0010  0.0020  0.0010  
 16       16  (13)      2 :  0.0040  0.0050  0.9700  0.0030  0.0130  0.0000  0.0050  
 17       17  (12)      2 :  0.0070  0.0020  0.9850  0.0010  0.0020  0.0030  0.0000  
 18       18  (10)      2 :  0.0200  0.4290  0.4920  0.0200  0.0300  0.0080  0.0010  
 19       19  (11)      2 :  0.2780  0.0180  0.6870  0.0040  0.0020  0.0000  0.0110  
 20       20   (6)      2 :  0.9371  0.0110  0.0030  0.0130  0.0340  0.0010  0.0010  
 21       21  (27)      2 :  0.0040  0.0100  0.7173  0.0020  0.2647  0.0010  0.0010  
 22       22   (9)      2 :  0.0389  0.0100  0.9381  0.0060  0.0020  0.0040  0.0010  
 23       23   (9)      2 :  0.0050  0.0060  0.9740  0.0080  0.0010  0.0030  0.0030  
 24       24  (13)      2 :  0.0280  0.8701  0.0400  0.0110  0.0030  0.0050  0.0430  
 25       25  (43)      2 :  0.0020  0.0020  0.0020  0.0040  0.0020  0.0010  0.9870  
 26       26  (11)      2 :  0.0080  0.9260  0.0460  0.0100  0.0060  0.0000  0.0040  
 27       27  (26)      2 :  0.9489  0.0080  0.0100  0.0270  0.0050  0.0000  0.0010  
 28       28  (15)      2 :  0.3770  0.0160  0.5830  0.0010  0.0210  0.0010  0.0010  
 29       29  (27)      2 :  0.0600  0.8500  0.0070  0.0720  0.0050  0.0020  0.0040  
 30       30  (14)      2 :  0.8960  0.0040  0.0020  0.0020  0.0930  0.0020  0.0010  
 31       31   (6)      2 :  0.0040  0.5465  0.1968  0.2118  0.0050  0.0350  0.0010  
 32       32  (28)      3 :  0.0100  0.9159  0.0511  0.0050  0.0120  0.0010  0.0050  
 33       33   (8)      3 :  0.4150  0.0270  0.5350  0.0130  0.0040  0.0030  0.0030  
 34       34  (27)      3 :  0.0020  0.0140  0.9680  0.0100  0.0020  0.0020  0.0020  
 35       35  (10)      3 :  0.0030  0.0130  0.9670  0.0090  0.0010  0.0060  0.0010  
 36       36  (19)      3 :  0.3067  0.5694  0.1149  0.0040  0.0010  0.0020  0.0020  
 37       37  (51)      3 :  0.0060  0.0020  0.0020  0.0030  0.9590  0.0270  0.0010  
 38       38  (37)      3 :  0.5760  0.0610  0.3420  0.0020  0.0120  0.0010  0.0060  
 39       39  (23)      3 :  0.0040  0.0050  0.9740  0.0040  0.0080  0.0030  0.0020  
 40       40  (10)      3 :  0.0040  0.9650  0.0060  0.0030  0.0020  0.0100  0.0100  
 41       41  (17)      3 :  0.7532  0.0050  0.0929  0.0020  0.0030  0.0200  0.1239  
 42       42  (61)      3 :  0.7758  0.0501  0.0120  0.0040  0.1131  0.0020  0.0430  
 43       43  (11)      3 :  0.0040  0.9780  0.0040  0.0060  0.0060  0.0010  0.0010  
 44       44  (20)      3 :  0.2890  0.3800  0.3190  0.0020  0.0020  0.0020  0.0060  
 45       45  (14)      3 :  0.0070  0.0030  0.8540  0.0070  0.1270  0.0010  0.0010  
 46       46  (19)      3 :  0.0050  0.0020  0.0240  0.9640  0.0030  0.0010  0.0010  
 47       47   (9)      4 :  0.0090  0.0409  0.9341  0.0050  0.0090  0.0010  0.0010  
 48       48   (8)      4 :  0.5910  0.0490  0.3450  0.0110  0.0030  0.0000  0.0010  
 49       49   (7)      4 :  0.7618  0.0350  0.1982  0.0000  0.0020  0.0020  0.0010  
 50       50  (22)      4 :  0.0681  0.0350  0.8729  0.0010  0.0020  0.0010  0.0200  
 51       51   (7)      4 :  0.0690  0.0100  0.9160  0.0010  0.0020  0.0000  0.0020  
 52       52   (5)      4 :  0.1301  0.2402  0.6206  0.0030  0.0010  0.0010  0.0040  
 53       53  (40)      4 :  0.0010  0.0010  0.0010  0.9910  0.0010  0.0050  0.0000  
 54       54  (15)      4 :  0.0030  0.9830  0.0060  0.0020  0.0010  0.0040  0.0010  
 55       55  (14)      4 :  0.0230  0.9140  0.0080  0.0400  0.0040  0.0080  0.0030  
 56       56   (6)      4 :  0.0050  0.0030  0.7860  0.0150  0.1870  0.0020  0.0020  
 57       57  (14)      4 :  0.0020  0.0070  0.0060  0.0759  0.8961  0.0070  0.0060  
 58       58   (8)      4 :  0.9441  0.0160  0.0230  0.0120  0.0020  0.0010  0.0020  
 59       59  (12)      4 :  0.0270  0.7043  0.2298  0.0100  0.0270  0.0010  0.0010  
 60       60   (7)      4 :  0.0040  0.0110  0.9610  0.0010  0.0150  0.0060  0.0020  
 61       61  (30)      5 :  0.0110  0.0200  0.8609  0.0250  0.0781  0.0010  0.0040  
 62       62  (11)      5 :  0.0370  0.0310  0.8680  0.0600  0.0010  0.0020  0.0010  
 63       63  (48)      5 :  0.0380  0.9020  0.0030  0.0030  0.0050  0.0470  0.0020  
 64       64  (18)      5 :  0.0040  0.7820  0.0230  0.0120  0.0060  0.0010  0.1720  
 65       65  (24)      5 :  0.0010  0.0020  0.0030  0.9530  0.0020  0.0010  0.0380  
 66       66  (14)      5 :  0.9421  0.0190  0.0090  0.0040  0.0020  0.0030  0.0210  
 67       67   (8)      5 :  0.3433  0.5435  0.0631  0.0220  0.0030  0.0010  0.0240  
 68       68   (5)      5 :  0.0090  0.3716  0.6004  0.0030  0.0020  0.0060  0.0080  
 69       69  (36)      5 :  0.8859  0.0661  0.0160  0.0070  0.0060  0.0020  0.0170  
 70       70  (14)      5 :  0.8452  0.1329  0.0180  0.0010  0.0010  0.0010  0.0010  
 71       71  (23)      5 :  0.8458  0.0100  0.1091  0.0040  0.0050  0.0010  0.0250  
 72       72  (47)      5 :  0.0080  0.8701  0.0080  0.0030  0.0140  0.0689  0.0280  
 73       73  (17)      5 :  0.0511  0.0270  0.9029  0.0090  0.0020  0.0020  0.0060  
 74       74   (9)      5 :  0.6530  0.3130  0.0200  0.0020  0.0090  0.0010  0.0020  
 75       75  (13)      5 :  0.0080  0.9530  0.0140  0.0030  0.0020  0.0100  0.0100  
 76       76  (18)      6 :  0.5160  0.1740  0.3020  0.0020  0.0030  0.0020  0.0010  
 77       77   (9)      6 :  0.0030  0.2010  0.7490  0.0090  0.0360  0.0010  0.0010  
 78       78  (16)      6 :  0.6006  0.0040  0.1171  0.2633  0.0030  0.0110  0.0010  
 79       79  (11)      6 :  0.7848  0.0080  0.1872  0.0030  0.0010  0.0140  0.0020  
 80       80  (16)      6 :  0.0100  0.5075  0.4755  0.0020  0.0030  0.0010  0.0010  
 81       81   (7)      6 :  0.0100  0.0130  0.9660  0.0080  0.0010  0.0010  0.0010  
 82       82  (21)      6 :  0.0370  0.0220  0.8650  0.0690  0.0030  0.0010  0.0030  
 83       83  (11)      6 :  0.0300  0.0060  0.9479  0.0020  0.0040  0.0050  0.0050  
 84       84  (13)      6 :  0.0100  0.0420  0.9320  0.0070  0.0040  0.0040  0.0010  
 85       85   (7)      6 :  0.0210  0.9169  0.0160  0.0290  0.0040  0.0100  0.0030  
 86       86  (19)      6 :  0.2600  0.5290  0.0050  0.0010  0.0110  0.0070  0.1870  
 87       87  (43)      6 :  0.9610  0.0140  0.0090  0.0090  0.0030  0.0020  0.0020  
 88       88  (21)      6 :  0.7497  0.0080  0.0090  0.0010  0.1201  0.0230  0.0891  
 89       89  (11)      6 :  0.0030  0.8450  0.1310  0.0080  0.0030  0.0050  0.0050  
 90       90  (21)      6 :  0.0060  0.8328  0.1111  0.0420  0.0060  0.0010  0.0010  
 91       91  (14)      6 :  0.0170  0.2190  0.7370  0.0020  0.0050  0.0010  0.0190  
 92       92   (9)      7 :  0.0120  0.0170  0.8200  0.0090  0.1360  0.0020  0.0040  
 93       93  (16)      7 :  0.0020  0.0050  0.9540  0.0340  0.0020  0.0010  0.0020  
 94       94  (24)      7 :  0.0010  0.0020  0.0020  0.0010  0.9930  0.0000  0.0010  
 95       95   (6)      7 :  0.0080  0.8990  0.0510  0.0010  0.0370  0.0010  0.0030  
 96       96  (34)      7 :  0.0180  0.0080  0.9069  0.0060  0.0290  0.0040  0.0280  
 97       97  (21)      7 :  0.8999  0.0110  0.0360  0.0140  0.0360  0.0020  0.0010  
 98       98  (11)      7 :  0.0150  0.0210  0.9540  0.0020  0.0030  0.0040  0.0010  
 99       99  (17)      7 :  0.0240  0.9440  0.0100  0.0030  0.0100  0.0030  0.0060  
100      100  (14)      7 :  0.9341  0.0170  0.0120  0.0150  0.0040  0.0160  0.0020  
101      101  (55)      7 :  0.5400  0.1000  0.3270  0.0230  0.0060  0.0020  0.0020  
102      102  (12)      7 :  0.0060  0.6140  0.3580  0.0080  0.0100  0.0030  0.0010  
103      103  (14)      7 :  0.0070  0.9830  0.0020  0.0010  0.0010  0.0030  0.0030  
104      104  (17)      7 :  0.0370  0.8720  0.0370  0.0080  0.0390  0.0060  0.0010  
105      105  (14)      7 :  0.0040  0.9630  0.0160  0.0010  0.0100  0.0050  0.0010  
