  1        1  (17)      1 :  0.7700  0.0010  0.2260  0.0030  
  2        2   (7)      1 :  0.8220  0.0030  0.0210  0.1540  
  3        3  (17)      1 :  0.8260  0.0020  0.0060  0.1660  
  4        4  (10)      1 :  0.8230  0.0110  0.1250  0.0410  
  5        5  (71)      1 :  0.8590  0.0030  0.0410  0.0970  
  6        6  (17)      1 :  0.8168  0.0040  0.0070  0.1722  
  7        7  (18)      1 :  0.7540  0.2370  0.0040  0.0050  
  8        8  (32)      1 :  0.8470  0.0010  0.0810  0.0710  
  9        9  (20)      1 :  0.8280  0.0050  0.0030  0.1640  
 10       10  (27)      1 :  0.8218  0.0020  0.0230  0.1532  
 11       11  (22)      1 :  0.8440  0.0020  0.0300  0.1240  
 12       12  (22)      1 :  0.8408  0.0020  0.1451  0.0120  
 13       13   (6)      1 :  0.8010  0.0030  0.0100  0.1860  
 14       14  (46)      1 :  0.8440  0.0050  0.0030  0.1480  
 15       15  (12)      1 :  0.7658  0.0010  0.2232  0.0100  
 16       16  (13)      2 :  0.8250  0.0020  0.0030  0.1700  
 17       17  (12)      2 :  0.7950  0.0040  0.0120  0.1890  
 18       18  (10)      2 :  0.8180  0.0290  0.0030  0.1500  
 19       19  (11)      2 :  0.8570  0.0010  0.0130  0.1290  
 20       20   (6)      2 :  0.8018  0.0050  0.1111  0.0821  
 21       21  (27)      2 :  0.8428  0.0050  0.0040  0.1481  
 22       22   (9)      2 :  0.7890  0.0020  0.0120  0.1970  
 23       23   (9)      2 :  0.7762  0.0020  0.0350  0.1868  
 24       24  (13)      2 :  0.8218  0.0140  0.0280  0.1361  
 25       25  (43)      2 :  0.8480  0.0030  0.0660  0.0830  
 26       26  (11)      2 :  0.8000  0.0010  0.0100  0.1890  
 27       27  (26)      2 :  0.8230  0.0030  0.1300  0.0440  
 28       28  (15)      2 :  0.8212  0.0040  0.0210  0.1538  
 29       29  (27)      2 :  0.8182  0.0070  0.0330  0.1419  
 30       30  (14)      2 :  0.8080  0.0240  0.0090  0.1590  
 31       31   (6)      2 :  0.8370  0.0120  0.0080  0.1430  
 32       32  (28)      3 :  0.8438  0.0090  0.0501  0.0971  
 33       33   (8)      3 :  0.7910  0.0030  0.0740  0.1320  
 34       34  (27)      3 :  0.8320  0.0040  0.0060  0.1580  
 35       35  (10)      3 :  0.7812  0.0040  0.0090  0.2058  
 36       36  (19)      3 :  0.8230  0.0030  0.1170  0.0570  
 37       37  (51)      3 :  0.7290  0.2610  0.0060  0.0040  
 38       38  (37)      3 :  0.8330  0.0020  0.0060  0.1590  
 39       39  (23)      3 :  0.8010  0.0080  0.0060  0.1850  
 40       40  (10)      3 :  0.8540  0.0060  0.0060  0.1340  
 41       41  (17)      3 :  0.8110  0.0070  0.0070  0.1750  
 42       42  (61)      3 :  0.8222  0.0040  0.0270  0.1469  
 43       43  (11)      3 :  0.7850  0.0240  0.0090  0.1820  
 44       44  (20)      3 :  0.8150  0.0050  0.0110  0.1690  
 45       45  (14)      3 :  0.8190  0.0070  0.0170  0.1570  
 46       46  (19)      3 :  0.8068  0.0020  0.1872  0.0040  
 47       47   (9)      4 :  0.8280  0.0020  0.0280  0.1420  
 48       48   (8)      4 :  0.8090  0.0010  0.0170  0.1730  
 49       49   (7)      4 :  0.8030  0.0030  0.0780  0.1160  
 50       50  (22)      4 :  0.8400  0.0010  0.0120  0.1470  
 51       51   (7)      4 :  0.8162  0.0020  0.1019  0.0799  
 52       52   (5)      4 :  0.8330  0.0040  0.0470  0.1160  
 53       53  (40)      4 :  0.8080  0.1890  0.0010  0.0020  
 54       54  (15)      4 :  0.7900  0.0010  0.1400  0.0690  
 55       55  (14)      4 :  0.8120  0.0040  0.0400  0.1440  
 56       56   (6)      4 :  0.8250  0.0010  0.0030  0.1710  
 57       57  (14)      4 :  0.8178  0.1211  0.0210  0.0400  
 58       58   (8)      4 :  0.8260  0.0010  0.0460  0.1270  
 59       59  (12)      4 :  0.7978  0.0060  0.1772  0.0190  
 60       60   (7)      4 :  0.7970  0.0050  0.0030  0.1950  
 61       61  (30)      5 :  0.8500  0.0030  0.0080  0.1390  
 62       62  (11)      5 :  0.8200  0.0010  0.0190  0.1600  
 63       63  (48)      5 :  0.8368  0.0190  0.0531  0.0911  
 64       64  (18)      5 :  0.8070  0.0070  0.0030  0.1830  
 65       65  (24)      5 :  0.7790  0.0010  0.0150  0.2050  
 66       66  (14)      5 :  0.7962  0.0020  0.0639  0.1379  
 67       67   (8)      5 :  0.8242  0.0030  0.0090  0.1638  
 68       68   (5)      5 :  0.7920  0.0010  0.0050  0.2020  
 69       69  (36)      5 :  0.8380  0.0050  0.1410  0.0160  
 70       70  (14)      5 :  0.8160  0.0010  0.0220  0.1610  
 71       71  (23)      5 :  0.8440  0.0010  0.0330  0.1220  
 72       72  (47)      5 :  0.7902  0.0120  0.0040  0.1938  
 73       73  (17)      5 :  0.8020  0.0050  0.0710  0.1220  
 74       74   (9)      5 :  0.8430  0.0010  0.0930  0.0630  
 75       75  (13)      5 :  0.7980  0.0110  0.1310  0.0600  
 76       76  (18)      6 :  0.8098  0.0010  0.0090  0.1802  
 77       77   (9)      6 :  0.8150  0.0020  0.0050  0.1780  
 78       78  (16)      6 :  0.7850  0.0190  0.0170  0.1790  
 79       79  (11)      6 :  0.8242  0.0020  0.0589  0.1149  
 80       80  (16)      6 :  0.8252  0.0200  0.0150  0.1399  
 81       81   (7)      6 :  0.8270  0.0020  0.0050  0.1660  
 82       82  (21)      6 :  0.8260  0.0030  0.0040  0.1670  
 83       83  (11)      6 :  0.8270  0.0030  0.0150  0.1550  
 84       84  (13)      6 :  0.7870  0.0020  0.0090  0.2020  
 85       85   (7)      6 :  0.8438  0.0010  0.0090  0.1461  
 86       86  (19)      6 :  0.8070  0.0050  0.0050  0.1830  
 87       87  (43)      6 :  0.8220  0.0440  0.0410  0.0930  
 88       88  (21)      6 :  0.8420  0.0050  0.0400  0.1130  
 89       89  (11)      6 :  0.8240  0.0080  0.0080  0.1600  
 90       90  (21)      6 :  0.8511  0.0080  0.0050  0.1359  
 91       91  (14)      6 :  0.8390  0.0010  0.0440  0.1160  
 92       92   (9)      7 :  0.8250  0.0310  0.0120  0.1320  
 93       93  (16)      7 :  0.8192  0.0180  0.0669  0.0959  
 94       94  (24)      7 :  0.8030  0.1930  0.0020  0.0020  
 95       95   (6)      7 :  0.8172  0.0020  0.0320  0.1489  
 96       96  (34)      7 :  0.8550  0.0440  0.0110  0.0900  
 97       97  (21)      7 :  0.8370  0.0090  0.1030  0.0510  
 98       98  (11)      7 :  0.8050  0.0070  0.0680  0.1200  
 99       99  (17)      7 :  0.8410  0.0100  0.0330  0.1160  
100      100  (14)      7 :  0.7800  0.0880  0.0450  0.0870  
101      101  (55)      7 :  0.8450  0.0040  0.0210  0.1300  
102      102  (12)      7 :  0.8352  0.0030  0.0350  0.1269  
103      103  (14)      7 :  0.8198  0.0030  0.0140  0.1632  
104      104  (17)      7 :  0.8130  0.0010  0.1010  0.0850  
105      105  (14)      7 :  0.8258  0.0010  0.0020  0.1712  
