  1        1  (17)      1 :  0.0070  0.7120  0.0120  0.0070  0.2590  0.0030  
  2        2   (7)      1 :  0.0020  0.2950  0.6710  0.0080  0.0100  0.0140  
  3        3  (17)      1 :  0.0080  0.7998  0.1391  0.0270  0.0210  0.0050  
  4        4  (10)      1 :  0.0070  0.3320  0.3560  0.0170  0.2730  0.0150  
  5        5  (71)      1 :  0.0040  0.8750  0.0430  0.0110  0.0390  0.0280  
  6        6  (17)      1 :  0.0140  0.0971  0.8619  0.0120  0.0070  0.0080  
  7        7  (18)      1 :  0.0100  0.0030  0.0040  0.0010  0.0020  0.9800  
  8        8  (32)      1 :  0.0020  0.0549  0.2258  0.0080  0.6943  0.0150  
  9        9  (20)      1 :  0.0040  0.9099  0.0340  0.0210  0.0090  0.0220  
 10       10  (27)      1 :  0.0070  0.5260  0.0150  0.0460  0.3040  0.1020  
 11       11  (22)      1 :  0.0070  0.7500  0.0610  0.0150  0.1630  0.0040  
 12       12  (22)      1 :  0.0020  0.0070  0.0280  0.7210  0.0080  0.2340  
 13       13   (6)      1 :  0.0130  0.8092  0.0559  0.0270  0.0819  0.0130  
 14       14  (46)      1 :  0.0130  0.0770  0.5230  0.3000  0.0350  0.0520  
 15       15  (12)      1 :  0.0350  0.6817  0.1652  0.0060  0.0771  0.0350  
 16       16  (13)      2 :  0.0050  0.0230  0.5570  0.0130  0.3980  0.0040  
 17       17  (12)      2 :  0.0320  0.0220  0.6176  0.2713  0.0110  0.0460  
 18       18  (10)      2 :  0.0070  0.0501  0.8328  0.0310  0.0130  0.0661  
 19       19  (11)      2 :  0.0290  0.0500  0.9000  0.0070  0.0100  0.0040  
 20       20   (6)      2 :  0.0050  0.6450  0.0310  0.2430  0.0730  0.0030  
 21       21  (27)      2 :  0.0090  0.0100  0.9431  0.0150  0.0160  0.0070  
 22       22   (9)      2 :  0.0120  0.0190  0.9319  0.0220  0.0030  0.0120  
 23       23   (9)      2 :  0.0020  0.7700  0.2040  0.0090  0.0040  0.0110  
 24       24  (13)      2 :  0.0460  0.5300  0.2990  0.0620  0.0340  0.0290  
 25       25  (43)      2 :  0.0020  0.0020  0.0020  0.0020  0.9900  0.0020  
 26       26  (11)      2 :  0.0020  0.1110  0.6390  0.2020  0.0340  0.0120  
 27       27  (26)      2 :  0.0210  0.7047  0.0170  0.2452  0.0080  0.0040  
 28       28  (15)      2 :  0.0160  0.1588  0.7443  0.0040  0.0639  0.0130  
 29       29  (27)      2 :  0.0160  0.0580  0.5850  0.0800  0.2090  0.0520  
 30       30  (14)      2 :  0.0440  0.5265  0.0549  0.1479  0.1938  0.0330  
 31       31   (6)      2 :  0.0060  0.0390  0.0869  0.5834  0.2727  0.0120  
 32       32  (28)      3 :  0.0110  0.9271  0.0190  0.0130  0.0260  0.0040  
 33       33   (8)      3 :  0.0050  0.1510  0.7350  0.0560  0.0480  0.0050  
 34       34  (27)      3 :  0.0100  0.2740  0.6410  0.0150  0.0560  0.0040  
 35       35  (10)      3 :  0.0030  0.0100  0.8980  0.0080  0.0640  0.0170  
 36       36  (19)      3 :  0.0120  0.1100  0.3730  0.0070  0.4530  0.0450  
 37       37  (51)      3 :  0.9800  0.0030  0.0040  0.0020  0.0060  0.0050  
 38       38  (37)      3 :  0.0030  0.3826  0.0430  0.0310  0.5345  0.0060  
 39       39  (23)      3 :  0.0050  0.0370  0.9149  0.0280  0.0090  0.0060  
 40       40  (10)      3 :  0.0539  0.3966  0.1309  0.0170  0.3716  0.0300  
 41       41  (17)      3 :  0.0040  0.2050  0.0090  0.0080  0.6070  0.1670  
 42       42  (61)      3 :  0.0260  0.5125  0.2278  0.0629  0.1568  0.0140  
 43       43  (11)      3 :  0.0070  0.8840  0.0250  0.0240  0.0500  0.0100  
 44       44  (20)      3 :  0.0060  0.2850  0.5940  0.0100  0.0990  0.0060  
 45       45  (14)      3 :  0.0541  0.4665  0.0090  0.2723  0.1952  0.0030  
 46       46  (19)      3 :  0.0050  0.0050  0.0080  0.9680  0.0110  0.0030  
 47       47   (9)      4 :  0.0120  0.6577  0.3133  0.0080  0.0070  0.0020  
 48       48   (8)      4 :  0.0140  0.0430  0.9261  0.0070  0.0080  0.0020  
 49       49   (7)      4 :  0.0030  0.6354  0.2857  0.0080  0.0529  0.0150  
 50       50  (22)      4 :  0.0230  0.2690  0.0360  0.0060  0.6630  0.0030  
 51       51   (7)      4 :  0.0040  0.1890  0.7590  0.0130  0.0330  0.0020  
 52       52   (5)      4 :  0.0210  0.7920  0.1590  0.0060  0.0160  0.0060  
 53       53  (40)      4 :  0.9900  0.0020  0.0020  0.0020  0.0020  0.0020  
 54       54  (15)      4 :  0.0080  0.9440  0.0060  0.0080  0.0320  0.0020  
 55       55  (14)      4 :  0.0669  0.0470  0.8212  0.0090  0.0290  0.0270  
 56       56   (6)      4 :  0.0050  0.1900  0.4870  0.1040  0.2130  0.0010  
 57       57  (14)      4 :  0.1582  0.0070  0.0170  0.0160  0.7337  0.0681  
 58       58   (8)      4 :  0.0020  0.8312  0.0270  0.0549  0.0789  0.0060  
 59       59  (12)      4 :  0.0420  0.7440  0.1840  0.0060  0.0220  0.0020  
 60       60   (7)      4 :  0.0080  0.4615  0.3714  0.1201  0.0210  0.0180  
 61       61  (30)      5 :  0.0340  0.1100  0.7090  0.1000  0.0370  0.0100  
 62       62  (11)      5 :  0.0030  0.0490  0.7520  0.1860  0.0040  0.0060  
 63       63  (48)      5 :  0.0080  0.7213  0.0519  0.0519  0.0180  0.1489  
 64       64  (18)      5 :  0.0330  0.0230  0.9090  0.0070  0.0230  0.0050  
 65       65  (24)      5 :  0.0020  0.0020  0.0040  0.9880  0.0020  0.0020  
 66       66  (14)      5 :  0.0100  0.8260  0.0790  0.0270  0.0560  0.0020  
 67       67   (8)      5 :  0.0040  0.0771  0.7357  0.1371  0.0290  0.0170  
 68       68   (5)      5 :  0.0100  0.8220  0.1310  0.0070  0.0180  0.0120  
 69       69  (36)      5 :  0.0100  0.5580  0.0340  0.3220  0.0600  0.0160  
 70       70  (14)      5 :  0.0180  0.0510  0.8860  0.0300  0.0120  0.0030  
 71       71  (23)      5 :  0.0050  0.0741  0.1041  0.0931  0.7207  0.0030  
 72       72  (47)      5 :  0.0410  0.2733  0.5425  0.0140  0.0701  0.0591  
 73       73  (17)      5 :  0.0050  0.1450  0.7750  0.0240  0.0460  0.0050  
 74       74   (9)      5 :  0.0020  0.7788  0.1181  0.0120  0.0040  0.0851  
 75       75  (13)      5 :  0.0559  0.7542  0.0430  0.0070  0.0829  0.0569  
 76       76  (18)      6 :  0.0050  0.0140  0.9051  0.0330  0.0070  0.0360  
 77       77   (9)      6 :  0.0060  0.1532  0.7247  0.0921  0.0190  0.0050  
 78       78  (16)      6 :  0.0210  0.0350  0.5280  0.4050  0.0080  0.0030  
 79       79  (11)      6 :  0.0020  0.0160  0.8970  0.0510  0.0110  0.0230  
 80       80  (16)      6 :  0.0020  0.7190  0.0390  0.2230  0.0110  0.0060  
 81       81   (7)      6 :  0.0040  0.0880  0.8590  0.0260  0.0070  0.0160  
 82       82  (21)      6 :  0.0050  0.0400  0.9021  0.0140  0.0360  0.0030  
 83       83  (11)      6 :  0.0320  0.0290  0.8142  0.0100  0.1099  0.0050  
 84       84  (13)      6 :  0.0040  0.0140  0.9340  0.0060  0.0280  0.0140  
 85       85   (7)      6 :  0.0040  0.2530  0.5750  0.1040  0.0140  0.0500  
 86       86  (19)      6 :  0.0080  0.0920  0.0110  0.0100  0.8320  0.0470  
 87       87  (43)      6 :  0.0571  0.3383  0.1131  0.2352  0.2302  0.0260  
 88       88  (21)      6 :  0.0210  0.0891  0.1822  0.1221  0.5205  0.0651  
 89       89  (11)      6 :  0.0030  0.0080  0.6740  0.2420  0.0370  0.0360  
 90       90  (21)      6 :  0.0900  0.6450  0.1840  0.0600  0.0160  0.0050  
 91       91  (14)      6 :  0.0060  0.0560  0.4870  0.0360  0.4030  0.0120  
 92       92   (9)      7 :  0.0210  0.0110  0.6284  0.2597  0.0729  0.0070  
 93       93  (16)      7 :  0.0060  0.0330  0.9311  0.0110  0.0140  0.0050  
 94       94  (24)      7 :  0.0120  0.0140  0.0320  0.8920  0.0470  0.0030  
 95       95   (6)      7 :  0.0010  0.8302  0.0320  0.0160  0.1109  0.0100  
 96       96  (34)      7 :  0.0110  0.0400  0.6860  0.0110  0.2270  0.0250  
 97       97  (21)      7 :  0.0040  0.0500  0.7383  0.1499  0.0290  0.0290  
 98       98  (11)      7 :  0.0020  0.0310  0.8981  0.0040  0.0569  0.0080  
 99       99  (17)      7 :  0.0080  0.6590  0.2860  0.0150  0.0210  0.0110  
100      100  (14)      7 :  0.1950  0.0670  0.3010  0.0310  0.2660  0.1400  
101      101  (55)      7 :  0.0040  0.1231  0.2813  0.0270  0.5225  0.0420  
102      102  (12)      7 :  0.0050  0.0150  0.8240  0.0990  0.0170  0.0400  
103      103  (14)      7 :  0.0200  0.7370  0.0960  0.0140  0.1290  0.0040  
104      104  (17)      7 :  0.0030  0.9210  0.0100  0.0500  0.0050  0.0110  
105      105  (14)      7 :  0.0040  0.8991  0.0639  0.0080  0.0110  0.0140  
