  1        1  (17)      1 :  0.8040  0.0010  0.0220  0.0030  0.1700  
  2        2   (7)      1 :  0.0010  0.0010  0.0010  0.9790  0.0180  
  3        3  (17)      1 :  0.0070  0.0010  0.0020  0.9800  0.0100  
  4        4  (10)      1 :  0.0080  0.0020  0.0010  0.9730  0.0160  
  5        5  (71)      1 :  0.0280  0.0040  0.0020  0.2567  0.7093  
  6        6  (17)      1 :  0.0030  0.0120  0.0010  0.5654  0.4186  
  7        7  (18)      1 :  0.0620  0.1650  0.0000  0.7660  0.0070  
  8        8  (32)      1 :  0.0080  0.0020  0.0030  0.9780  0.0090  
  9        9  (20)      1 :  0.0040  0.0170  0.0020  0.0060  0.9710  
 10       10  (27)      1 :  0.0050  0.0030  0.0010  0.1990  0.7920  
 11       11  (22)      1 :  0.0050  0.0020  0.0020  0.0320  0.9590  
 12       12  (22)      1 :  0.0030  0.0010  0.0010  0.0090  0.9860  
 13       13   (6)      1 :  0.0340  0.0020  0.0010  0.0921  0.8709  
 14       14  (46)      1 :  0.0050  0.0020  0.0140  0.2468  0.7323  
 15       15  (12)      1 :  0.0090  0.0010  0.0070  0.9730  0.0100  
 16       16  (13)      2 :  0.0040  0.0070  0.0030  0.0120  0.9740  
 17       17  (12)      2 :  0.0110  0.0030  0.0040  0.9760  0.0060  
 18       18  (10)      2 :  0.0100  0.0280  0.0020  0.0080  0.9520  
 19       19  (11)      2 :  0.0100  0.0220  0.0190  0.0080  0.9410  
 20       20   (6)      2 :  0.0759  0.0010  0.0040  0.0140  0.9051  
 21       21  (27)      2 :  0.0120  0.0010  0.0010  0.0200  0.9660  
 22       22   (9)      2 :  0.0020  0.0040  0.0010  0.0110  0.9820  
 23       23   (9)      2 :  0.0030  0.0030  0.0010  0.9870  0.0060  
 24       24  (13)      2 :  0.0870  0.0300  0.0010  0.4840  0.3980  
 25       25  (43)      2 :  0.9950  0.0000  0.0030  0.0010  0.0010  
 26       26  (11)      2 :  0.0130  0.0040  0.0200  0.0440  0.9190  
 27       27  (26)      2 :  0.0040  0.0050  0.0020  0.9850  0.0040  
 28       28  (15)      2 :  0.0140  0.0020  0.0100  0.0100  0.9640  
 29       29  (27)      2 :  0.0030  0.0020  0.0070  0.0080  0.9800  
 30       30  (14)      2 :  0.0060  0.0050  0.0010  0.4060  0.5820  
 31       31   (6)      2 :  0.0010  0.0110  0.0050  0.0110  0.9720  
 32       32  (28)      3 :  0.3250  0.1510  0.0020  0.4800  0.0420  
 33       33   (8)      3 :  0.0040  0.0030  0.0030  0.9770  0.0130  
 34       34  (27)      3 :  0.0210  0.0020  0.0020  0.9420  0.0330  
 35       35  (10)      3 :  0.0040  0.0020  0.0010  0.0180  0.9750  
 36       36  (19)      3 :  0.0220  0.0050  0.0100  0.0579  0.9051  
 37       37  (51)      3 :  0.0020  0.9940  0.0010  0.0010  0.0020  
 38       38  (37)      3 :  0.0050  0.0020  0.0010  0.0100  0.9820  
 39       39  (23)      3 :  0.0020  0.0030  0.0030  0.0230  0.9690  
 40       40  (10)      3 :  0.1702  0.0050  0.0010  0.0040  0.8198  
 41       41  (17)      3 :  0.0040  0.0330  0.0010  0.9520  0.0100  
 42       42  (61)      3 :  0.0980  0.0090  0.0020  0.1490  0.7420  
 43       43  (11)      3 :  0.0050  0.0010  0.0060  0.0020  0.9860  
 44       44  (20)      3 :  0.0090  0.0080  0.0010  0.9091  0.0729  
 45       45  (14)      3 :  0.0010  0.0010  0.0030  0.9419  0.0531  
 46       46  (19)      3 :  0.0280  0.0030  0.0020  0.0030  0.9640  
 47       47   (9)      4 :  0.0070  0.0020  0.0010  0.9670  0.0230  
 48       48   (8)      4 :  0.0020  0.0010  0.0010  0.0090  0.9870  
 49       49   (7)      4 :  0.0140  0.0020  0.0010  0.1290  0.8540  
 50       50  (22)      4 :  0.8090  0.0580  0.0010  0.0930  0.0390  
 51       51   (7)      4 :  0.0120  0.0010  0.0010  0.8649  0.1211  
 52       52   (5)      4 :  0.0160  0.0060  0.0010  0.0080  0.9690  
 53       53  (40)      4 :  0.0010  0.9970  0.0000  0.0010  0.0010  
 54       54  (15)      4 :  0.0040  0.0010  0.0010  0.9890  0.0050  
 55       55  (14)      4 :  0.0110  0.0140  0.0790  0.8730  0.0230  
 56       56   (6)      4 :  0.1019  0.0040  0.0030  0.8801  0.0110  
 57       57  (14)      4 :  0.7940  0.1800  0.0080  0.0030  0.0150  
 58       58   (8)      4 :  0.0240  0.0010  0.0100  0.2380  0.7270  
 59       59  (12)      4 :  0.0040  0.0010  0.0040  0.9810  0.0100  
 60       60   (7)      4 :  0.0060  0.0160  0.0020  0.0140  0.9620  
 61       61  (30)      5 :  0.0020  0.0180  0.0060  0.4270  0.5470  
 62       62  (11)      5 :  0.0030  0.0020  0.0470  0.9350  0.0130  
 63       63  (48)      5 :  0.0040  0.0010  0.0040  0.9800  0.0110  
 64       64  (18)      5 :  0.9451  0.0050  0.0130  0.0150  0.0220  
 65       65  (24)      5 :  0.0030  0.0000  0.9920  0.0020  0.0030  
 66       66  (14)      5 :  0.0440  0.0100  0.0030  0.8651  0.0779  
 67       67   (8)      5 :  0.1380  0.0010  0.0240  0.0430  0.7940  
 68       68   (5)      5 :  0.0080  0.0050  0.0020  0.0230  0.9620  
 69       69  (36)      5 :  0.0080  0.0020  0.0020  0.9299  0.0581  
 70       70  (14)      5 :  0.0020  0.0030  0.0030  0.9850  0.0070  
 71       71  (23)      5 :  0.2637  0.0040  0.0020  0.7203  0.0100  
 72       72  (47)      5 :  0.1878  0.0040  0.0010  0.0949  0.7123  
 73       73  (17)      5 :  0.2180  0.0020  0.0010  0.7460  0.0330  
 74       74   (9)      5 :  0.0090  0.0010  0.0050  0.1602  0.8248  
 75       75  (13)      5 :  0.3860  0.0040  0.0010  0.5920  0.0170  
 76       76  (18)      6 :  0.0050  0.0020  0.0010  0.0250  0.9670  
 77       77   (9)      6 :  0.0030  0.0010  0.0030  0.9479  0.0450  
 78       78  (16)      6 :  0.0020  0.0070  0.1900  0.7970  0.0040  
 79       79  (11)      6 :  0.0150  0.0010  0.0020  0.9660  0.0160  
 80       80  (16)      6 :  0.0240  0.0030  0.0010  0.9550  0.0170  
 81       81   (7)      6 :  0.0030  0.0030  0.0010  0.0370  0.9560  
 82       82  (21)      6 :  0.0340  0.0020  0.0010  0.6517  0.3113  
 83       83  (11)      6 :  0.2220  0.0070  0.0010  0.3230  0.4470  
 84       84  (13)      6 :  0.0040  0.0030  0.0010  0.8480  0.1440  
 85       85   (7)      6 :  0.0080  0.0010  0.0140  0.1380  0.8390  
 86       86  (19)      6 :  0.9520  0.0170  0.0010  0.0060  0.0240  
 87       87  (43)      6 :  0.0060  0.0130  0.0010  0.2250  0.7550  
 88       88  (21)      6 :  0.1231  0.0010  0.0010  0.0220  0.8529  
 89       89  (11)      6 :  0.0020  0.0040  0.0140  0.9630  0.0170  
 90       90  (21)      6 :  0.0020  0.0090  0.0030  0.0480  0.9379  
 91       91  (14)      6 :  0.3774  0.0010  0.0330  0.5786  0.0100  
 92       92   (9)      7 :  0.0380  0.0020  0.0050  0.0070  0.9480  
 93       93  (16)      7 :  0.0290  0.0020  0.0010  0.6490  0.3190  
 94       94  (24)      7 :  0.0030  0.0430  0.0010  0.0070  0.9460  
 95       95   (6)      7 :  0.0160  0.0010  0.0010  0.9680  0.0140  
 96       96  (34)      7 :  0.1658  0.0060  0.0020  0.7632  0.0629  
 97       97  (21)      7 :  0.0040  0.0050  0.0050  0.0060  0.9800  
 98       98  (11)      7 :  0.0030  0.0010  0.0100  0.0080  0.9780  
 99       99  (17)      7 :  0.0630  0.0220  0.0010  0.0680  0.8460  
100      100  (14)      7 :  0.0190  0.2960  0.0020  0.6630  0.0200  
101      101  (55)      7 :  0.1290  0.0030  0.0020  0.2850  0.5810  
102      102  (12)      7 :  0.0361  0.0000  0.0020  0.9429  0.0190  
103      103  (14)      7 :  0.1920  0.0030  0.0020  0.0170  0.7860  
104      104  (17)      7 :  0.0030  0.0010  0.0010  0.9880  0.0070  
105      105  (14)      7 :  0.0040  0.1069  0.0010  0.0490  0.8392  
