  1        1  (17)      1 :  0.2040  0.4420  0.3540  
  2        2   (7)      1 :  0.3740  0.3330  0.2930  
  3        3  (17)      1 :  0.2960  0.4230  0.2810  
  4        4  (10)      1 :  0.2640  0.4420  0.2940  
  5        5  (71)      1 :  0.3197  0.4136  0.2667  
  6        6  (17)      1 :  0.4340  0.2530  0.3130  
  7        7  (18)      1 :  0.5800  0.1500  0.2700  
  8        8  (32)      1 :  0.3500  0.3740  0.2760  
  9        9  (20)      1 :  0.4550  0.2860  0.2590  
 10       10  (27)      1 :  0.3814  0.3634  0.2553  
 11       11  (22)      1 :  0.2850  0.4770  0.2380  
 12       12  (22)      1 :  0.5220  0.2000  0.2780  
 13       13   (6)      1 :  0.4755  0.2308  0.2937  
 14       14  (46)      1 :  0.5130  0.2310  0.2560  
 15       15  (12)      1 :  0.2338  0.4206  0.3457  
 16       16  (13)      2 :  0.2940  0.4380  0.2680  
 17       17  (12)      2 :  0.3690  0.3430  0.2880  
 18       18  (10)      2 :  0.3457  0.3566  0.2977  
 19       19  (11)      2 :  0.3870  0.3830  0.2300  
 20       20   (6)      2 :  0.3824  0.3023  0.3153  
 21       21  (27)      2 :  0.3860  0.3600  0.2540  
 22       22   (9)      2 :  0.3940  0.3080  0.2980  
 23       23   (9)      2 :  0.2690  0.4340  0.2970  
 24       24  (13)      2 :  0.4300  0.2910  0.2790  
 25       25  (43)      2 :  0.3460  0.4530  0.2010  
 26       26  (11)      2 :  0.3280  0.3860  0.2860  
 27       27  (26)      2 :  0.3460  0.3400  0.3140  
 28       28  (15)      2 :  0.3170  0.4210  0.2620  
 29       29  (27)      2 :  0.3710  0.3810  0.2480  
 30       30  (14)      2 :  0.3970  0.3290  0.2740  
 31       31   (6)      2 :  0.4590  0.2770  0.2640  
 32       32  (28)      3 :  0.4410  0.3500  0.2090  
 33       33   (8)      3 :  0.3810  0.3000  0.3190  
 34       34  (27)      3 :  0.3010  0.4330  0.2660  
 35       35  (10)      3 :  0.3580  0.3390  0.3030  
 36       36  (19)      3 :  0.4020  0.3210  0.2770  
 37       37  (51)      3 :  0.3670  0.3620  0.2710  
 38       38  (37)      3 :  0.3750  0.3850  0.2400  
 39       39  (23)      3 :  0.2560  0.4180  0.3260  
 40       40  (10)      3 :  0.4540  0.3390  0.2070  
 41       41  (17)      3 :  0.4084  0.2953  0.2963  
 42       42  (61)      3 :  0.3210  0.4060  0.2730  
 43       43  (11)      3 :  0.3670  0.3410  0.2920  
 44       44  (20)      3 :  0.3600  0.3950  0.2450  
 45       45  (14)      3 :  0.3810  0.3590  0.2600  
 46       46  (19)      3 :  0.3217  0.3936  0.2847  
 47       47   (9)      4 :  0.3230  0.4300  0.2470  
 48       48   (8)      4 :  0.2777  0.4316  0.2907  
 49       49   (7)      4 :  0.3900  0.3250  0.2850  
 50       50  (22)      4 :  0.3630  0.3090  0.3280  
 51       51   (7)      4 :  0.3417  0.3606  0.2977  
 52       52   (5)      4 :  0.3720  0.3470  0.2810  
 53       53  (40)      4 :  0.3860  0.2580  0.3560  
 54       54  (15)      4 :  0.4106  0.3377  0.2517  
 55       55  (14)      4 :  0.3550  0.3620  0.2830  
 56       56   (6)      4 :  0.3380  0.3750  0.2870  
 57       57  (14)      4 :  0.3990  0.2990  0.3020  
 58       58   (8)      4 :  0.3040  0.3900  0.3060  
 59       59  (12)      4 :  0.3170  0.3940  0.2890  
 60       60   (7)      4 :  0.3003  0.3934  0.3063  
 61       61  (30)      5 :  0.2847  0.4436  0.2717  
 62       62  (11)      5 :  0.3940  0.3280  0.2780  
 63       63  (48)      5 :  0.3660  0.4110  0.2230  
 64       64  (18)      5 :  0.3760  0.3320  0.2920  
 65       65  (24)      5 :  0.1900  0.4930  0.3170  
 66       66  (14)      5 :  0.3370  0.3720  0.2910  
 67       67   (8)      5 :  0.3110  0.3650  0.3240  
 68       68   (5)      5 :  0.4480  0.2350  0.3170  
 69       69  (36)      5 :  0.4310  0.3250  0.2440  
 70       70  (14)      5 :  0.3280  0.4180  0.2540  
 71       71  (23)      5 :  0.3934  0.3664  0.2402  
 72       72  (47)      5 :  0.3760  0.3370  0.2870  
 73       73  (17)      5 :  0.3420  0.3540  0.3040  
 74       74   (9)      5 :  0.3940  0.3440  0.2620  
 75       75  (13)      5 :  0.3480  0.3140  0.3380  
 76       76  (18)      6 :  0.4414  0.2783  0.2803  
 77       77   (9)      6 :  0.3430  0.3730  0.2840  
 78       78  (16)      6 :  0.3800  0.2900  0.3300  
 79       79  (11)      6 :  0.3220  0.4140  0.2640  
 80       80  (16)      6 :  0.3420  0.3910  0.2670  
 81       81   (7)      6 :  0.3774  0.3483  0.2743  
 82       82  (21)      6 :  0.3400  0.3400  0.3200  
 83       83  (11)      6 :  0.3690  0.3540  0.2770  
 84       84  (13)      6 :  0.3676  0.3147  0.3177  
 85       85   (7)      6 :  0.3580  0.3900  0.2520  
 86       86  (19)      6 :  0.5350  0.2220  0.2430  
 87       87  (43)      6 :  0.4440  0.3090  0.2470  
 88       88  (21)      6 :  0.3704  0.3844  0.2452  
 89       89  (11)      6 :  0.4216  0.3037  0.2747  
 90       90  (21)      6 :  0.3467  0.4126  0.2408  
 91       91  (14)      6 :  0.3220  0.4040  0.2740  
 92       92   (9)      7 :  0.3720  0.3280  0.3000  
 93       93  (16)      7 :  0.3786  0.3407  0.2807  
 94       94  (24)      7 :  0.3680  0.3880  0.2440  
 95       95   (6)      7 :  0.3290  0.4090  0.2620  
 96       96  (34)      7 :  0.3910  0.3570  0.2520  
 97       97  (21)      7 :  0.3410  0.3960  0.2630  
 98       98  (11)      7 :  0.3130  0.3690  0.3180  
 99       99  (17)      7 :  0.4030  0.3500  0.2470  
100      100  (14)      7 :  0.3320  0.3530  0.3150  
101      101  (55)      7 :  0.3880  0.3180  0.2940  
102      102  (12)      7 :  0.4124  0.3223  0.2653  
103      103  (14)      7 :  0.3590  0.3660  0.2750  
104      104  (17)      7 :  0.2480  0.4920  0.2600  
105      105  (14)      7 :  0.5015  0.2392  0.2593  
