  1        1  (17)      1 :  0.0030  0.0020  0.9421  0.0270  0.0010  0.0010  0.0240  
  2        2   (7)      1 :  0.6986  0.0908  0.1976  0.0010  0.0020  0.0090  0.0010  
  3        3  (17)      1 :  0.9440  0.0110  0.0140  0.0010  0.0020  0.0200  0.0080  
  4        4  (10)      1 :  0.9780  0.0050  0.0030  0.0010  0.0030  0.0010  0.0090  
  5        5  (71)      1 :  0.5976  0.2783  0.1051  0.0010  0.0060  0.0080  0.0040  
  6        6  (17)      1 :  0.0250  0.1868  0.7802  0.0010  0.0020  0.0040  0.0010  
  7        7  (18)      1 :  0.0010  0.0010  0.0020  0.0010  0.0010  0.9930  0.0010  
  8        8  (32)      1 :  0.0480  0.0040  0.9371  0.0010  0.0040  0.0040  0.0020  
  9        9  (20)      1 :  0.0060  0.9218  0.0040  0.0000  0.0341  0.0271  0.0070  
 10       10  (27)      1 :  0.0780  0.8920  0.0110  0.0010  0.0130  0.0020  0.0030  
 11       11  (22)      1 :  0.9610  0.0070  0.0170  0.0020  0.0110  0.0010  0.0010  
 12       12  (22)      1 :  0.0020  0.0050  0.0030  0.0010  0.9850  0.0030  0.0010  
 13       13   (6)      1 :  0.0110  0.7922  0.0050  0.0010  0.1878  0.0020  0.0010  
 14       14  (46)      1 :  0.0080  0.9590  0.0100  0.0010  0.0020  0.0130  0.0070  
 15       15  (12)      1 :  0.9390  0.0120  0.0060  0.0010  0.0020  0.0390  0.0010  
 16       16  (13)      2 :  0.0030  0.9700  0.0090  0.0030  0.0030  0.0010  0.0110  
 17       17  (12)      2 :  0.0040  0.0330  0.9530  0.0020  0.0060  0.0010  0.0010  
 18       18  (10)      2 :  0.0400  0.9190  0.0140  0.0020  0.0090  0.0100  0.0060  
 19       19  (11)      2 :  0.0480  0.0639  0.8242  0.0020  0.0320  0.0020  0.0280  
 20       20   (6)      2 :  0.0160  0.1650  0.8080  0.0020  0.0060  0.0020  0.0010  
 21       21  (27)      2 :  0.0410  0.3620  0.5740  0.0010  0.0040  0.0150  0.0030  
 22       22   (9)      2 :  0.0220  0.9369  0.0050  0.0020  0.0240  0.0090  0.0010  
 23       23   (9)      2 :  0.0080  0.5914  0.3836  0.0020  0.0020  0.0110  0.0020  
 24       24  (13)      2 :  0.0340  0.6330  0.2480  0.0030  0.0650  0.0050  0.0120  
 25       25  (43)      2 :  0.0010  0.0010  0.0010  0.0010  0.0010  0.0010  0.9940  
 26       26  (11)      2 :  0.8980  0.0140  0.0780  0.0030  0.0050  0.0000  0.0020  
 27       27  (26)      2 :  0.9730  0.0080  0.0060  0.0030  0.0080  0.0010  0.0010  
 28       28  (15)      2 :  0.0050  0.1560  0.8340  0.0010  0.0010  0.0020  0.0010  
 29       29  (27)      2 :  0.0330  0.0160  0.9161  0.0020  0.0050  0.0270  0.0010  
 30       30  (14)      2 :  0.5696  0.0160  0.3644  0.0010  0.0460  0.0020  0.0010  
 31       31   (6)      2 :  0.0060  0.9091  0.0080  0.0420  0.0110  0.0180  0.0060  
 32       32  (28)      3 :  0.6456  0.3163  0.0060  0.0010  0.0080  0.0030  0.0200  
 33       33   (8)      3 :  0.0180  0.0700  0.9030  0.0010  0.0050  0.0010  0.0020  
 34       34  (27)      3 :  0.0340  0.7888  0.1311  0.0010  0.0030  0.0020  0.0400  
 35       35  (10)      3 :  0.0250  0.9590  0.0070  0.0010  0.0050  0.0020  0.0010  
 36       36  (19)      3 :  0.0060  0.1309  0.8362  0.0150  0.0040  0.0070  0.0010  
 37       37  (51)      3 :  0.0010  0.0010  0.0010  0.0010  0.0180  0.9780  0.0000  
 38       38  (37)      3 :  0.2600  0.6340  0.0860  0.0010  0.0080  0.0020  0.0090  
 39       39  (23)      3 :  0.9361  0.0360  0.0100  0.0010  0.0030  0.0080  0.0060  
 40       40  (10)      3 :  0.0110  0.8318  0.0200  0.0010  0.0020  0.1251  0.0090  
 41       41  (17)      3 :  0.0090  0.6040  0.0160  0.0060  0.0020  0.2240  0.1390  
 42       42  (61)      3 :  0.0530  0.8760  0.0350  0.0010  0.0300  0.0030  0.0020  
 43       43  (11)      3 :  0.0769  0.0090  0.5884  0.0010  0.3007  0.0010  0.0230  
 44       44  (20)      3 :  0.4230  0.5210  0.0330  0.0020  0.0030  0.0110  0.0070  
 45       45  (14)      3 :  0.7692  0.0070  0.0150  0.0010  0.2058  0.0010  0.0010  
 46       46  (19)      3 :  0.0040  0.0140  0.0060  0.0080  0.9640  0.0010  0.0030  
 47       47   (9)      4 :  0.9750  0.0170  0.0040  0.0010  0.0010  0.0010  0.0010  
 48       48   (8)      4 :  0.9120  0.0580  0.0160  0.0110  0.0010  0.0010  0.0010  
 49       49   (7)      4 :  0.8230  0.0090  0.1520  0.0010  0.0120  0.0020  0.0010  
 50       50  (22)      4 :  0.6180  0.0210  0.2910  0.0000  0.0190  0.0050  0.0460  
 51       51   (7)      4 :  0.0230  0.0090  0.9510  0.0010  0.0120  0.0030  0.0010  
 52       52   (5)      4 :  0.0030  0.9231  0.0589  0.0010  0.0040  0.0050  0.0050  
 53       53  (40)      4 :  0.9760  0.0030  0.0030  0.0020  0.0130  0.0020  0.0010  
 54       54  (15)      4 :  0.9540  0.0230  0.0040  0.0140  0.0020  0.0010  0.0020  
 55       55  (14)      4 :  0.0050  0.0100  0.9000  0.0020  0.0020  0.0790  0.0020  
 56       56   (6)      4 :  0.0330  0.9461  0.0150  0.0010  0.0030  0.0010  0.0010  
 57       57  (14)      4 :  0.0020  0.3800  0.4960  0.0850  0.0060  0.0140  0.0170  
 58       58   (8)      4 :  0.1840  0.0020  0.8050  0.0010  0.0040  0.0010  0.0030  
 59       59  (12)      4 :  0.2218  0.7522  0.0150  0.0060  0.0030  0.0010  0.0010  
 60       60   (7)      4 :  0.0030  0.8770  0.0200  0.0400  0.0090  0.0020  0.0490  
 61       61  (30)      5 :  0.0070  0.9370  0.0390  0.0040  0.0060  0.0040  0.0030  
 62       62  (11)      5 :  0.0631  0.1231  0.7227  0.0831  0.0030  0.0030  0.0020  
 63       63  (48)      5 :  0.8970  0.0280  0.0480  0.0190  0.0050  0.0020  0.0010  
 64       64  (18)      5 :  0.0070  0.2856  0.6974  0.0050  0.0020  0.0020  0.0010  
 65       65  (24)      5 :  0.0270  0.1089  0.0300  0.8212  0.0040  0.0030  0.0060  
 66       66  (14)      5 :  0.0989  0.2138  0.6583  0.0020  0.0130  0.0020  0.0120  
 67       67   (8)      5 :  0.5020  0.2210  0.2500  0.0030  0.0070  0.0040  0.0130  
 68       68   (5)      5 :  0.0100  0.5340  0.4460  0.0010  0.0040  0.0020  0.0030  
 69       69  (36)      5 :  0.7852  0.0050  0.0080  0.0040  0.1499  0.0310  0.0170  
 70       70  (14)      5 :  0.0160  0.9730  0.0050  0.0010  0.0020  0.0030  0.0000  
 71       71  (23)      5 :  0.0030  0.0010  0.8298  0.0010  0.0050  0.0010  0.1592  
 72       72  (47)      5 :  0.0400  0.6136  0.0581  0.0000  0.0030  0.2823  0.0030  
 73       73  (17)      5 :  0.0090  0.9540  0.0140  0.0010  0.0040  0.0170  0.0010  
 74       74   (9)      5 :  0.0629  0.0040  0.9251  0.0040  0.0010  0.0020  0.0010  
 75       75  (13)      5 :  0.1180  0.0060  0.7450  0.0010  0.0040  0.1210  0.0050  
 76       76  (18)      6 :  0.0400  0.0420  0.9040  0.0010  0.0090  0.0030  0.0010  
 77       77   (9)      6 :  0.0400  0.7040  0.2480  0.0010  0.0040  0.0020  0.0010  
 78       78  (16)      6 :  0.9390  0.0090  0.0040  0.0430  0.0030  0.0010  0.0010  
 79       79  (11)      6 :  0.0040  0.0070  0.9790  0.0030  0.0010  0.0050  0.0010  
 80       80  (16)      6 :  0.9560  0.0290  0.0050  0.0010  0.0010  0.0030  0.0050  
 81       81   (7)      6 :  0.2080  0.0350  0.7500  0.0020  0.0010  0.0010  0.0030  
 82       82  (21)      6 :  0.0020  0.9720  0.0130  0.0000  0.0110  0.0010  0.0010  
 83       83  (11)      6 :  0.0370  0.9199  0.0190  0.0000  0.0030  0.0040  0.0170  
 84       84  (13)      6 :  0.0559  0.3636  0.5664  0.0010  0.0020  0.0100  0.0010  
 85       85   (7)      6 :  0.6740  0.0660  0.2240  0.0240  0.0040  0.0050  0.0030  
 86       86  (19)      6 :  0.0100  0.4695  0.0080  0.0000  0.0040  0.2042  0.3043  
 87       87  (43)      6 :  0.0100  0.5540  0.0130  0.0020  0.4080  0.0070  0.0060  
 88       88  (21)      6 :  0.0120  0.0730  0.8260  0.0010  0.0240  0.0550  0.0090  
 89       89  (11)      6 :  0.9450  0.0180  0.0160  0.0020  0.0080  0.0100  0.0010  
 90       90  (21)      6 :  0.0260  0.0170  0.8158  0.0010  0.1381  0.0010  0.0010  
 91       91  (14)      6 :  0.0230  0.0060  0.7840  0.0030  0.0040  0.0020  0.1780  
 92       92   (9)      7 :  0.0090  0.9700  0.0050  0.0010  0.0130  0.0010  0.0010  
 93       93  (16)      7 :  0.5850  0.2880  0.1110  0.0010  0.0080  0.0060  0.0010  
 94       94  (24)      7 :  0.0060  0.0080  0.0030  0.0010  0.9800  0.0010  0.0010  
 95       95   (6)      7 :  0.0110  0.9240  0.0580  0.0010  0.0020  0.0020  0.0020  
 96       96  (34)      7 :  0.0110  0.0340  0.9260  0.0010  0.0040  0.0030  0.0210  
 97       97  (21)      7 :  0.0020  0.0030  0.6530  0.0010  0.3390  0.0010  0.0010  
 98       98  (11)      7 :  0.0090  0.0040  0.9650  0.0010  0.0180  0.0010  0.0020  
 99       99  (17)      7 :  0.0939  0.0440  0.8302  0.0010  0.0030  0.0170  0.0110  
100      100  (14)      7 :  0.9300  0.0260  0.0110  0.0000  0.0090  0.0200  0.0040  
101      101  (55)      7 :  0.0180  0.8330  0.1340  0.0020  0.0110  0.0010  0.0010  
102      102  (12)      7 :  0.0030  0.0270  0.9580  0.0010  0.0090  0.0010  0.0010  
103      103  (14)      7 :  0.8981  0.0290  0.0400  0.0010  0.0250  0.0020  0.0050  
104      104  (17)      7 :  0.9730  0.0020  0.0130  0.0010  0.0080  0.0010  0.0020  
105      105  (14)      7 :  0.0730  0.8950  0.0040  0.0020  0.0100  0.0120  0.0040  
