  1        1  (17)      1 :  0.7592  0.0050  0.2248  0.0110  
  2        2   (7)      1 :  0.8032  0.0020  0.1558  0.0390  
  3        3  (17)      1 :  0.8080  0.0190  0.0170  0.1560  
  4        4  (10)      1 :  0.8090  0.0020  0.1850  0.0040  
  5        5  (71)      1 :  0.8362  0.0070  0.1079  0.0490  
  6        6  (17)      1 :  0.8032  0.0040  0.0190  0.1738  
  7        7  (18)      1 :  0.7832  0.2108  0.0020  0.0040  
  8        8  (32)      1 :  0.8290  0.0040  0.0070  0.1600  
  9        9  (20)      1 :  0.8120  0.0260  0.0060  0.1560  
 10       10  (27)      1 :  0.7890  0.0060  0.1380  0.0670  
 11       11  (22)      1 :  0.8530  0.0020  0.1040  0.0410  
 12       12  (22)      1 :  0.8070  0.0010  0.0120  0.1800  
 13       13   (6)      1 :  0.7720  0.0150  0.0090  0.2040  
 14       14  (46)      1 :  0.8490  0.0160  0.0040  0.1310  
 15       15  (12)      1 :  0.7720  0.0090  0.2150  0.0040  
 16       16  (13)      2 :  0.7838  0.0030  0.0030  0.2102  
 17       17  (12)      2 :  0.8100  0.0020  0.1230  0.0650  
 18       18  (10)      2 :  0.8130  0.0150  0.0030  0.1690  
 19       19  (11)      2 :  0.8292  0.0070  0.0070  0.1568  
 20       20   (6)      2 :  0.7980  0.0040  0.0170  0.1810  
 21       21  (27)      2 :  0.8308  0.0300  0.0531  0.0861  
 22       22   (9)      2 :  0.7890  0.0020  0.0200  0.1890  
 23       23   (9)      2 :  0.8040  0.0180  0.0040  0.1740  
 24       24  (13)      2 :  0.7950  0.0060  0.0070  0.1920  
 25       25  (43)      2 :  0.7650  0.2330  0.0010  0.0010  
 26       26  (11)      2 :  0.8210  0.0010  0.0190  0.1590  
 27       27  (26)      2 :  0.7820  0.0020  0.2110  0.0050  
 28       28  (15)      2 :  0.7872  0.0040  0.0130  0.1958  
 29       29  (27)      2 :  0.8590  0.0020  0.0080  0.1310  
 30       30  (14)      2 :  0.7980  0.0020  0.0770  0.1230  
 31       31   (6)      2 :  0.8020  0.0090  0.0040  0.1850  
 32       32  (28)      3 :  0.8118  0.0080  0.0621  0.1181  
 33       33   (8)      3 :  0.8080  0.0010  0.0110  0.1800  
 34       34  (27)      3 :  0.7880  0.0170  0.0160  0.1790  
 35       35  (10)      3 :  0.7748  0.0040  0.0110  0.2102  
 36       36  (19)      3 :  0.8130  0.0110  0.0750  0.1010  
 37       37  (51)      3 :  0.7650  0.2320  0.0010  0.0020  
 38       38  (37)      3 :  0.8102  0.0020  0.0330  0.1548  
 39       39  (23)      3 :  0.8020  0.0080  0.0090  0.1810  
 40       40  (10)      3 :  0.8280  0.0390  0.0220  0.1110  
 41       41  (17)      3 :  0.8248  0.0551  0.0070  0.1131  
 42       42  (61)      3 :  0.7930  0.0140  0.0140  0.1790  
 43       43  (11)      3 :  0.7892  0.0090  0.0070  0.1948  
 44       44  (20)      3 :  0.8278  0.0060  0.0090  0.1572  
 45       45  (14)      3 :  0.7980  0.0020  0.0880  0.1120  
 46       46  (19)      3 :  0.8240  0.0020  0.0070  0.1670  
 47       47   (9)      4 :  0.8188  0.0010  0.1732  0.0070  
 48       48   (8)      4 :  0.7850  0.0010  0.0400  0.1740  
 49       49   (7)      4 :  0.7730  0.0040  0.1850  0.0380  
 50       50  (22)      4 :  0.7840  0.0200  0.1590  0.0370  
 51       51   (7)      4 :  0.8090  0.0020  0.0050  0.1840  
 52       52   (5)      4 :  0.7838  0.0110  0.0020  0.2032  
 53       53  (40)      4 :  0.7702  0.0020  0.2208  0.0070  
 54       54  (15)      4 :  0.8082  0.0020  0.0150  0.1748  
 55       55  (14)      4 :  0.7708  0.0140  0.0060  0.2092  
 56       56   (6)      4 :  0.7950  0.0010  0.1800  0.0240  
 57       57  (14)      4 :  0.7550  0.1260  0.1090  0.0100  
 58       58   (8)      4 :  0.8050  0.0020  0.0450  0.1480  
 59       59  (12)      4 :  0.7992  0.0020  0.1558  0.0430  
 60       60   (7)      4 :  0.7810  0.0210  0.0050  0.1930  
 61       61  (30)      5 :  0.8570  0.0040  0.0200  0.1190  
 62       62  (11)      5 :  0.7890  0.0020  0.0230  0.1860  
 63       63  (48)      5 :  0.8282  0.0020  0.0559  0.1139  
 64       64  (18)      5 :  0.7900  0.0090  0.0030  0.1980  
 65       65  (24)      5 :  0.7790  0.0010  0.0050  0.2150  
 66       66  (14)      5 :  0.8030  0.0060  0.0080  0.1830  
 67       67   (8)      5 :  0.8042  0.0050  0.0519  0.1389  
 68       68   (5)      5 :  0.7982  0.0030  0.0050  0.1938  
 69       69  (36)      5 :  0.8288  0.0140  0.1502  0.0070  
 70       70  (14)      5 :  0.8088  0.0010  0.0090  0.1812  
 71       71  (23)      5 :  0.8120  0.0090  0.0070  0.1720  
 72       72  (47)      5 :  0.8220  0.0600  0.0060  0.1120  
 73       73  (17)      5 :  0.7950  0.0210  0.0430  0.1410  
 74       74   (9)      5 :  0.8290  0.0010  0.0320  0.1380  
 75       75  (13)      5 :  0.7578  0.0430  0.1481  0.0511  
 76       76  (18)      6 :  0.8140  0.0010  0.0070  0.1780  
 77       77   (9)      6 :  0.8100  0.0050  0.0100  0.1750  
 78       78  (16)      6 :  0.7410  0.0010  0.1980  0.0600  
 79       79  (11)      6 :  0.8130  0.0050  0.0040  0.1780  
 80       80  (16)      6 :  0.8348  0.0030  0.0230  0.1391  
 81       81   (7)      6 :  0.7858  0.0020  0.0631  0.1491  
 82       82  (21)      6 :  0.8010  0.0010  0.0130  0.1850  
 83       83  (11)      6 :  0.7710  0.0480  0.0400  0.1410  
 84       84  (13)      6 :  0.7890  0.0020  0.0150  0.1940  
 85       85   (7)      6 :  0.8258  0.0200  0.0040  0.1502  
 86       86  (19)      6 :  0.7718  0.2022  0.0030  0.0230  
 87       87  (43)      6 :  0.8200  0.0170  0.0690  0.0940  
 88       88  (21)      6 :  0.8300  0.0140  0.0070  0.1490  
 89       89  (11)      6 :  0.8060  0.0020  0.1520  0.0400  
 90       90  (21)      6 :  0.8140  0.0010  0.0070  0.1780  
 91       91  (14)      6 :  0.8060  0.0220  0.1600  0.0120  
 92       92   (9)      7 :  0.7632  0.0040  0.0080  0.2248  
 93       93  (16)      7 :  0.8230  0.0190  0.0140  0.1440  
 94       94  (24)      7 :  0.8390  0.0140  0.0270  0.1200  
 95       95   (6)      7 :  0.8158  0.0080  0.0460  0.1301  
 96       96  (34)      7 :  0.8330  0.0080  0.0150  0.1440  
 97       97  (21)      7 :  0.8092  0.0020  0.0040  0.1848  
 98       98  (11)      7 :  0.8152  0.0070  0.0060  0.1718  
 99       99  (17)      7 :  0.8070  0.0160  0.0050  0.1720  
100      100  (14)      7 :  0.7860  0.0050  0.2030  0.0060  
101      101  (55)      7 :  0.7940  0.0020  0.0350  0.1690  
102      102  (12)      7 :  0.7960  0.0010  0.0230  0.1800  
103      103  (14)      7 :  0.7830  0.0050  0.0080  0.2040  
104      104  (17)      7 :  0.8190  0.0020  0.0070  0.1720  
105      105  (14)      7 :  0.8050  0.0150  0.0030  0.1770  
