  1        1  (17)      1 :  0.7830  0.2040  0.0130  
  2        2   (7)      1 :  0.7760  0.2200  0.0040  
  3        3  (17)      1 :  0.8430  0.1520  0.0050  
  4        4  (10)      1 :  0.8180  0.1760  0.0060  
  5        5  (71)      1 :  0.8430  0.1440  0.0130  
  6        6  (17)      1 :  0.8208  0.1742  0.0050  
  7        7  (18)      1 :  0.7530  0.0150  0.2320  
  8        8  (32)      1 :  0.8420  0.1510  0.0070  
  9        9  (20)      1 :  0.8490  0.1310  0.0200  
 10       10  (27)      1 :  0.8340  0.1630  0.0030  
 11       11  (22)      1 :  0.8570  0.1380  0.0050  
 12       12  (22)      1 :  0.8142  0.1818  0.0040  
 13       13   (6)      1 :  0.8048  0.1572  0.0380  
 14       14  (46)      1 :  0.8100  0.1850  0.0050  
 15       15  (12)      1 :  0.7670  0.2240  0.0090  
 16       16  (13)      2 :  0.8080  0.1690  0.0230  
 17       17  (12)      2 :  0.8270  0.1640  0.0090  
 18       18  (10)      2 :  0.8030  0.1360  0.0610  
 19       19  (11)      2 :  0.8190  0.1670  0.0140  
 20       20   (6)      2 :  0.7642  0.2278  0.0080  
 21       21  (27)      2 :  0.8210  0.1740  0.0050  
 22       22   (9)      2 :  0.7940  0.1970  0.0090  
 23       23   (9)      2 :  0.7990  0.1910  0.0100  
 24       24  (13)      2 :  0.7970  0.1220  0.0810  
 25       25  (43)      2 :  0.8050  0.0030  0.1920  
 26       26  (11)      2 :  0.8200  0.1710  0.0090  
 27       27  (26)      2 :  0.7890  0.2070  0.0040  
 28       28  (15)      2 :  0.8000  0.1630  0.0370  
 29       29  (27)      2 :  0.8458  0.1502  0.0040  
 30       30  (14)      2 :  0.7890  0.1960  0.0150  
 31       31   (6)      2 :  0.8070  0.1880  0.0050  
 32       32  (28)      3 :  0.8240  0.0500  0.1260  
 33       33   (8)      3 :  0.8100  0.1840  0.0060  
 34       34  (27)      3 :  0.8270  0.1610  0.0120  
 35       35  (10)      3 :  0.7910  0.1950  0.0140  
 36       36  (19)      3 :  0.8118  0.1642  0.0240  
 37       37  (51)      3 :  0.7540  0.0020  0.2440  
 38       38  (37)      3 :  0.8330  0.1630  0.0040  
 39       39  (23)      3 :  0.7890  0.2050  0.0060  
 40       40  (10)      3 :  0.8250  0.1430  0.0320  
 41       41  (17)      3 :  0.8230  0.1570  0.0200  
 42       42  (61)      3 :  0.7860  0.1350  0.0790  
 43       43  (11)      3 :  0.8020  0.1930  0.0050  
 44       44  (20)      3 :  0.8282  0.1648  0.0070  
 45       45  (14)      3 :  0.7862  0.2098  0.0040  
 46       46  (19)      3 :  0.8050  0.1630  0.0320  
 47       47   (9)      4 :  0.8140  0.1790  0.0070  
 48       48   (8)      4 :  0.7970  0.2000  0.0030  
 49       49   (7)      4 :  0.8000  0.1920  0.0080  
 50       50  (22)      4 :  0.7958  0.0671  0.1371  
 51       51   (7)      4 :  0.7970  0.2000  0.0030  
 52       52   (5)      4 :  0.8000  0.1730  0.0270  
 53       53  (40)      4 :  0.7510  0.0030  0.2460  
 54       54  (15)      4 :  0.7860  0.2070  0.0070  
 55       55  (14)      4 :  0.7970  0.1170  0.0860  
 56       56   (6)      4 :  0.8002  0.1758  0.0240  
 57       57  (14)      4 :  0.7610  0.0170  0.2220  
 58       58   (8)      4 :  0.7948  0.2022  0.0030  
 59       59  (12)      4 :  0.8018  0.1942  0.0040  
 60       60   (7)      4 :  0.7850  0.1910  0.0240  
 61       61  (30)      5 :  0.8320  0.1530  0.0150  
 62       62  (11)      5 :  0.8000  0.1930  0.0070  
 63       63  (48)      5 :  0.8480  0.1460  0.0060  
 64       64  (18)      5 :  0.7830  0.0690  0.1480  
 65       65  (24)      5 :  0.7952  0.2018  0.0030  
 66       66  (14)      5 :  0.7890  0.1640  0.0470  
 67       67   (8)      5 :  0.8090  0.1760  0.0150  
 68       68   (5)      5 :  0.7830  0.1750  0.0420  
 69       69  (36)      5 :  0.8570  0.1380  0.0050  
 70       70  (14)      5 :  0.8290  0.1680  0.0030  
 71       71  (23)      5 :  0.8260  0.1310  0.0430  
 72       72  (47)      5 :  0.7980  0.1510  0.0510  
 73       73  (17)      5 :  0.7950  0.1410  0.0640  
 74       74   (9)      5 :  0.8300  0.1660  0.0040  
 75       75  (13)      5 :  0.7530  0.1580  0.0890  
 76       76  (18)      6 :  0.8200  0.1750  0.0050  
 77       77   (9)      6 :  0.8172  0.1748  0.0080  
 78       78  (16)      6 :  0.7970  0.1930  0.0100  
 79       79  (11)      6 :  0.8360  0.1560  0.0080  
 80       80  (16)      6 :  0.8220  0.1660  0.0120  
 81       81   (7)      6 :  0.8090  0.1820  0.0090  
 82       82  (21)      6 :  0.8008  0.1762  0.0230  
 83       83  (11)      6 :  0.7730  0.1130  0.1140  
 84       84  (13)      6 :  0.7700  0.2220  0.0080  
 85       85   (7)      6 :  0.8240  0.1660  0.0100  
 86       86  (19)      6 :  0.7868  0.0130  0.2002  
 87       87  (43)      6 :  0.8210  0.1700  0.0090  
 88       88  (21)      6 :  0.7938  0.1882  0.0180  
 89       89  (11)      6 :  0.8138  0.1812  0.0050  
 90       90  (21)      6 :  0.8560  0.1400  0.0040  
 91       91  (14)      6 :  0.8330  0.1430  0.0240  
 92       92   (9)      7 :  0.7990  0.1780  0.0230  
 93       93  (16)      7 :  0.8120  0.1790  0.0090  
 94       94  (24)      7 :  0.8760  0.0830  0.0410  
 95       95   (6)      7 :  0.8212  0.1728  0.0060  
 96       96  (34)      7 :  0.8418  0.1361  0.0220  
 97       97  (21)      7 :  0.8500  0.1420  0.0080  
 98       98  (11)      7 :  0.8138  0.1822  0.0040  
 99       99  (17)      7 :  0.7920  0.1620  0.0460  
100      100  (14)      7 :  0.8150  0.0950  0.0900  
101      101  (55)      7 :  0.8008  0.0961  0.1031  
102      102  (12)      7 :  0.8248  0.1662  0.0090  
103      103  (14)      7 :  0.8110  0.1520  0.0370  
104      104  (17)      7 :  0.7970  0.1990  0.0040  
105      105  (14)      7 :  0.8000  0.1830  0.0170  
