  1        1  (17)      1 :  0.9150  0.0050  0.0140  0.0060  0.0580  0.0020  
  2        2   (7)      1 :  0.0070  0.0290  0.8210  0.0960  0.0020  0.0450  
  3        3  (17)      1 :  0.0120  0.7888  0.1171  0.0511  0.0170  0.0140  
  4        4  (10)      1 :  0.0470  0.0190  0.8330  0.0070  0.0900  0.0040  
  5        5  (71)      1 :  0.2513  0.6897  0.0310  0.0170  0.0030  0.0080  
  6        6  (17)      1 :  0.0220  0.0280  0.5636  0.3493  0.0180  0.0190  
  7        7  (18)      1 :  0.0030  0.0030  0.0030  0.0020  0.0010  0.9880  
  8        8  (32)      1 :  0.0050  0.0080  0.9480  0.0330  0.0020  0.0040  
  9        9  (20)      1 :  0.0290  0.6980  0.1200  0.0950  0.0490  0.0090  
 10       10  (27)      1 :  0.0969  0.4306  0.4446  0.0100  0.0060  0.0120  
 11       11  (22)      1 :  0.0220  0.8750  0.0750  0.0160  0.0040  0.0080  
 12       12  (22)      1 :  0.9210  0.0100  0.0080  0.0050  0.0430  0.0130  
 13       13   (6)      1 :  0.0430  0.6947  0.1552  0.0120  0.0921  0.0030  
 14       14  (46)      1 :  0.0040  0.7712  0.0160  0.1638  0.0360  0.0090  
 15       15  (12)      1 :  0.9540  0.0170  0.0170  0.0070  0.0020  0.0030  
 16       16  (13)      2 :  0.0080  0.9351  0.0100  0.0070  0.0380  0.0020  
 17       17  (12)      2 :  0.0080  0.0220  0.0080  0.8829  0.0340  0.0450  
 18       18  (10)      2 :  0.0070  0.5265  0.4174  0.0120  0.0100  0.0270  
 19       19  (11)      2 :  0.0190  0.1021  0.4895  0.3734  0.0100  0.0060  
 20       20   (6)      2 :  0.2068  0.0090  0.6114  0.1558  0.0130  0.0040  
 21       21  (27)      2 :  0.0100  0.2637  0.7073  0.0100  0.0030  0.0060  
 22       22   (9)      2 :  0.0190  0.0390  0.9129  0.0190  0.0060  0.0040  
 23       23   (9)      2 :  0.0090  0.0160  0.0110  0.9529  0.0010  0.0100  
 24       24  (13)      2 :  0.0130  0.0250  0.5680  0.0940  0.1360  0.1640  
 25       25  (43)      2 :  0.0030  0.0040  0.0050  0.0040  0.9820  0.0020  
 26       26  (11)      2 :  0.0080  0.0240  0.8498  0.1101  0.0050  0.0030  
 27       27  (26)      2 :  0.3730  0.0710  0.4940  0.0300  0.0050  0.0270  
 28       28  (15)      2 :  0.0080  0.0210  0.9429  0.0140  0.0060  0.0080  
 29       29  (27)      2 :  0.0490  0.0749  0.5275  0.1239  0.0060  0.2188  
 30       30  (14)      2 :  0.0160  0.8240  0.0140  0.0130  0.0740  0.0590  
 31       31   (6)      2 :  0.0220  0.2130  0.0350  0.5930  0.0070  0.1300  
 32       32  (28)      3 :  0.0130  0.7377  0.0230  0.1491  0.0120  0.0651  
 33       33   (8)      3 :  0.0240  0.0509  0.7962  0.1159  0.0070  0.0060  
 34       34  (27)      3 :  0.0070  0.6937  0.2523  0.0140  0.0150  0.0180  
 35       35  (10)      3 :  0.1800  0.6620  0.0570  0.0770  0.0150  0.0090  
 36       36  (19)      3 :  0.0539  0.8861  0.0360  0.0100  0.0060  0.0080  
 37       37  (51)      3 :  0.0490  0.0040  0.0070  0.0040  0.0090  0.9271  
 38       38  (37)      3 :  0.0130  0.7473  0.0839  0.0110  0.1419  0.0030  
 39       39  (23)      3 :  0.0050  0.6250  0.2600  0.0840  0.0090  0.0170  
 40       40  (10)      3 :  0.0080  0.7832  0.0569  0.0260  0.0420  0.0839  
 41       41  (17)      3 :  0.0100  0.8881  0.0040  0.0639  0.0040  0.0300  
 42       42  (61)      3 :  0.1960  0.1450  0.1010  0.5400  0.0060  0.0120  
 43       43  (11)      3 :  0.0050  0.0200  0.8880  0.0120  0.0670  0.0080  
 44       44  (20)      3 :  0.0070  0.4630  0.4610  0.0440  0.0090  0.0160  
 45       45  (14)      3 :  0.0801  0.2402  0.6066  0.0220  0.0340  0.0170  
 46       46  (19)      3 :  0.9800  0.0040  0.0040  0.0040  0.0040  0.0040  
 47       47   (9)      4 :  0.0130  0.1209  0.8312  0.0220  0.0050  0.0080  
 48       48   (8)      4 :  0.0410  0.0509  0.8851  0.0180  0.0030  0.0020  
 49       49   (7)      4 :  0.0090  0.0340  0.9321  0.0100  0.0020  0.0130  
 50       50  (22)      4 :  0.0240  0.0310  0.8981  0.0180  0.0220  0.0070  
 51       51   (7)      4 :  0.1230  0.0440  0.7470  0.0690  0.0120  0.0050  
 52       52   (5)      4 :  0.1319  0.0170  0.8182  0.0170  0.0040  0.0120  
 53       53  (40)      4 :  0.0020  0.0030  0.0040  0.0030  0.0020  0.9860  
 54       54  (15)      4 :  0.0050  0.0070  0.0050  0.9770  0.0040  0.0020  
 55       55  (14)      4 :  0.2940  0.3030  0.0260  0.0690  0.0170  0.2910  
 56       56   (6)      4 :  0.0180  0.8889  0.0230  0.0611  0.0050  0.0040  
 57       57  (14)      4 :  0.0040  0.9090  0.0100  0.0030  0.0320  0.0420  
 58       58   (8)      4 :  0.0160  0.0090  0.4286  0.5405  0.0030  0.0030  
 59       59  (12)      4 :  0.6380  0.3200  0.0150  0.0060  0.0100  0.0110  
 60       60   (7)      4 :  0.0090  0.8860  0.0130  0.0720  0.0120  0.0080  
 61       61  (30)      5 :  0.2583  0.2352  0.0681  0.4194  0.0150  0.0040  
 62       62  (11)      5 :  0.0240  0.1850  0.4450  0.3160  0.0030  0.0270  
 63       63  (48)      5 :  0.1139  0.0230  0.5844  0.2458  0.0160  0.0170  
 64       64  (18)      5 :  0.0200  0.5606  0.0200  0.3323  0.0200  0.0470  
 65       65  (24)      5 :  0.0020  0.0040  0.0030  0.9850  0.0040  0.0020  
 66       66  (14)      5 :  0.0220  0.0840  0.1860  0.6870  0.0160  0.0050  
 67       67   (8)      5 :  0.0600  0.7070  0.1240  0.0990  0.0040  0.0060  
 68       68   (5)      5 :  0.0030  0.2240  0.4010  0.3550  0.0070  0.0100  
 69       69  (36)      5 :  0.3360  0.0340  0.5950  0.0080  0.0160  0.0110  
 70       70  (14)      5 :  0.1190  0.1820  0.0050  0.6730  0.0020  0.0190  
 71       71  (23)      5 :  0.0270  0.0561  0.2402  0.4885  0.1852  0.0030  
 72       72  (47)      5 :  0.0080  0.7920  0.0380  0.0090  0.0270  0.1260  
 73       73  (17)      5 :  0.4124  0.4975  0.0160  0.0571  0.0040  0.0130  
 74       74   (9)      5 :  0.4054  0.0120  0.1211  0.4444  0.0100  0.0070  
 75       75  (13)      5 :  0.2540  0.6280  0.0500  0.0330  0.0200  0.0150  
 76       76  (18)      6 :  0.0661  0.1772  0.7237  0.0220  0.0020  0.0090  
 77       77   (9)      6 :  0.0060  0.5826  0.0400  0.3403  0.0280  0.0030  
 78       78  (16)      6 :  0.0841  0.0911  0.5946  0.0250  0.0040  0.2012  
 79       79  (11)      6 :  0.0130  0.0810  0.3780  0.5220  0.0020  0.0040  
 80       80  (16)      6 :  0.0230  0.6610  0.2380  0.0150  0.0570  0.0060  
 81       81   (7)      6 :  0.0150  0.0720  0.8900  0.0140  0.0040  0.0050  
 82       82  (21)      6 :  0.1020  0.0150  0.2730  0.5480  0.0260  0.0360  
 83       83  (11)      6 :  0.2118  0.4146  0.2857  0.0549  0.0220  0.0110  
 84       84  (13)      6 :  0.0160  0.1990  0.1510  0.6180  0.0120  0.0040  
 85       85   (7)      6 :  0.0190  0.8560  0.0810  0.0350  0.0020  0.0070  
 86       86  (19)      6 :  0.0080  0.8590  0.0050  0.0030  0.1120  0.0130  
 87       87  (43)      6 :  0.0980  0.0180  0.5630  0.0070  0.0660  0.2480  
 88       88  (21)      6 :  0.2790  0.5750  0.0730  0.0250  0.0290  0.0190  
 89       89  (11)      6 :  0.0260  0.5570  0.3390  0.0540  0.0070  0.0170  
 90       90  (21)      6 :  0.0340  0.2933  0.5956  0.0190  0.0400  0.0180  
 91       91  (14)      6 :  0.0090  0.2418  0.5654  0.1688  0.0120  0.0030  
 92       92   (9)      7 :  0.0270  0.8721  0.0130  0.0260  0.0569  0.0050  
 93       93  (16)      7 :  0.0781  0.0230  0.8649  0.0220  0.0030  0.0090  
 94       94  (24)      7 :  0.0020  0.0030  0.0020  0.0020  0.9900  0.0010  
 95       95   (6)      7 :  0.0090  0.9290  0.0350  0.0190  0.0030  0.0050  
 96       96  (34)      7 :  0.0100  0.0250  0.7310  0.0150  0.0670  0.1520  
 97       97  (21)      7 :  0.3087  0.0120  0.6593  0.0060  0.0040  0.0100  
 98       98  (11)      7 :  0.0120  0.0130  0.9620  0.0060  0.0020  0.0050  
 99       99  (17)      7 :  0.0240  0.1320  0.7630  0.0070  0.0090  0.0650  
100      100  (14)      7 :  0.1190  0.0790  0.1910  0.0260  0.1100  0.4750  
101      101  (55)      7 :  0.0100  0.6414  0.2567  0.0759  0.0080  0.0080  
102      102  (12)      7 :  0.2673  0.0581  0.0941  0.5495  0.0070  0.0240  
103      103  (14)      7 :  0.0170  0.7423  0.1838  0.0150  0.0250  0.0170  
104      104  (17)      7 :  0.2530  0.1410  0.5450  0.0410  0.0100  0.0100  
105      105  (14)      7 :  0.0040  0.8372  0.0090  0.1349  0.0050  0.0100  
