  1        1  (17)      1 :  0.8348  0.0030  0.0430  0.0050  0.0020  0.0010  0.1111  
  2        2   (7)      1 :  0.0070  0.0120  0.9140  0.0380  0.0010  0.0260  0.0020  
  3        3  (17)      1 :  0.1538  0.7203  0.0899  0.0110  0.0160  0.0070  0.0020  
  4        4  (10)      1 :  0.0050  0.0230  0.8630  0.0230  0.0780  0.0030  0.0050  
  5        5  (71)      1 :  0.2462  0.7067  0.0260  0.0100  0.0010  0.0040  0.0060  
  6        6  (17)      1 :  0.0290  0.0150  0.0180  0.9039  0.0220  0.0110  0.0010  
  7        7  (18)      1 :  0.0020  0.0030  0.0030  0.0020  0.0010  0.9880  0.0010  
  8        8  (32)      1 :  0.0120  0.0100  0.9630  0.0090  0.0010  0.0020  0.0030  
  9        9  (20)      1 :  0.0470  0.6687  0.1862  0.0450  0.0440  0.0060  0.0030  
 10       10  (27)      1 :  0.0600  0.2570  0.6600  0.0050  0.0010  0.0130  0.0040  
 11       11  (22)      1 :  0.1290  0.7740  0.0600  0.0280  0.0020  0.0030  0.0040  
 12       12  (22)      1 :  0.9291  0.0130  0.0070  0.0160  0.0220  0.0110  0.0020  
 13       13   (6)      1 :  0.0160  0.5736  0.3413  0.0070  0.0250  0.0030  0.0340  
 14       14  (46)      1 :  0.0060  0.8781  0.0040  0.0759  0.0070  0.0060  0.0230  
 15       15  (12)      1 :  0.9691  0.0120  0.0060  0.0070  0.0010  0.0030  0.0020  
 16       16  (13)      2 :  0.0040  0.9299  0.0090  0.0130  0.0370  0.0010  0.0060  
 17       17  (12)      2 :  0.8198  0.0120  0.1171  0.0170  0.0090  0.0220  0.0030  
 18       18  (10)      2 :  0.0110  0.5530  0.0340  0.3660  0.0060  0.0260  0.0040  
 19       19  (11)      2 :  0.0070  0.0630  0.1400  0.7340  0.0030  0.0040  0.0490  
 20       20   (6)      2 :  0.0890  0.0210  0.0260  0.7940  0.0040  0.0050  0.0610  
 21       21  (27)      2 :  0.0190  0.0490  0.9080  0.0180  0.0010  0.0030  0.0020  
 22       22   (9)      2 :  0.0120  0.0190  0.9460  0.0110  0.0060  0.0040  0.0020  
 23       23   (9)      2 :  0.0110  0.0040  0.0050  0.9710  0.0010  0.0060  0.0020  
 24       24  (13)      2 :  0.0130  0.0180  0.2482  0.4494  0.0440  0.1552  0.0721  
 25       25  (43)      2 :  0.0020  0.0030  0.0020  0.0010  0.0010  0.0020  0.9890  
 26       26  (11)      2 :  0.0260  0.0100  0.5674  0.3906  0.0010  0.0020  0.0030  
 27       27  (26)      2 :  0.9630  0.0070  0.0100  0.0080  0.0030  0.0040  0.0050  
 28       28  (15)      2 :  0.0030  0.0110  0.1019  0.8711  0.0030  0.0060  0.0040  
 29       29  (27)      2 :  0.0110  0.0110  0.6983  0.0829  0.0040  0.1908  0.0020  
 30       30  (14)      2 :  0.1030  0.7700  0.0080  0.0120  0.0710  0.0330  0.0030  
 31       31   (6)      2 :  0.0050  0.0569  0.0190  0.7882  0.0040  0.1219  0.0050  
 32       32  (28)      3 :  0.0320  0.7560  0.0680  0.0720  0.0020  0.0530  0.0170  
 33       33   (8)      3 :  0.0261  0.0160  0.1032  0.8437  0.0030  0.0040  0.0040  
 34       34  (27)      3 :  0.0130  0.4196  0.5415  0.0060  0.0030  0.0130  0.0040  
 35       35  (10)      3 :  0.1580  0.4190  0.1680  0.2320  0.0050  0.0110  0.0070  
 36       36  (19)      3 :  0.0509  0.8671  0.0340  0.0250  0.0020  0.0100  0.0110  
 37       37  (51)      3 :  0.0040  0.0050  0.0040  0.0060  0.1722  0.8078  0.0010  
 38       38  (37)      3 :  0.0480  0.8150  0.0320  0.0190  0.0800  0.0020  0.0040  
 39       39  (23)      3 :  0.0060  0.5850  0.0850  0.2940  0.0030  0.0220  0.0050  
 40       40  (10)      3 :  0.0060  0.6690  0.0300  0.0630  0.0020  0.0770  0.1530  
 41       41  (17)      3 :  0.0040  0.9510  0.0020  0.0110  0.0020  0.0270  0.0030  
 42       42  (61)      3 :  0.0570  0.0610  0.1950  0.6650  0.0030  0.0070  0.0120  
 43       43  (11)      3 :  0.0050  0.0350  0.8690  0.0180  0.0580  0.0130  0.0020  
 44       44  (20)      3 :  0.0970  0.1900  0.6300  0.0580  0.0020  0.0110  0.0120  
 45       45  (14)      3 :  0.4374  0.2032  0.2933  0.0480  0.0060  0.0070  0.0050  
 46       46  (19)      3 :  0.3790  0.0150  0.5710  0.0050  0.0010  0.0040  0.0250  
 47       47   (9)      4 :  0.0240  0.0200  0.9380  0.0110  0.0030  0.0030  0.0010  
 48       48   (8)      4 :  0.0280  0.0460  0.0420  0.8790  0.0010  0.0020  0.0020  
 49       49   (7)      4 :  0.0140  0.0190  0.3586  0.5944  0.0020  0.0110  0.0010  
 50       50  (22)      4 :  0.0090  0.0080  0.8250  0.0130  0.0010  0.0050  0.1390  
 51       51   (7)      4 :  0.0110  0.0060  0.9450  0.0240  0.0090  0.0030  0.0020  
 52       52   (5)      4 :  0.0120  0.0210  0.7872  0.1608  0.0020  0.0120  0.0050  
 53       53  (40)      4 :  0.0020  0.0020  0.0030  0.0020  0.0010  0.9880  0.0020  
 54       54  (15)      4 :  0.0070  0.0060  0.0100  0.9710  0.0020  0.0020  0.0020  
 55       55  (14)      4 :  0.8200  0.0150  0.0170  0.0110  0.0020  0.1290  0.0060  
 56       56   (6)      4 :  0.0730  0.7600  0.1450  0.0160  0.0010  0.0030  0.0020  
 57       57  (14)      4 :  0.0020  0.9000  0.0050  0.0030  0.0090  0.0270  0.0540  
 58       58   (8)      4 :  0.0240  0.0250  0.0360  0.9089  0.0020  0.0020  0.0020  
 59       59  (12)      4 :  0.8440  0.1220  0.0090  0.0090  0.0090  0.0040  0.0030  
 60       60   (7)      4 :  0.0090  0.8960  0.0250  0.0520  0.0080  0.0050  0.0050  
 61       61  (30)      5 :  0.0790  0.0510  0.0740  0.7810  0.0080  0.0030  0.0040  
 62       62  (11)      5 :  0.0230  0.0830  0.1480  0.7240  0.0010  0.0150  0.0060  
 63       63  (48)      5 :  0.1600  0.0180  0.5760  0.2190  0.0090  0.0140  0.0040  
 64       64  (18)      5 :  0.0530  0.1750  0.0070  0.7340  0.0120  0.0160  0.0030  
 65       65  (24)      5 :  0.0020  0.0060  0.0060  0.9800  0.0020  0.0020  0.0020  
 66       66  (14)      5 :  0.0180  0.0340  0.0090  0.9170  0.0040  0.0050  0.0130  
 67       67   (8)      5 :  0.1668  0.5265  0.1648  0.1299  0.0020  0.0030  0.0070  
 68       68   (5)      5 :  0.0060  0.1060  0.1490  0.7150  0.0020  0.0070  0.0150  
 69       69  (36)      5 :  0.4895  0.0250  0.4434  0.0190  0.0030  0.0070  0.0130  
 70       70  (14)      5 :  0.9170  0.0640  0.0030  0.0100  0.0010  0.0040  0.0010  
 71       71  (23)      5 :  0.0610  0.0130  0.4930  0.1450  0.0020  0.0030  0.2830  
 72       72  (47)      5 :  0.0370  0.6410  0.1560  0.0480  0.0180  0.0960  0.0040  
 73       73  (17)      5 :  0.6170  0.2230  0.1430  0.0080  0.0020  0.0050  0.0020  
 74       74   (9)      5 :  0.4146  0.0060  0.0060  0.5574  0.0030  0.0050  0.0080  
 75       75  (13)      5 :  0.6877  0.1592  0.0821  0.0360  0.0030  0.0150  0.0170  
 76       76  (18)      6 :  0.2402  0.0551  0.6837  0.0130  0.0010  0.0050  0.0020  
 77       77   (9)      6 :  0.0470  0.3584  0.0110  0.5616  0.0150  0.0020  0.0050  
 78       78  (16)      6 :  0.7782  0.0060  0.0060  0.0729  0.0040  0.1309  0.0020  
 79       79  (11)      6 :  0.0100  0.0140  0.0290  0.9411  0.0010  0.0020  0.0030  
 80       80  (16)      6 :  0.2010  0.5480  0.2010  0.0150  0.0290  0.0030  0.0030  
 81       81   (7)      6 :  0.0340  0.0400  0.7890  0.1290  0.0010  0.0020  0.0050  
 82       82  (21)      6 :  0.4090  0.0140  0.0920  0.4530  0.0020  0.0080  0.0220  
 83       83  (11)      6 :  0.5190  0.3720  0.0400  0.0450  0.0050  0.0060  0.0130  
 84       84  (13)      6 :  0.4256  0.0320  0.0779  0.4515  0.0020  0.0030  0.0080  
 85       85   (7)      6 :  0.0180  0.7640  0.0310  0.1760  0.0010  0.0090  0.0010  
 86       86  (19)      6 :  0.0060  0.9320  0.0080  0.0040  0.0050  0.0060  0.0390  
 87       87  (43)      6 :  0.0200  0.0170  0.7290  0.0130  0.0080  0.1800  0.0330  
 88       88  (21)      6 :  0.5664  0.2348  0.0340  0.0170  0.0030  0.0100  0.1349  
 89       89  (11)      6 :  0.3520  0.2360  0.3860  0.0110  0.0030  0.0090  0.0030  
 90       90  (21)      6 :  0.0530  0.0370  0.8270  0.0480  0.0160  0.0140  0.0050  
 91       91  (14)      6 :  0.0070  0.0090  0.8680  0.0080  0.0010  0.0020  0.1050  
 92       92   (9)      7 :  0.0280  0.8360  0.0120  0.0190  0.0990  0.0040  0.0020  
 93       93  (16)      7 :  0.0240  0.0080  0.3460  0.6060  0.0070  0.0070  0.0020  
 94       94  (24)      7 :  0.0020  0.0030  0.0010  0.0030  0.9890  0.0010  0.0010  
 95       95   (6)      7 :  0.0270  0.8969  0.0180  0.0521  0.0010  0.0030  0.0020  
 96       96  (34)      7 :  0.0030  0.0410  0.4080  0.3710  0.0340  0.1340  0.0090  
 97       97  (21)      7 :  0.0260  0.0060  0.9331  0.0090  0.0220  0.0030  0.0010  
 98       98  (11)      7 :  0.0090  0.0210  0.9121  0.0500  0.0020  0.0030  0.0030  
 99       99  (17)      7 :  0.0140  0.0760  0.8060  0.0120  0.0010  0.0460  0.0450  
100      100  (14)      7 :  0.6046  0.0090  0.0100  0.0040  0.0280  0.3373  0.0070  
101      101  (55)      7 :  0.0210  0.3520  0.2370  0.3750  0.0080  0.0050  0.0020  
102      102  (12)      7 :  0.8118  0.0330  0.0430  0.0881  0.0050  0.0150  0.0040  
103      103  (14)      7 :  0.0140  0.2513  0.6967  0.0100  0.0090  0.0120  0.0070  
104      104  (17)      7 :  0.6947  0.0801  0.1451  0.0721  0.0020  0.0030  0.0030  
105      105  (14)      7 :  0.0040  0.9201  0.0120  0.0519  0.0020  0.0080  0.0020  
