  1        1  (17)      1 :  0.7870  0.2130  
  2        2   (7)      1 :  0.7820  0.2180  
  3        3  (17)      1 :  0.8450  0.1550  
  4        4  (10)      1 :  0.8190  0.1810  
  5        5  (71)      1 :  0.8440  0.1560  
  6        6  (17)      1 :  0.8250  0.1750  
  7        7  (18)      1 :  0.7810  0.2190  
  8        8  (32)      1 :  0.8400  0.1600  
  9        9  (20)      1 :  0.8520  0.1480  
 10       10  (27)      1 :  0.8360  0.1640  
 11       11  (22)      1 :  0.8590  0.1410  
 12       12  (22)      1 :  0.8170  0.1830  
 13       13   (6)      1 :  0.8090  0.1910  
 14       14  (46)      1 :  0.8100  0.1900  
 15       15  (12)      1 :  0.7690  0.2310  
 16       16  (13)      2 :  0.8150  0.1850  
 17       17  (12)      2 :  0.8280  0.1720  
 18       18  (10)      2 :  0.8110  0.1890  
 19       19  (11)      2 :  0.8230  0.1770  
 20       20   (6)      2 :  0.7680  0.2320  
 21       21  (27)      2 :  0.8240  0.1760  
 22       22   (9)      2 :  0.7980  0.2020  
 23       23   (9)      2 :  0.8040  0.1960  
 24       24  (13)      2 :  0.8110  0.1890  
 25       25  (43)      2 :  0.8340  0.1660  
 26       26  (11)      2 :  0.8240  0.1760  
 27       27  (26)      2 :  0.7920  0.2080  
 28       28  (15)      2 :  0.8060  0.1940  
 29       29  (27)      2 :  0.8480  0.1520  
 30       30  (14)      2 :  0.7920  0.2080  
 31       31   (6)      2 :  0.8110  0.1890  
 32       32  (28)      3 :  0.8480  0.1520  
 33       33   (8)      3 :  0.8100  0.1900  
 34       34  (27)      3 :  0.8280  0.1720  
 35       35  (10)      3 :  0.7960  0.2040  
 36       36  (19)      3 :  0.8170  0.1830  
 37       37  (51)      3 :  0.7950  0.2050  
 38       38  (37)      3 :  0.8360  0.1640  
 39       39  (23)      3 :  0.7910  0.2090  
 40       40  (10)      3 :  0.8320  0.1680  
 41       41  (17)      3 :  0.8260  0.1740  
 42       42  (61)      3 :  0.7900  0.2100  
 43       43  (11)      3 :  0.8040  0.1960  
 44       44  (20)      3 :  0.8320  0.1680  
 45       45  (14)      3 :  0.7900  0.2100  
 46       46  (19)      3 :  0.8100  0.1900  
 47       47   (9)      4 :  0.8150  0.1850  
 48       48   (8)      4 :  0.7990  0.2010  
 49       49   (7)      4 :  0.8060  0.1940  
 50       50  (22)      4 :  0.8100  0.1900  
 51       51   (7)      4 :  0.8010  0.1990  
 52       52   (5)      4 :  0.8060  0.1940  
 53       53  (40)      4 :  0.7940  0.2060  
 54       54  (15)      4 :  0.7900  0.2100  
 55       55  (14)      4 :  0.8090  0.1910  
 56       56   (6)      4 :  0.8040  0.1960  
 57       57  (14)      4 :  0.7900  0.2100  
 58       58   (8)      4 :  0.7970  0.2030  
 59       59  (12)      4 :  0.8040  0.1960  
 60       60   (7)      4 :  0.7900  0.2100  
 61       61  (30)      5 :  0.8350  0.1650  
 62       62  (11)      5 :  0.8010  0.1990  
 63       63  (48)      5 :  0.8440  0.1560  
 64       64  (18)      5 :  0.8040  0.1960  
 65       65  (24)      5 :  0.7980  0.2020  
 66       66  (14)      5 :  0.7950  0.2050  
 67       67   (8)      5 :  0.8120  0.1880  
 68       68   (5)      5 :  0.7890  0.2110  
 69       69  (36)      5 :  0.8590  0.1410  
 70       70  (14)      5 :  0.8290  0.1710  
 71       71  (23)      5 :  0.8320  0.1680  
 72       72  (47)      5 :  0.8060  0.1940  
 73       73  (17)      5 :  0.7980  0.2020  
 74       74   (9)      5 :  0.8330  0.1670  
 75       75  (13)      5 :  0.7610  0.2390  
 76       76  (18)      6 :  0.8220  0.1780  
 77       77   (9)      6 :  0.8190  0.1810  
 78       78  (16)      6 :  0.7990  0.2010  
 79       79  (11)      6 :  0.8390  0.1610  
 80       80  (16)      6 :  0.8240  0.1760  
 81       81   (7)      6 :  0.8120  0.1880  
 82       82  (21)      6 :  0.8050  0.1950  
 83       83  (11)      6 :  0.7830  0.2170  
 84       84  (13)      6 :  0.7770  0.2230  
 85       85   (7)      6 :  0.8260  0.1740  
 86       86  (19)      6 :  0.8120  0.1880  
 87       87  (43)      6 :  0.8230  0.1770  
 88       88  (21)      6 :  0.7980  0.2020  
 89       89  (11)      6 :  0.8180  0.1820  
 90       90  (21)      6 :  0.8560  0.1440  
 91       91  (14)      6 :  0.8370  0.1630  
 92       92   (9)      7 :  0.8020  0.1980  
 93       93  (16)      7 :  0.8150  0.1850  
 94       94  (24)      7 :  0.8800  0.1200  
 95       95   (6)      7 :  0.8240  0.1760  
 96       96  (34)      7 :  0.8450  0.1550  
 97       97  (21)      7 :  0.8520  0.1480  
 98       98  (11)      7 :  0.8130  0.1870  
 99       99  (17)      7 :  0.8000  0.2000  
100      100  (14)      7 :  0.8280  0.1720  
101      101  (55)      7 :  0.8130  0.1870  
102      102  (12)      7 :  0.8260  0.1740  
103      103  (14)      7 :  0.8150  0.1850  
104      104  (17)      7 :  0.8000  0.2000  
105      105  (14)      7 :  0.8070  0.1930  
