  1        1  (17)      1 :  0.0010  0.0010  0.0140  0.0010  0.9830  
  2        2   (7)      1 :  0.0010  0.0010  0.0010  0.9230  0.0740  
  3        3  (17)      1 :  0.0030  0.0020  0.0010  0.9810  0.0130  
  4        4  (10)      1 :  0.0010  0.0010  0.0070  0.3690  0.6220  
  5        5  (71)      1 :  0.0020  0.0110  0.0030  0.8380  0.1460  
  6        6  (17)      1 :  0.0010  0.0160  0.0020  0.5265  0.4545  
  7        7  (18)      1 :  0.8382  0.1379  0.0010  0.0130  0.0100  
  8        8  (32)      1 :  0.0010  0.0010  0.0080  0.0090  0.9810  
  9        9  (20)      1 :  0.0030  0.0020  0.0020  0.9880  0.0050  
 10       10  (27)      1 :  0.0020  0.0020  0.0010  0.0090  0.9860  
 11       11  (22)      1 :  0.0010  0.0070  0.0010  0.3970  0.5940  
 12       12  (22)      1 :  0.0380  0.0040  0.0020  0.0040  0.9520  
 13       13   (6)      1 :  0.0010  0.0020  0.0010  0.7942  0.2018  
 14       14  (46)      1 :  0.0050  0.0350  0.0250  0.8781  0.0569  
 15       15  (12)      1 :  0.0010  0.0170  0.0020  0.0020  0.9780  
 16       16  (13)      2 :  0.0000  0.0010  0.0060  0.9770  0.0160  
 17       17  (12)      2 :  0.0070  0.0010  0.0010  0.9820  0.0090  
 18       18  (10)      2 :  0.0030  0.0030  0.0020  0.9870  0.0050  
 19       19  (11)      2 :  0.0000  0.0060  0.0100  0.0140  0.9700  
 20       20   (6)      2 :  0.0000  0.0020  0.0020  0.0050  0.9910  
 21       21  (27)      2 :  0.0020  0.0010  0.0010  0.9870  0.0090  
 22       22   (9)      2 :  0.0020  0.0030  0.0040  0.5250  0.4660  
 23       23   (9)      2 :  0.0020  0.0030  0.0030  0.9880  0.0040  
 24       24  (13)      2 :  0.0050  0.0160  0.0120  0.0260  0.9410  
 25       25  (43)      2 :  0.0000  0.0010  0.9960  0.0010  0.0020  
 26       26  (11)      2 :  0.0010  0.0070  0.0080  0.9530  0.0310  
 27       27  (26)      2 :  0.0000  0.0480  0.0340  0.0040  0.9140  
 28       28  (15)      2 :  0.0010  0.0040  0.0010  0.0540  0.9400  
 29       29  (27)      2 :  0.0020  0.0060  0.0120  0.4300  0.5500  
 30       30  (14)      2 :  0.0010  0.2667  0.0010  0.0090  0.7223  
 31       31   (6)      2 :  0.0290  0.0020  0.0760  0.8850  0.0080  
 32       32  (28)      3 :  0.0010  0.0030  0.0080  0.9740  0.0140  
 33       33   (8)      3 :  0.0020  0.0010  0.0200  0.0320  0.9450  
 34       34  (27)      3 :  0.0010  0.0020  0.0040  0.9840  0.0090  
 35       35  (10)      3 :  0.0040  0.0010  0.0040  0.9740  0.0170  
 36       36  (19)      3 :  0.0030  0.0030  0.0030  0.0300  0.9610  
 37       37  (51)      3 :  0.0060  0.9900  0.0010  0.0010  0.0020  
 38       38  (37)      3 :  0.0000  0.0040  0.0010  0.2282  0.7668  
 39       39  (23)      3 :  0.0020  0.0090  0.0020  0.9550  0.0320  
 40       40  (10)      3 :  0.0100  0.0060  0.0040  0.4685  0.5115  
 41       41  (17)      3 :  0.0100  0.0450  0.0050  0.0070  0.9330  
 42       42  (61)      3 :  0.0010  0.0050  0.0110  0.0450  0.9380  
 43       43  (11)      3 :  0.0010  0.0020  0.0020  0.5550  0.4400  
 44       44  (20)      3 :  0.0020  0.0010  0.0010  0.0070  0.9890  
 45       45  (14)      3 :  0.0020  0.0030  0.0020  0.9880  0.0050  
 46       46  (19)      3 :  0.0010  0.0030  0.9479  0.0420  0.0060  
 47       47   (9)      4 :  0.0010  0.0040  0.0020  0.9830  0.0100  
 48       48   (8)      4 :  0.0000  0.0631  0.0010  0.0070  0.9289  
 49       49   (7)      4 :  0.0010  0.0030  0.0010  0.0090  0.9860  
 50       50  (22)      4 :  0.0000  0.0040  0.0020  0.0260  0.9680  
 51       51   (7)      4 :  0.0000  0.0010  0.0010  0.0070  0.9910  
 52       52   (5)      4 :  0.0010  0.0060  0.0020  0.6296  0.3614  
 53       53  (40)      4 :  0.0000  0.9970  0.0010  0.0010  0.0010  
 54       54  (15)      4 :  0.0070  0.0010  0.0070  0.9790  0.0060  
 55       55  (14)      4 :  0.0060  0.0330  0.0120  0.0140  0.9350  
 56       56   (6)      4 :  0.0020  0.0020  0.0210  0.9670  0.0080  
 57       57  (14)      4 :  0.0030  0.0040  0.0110  0.9700  0.0120  
 58       58   (8)      4 :  0.0000  0.0060  0.0050  0.0100  0.9790  
 59       59  (12)      4 :  0.0000  0.0020  0.0010  0.9830  0.0140  
 60       60   (7)      4 :  0.0020  0.0050  0.0020  0.9840  0.0070  
 61       61  (30)      5 :  0.0010  0.0040  0.0230  0.9380  0.0340  
 62       62  (11)      5 :  0.0010  0.0020  0.0040  0.9420  0.0510  
 63       63  (48)      5 :  0.0650  0.0020  0.0030  0.1140  0.8160  
 64       64  (18)      5 :  0.0000  0.0210  0.0440  0.0270  0.9080  
 65       65  (24)      5 :  0.0010  0.0010  0.9950  0.0020  0.0010  
 66       66  (14)      5 :  0.0020  0.0030  0.0110  0.0050  0.9790  
 67       67   (8)      5 :  0.0010  0.0020  0.1390  0.0050  0.8530  
 68       68   (5)      5 :  0.0070  0.0120  0.0020  0.8900  0.0890  
 69       69  (36)      5 :  0.0010  0.0020  0.0460  0.1140  0.8370  
 70       70  (14)      5 :  0.0010  0.0040  0.0010  0.9590  0.0350  
 71       71  (23)      5 :  0.0000  0.0020  0.0030  0.0080  0.9870  
 72       72  (47)      5 :  0.0520  0.0290  0.0030  0.8700  0.0460  
 73       73  (17)      5 :  0.0010  0.0020  0.0070  0.0150  0.9750  
 74       74   (9)      5 :  0.0010  0.0050  0.0040  0.0529  0.9371  
 75       75  (13)      5 :  0.0140  0.0170  0.0020  0.5816  0.3854  
 76       76  (18)      6 :  0.0010  0.0010  0.0020  0.0110  0.9850  
 77       77   (9)      6 :  0.0000  0.0050  0.0100  0.9700  0.0150  
 78       78  (16)      6 :  0.0120  0.0240  0.0651  0.2983  0.6006  
 79       79  (11)      6 :  0.0090  0.0010  0.0020  0.0070  0.9810  
 80       80  (16)      6 :  0.0010  0.0010  0.0020  0.9840  0.0120  
 81       81   (7)      6 :  0.0010  0.0120  0.0010  0.6810  0.3050  
 82       82  (21)      6 :  0.0010  0.0090  0.0320  0.9380  0.0200  
 83       83  (11)      6 :  0.0030  0.0030  0.0020  0.8811  0.1109  
 84       84  (13)      6 :  0.0020  0.0330  0.0020  0.9560  0.0070  
 85       85   (7)      6 :  0.0110  0.1740  0.0030  0.0260  0.7860  
 86       86  (19)      6 :  0.0050  0.0190  0.0010  0.0070  0.9680  
 87       87  (43)      6 :  0.0010  0.0480  0.0020  0.0040  0.9450  
 88       88  (21)      6 :  0.0370  0.0040  0.0020  0.0100  0.9471  
 89       89  (11)      6 :  0.0040  0.0020  0.0290  0.9610  0.0040  
 90       90  (21)      6 :  0.0000  0.2943  0.0030  0.6917  0.0110  
 91       91  (14)      6 :  0.0010  0.0040  0.0210  0.3960  0.5780  
 92       92   (9)      7 :  0.0020  0.0130  0.0140  0.9640  0.0070  
 93       93  (16)      7 :  0.0010  0.0120  0.0170  0.7350  0.2350  
 94       94  (24)      7 :  0.0010  0.0010  0.0020  0.9940  0.0020  
 95       95   (6)      7 :  0.0000  0.0010  0.0010  0.9850  0.0130  
 96       96  (34)      7 :  0.0040  0.0100  0.0050  0.1459  0.8352  
 97       97  (21)      7 :  0.0010  0.0020  0.0020  0.0080  0.9870  
 98       98  (11)      7 :  0.0020  0.0010  0.0030  0.0470  0.9471  
 99       99  (17)      7 :  0.0020  0.0030  0.0020  0.7758  0.2172  
100      100  (14)      7 :  0.0010  0.8250  0.0010  0.1050  0.0680  
101      101  (55)      7 :  0.0020  0.0020  0.0040  0.0080  0.9840  
102      102  (12)      7 :  0.0020  0.0010  0.0050  0.9429  0.0490  
103      103  (14)      7 :  0.0040  0.0010  0.0020  0.6360  0.3570  
104      104  (17)      7 :  0.0100  0.0070  0.0020  0.9670  0.0140  
105      105  (14)      7 :  0.0050  0.0010  0.0010  0.9880  0.0050  
