  1        1  (17)      1 :  0.0010  0.0020  0.8142  0.0130  0.1678  0.0020  
  2        2   (7)      1 :  0.0010  0.1100  0.8660  0.0200  0.0010  0.0020  
  3        3  (17)      1 :  0.0010  0.9280  0.0100  0.0530  0.0020  0.0060  
  4        4  (10)      1 :  0.0010  0.9620  0.0170  0.0120  0.0060  0.0020  
  5        5  (71)      1 :  0.0020  0.0630  0.8740  0.0190  0.0040  0.0380  
  6        6  (17)      1 :  0.0020  0.0330  0.9370  0.0160  0.0040  0.0080  
  7        7  (18)      1 :  0.0040  0.0010  0.0010  0.0010  0.0000  0.9930  
  8        8  (32)      1 :  0.0010  0.0330  0.7932  0.0380  0.1339  0.0010  
  9        9  (20)      1 :  0.0020  0.6970  0.2780  0.0030  0.0050  0.0150  
 10       10  (27)      1 :  0.0020  0.0050  0.9820  0.0040  0.0040  0.0030  
 11       11  (22)      1 :  0.0050  0.9409  0.0460  0.0050  0.0010  0.0020  
 12       12  (22)      1 :  0.0020  0.0020  0.9660  0.0040  0.0010  0.0250  
 13       13   (6)      1 :  0.0040  0.0190  0.9690  0.0040  0.0020  0.0020  
 14       14  (46)      1 :  0.0210  0.0160  0.0070  0.8182  0.0999  0.0380  
 15       15  (12)      1 :  0.0150  0.0040  0.9740  0.0020  0.0020  0.0030  
 16       16  (13)      2 :  0.0010  0.9339  0.0200  0.0410  0.0040  0.0000  
 17       17  (12)      2 :  0.0010  0.9530  0.0250  0.0060  0.0010  0.0140  
 18       18  (10)      2 :  0.0050  0.8362  0.0659  0.0849  0.0010  0.0070  
 19       19  (11)      2 :  0.0050  0.0120  0.9730  0.0060  0.0030  0.0010  
 20       20   (6)      2 :  0.0020  0.0050  0.8360  0.1550  0.0010  0.0010  
 21       21  (27)      2 :  0.0010  0.8128  0.1772  0.0030  0.0010  0.0050  
 22       22   (9)      2 :  0.0010  0.0400  0.9369  0.0190  0.0000  0.0030  
 23       23   (9)      2 :  0.0060  0.9580  0.0070  0.0070  0.0080  0.0140  
 24       24  (13)      2 :  0.1251  0.0150  0.8018  0.0050  0.0490  0.0040  
 25       25  (43)      2 :  0.0010  0.0010  0.0010  0.0020  0.9940  0.0010  
 26       26  (11)      2 :  0.0270  0.1210  0.8300  0.0180  0.0030  0.0010  
 27       27  (26)      2 :  0.0050  0.6456  0.2773  0.0671  0.0020  0.0030  
 28       28  (15)      2 :  0.0030  0.0970  0.8900  0.0040  0.0030  0.0030  
 29       29  (27)      2 :  0.0110  0.0320  0.5630  0.3760  0.0130  0.0050  
 30       30  (14)      2 :  0.0671  0.3734  0.5275  0.0020  0.0010  0.0290  
 31       31   (6)      2 :  0.0190  0.0050  0.0040  0.9610  0.0010  0.0100  
 32       32  (28)      3 :  0.0020  0.9430  0.0290  0.0110  0.0070  0.0080  
 33       33   (8)      3 :  0.0010  0.0200  0.3596  0.6134  0.0040  0.0020  
 34       34  (27)      3 :  0.0130  0.9690  0.0080  0.0040  0.0050  0.0010  
 35       35  (10)      3 :  0.0010  0.8170  0.0240  0.1530  0.0010  0.0040  
 36       36  (19)      3 :  0.0030  0.0130  0.9540  0.0260  0.0010  0.0030  
 37       37  (51)      3 :  0.0020  0.0030  0.0070  0.0030  0.0010  0.9840  
 38       38  (37)      3 :  0.0020  0.4840  0.4980  0.0080  0.0050  0.0030  
 39       39  (23)      3 :  0.0030  0.9590  0.0080  0.0240  0.0020  0.0040  
 40       40  (10)      3 :  0.0090  0.0040  0.9450  0.0060  0.0070  0.0290  
 41       41  (17)      3 :  0.0010  0.1828  0.3766  0.0480  0.1808  0.2108  
 42       42  (61)      3 :  0.0050  0.0560  0.8630  0.0060  0.0660  0.0040  
 43       43  (11)      3 :  0.0020  0.1031  0.1061  0.7838  0.0020  0.0030  
 44       44  (20)      3 :  0.0020  0.0140  0.9720  0.0060  0.0030  0.0030  
 45       45  (14)      3 :  0.0020  0.9790  0.0060  0.0110  0.0010  0.0010  
 46       46  (19)      3 :  0.0020  0.0030  0.0020  0.9900  0.0010  0.0020  
 47       47   (9)      4 :  0.0100  0.9580  0.0220  0.0070  0.0020  0.0010  
 48       48   (8)      4 :  0.1049  0.3127  0.5774  0.0030  0.0010  0.0010  
 49       49   (7)      4 :  0.0010  0.0100  0.9800  0.0040  0.0010  0.0040  
 50       50  (22)      4 :  0.0020  0.0190  0.9520  0.0030  0.0230  0.0010  
 51       51   (7)      4 :  0.0020  0.0270  0.9570  0.0100  0.0030  0.0010  
 52       52   (5)      4 :  0.0090  0.0570  0.9190  0.0100  0.0030  0.0020  
 53       53  (40)      4 :  0.9920  0.0010  0.0020  0.0030  0.0000  0.0020  
 54       54  (15)      4 :  0.0040  0.0050  0.0040  0.9790  0.0020  0.0060  
 55       55  (14)      4 :  0.0810  0.0020  0.8540  0.0530  0.0030  0.0070  
 56       56   (6)      4 :  0.0020  0.9730  0.0070  0.0130  0.0020  0.0030  
 57       57  (14)      4 :  0.0030  0.9640  0.0060  0.0080  0.0140  0.0050  
 58       58   (8)      4 :  0.0060  0.0260  0.9350  0.0280  0.0040  0.0010  
 59       59  (12)      4 :  0.0020  0.9800  0.0120  0.0040  0.0010  0.0010  
 60       60   (7)      4 :  0.0020  0.9770  0.0090  0.0030  0.0050  0.0040  
 61       61  (30)      5 :  0.0040  0.7852  0.1419  0.0579  0.0080  0.0030  
 62       62  (11)      5 :  0.0030  0.1518  0.2028  0.6374  0.0020  0.0030  
 63       63  (48)      5 :  0.0020  0.0140  0.9170  0.0160  0.0030  0.0480  
 64       64  (18)      5 :  0.1040  0.0190  0.6580  0.0150  0.2010  0.0030  
 65       65  (24)      5 :  0.0030  0.0020  0.0010  0.9880  0.0050  0.0010  
 66       66  (14)      5 :  0.0030  0.0030  0.9170  0.0330  0.0410  0.0030  
 67       67   (8)      5 :  0.0010  0.0130  0.8230  0.1450  0.0140  0.0040  
 68       68   (5)      5 :  0.0290  0.4660  0.3610  0.1240  0.0090  0.0110  
 69       69  (36)      5 :  0.0020  0.0250  0.9361  0.0190  0.0160  0.0020  
 70       70  (14)      5 :  0.0020  0.9380  0.0410  0.0160  0.0010  0.0020  
 71       71  (23)      5 :  0.0040  0.0370  0.7397  0.1582  0.0591  0.0020  
 72       72  (47)      5 :  0.0100  0.8020  0.0510  0.0060  0.0470  0.0840  
 73       73  (17)      5 :  0.0020  0.0140  0.9680  0.0030  0.0090  0.0040  
 74       74   (9)      5 :  0.0010  0.0240  0.9480  0.0150  0.0030  0.0090  
 75       75  (13)      5 :  0.0030  0.0190  0.8779  0.0581  0.0140  0.0280  
 76       76  (18)      6 :  0.0010  0.0090  0.9780  0.0090  0.0010  0.0020  
 77       77   (9)      6 :  0.0010  0.9129  0.0240  0.0601  0.0010  0.0010  
 78       78  (16)      6 :  0.0050  0.0180  0.0060  0.9530  0.0010  0.0170  
 79       79  (11)      6 :  0.0010  0.0240  0.9410  0.0220  0.0060  0.0060  
 80       80  (16)      6 :  0.0010  0.8320  0.1530  0.0110  0.0020  0.0010  
 81       81   (7)      6 :  0.0070  0.0540  0.9310  0.0050  0.0010  0.0020  
 82       82  (21)      6 :  0.0250  0.4250  0.3550  0.1900  0.0030  0.0020  
 83       83  (11)      6 :  0.0020  0.3020  0.6800  0.0050  0.0070  0.0040  
 84       84  (13)      6 :  0.0210  0.7958  0.1291  0.0400  0.0010  0.0130  
 85       85   (7)      6 :  0.0781  0.0230  0.8198  0.0070  0.0030  0.0691  
 86       86  (19)      6 :  0.0050  0.0340  0.6190  0.0020  0.1990  0.1410  
 87       87  (43)      6 :  0.0200  0.0060  0.9570  0.0100  0.0020  0.0050  
 88       88  (21)      6 :  0.0010  0.0490  0.8148  0.0030  0.0711  0.0611  
 89       89  (11)      6 :  0.0030  0.0370  0.0030  0.9490  0.0020  0.0060  
 90       90  (21)      6 :  0.1690  0.0680  0.7490  0.0100  0.0020  0.0020  
 91       91  (14)      6 :  0.0010  0.3430  0.6320  0.0030  0.0190  0.0020  
 92       92   (9)      7 :  0.0170  0.9010  0.0060  0.0660  0.0040  0.0060  
 93       93  (16)      7 :  0.0050  0.0400  0.1870  0.7600  0.0010  0.0070  
 94       94  (24)      7 :  0.0010  0.9910  0.0040  0.0020  0.0010  0.0010  
 95       95   (6)      7 :  0.0010  0.8020  0.1800  0.0060  0.0100  0.0010  
 96       96  (34)      7 :  0.0030  0.0320  0.8889  0.0430  0.0250  0.0080  
 97       97  (21)      7 :  0.0030  0.0120  0.9740  0.0060  0.0010  0.0040  
 98       98  (11)      7 :  0.0010  0.0350  0.9291  0.0300  0.0030  0.0020  
 99       99  (17)      7 :  0.0030  0.1668  0.7952  0.0170  0.0130  0.0050  
100      100  (14)      7 :  0.2090  0.0220  0.5310  0.0040  0.0070  0.2270  
101      101  (55)      7 :  0.0020  0.0210  0.9510  0.0220  0.0020  0.0020  
102      102  (12)      7 :  0.0010  0.7290  0.1130  0.1530  0.0020  0.0020  
103      103  (14)      7 :  0.0010  0.0370  0.9441  0.0100  0.0040  0.0040  
104      104  (17)      7 :  0.0330  0.8801  0.0200  0.0519  0.0020  0.0130  
105      105  (14)      7 :  0.0020  0.9860  0.0030  0.0040  0.0020  0.0030  
