  1        1  (17)      1 :  0.7910  0.2090  
  2        2   (7)      1 :  0.8270  0.1730  
  3        3  (17)      1 :  0.8280  0.1720  
  4        4  (10)      1 :  0.8300  0.1700  
  5        5  (71)      1 :  0.8610  0.1390  
  6        6  (17)      1 :  0.8190  0.1810  
  7        7  (18)      1 :  0.7780  0.2220  
  8        8  (32)      1 :  0.8530  0.1470  
  9        9  (20)      1 :  0.8320  0.1680  
 10       10  (27)      1 :  0.8240  0.1760  
 11       11  (22)      1 :  0.8490  0.1510  
 12       12  (22)      1 :  0.8560  0.1440  
 13       13   (6)      1 :  0.8080  0.1920  
 14       14  (46)      1 :  0.8460  0.1540  
 15       15  (12)      1 :  0.7870  0.2130  
 16       16  (13)      2 :  0.8280  0.1720  
 17       17  (12)      2 :  0.7980  0.2020  
 18       18  (10)      2 :  0.8220  0.1780  
 19       19  (11)      2 :  0.8600  0.1400  
 20       20   (6)      2 :  0.8110  0.1890  
 21       21  (27)      2 :  0.8460  0.1540  
 22       22   (9)      2 :  0.7920  0.2080  
 23       23   (9)      2 :  0.7810  0.2190  
 24       24  (13)      2 :  0.8290  0.1710  
 25       25  (43)      2 :  0.8550  0.1450  
 26       26  (11)      2 :  0.8020  0.1980  
 27       27  (26)      2 :  0.8340  0.1660  
 28       28  (15)      2 :  0.8280  0.1720  
 29       29  (27)      2 :  0.8230  0.1770  
 30       30  (14)      2 :  0.8130  0.1870  
 31       31   (6)      2 :  0.8410  0.1590  
 32       32  (28)      3 :  0.8480  0.1520  
 33       33   (8)      3 :  0.7970  0.2030  
 34       34  (27)      3 :  0.8370  0.1630  
 35       35  (10)      3 :  0.7850  0.2150  
 36       36  (19)      3 :  0.8280  0.1720  
 37       37  (51)      3 :  0.7810  0.2190  
 38       38  (37)      3 :  0.8350  0.1650  
 39       39  (23)      3 :  0.8050  0.1950  
 40       40  (10)      3 :  0.8570  0.1430  
 41       41  (17)      3 :  0.8150  0.1850  
 42       42  (61)      3 :  0.8250  0.1750  
 43       43  (11)      3 :  0.7910  0.2090  
 44       44  (20)      3 :  0.8180  0.1820  
 45       45  (14)      3 :  0.8250  0.1750  
 46       46  (19)      3 :  0.8300  0.1700  
 47       47   (9)      4 :  0.8320  0.1680  
 48       48   (8)      4 :  0.8120  0.1880  
 49       49   (7)      4 :  0.8060  0.1940  
 50       50  (22)      4 :  0.8450  0.1550  
 51       51   (7)      4 :  0.8250  0.1750  
 52       52   (5)      4 :  0.8380  0.1620  
 53       53  (40)      4 :  0.8350  0.1650  
 54       54  (15)      4 :  0.8000  0.2000  
 55       55  (14)      4 :  0.8180  0.1820  
 56       56   (6)      4 :  0.8300  0.1700  
 57       57  (14)      4 :  0.8270  0.1730  
 58       58   (8)      4 :  0.8310  0.1690  
 59       59  (12)      4 :  0.8140  0.1860  
 60       60   (7)      4 :  0.8010  0.1990  
 61       61  (30)      5 :  0.8540  0.1460  
 62       62  (11)      5 :  0.8250  0.1750  
 63       63  (48)      5 :  0.8390  0.1610  
 64       64  (18)      5 :  0.8110  0.1890  
 65       65  (24)      5 :  0.7850  0.2150  
 66       66  (14)      5 :  0.8020  0.1980  
 67       67   (8)      5 :  0.8290  0.1710  
 68       68   (5)      5 :  0.7940  0.2060  
 69       69  (36)      5 :  0.8490  0.1510  
 70       70  (14)      5 :  0.8220  0.1780  
 71       71  (23)      5 :  0.8470  0.1530  
 72       72  (47)      5 :  0.7930  0.2070  
 73       73  (17)      5 :  0.8110  0.1890  
 74       74   (9)      5 :  0.8480  0.1520  
 75       75  (13)      5 :  0.8040  0.1960  
 76       76  (18)      6 :  0.8120  0.1880  
 77       77   (9)      6 :  0.8190  0.1810  
 78       78  (16)      6 :  0.7910  0.2090  
 79       79  (11)      6 :  0.8300  0.1700  
 80       80  (16)      6 :  0.8310  0.1690  
 81       81   (7)      6 :  0.8310  0.1690  
 82       82  (21)      6 :  0.8310  0.1690  
 83       83  (11)      6 :  0.8310  0.1690  
 84       84  (13)      6 :  0.7900  0.2100  
 85       85   (7)      6 :  0.8460  0.1540  
 86       86  (19)      6 :  0.8100  0.1900  
 87       87  (43)      6 :  0.8320  0.1680  
 88       88  (21)      6 :  0.8450  0.1550  
 89       89  (11)      6 :  0.8280  0.1720  
 90       90  (21)      6 :  0.8560  0.1440  
 91       91  (14)      6 :  0.8430  0.1570  
 92       92   (9)      7 :  0.8330  0.1670  
 93       93  (16)      7 :  0.8250  0.1750  
 94       94  (24)      7 :  0.8250  0.1750  
 95       95   (6)      7 :  0.8210  0.1790  
 96       96  (34)      7 :  0.8620  0.1380  
 97       97  (21)      7 :  0.8480  0.1520  
 98       98  (11)      7 :  0.8090  0.1910  
 99       99  (17)      7 :  0.8450  0.1550  
100      100  (14)      7 :  0.7950  0.2050  
101      101  (55)      7 :  0.8470  0.1530  
102      102  (12)      7 :  0.8400  0.1600  
103      103  (14)      7 :  0.8250  0.1750  
104      104  (17)      7 :  0.8220  0.1780  
105      105  (14)      7 :  0.8290  0.1710  
