  1        1  (17)      1 :  0.7558  0.0030  0.2252  0.0160  
  2        2   (7)      1 :  0.8020  0.0030  0.0060  0.1890  
  3        3  (17)      1 :  0.8150  0.0010  0.0150  0.1690  
  4        4  (10)      1 :  0.8000  0.0010  0.0140  0.1850  
  5        5  (71)      1 :  0.8360  0.0150  0.1080  0.0410  
  6        6  (17)      1 :  0.7880  0.0020  0.1610  0.0490  
  7        7  (18)      1 :  0.7850  0.2060  0.0030  0.0060  
  8        8  (32)      1 :  0.8230  0.0100  0.0110  0.1560  
  9        9  (20)      1 :  0.8310  0.0100  0.0130  0.1460  
 10       10  (27)      1 :  0.8410  0.0080  0.0050  0.1460  
 11       11  (22)      1 :  0.8490  0.0010  0.0040  0.1460  
 12       12  (22)      1 :  0.8050  0.0020  0.1900  0.0030  
 13       13   (6)      1 :  0.7980  0.0260  0.0870  0.0890  
 14       14  (46)      1 :  0.8348  0.0290  0.0120  0.1241  
 15       15  (12)      1 :  0.7670  0.0030  0.0070  0.2230  
 16       16  (13)      2 :  0.8228  0.0020  0.0310  0.1441  
 17       17  (12)      2 :  0.8110  0.0230  0.0050  0.1610  
 18       18  (10)      2 :  0.8060  0.0080  0.0050  0.1810  
 19       19  (11)      2 :  0.8440  0.0140  0.0030  0.1390  
 20       20   (6)      2 :  0.7860  0.0010  0.2060  0.0070  
 21       21  (27)      2 :  0.8378  0.0020  0.1251  0.0350  
 22       22   (9)      2 :  0.8022  0.0100  0.1598  0.0280  
 23       23   (9)      2 :  0.8000  0.0020  0.0020  0.1960  
 24       24  (13)      2 :  0.8020  0.0720  0.0720  0.0540  
 25       25  (43)      2 :  0.8550  0.1230  0.0100  0.0120  
 26       26  (11)      2 :  0.8098  0.0030  0.0501  0.1371  
 27       27  (26)      2 :  0.7870  0.0020  0.1750  0.0360  
 28       28  (15)      2 :  0.8260  0.0030  0.1080  0.0630  
 29       29  (27)      2 :  0.8432  0.0130  0.0210  0.1229  
 30       30  (14)      2 :  0.8190  0.0100  0.1570  0.0140  
 31       31   (6)      2 :  0.8210  0.0030  0.1300  0.0460  
 32       32  (28)      3 :  0.8710  0.0070  0.0050  0.1170  
 33       33   (8)      3 :  0.7978  0.0010  0.0130  0.1882  
 34       34  (27)      3 :  0.8260  0.0060  0.0030  0.1650  
 35       35  (10)      3 :  0.8020  0.0080  0.0080  0.1820  
 36       36  (19)      3 :  0.8198  0.0250  0.0440  0.1111  
 37       37  (51)      3 :  0.7920  0.2040  0.0020  0.0020  
 38       38  (37)      3 :  0.8500  0.0020  0.0120  0.1360  
 39       39  (23)      3 :  0.7802  0.0020  0.0030  0.2148  
 40       40  (10)      3 :  0.8670  0.0100  0.0030  0.1200  
 41       41  (17)      3 :  0.8050  0.0080  0.0090  0.1780  
 42       42  (61)      3 :  0.8100  0.0090  0.1340  0.0470  
 43       43  (11)      3 :  0.8150  0.0020  0.0370  0.1460  
 44       44  (20)      3 :  0.8408  0.0120  0.0090  0.1381  
 45       45  (14)      3 :  0.8270  0.0070  0.0090  0.1570  
 46       46  (19)      3 :  0.8110  0.0110  0.1480  0.0300  
 47       47   (9)      4 :  0.8368  0.0060  0.0030  0.1542  
 48       48   (8)      4 :  0.8090  0.0010  0.0020  0.1880  
 49       49   (7)      4 :  0.8130  0.0030  0.0120  0.1720  
 50       50  (22)      4 :  0.7850  0.0040  0.0050  0.2060  
 51       51   (7)      4 :  0.8078  0.0060  0.0040  0.1822  
 52       52   (5)      4 :  0.8182  0.0070  0.0100  0.1648  
 53       53  (40)      4 :  0.7170  0.2810  0.0010  0.0010  
 54       54  (15)      4 :  0.8292  0.0030  0.1089  0.0589  
 55       55  (14)      4 :  0.7980  0.0910  0.0370  0.0740  
 56       56   (6)      4 :  0.8142  0.0020  0.0080  0.1758  
 57       57  (14)      4 :  0.7920  0.0070  0.1870  0.0140  
 58       58   (8)      4 :  0.7980  0.0020  0.0060  0.1940  
 59       59  (12)      4 :  0.8092  0.0040  0.0080  0.1788  
 60       60   (7)      4 :  0.8008  0.0020  0.0040  0.1932  
 61       61  (30)      5 :  0.8198  0.0060  0.0070  0.1672  
 62       62  (11)      5 :  0.8140  0.0020  0.0020  0.1820  
 63       63  (48)      5 :  0.8550  0.0110  0.0860  0.0480  
 64       64  (18)      5 :  0.7970  0.1070  0.0040  0.0920  
 65       65  (24)      5 :  0.7840  0.0030  0.0340  0.1790  
 66       66  (14)      5 :  0.8090  0.0040  0.0070  0.1800  
 67       67   (8)      5 :  0.7870  0.0220  0.0110  0.1800  
 68       68   (5)      5 :  0.7900  0.0070  0.0080  0.1950  
 69       69  (36)      5 :  0.8348  0.0020  0.1331  0.0300  
 70       70  (14)      5 :  0.8350  0.0010  0.0170  0.1470  
 71       71  (23)      5 :  0.8500  0.0020  0.0080  0.1400  
 72       72  (47)      5 :  0.8070  0.0200  0.0430  0.1300  
 73       73  (17)      5 :  0.7950  0.0490  0.0140  0.1420  
 74       74   (9)      5 :  0.8208  0.0030  0.1542  0.0220  
 75       75  (13)      5 :  0.7640  0.0800  0.1190  0.0370  
 76       76  (18)      6 :  0.8150  0.0010  0.0390  0.1450  
 77       77   (9)      6 :  0.8170  0.0010  0.0070  0.1750  
 78       78  (16)      6 :  0.7782  0.0440  0.0160  0.1618  
 79       79  (11)      6 :  0.8310  0.0010  0.0050  0.1630  
 80       80  (16)      6 :  0.8258  0.0020  0.0050  0.1672  
 81       81   (7)      6 :  0.8200  0.0020  0.0060  0.1720  
 82       82  (21)      6 :  0.7900  0.0040  0.0040  0.2020  
 83       83  (11)      6 :  0.8188  0.0150  0.0270  0.1391  
 84       84  (13)      6 :  0.7890  0.0040  0.0130  0.1940  
 85       85   (7)      6 :  0.8388  0.0040  0.0090  0.1481  
 86       86  (19)      6 :  0.8270  0.1100  0.0410  0.0220  
 87       87  (43)      6 :  0.8338  0.0060  0.0450  0.1151  
 88       88  (21)      6 :  0.8390  0.0070  0.1210  0.0330  
 89       89  (11)      6 :  0.8220  0.0020  0.0120  0.1640  
 90       90  (21)      6 :  0.8472  0.0100  0.0170  0.1259  
 91       91  (14)      6 :  0.8120  0.0030  0.0060  0.1790  
 92       92   (9)      7 :  0.7980  0.0120  0.0180  0.1720  
 93       93  (16)      7 :  0.8210  0.0050  0.0110  0.1630  
 94       94  (24)      7 :  0.8390  0.0010  0.1570  0.0030  
 95       95   (6)      7 :  0.8262  0.0020  0.0270  0.1449  
 96       96  (34)      7 :  0.8370  0.0070  0.0030  0.1530  
 97       97  (21)      7 :  0.8218  0.0020  0.0260  0.1502  
 98       98  (11)      7 :  0.7910  0.0030  0.0050  0.2010  
 99       99  (17)      7 :  0.8390  0.0050  0.0530  0.1030  
100      100  (14)      7 :  0.7852  0.0909  0.0549  0.0689  
101      101  (55)      7 :  0.8080  0.0370  0.0030  0.1520  
102      102  (12)      7 :  0.8290  0.0030  0.0150  0.1530  
103      103  (14)      7 :  0.8170  0.0080  0.0110  0.1640  
104      104  (17)      7 :  0.8340  0.0010  0.0230  0.1420  
105      105  (14)      7 :  0.8270  0.0030  0.0040  0.1660  
