2	58
9	42
11	19
17	53
18	3
22	48
25	68
26	73
27	45
28	23
33	15
35	12
36	37
42	8
45	71
47	50
50	49
51	41
53	76
57	39
59	36
64	71
74	40
82	64
83	77
84	62
86	68
87	45
95	7
96	62
97	17
98	74
100	70
102	35
104	49
105	78
106	43
113	11
116	22
119	7
120	31
121	14
123	69
130	55
133	6
144	66
145	80
149	68
152	62
164	56
166	7
167	17
169	6
175	17
179	54
180	65
189	30
197	19
198	33
200	42
201	12
204	70
210	56
212	80
216	3
218	78
225	59
229	55
231	75
232	51
233	12
239	56
242	19
243	51
245	37
249	64
251	50
253	39
254	55
255	37
256	6
258	36
259	69
262	3
266	72
271	23
272	28
284	78
285	40
286	30
287	42
288	30
289	69
295	18
297	57
299	18
311	23
313	31
315	54
317	76
319	26
320	25
321	16
323	3
324	64
326	58
327	2
331	33
333	4
334	42
337	63
340	58
350	7
352	65
358	12
359	36
360	66
362	73
368	56
378	37
380	39
381	29
382	50
385	48
386	44
390	41
391	27
393	44
398	55
400	31
401	66
402	29
405	19
407	68
412	31
413	51
414	56
415	10
418	12
422	12
424	8
425	69
432	38
441	65
443	49
445	21
446	22
449	40
451	33
452	65
456	68
457	80
459	10
460	53
461	80
463	38
465	19
467	47
470	55
471	11
472	61
476	22
477	22
479	52
480	20
483	79
492	7
496	11
499	14
501	39
509	67
515	7
520	57
523	18
526	23
532	39
535	39
538	32
541	71
542	55
543	1
544	10
546	45
547	41
550	4
561	34
562	28
565	17
568	1
570	68
572	18
577	36
583	61
588	58
590	24
591	16
592	56
594	62
596	46
597	22
599	78
603	20
605	11
606	7
607	59
609	50
613	12
616	54
621	69
622	67
626	35
627	29
632	74
633	33
636	71
639	9
640	35
643	12
644	70
652	53
655	21
656	9
657	32
659	80
662	45
663	64
664	75
666	69
667	51
668	67
669	53
670	79
671	16
672	62
673	74
676	56
680	20
683	13
690	28
696	56
700	40
703	38
708	51
710	45
716	13
718	65
720	20
722	32
726	74
735	16
736	9
743	55
744	47
746	61
748	59
750	10
751	76
753	4
754	3
755	40
756	32
761	63
765	71
766	11
772	38
773	47
780	43
783	12
785	36
786	16
791	80
792	70
795	61
802	31
803	53
805	15
806	17
818	73
822	11
823	36
828	53
838	13
841	17
842	13
845	65
846	26
847	52
850	45
856	47
861	57
862	18
863	78
871	25
874	26
876	66
887	72
894	80
899	63
903	80
905	55
911	6
914	52
915	2
918	63
920	22
923	16
928	28
929	58
933	49
942	80
944	59
948	79
949	21
951	3
952	75
957	44
959	44
962	71
963	69
966	70
968	3
971	22
974	22
976	31
981	44
983	25
984	30
985	70
987	38
990	69
991	62
995	64
998	53
1004	60
1006	76
1009	35
1013	35
1016	31
1021	60
1023	49
1024	3
1027	49
1029	63
1032	53
1034	66
1040	42
1041	29
1043	9
1044	71
1045	63
1048	72
1049	33
1051	3
1055	29
1061	7
1064	41
1068	52
1074	39
1076	18
1077	29
1078	80
1080	44
1082	76
1083	8
1086	75
1093	13
1094	1
1095	31
1099	34
1106	2
1107	14
1109	63
1114	71
1120	40
1126	35
1128	50
1130	70
1131	65
1132	60
1134	33
1137	52
1139	47
1140	60
1143	64
1145	42
1146	80
1147	64
1151	28
1155	52
1156	26
1157	45
1159	70
1162	25
1164	5
1170	75
1182	44
1185	39
1187	34
1189	9
1191	24
1206	31
1208	26
1215	54
1218	1
1226	23
1228	14
1231	69
1236	7
1238	29
1240	30
1246	35
1247	3
1260	64
1261	59
1267	30
1270	51
1271	43
1274	61
1290	35
1292	6
1300	60
1310	77
1311	49
1312	27
1316	48
1322	76
1323	57
1324	59
1334	73
1335	48
1338	65
1344	6
1346	38
1351	9
1352	29
1356	80
1362	19
1363	42
1365	59
1370	52
1372	10
1373	69
1374	29
1378	44
1379	10
1390	57
1396	51
1398	66
1412	1
1413	38
1417	6
1419	47
1421	44
1422	68
1437	48
1443	40
1444	8
1453	57
1455	52
1461	74
1462	4
1469	43
1471	61
1472	49
1476	74
1481	65
1492	65
1495	63
1501	7
1504	66
1512	80
1514	7
1521	34
1524	11
1525	24
1533	71
1537	31
1547	7
1553	45
1555	42
1558	8
1559	14
1560	33
1565	76
1573	35
1574	19
1577	9
1578	29
1580	21
1582	61
1588	37
1592	76
1596	50
1597	2
1602	17
1607	61
1608	72
1610	8
1611	57
1613	45
1618	9
1619	40
1621	78
1623	68
1624	34
1627	20
1629	79
1633	77
1635	19
1638	23
1644	3
1646	36
1649	70
1651	49
1662	46
1664	31
1676	14
1684	4
1685	44
1686	60
1691	59
1704	43
1711	55
1714	6
1719	32
1722	42
1723	63
1730	19
1732	13
1734	38
1737	13
1744	21
1746	78
1747	27
1750	63
1754	37
1757	19
1762	16
1767	2
1769	39
1774	37
1787	19
1788	7
1797	6
1806	14
1810	80
1811	31
1812	51
1813	60
1814	3
1816	13
1823	8
1824	40
1825	24
1826	2
1832	71
1836	78
1838	8
1839	48
1848	32
1850	22
1851	41
1857	14
1860	54
1863	1
1866	40
1868	24
1869	56
1878	41
1879	66
1880	46
1882	61
1883	73
1884	31
1885	75
1888	28
1889	73
1890	41
1904	17
1906	10
1909	3
1917	61
1920	36
1943	34
1947	46
1948	18
1949	23
1951	53
1963	52
1967	48
1968	42
1971	27
1973	7
1977	31
1980	2
1983	10
1986	36
1992	9
1993	53
1995	28
1998	37
1999	52
2000	45
2002	5
2003	9
2007	45
2011	10
2015	80
2018	62
2021	42
2023	43
2025	29
2031	22
2032	51
2043	64
2046	16
2054	15
2059	35
2061	37
2065	48
2069	37
2074	48
2083	52
2085	25
2088	59
2093	14
2095	13
2105	51
2114	46
2117	79
2118	79
2124	72
2128	41
2134	11
2139	66
2142	66
2147	50
2148	34
2154	78
2162	69
2165	38
2170	39
2176	71
2181	29
2183	64
2184	29
2186	7
2188	75
2190	49
2196	64
2198	35
2214	60
2215	41
2221	59
2225	5
2226	3
2233	69
2234	30
2236	72
2239	78
2240	55
2242	75
2245	13
2246	2
2249	23
2251	56
2259	3
2268	8
2272	74
2274	66
2285	50
2292	6
2293	15
2294	10
2295	67
2296	69
2297	19
2303	69
2305	56
2307	68
2308	48
2314	37
2319	69
2320	42
2322	71
2325	39
2330	8
2344	30
2348	38
2356	15
2359	50
2368	12
2369	9
2378	33
2383	46
2390	10
2392	75
2395	46
2396	56
2402	44
2408	55
2409	45
2410	77
2412	24
2414	74
2415	56
2416	41
2424	35
2428	42
2429	77
2431	36
2435	62
2449	34
2451	74
2455	76
2458	62
2473	67
2476	46
2477	47
2478	49
2485	18
2486	55
2489	37
2492	65
2500	22
2506	67
2507	50
2509	67
2513	70
2514	53
2516	14
2517	40
2520	8
2521	3
2528	66
2532	42
2534	2
2540	6
2544	13
2545	78
2547	62
2551	35
2553	26
2558	67
2559	67
2560	80
2562	60
2563	79
2565	62
2568	51
2577	38
2578	5
2579	52
2592	27
2595	71
2599	75
2603	67
2608	4
2612	73
2613	78
2623	69
2627	7
2632	66
2638	17
2641	42
2648	63
2654	52
2655	73
2658	11
2662	80
2663	67
2666	51
2668	78
2669	62
2670	43
2675	48
2677	65
2680	46
2683	74
2685	67
2686	30
2691	54
2693	55
2694	15
2699	65
2708	37
2712	55
2720	69
2729	42
2733	14
2735	61
2736	65
2743	45
2744	65
2749	4
2751	69
2754	53
2755	75
2757	65
2763	42
2768	21
2769	74
2775	9
2778	59
2779	17
2783	76
2785	6
2789	63
2795	32
2798	65
2800	52
2804	12
2805	32
2807	68
2809	23
2813	67
2815	79
2818	18
2819	34
2821	67
2824	24
2825	60
2831	3
2832	12
2834	56
2838	18
2843	49
2844	21
2845	65
2848	2
2850	62
2851	19
2853	69
2857	4
2858	6
2864	72
2866	39
2872	10
2876	73
2878	15
2879	56
2880	12
2881	25
2888	23
2890	53
2892	20
2893	16
2894	39
2896	47
2901	29
2904	79
2907	39
2914	78
2916	45
2920	8
2923	80
2927	41
2928	17
2930	21
2931	33
2932	76
2933	58
2937	55
2942	30
2943	79
2944	76
2947	80
2950	79
2951	26
2953	17
2955	20
2959	51
2963	40
2971	67
2973	57
2979	75
2981	64
2982	33
2984	70
2985	8
2989	12
2991	47
2999	40
3000	59
3005	66
3006	41
3008	79
3010	58
3013	57
3019	19
3021	29
3023	12
3032	61
3039	78
3042	43
3051	77
3053	36
3054	38
3058	33
3060	49
3061	5
3066	17
3068	77
3072	42
3073	28
3083	28
3085	75
3087	35
3094	78
3096	24
3101	7
3103	23
3104	78
3107	60
3109	18
3113	23
3117	1
3118	24
3120	42
3124	9
3126	63
3127	35
3129	50
3131	14
3139	60
3140	30
3141	43
3142	25
3148	44
3153	77
3155	76
3158	23
3159	75
3162	40
3170	53
3175	58
3180	39
3181	29
3186	55
3187	42
3188	65
3190	51
3193	57
3201	49
3206	39
3210	69
3212	65
3213	6
3215	77
3216	54
3224	65
3228	69
3229	63
3233	67
3234	9
3239	56
3240	42
3241	38
3243	71
3244	11
3250	50
3251	65
3253	37
3254	49
3256	39
3257	14
3260	68
3266	38
3274	9
3276	75
3278	54
3279	26
3283	53
3284	57
3285	54
3298	51
3301	31
3302	9
3304	17
3305	31
3313	20
3315	4
3321	1
3325	25
3328	32
3331	80
3333	28
3335	49
3342	56
3344	70
3345	3
3349	41
3350	33
3356	29
3357	47
3363	72
3366	13
3368	78
3369	30
3375	56
3378	47
3379	37
3380	70
3383	52
3385	17
3387	70
3392	58
3395	64
3397	77
3403	4
3416	64
3418	2
3419	75
3420	57
3422	51
3424	32
3425	19
3436	30
3440	4
3444	44
3452	25
3456	18
3464	28
3468	23
3469	57
3470	29
3474	6
3477	15
3481	65
3482	22
3485	39
3486	43
3501	52
3506	1
3507	29
3514	60
3516	67
3519	32
3525	74
3527	45
3529	63
3534	45
3540	52
3544	74
3549	54
3551	74
3555	76
3561	54
3569	79
3576	44
3577	19
3581	38
3586	76
3594	76
3602	67
3608	31
3609	65
3612	49
3614	40
3615	5
3620	19
3622	56
3624	36
3628	6
3629	8
3633	78
3641	65
3643	60
3645	2
3646	65
3648	53
3650	5
3654	41
3655	80
3657	54
3658	2
3660	79
3664	69
3667	15
3670	39
3672	1
3675	9
3680	64
3682	26
3685	40
3687	14
3692	75
3693	56
3695	52
3696	28
3697	77
3700	26
3702	51
3707	7
3710	39
3712	44
3714	51
3716	33
3719	27
3723	8
3725	2
3726	8
3728	37
3730	10
3731	61
3736	1
3739	48
3741	14
3742	61
3748	13
3753	56
3756	10
3761	73
3764	32
3776	28
3779	61
3783	22
3788	17
3794	2
3796	34
3799	56
3801	23
3803	16
3808	69
3809	64
3816	75
3818	23
3820	71
3824	17
3831	6
3832	10
3833	31
3834	20
3837	57
3839	2
3842	6
3852	26
3853	54
3866	10
3872	33
3874	66
3880	54
3885	44
3888	49
3889	7
3895	14
3901	51
3908	15
3912	19
3913	8
3914	8
3916	12
3917	57
3920	76
3921	53
3922	58
3923	56
3929	5
3931	45
3932	29
3933	29
3934	53
3939	75
3940	80
3941	54
3950	34
3954	58
3955	17
3957	19
3959	23
3960	40
3963	79
3969	12
3972	34
3977	63
3984	41
3985	41
3990	66
3997	16
4005	1
4011	63
4014	51
4019	76
4020	54
4022	9
4024	68
4026	36
4030	61
4032	60
4040	23
4042	78
4052	12
4056	18
4059	46
4060	30
4062	74
4066	29
4076	19
4080	47
4081	69
4088	41
4092	78
4094	23
4100	48
4101	60
4106	53
4108	74
4111	46
4114	39
4117	12
4118	39
4121	14
4126	42
4131	20
4142	66
4149	63
4155	75
4160	10
4162	53
4173	28
4185	64
4187	69
4188	61
4189	14
4192	6
4193	8
4198	54
4201	74
4208	59
4209	70
4213	32
4215	40
4216	40
4217	26
4220	47
4222	75
4227	25
4228	36
4229	35
4236	13
4239	28
4249	58
4253	65
4255	70
4268	45
4270	47
4271	12
4274	5
4276	35
4279	70
4282	77
4283	62
4288	40
4292	61
4294	61
4298	19
4303	67
4313	1
4318	50
4322	59
4333	7
4338	76
4340	17
4347	64
4353	71
4355	4
4356	62
4358	35
4364	50
4367	78
4371	19
4372	20
4374	41
4375	2
4377	28
4378	48
4382	76
4386	63
4405	12
4409	47
4415	66
4416	56
4424	16
4425	69
4429	38
4440	77
4446	49
4454	74
4460	48
4462	26
4464	45
4473	36
4476	80
4477	78
4479	14
4480	32
4485	60
4488	52
4490	69
4491	18
4502	8
4505	58
4510	49
4511	80
4513	43
4516	76
4518	42
4519	56
4522	43
4523	69
4524	17
4528	8
4531	28
4535	55
4536	36
4542	53
4549	46
4557	3
4561	6
4564	64
4568	80
4572	2
4581	54
4584	75
4585	37
4588	61
4589	7
4592	14
4597	72
4604	34
4607	79
4615	29
4619	18
4620	54
4621	73
4625	46
4629	28
4632	65
4635	36
4636	25
4639	74
4642	7
4643	38
4645	1
4649	31
4652	38
4654	40
4656	45
4657	65
4659	33
4660	69
4664	53
4666	35
4667	45
4669	47
4671	48
4676	61
4683	77
4685	42
4696	65
4699	6
4700	28
4706	66
4709	26
4716	56
4717	5
4719	56
4722	27
4723	22
4730	42
4732	18
4734	12
4736	6
4739	55
4742	47
4744	52
4748	51
4751	28
4753	13
4760	71
4765	4
4766	11
4767	4
4769	17
4770	37
4772	56
4773	61
4774	41
4775	3
4779	31
4781	48
4783	35
4790	69
4799	58
4811	39
4817	38
4820	79
4822	53
4824	22
4826	1
4827	75
4830	64
4841	45
4843	70
4844	56
4848	40
4851	54
4857	62
4860	37
4862	19
4868	48
4871	44
4872	80
4873	54
4883	3
4892	68
4894	33
4898	68
4900	32
4901	10
4902	44
4910	20
4913	20
4916	27
4919	40
4921	59
4926	77
4930	4
4933	40
4934	51
4935	40
4937	68
4939	31
4940	68
4944	18
4951	38
4954	20
4960	48
4966	52
4967	7
4968	27
4969	37
4970	14
4978	24
4980	70
4981	64
4987	49
4989	56
4993	60
4996	35
4999	56
5000	53
5001	8
5004	62
5017	66
5021	14
5022	35
5023	38
5032	32
5034	17
5038	31
5043	59
5054	16
5059	63
5060	5
5062	72
5066	3
5069	55
5072	33
5075	72
5076	49
5077	46
5079	38
5080	54
5084	38
5085	42
5086	22
5088	43
5095	57
5097	2
5099	69
5103	16
5105	57
5107	60
5110	39
5113	71
5114	59
5118	74
5120	47
5128	50
5133	27
5136	66
5137	61
5144	59
5146	32
5148	24
5152	61
5155	18
5156	17
5159	62
5163	29
5166	2
5177	58
5180	52
5183	51
5187	14
5190	42
5197	65
5198	13
5202	17
5203	16
5204	14
5220	69
5226	11
5228	4
5229	25
5231	52
5235	71
5236	40
5238	54
5239	57
5243	40
5244	40
5245	67
5248	8
5253	10
5254	57
5255	48
5257	8
5262	80
5264	11
5266	66
5267	40
5268	53
5270	45
5275	15
5280	4
5282	39
5283	74
5284	15
5290	51
5294	59
5299	36
5301	54
5307	64
5308	59
5310	24
5312	63
5315	74
5316	14
5320	11
5324	69
5327	4
5329	59
5337	31
5341	30
5348	2
5351	41
5366	8
5367	50
5370	19
5371	31
5373	69
5377	78
5379	60
5381	23
5382	76
5386	76
5394	11
5398	8
5400	13
5405	3
5407	40
5416	39
5417	62
5420	40
5426	37
5430	45
5431	78
5433	20
5437	15
5438	61
5451	18
5454	19
5456	59
5465	16
5466	64
5470	33
5474	20
5477	22
5480	31
5481	14
5485	4
5488	72
5492	42
5493	31
5496	22
5497	42
5522	70
5523	37
5524	27
5525	58
5526	6
5531	71
5533	60
5535	30
5537	10
5540	39
5541	60
5543	52
5544	71
5549	49
5550	77
5552	2
5555	58
5561	23
5562	69
5563	33
5569	35
5575	53
5580	15
5582	37
5583	79
5586	7
5588	61
5592	69
5594	74
5595	21
5597	64
5598	1
5599	19
5602	74
5616	5
5621	50
5629	40
5639	42
5643	37
5644	79
5645	18
5646	34
5647	38
5649	43
5654	32
5656	20
5657	4
5666	6
5667	36
5669	53
5670	17
5673	41
5677	37
5682	30
5685	36
5693	27
5696	74
5697	31
5698	12
5702	71
5704	10
5713	72
5715	77
5717	52
5718	40
5721	73
5722	66
5724	30
5725	40
5728	41
5737	76
5740	49
5741	4
5742	40
5748	50
5749	74
5755	65
5756	49
5757	31
5766	55
5769	65
5781	21
5786	30
5799	26
5801	9
5802	63
5808	26
5809	10
5812	43
5815	36
5819	32
5821	60
5826	16
5827	76
5828	57
5831	5
5841	58
5842	21
5843	28
5844	63
5851	58
5854	12
5855	6
5856	78
5858	71
5859	15
5862	59
5871	59
5872	62
5874	75
5877	38
5884	46
5898	34
5900	80
5901	9
5904	72
5911	18
5912	53
5917	34
5919	39
5922	63
5924	27
5928	66
5933	56
5935	52
5939	64
5941	35
5942	18
5945	11
5951	36
5954	23
5955	11
5956	54
5957	30
5958	77
5959	27
5960	19
5961	45
5962	41
5963	47
5965	9
5973	51
5974	69
5981	38
5984	8
6001	64
6006	36
6012	44
6013	40
6017	4
6022	69
6023	30
6030	70
6035	20
6038	40
6047	40
6052	5
6064	61
6065	39
6068	6
6070	68
6072	6
6082	2
6086	77
6087	25
6092	30
6093	24
6100	24
6102	48
6105	57
6117	31
6120	80
6126	69
6129	27
6133	35
6134	28
6135	30
6140	78
6141	58
6144	71
6153	78
6157	50
6161	48
6163	54
6164	66
6165	23
6167	3
6168	78
6169	70
6173	75
6174	24
6175	20
6179	55
6185	15
6187	68
6194	31
6195	57
6197	36
6201	35
6202	70
6210	54
6216	72
6219	59
6225	47
6226	72
6227	23
6228	51
6229	80
6231	38
6232	33
6246	44
6249	10
6252	8
6254	25
6255	51
6256	12
6260	7
6263	28
6266	28
6277	15
6279	8
6281	60
6286	13
6287	35
6288	66
6293	16
6294	24
6295	66
6297	32
6298	70
6299	12
6303	17
6309	4
6310	48
6317	30
6319	48
6337	17
6340	52
6341	46
6342	42
6346	55
6347	40
6350	67
6354	16
6356	36
6359	64
6360	38
6362	45
6367	58
6370	30
6375	14
6378	23
6382	78
6383	59
6385	32
6386	33
6387	67
6389	57
6391	7
6394	5
6395	6
6396	48
6403	58
6405	66
6418	78
6420	40
6421	24
6424	64
6427	2
6430	57
6433	19
6436	78
6440	6
6442	42
6451	12
6457	46
6459	24
6460	72
6462	29
6464	20
6470	7
6474	61
6476	19
6481	5
6483	6
6486	8
6488	8
6490	26
6494	46
6498	73
6501	40
6508	74
6511	70
6518	51
6521	77
6523	28
6526	79
6530	56
6533	1
6534	46
6536	44
6538	77
6546	30
6550	57
6551	19
6555	25
6557	76
6558	53
6560	40
6561	52
6562	34
6566	19
6571	33
6572	51
6574	3
6575	62
6579	63
6580	67
6586	67
6587	60
6594	8
6597	75
6599	41
6600	33
6601	43
6603	39
6604	51
6617	14
6625	71
6632	70
6633	51
6635	29
6637	39
6638	65
6641	58
6645	68
6646	44
6654	40
6656	15
6657	25
6667	74
6669	42
6670	36
6671	3
6675	31
6680	53
6688	45
6690	4
6691	18
6695	17
6706	58
6714	54
6716	17
6717	18
6724	47
6725	71
6736	36
6745	69
6747	40
6752	50
6756	61
6759	19
6761	52
6766	61
6773	20
6774	29
6779	32
6784	30
6787	51
6788	3
6794	13
6796	29
6798	52
6809	70
6810	22
6813	12
6814	42
6829	71
6831	63
6835	27
6841	27
6855	49
6858	35
6860	11
6862	18
6863	20
6864	40
6867	31
6870	48
6875	54
6881	6
6882	3
6883	1
6886	15
6889	56
6892	30
6899	54
6905	14
6908	35
6912	47
6915	26
6920	79
6921	60
6923	52
6924	15
6925	23
6926	72
6928	47
6930	30
6931	60
6932	34
6940	51
6945	63
6957	5
6962	35
6963	39
6967	79
6969	72
6970	69
6976	1
6982	49
6986	75
6988	63
6992	66
6994	79
6996	37
7004	41
7010	63
7016	37
7018	68
7023	62
7025	79
7026	48
7028	3
7034	11
7035	63
7037	21
7038	45
7039	23
7042	51
7047	15
7054	36
7057	6
7059	52
7068	27
7077	73
7080	69
7081	79
7083	68
7084	65
7088	48
7091	21
7092	7
7095	73
7098	18
7105	62
7106	38
7113	4
7118	24
7120	54
7121	66
7123	60
7125	27
7128	68
7130	52
7136	7
7141	47
7144	20
7147	36
7150	41
7151	13
7156	5
7159	45
7168	79
7170	49
7177	28
7178	25
7179	22
7180	23
7181	21
7185	62
7186	65
7201	64
7202	64
7209	54
7211	78
7215	64
7216	15
7221	63
7223	46
7224	79
7230	7
7231	4
7233	76
7234	7
7235	53
7236	42
7237	63
7238	27
7240	72
7245	48
7246	62
7251	27
7253	54
7257	48
7258	13
7262	6
7267	75
7270	48
7273	42
7275	77
7280	11
7284	45
7286	26
7289	20
7298	11
7302	65
7310	40
7319	30
7321	2
7324	2
7325	41
7329	64
7333	2
7334	32
7338	64
7340	35
7344	74
7347	14
7351	40
7357	34
7360	58
7364	17
7367	38
7376	24
7379	49
7389	62
7390	69
7392	5
7403	65
7411	45
7417	31
7419	7
7421	72
7424	46
7425	41
7430	78
7431	78
7434	5
7443	73
7451	78
7453	68
7458	46
7464	32
7471	79
7475	62
7476	9
7479	4
7493	33
7494	71
7495	80
7498	65
7504	17
7506	24
7516	46
7517	79
7520	44
7522	40
7528	66
7531	7
7536	43
7540	14
7542	33
7547	20
7551	1
7555	13
7558	18
7561	23
7565	12
7568	40
7569	18
7572	38
7577	53
7579	11
7582	54
7584	18
7587	38
7588	56
7589	2
