2	58
9	42
11	64
17	53
18	3
22	47
25	68
26	49
27	45
28	29
33	77
35	7
36	80
42	8
45	71
47	2
50	24
51	41
53	76
57	72
59	3
64	71
74	12
82	64
83	77
84	37
86	68
87	24
95	24
96	62
97	15
98	65
100	27
102	33
104	26
105	78
106	43
113	45
116	8
119	54
120	15
121	14
123	35
130	11
133	6
144	66
145	26
149	18
152	62
164	56
166	35
167	17
169	6
175	31
179	13
180	65
189	37
197	61
198	33
200	42
201	2
204	75
210	53
212	1
216	47
218	78
225	18
229	55
231	43
232	51
233	2
239	56
242	19
243	51
245	6
249	64
251	50
253	71
254	55
255	37
256	45
258	66
259	29
262	9
266	74
271	16
272	28
284	78
285	77
286	30
287	42
288	10
289	71
295	18
297	57
299	18
311	23
313	24
315	54
317	3
319	26
320	25
321	62
323	3
324	26
326	23
327	14
331	33
333	4
334	42
337	63
340	58
350	45
352	46
358	77
359	48
360	66
362	13
368	80
378	61
380	54
381	45
382	50
385	36
386	9
390	62
391	27
393	44
398	55
400	29
401	48
402	29
405	19
407	67
412	51
413	37
414	56
415	25
418	52
422	12
424	69
425	69
432	4
441	41
443	49
445	10
446	6
449	76
451	33
452	42
456	65
457	74
459	10
460	42
461	80
463	37
465	19
467	47
470	61
471	11
472	61
476	22
477	22
479	52
480	39
483	35
492	14
496	32
499	14
501	77
509	67
515	7
520	57
523	18
526	3
532	39
535	34
538	52
541	42
542	30
543	16
544	4
546	45
547	41
550	4
561	76
562	25
565	17
568	3
570	79
572	37
577	36
583	61
588	9
590	29
591	30
592	71
594	77
596	74
597	58
599	8
603	20
605	59
606	79
607	20
609	50
613	72
616	70
621	80
622	67
626	35
627	29
632	25
633	33
636	71
639	80
640	35
643	7
644	18
652	7
655	21
656	9
657	32
659	73
662	66
663	64
664	75
666	72
667	51
668	67
669	52
670	59
671	25
672	58
673	4
676	54
680	58
683	16
690	3
696	19
700	40
703	38
708	31
710	45
716	13
718	65
720	69
722	58
726	40
735	16
736	75
743	51
744	5
746	60
748	59
750	69
751	76
753	58
754	74
755	40
756	32
761	23
765	62
766	24
772	38
773	51
780	59
783	77
785	19
786	25
791	44
792	73
795	61
802	37
803	53
805	25
806	11
818	73
822	23
823	44
828	53
838	13
841	10
842	13
845	65
846	26
847	48
850	45
856	36
861	5
862	1
863	78
871	8
874	71
876	39
887	72
894	79
899	42
903	80
905	55
911	37
914	36
915	62
918	63
920	22
923	53
928	28
929	58
933	49
942	34
944	59
948	4
949	64
951	3
952	77
957	44
959	44
962	38
963	72
966	21
968	33
971	22
974	18
976	31
981	64
983	25
984	10
985	70
987	49
990	11
991	71
995	19
998	57
1004	60
1006	76
1009	21
1013	11
1016	19
1021	60
1023	13
1024	3
1027	49
1029	6
1032	7
1034	6
1040	42
1041	29
1043	57
1044	40
1045	40
1048	79
1049	68
1051	57
1055	52
1061	7
1064	41
1068	40
1074	7
1076	18
1077	72
1078	74
1080	44
1082	56
1083	79
1086	42
1093	1
1094	1
1095	31
1099	34
1106	2
1107	40
1109	48
1114	71
1120	40
1126	78
1128	24
1130	77
1131	65
1132	63
1134	33
1137	4
1139	32
1140	60
1143	28
1145	42
1146	21
1147	64
1151	56
1155	8
1156	11
1157	15
1159	70
1162	25
1164	69
1170	63
1182	44
1185	45
1187	74
1189	9
1191	18
1206	31
1208	26
1215	54
1218	1
1226	42
1228	27
1231	72
1236	3
1238	29
1240	30
1246	25
1247	61
1260	64
1261	6
1267	11
1270	26
1271	43
1274	46
1290	35
1292	6
1300	60
1310	77
1311	79
1312	27
1316	22
1322	76
1323	57
1324	80
1334	73
1335	67
1338	19
1344	6
1346	38
1351	9
1352	29
1356	80
1362	16
1363	42
1365	59
1370	61
1372	13
1373	28
1374	18
1378	44
1379	10
1390	8
1396	72
1398	66
1412	1
1413	74
1417	42
1419	47
1421	44
1422	14
1437	71
1443	79
1444	8
1453	57
1455	11
1461	42
1462	4
1469	5
1471	61
1472	49
1476	74
1481	38
1492	74
1495	63
1501	71
1504	24
1512	20
1514	48
1521	32
1524	11
1525	24
1533	71
1537	31
1547	61
1553	45
1555	14
1558	2
1559	44
1560	9
1565	76
1573	33
1574	19
1577	37
1578	14
1580	21
1582	61
1588	70
1592	76
1596	64
1597	64
1602	16
1607	14
1608	59
1610	63
1611	57
1613	45
1618	9
1619	72
1621	63
1623	68
1624	34
1627	8
1629	57
1633	77
1635	19
1638	35
1644	32
1646	36
1649	17
1651	45
1662	70
1664	18
1676	31
1684	13
1685	44
1686	60
1691	59
1704	36
1711	74
1714	6
1719	32
1722	44
1723	63
1730	19
1732	54
1734	38
1737	13
1744	34
1746	20
1747	29
1750	63
1754	37
1757	24
1762	16
1767	2
1769	60
1774	58
1787	19
1788	7
1797	4
1806	14
1810	5
1811	31
1812	51
1813	29
1814	3
1816	42
1823	8
1824	56
1825	21
1826	2
1832	22
1836	55
1838	8
1839	66
1848	58
1850	22
1851	41
1857	14
1860	20
1863	32
1866	40
1868	25
1869	74
1878	57
1879	24
1880	49
1882	61
1883	35
1884	31
1885	75
1888	61
1889	73
1890	41
1904	23
1906	10
1909	4
1917	61
1920	3
1943	34
1947	14
1948	18
1949	77
1951	79
1963	52
1967	48
1968	33
1971	27
1973	7
1977	76
1980	36
1983	10
1986	65
1992	9
1993	1
1995	43
1998	37
1999	52
2000	66
2002	7
2003	9
2007	78
2011	64
2015	26
2018	62
2021	42
2023	40
2025	29
2031	22
2032	68
2043	76
2046	22
2054	15
2059	7
2061	69
2065	68
2069	70
2074	48
2083	51
2085	62
2088	61
2093	22
2095	13
2105	59
2114	46
2117	79
2118	79
2124	3
2128	41
2134	11
2139	5
2142	66
2147	50
2148	46
2154	78
2162	69
2165	38
2170	39
2176	69
2181	29
2183	64
2184	56
2186	7
2188	75
2190	49
2196	28
2198	35
2214	55
2215	41
2221	49
2225	10
2226	58
2233	69
2234	69
2236	3
2239	36
2240	55
2242	29
2245	17
2246	64
2249	20
2251	73
2259	49
2268	8
2272	29
2274	14
2285	15
2292	40
2293	15
2294	13
2295	67
2296	69
2297	19
2303	69
2305	56
2307	40
2308	48
2314	68
2319	38
2320	42
2322	2
2325	39
2330	8
2344	3
2348	70
2356	15
2359	64
2368	48
2369	49
2378	3
2383	72
2390	31
2392	2
2395	46
2396	56
2402	72
2408	55
2409	63
2410	7
2412	24
2414	78
2415	19
2416	66
2424	35
2428	42
2429	10
2431	36
2435	62
2449	25
2451	18
2455	62
2458	80
2473	67
2476	37
2477	60
2478	62
2485	9
2486	80
2489	53
2492	65
2500	22
2506	63
2507	50
2509	67
2513	70
2514	53
2516	12
2517	40
2520	10
2521	63
2528	30
2532	47
2534	3
2540	29
2544	13
2545	28
2547	59
2551	30
2553	26
2558	2
2559	67
2560	60
2562	47
2563	72
2565	72
2568	51
2577	38
2578	48
2579	52
2592	17
2595	71
2599	1
2603	67
2608	36
2612	73
2613	78
2623	69
2627	7
2632	72
2638	53
2641	50
2648	63
2654	55
2655	73
2658	54
2662	80
2663	67
2666	51
2668	6
2669	62
2670	79
2675	48
2677	31
2680	64
2683	74
2685	5
2686	30
2691	55
2693	55
2694	33
2699	11
2708	75
2712	27
2720	36
2729	1
2733	14
2735	49
2736	45
2743	67
2744	65
2749	21
2751	69
2754	53
2755	68
2757	65
2763	77
2768	38
2769	74
2775	9
2778	4
2779	11
2783	2
2785	6
2789	63
2795	32
2798	23
2800	21
2804	36
2805	8
2807	68
2809	23
2813	67
2815	79
2818	18
2819	44
2821	66
2824	57
2825	60
2831	41
2832	4
2834	69
2838	70
2843	76
2844	21
2845	65
2848	78
2850	62
2851	19
2853	18
2857	25
2858	6
2864	72
2866	39
2872	16
2876	50
2878	15
2879	56
2880	12
2881	53
2888	23
2890	53
2892	20
2893	16
2894	4
2896	75
2901	29
2904	79
2907	24
2914	78
2916	45
2920	74
2923	58
2927	41
2928	17
2930	56
2931	56
2932	20
2933	56
2937	53
2942	10
2943	79
2944	4
2947	80
2950	3
2951	41
2953	5
2955	25
2959	77
2963	40
2971	22
2973	57
2979	49
2981	10
2982	10
2984	56
2985	8
2989	61
2991	73
2999	42
3000	59
3005	66
3006	32
3008	79
3010	58
3013	57
3019	13
3021	42
3023	51
3032	7
3039	56
3042	43
3051	77
3053	15
3054	38
3058	33
3060	49
3061	5
3066	31
3068	14
3072	36
3073	2
3083	68
3085	60
3087	35
3094	35
3096	22
3101	7
3103	23
3104	75
3107	52
3109	39
3113	7
3117	1
3118	1
3120	42
3124	9
3126	23
3127	41
3129	43
3131	74
3139	60
3140	30
3141	20
3142	25
3148	26
3153	77
3155	29
3158	36
3159	75
3162	40
3170	53
3175	44
3180	39
3181	29
3186	55
3187	45
3188	65
3190	51
3193	57
3201	33
3206	39
3210	45
3212	65
3213	57
3215	13
3216	55
3224	65
3228	69
3229	25
3233	78
3234	9
3239	56
3240	42
3241	17
3243	71
3244	77
3250	50
3251	65
3253	37
3254	70
3256	63
3257	20
3260	66
3266	38
3274	40
3276	75
3278	54
3279	29
3283	4
3284	4
3285	78
3298	62
3301	31
3302	8
3304	17
3305	31
3313	20
3315	50
3321	32
3325	17
3328	59
3331	80
3333	49
3335	49
3342	56
3344	32
3345	40
3349	41
3350	8
3356	17
3357	47
3363	80
3366	10
3368	70
3369	39
3375	56
3378	35
3379	37
3380	70
3383	52
3385	17
3387	42
3392	9
3395	27
3397	64
3403	4
3416	23
3418	2
3419	44
3420	28
3422	40
3424	32
3425	74
3436	27
3440	58
3444	57
3452	25
3456	10
3464	28
3468	23
3469	57
3470	67
3474	5
3477	66
3481	71
3482	22
3485	46
3486	21
3501	17
3506	1
3507	29
3514	60
3516	20
3519	8
3525	21
3527	51
3529	28
3534	44
3540	52
3544	74
3549	58
3551	74
3555	25
3561	54
3569	19
3576	44
3577	66
3581	66
3586	76
3594	42
3602	12
3608	5
3609	2
3612	49
3614	40
3615	5
3620	49
3622	28
3624	53
3628	36
3629	35
3633	78
3641	65
3643	60
3645	2
3646	65
3648	41
3650	78
3654	41
3655	21
3657	54
3658	29
3660	28
3664	69
3667	15
3670	2
3672	1
3675	9
3680	17
3682	4
3685	40
3687	71
3692	5
3693	73
3695	2
3696	26
3697	68
3700	8
3702	3
3707	27
3710	73
3712	5
3714	24
3716	33
3719	1
3723	12
3725	2
3726	8
3728	37
3730	68
3731	48
3736	5
3739	48
3741	26
3742	9
3748	12
3753	69
3756	55
3761	73
3764	63
3776	49
3779	19
3783	22
3788	11
3794	2
3796	34
3799	56
3801	2
3803	16
3808	69
3809	52
3816	75
3818	17
3820	74
3824	32
3831	6
3832	58
3833	7
3834	20
3837	57
3839	31
3842	6
3852	26
3853	50
3866	19
3872	55
3874	66
3880	60
3885	44
3888	9
3889	7
3895	44
3901	51
3908	48
3912	60
3913	8
3914	34
3916	78
3917	35
3920	26
3921	53
3922	3
3923	54
3929	26
3931	1
3932	73
3933	66
3934	57
3939	52
3940	36
3941	54
3950	34
3954	40
3955	68
3957	58
3959	21
3960	40
3963	32
3969	68
3972	43
3977	25
3984	41
3985	41
3990	72
3997	68
4005	1
4011	18
4014	51
4019	38
4020	25
4022	24
4024	58
4026	36
4030	34
4032	72
4040	57
4042	10
4052	68
4056	33
4059	16
4060	19
4062	31
4066	41
4076	19
4080	47
4081	36
4088	65
4092	78
4094	23
4100	48
4101	60
4106	67
4108	74
4111	46
4114	39
4117	76
4118	4
4121	14
4126	42
4131	4
4142	24
4149	61
4155	75
4160	18
4162	50
4173	36
4185	64
4187	69
4188	61
4189	12
4192	6
4193	8
4198	54
4201	74
4208	59
4209	70
4213	20
4215	40
4216	79
4217	37
4220	47
4222	75
4227	25
4228	11
4229	35
4236	13
4239	28
4249	58
4253	65
4255	21
4268	45
4270	19
4271	2
4274	73
4276	65
4279	33
4282	77
4283	51
4288	19
4292	61
4294	61
4298	19
4303	12
4313	6
4318	50
4322	12
4333	7
4338	56
4340	45
4347	12
4353	6
4355	4
4356	62
4358	50
4364	50
4367	78
4371	19
4372	33
4374	4
4375	2
4377	78
4378	71
4382	76
4386	63
4405	12
4409	47
4415	20
4416	56
4424	16
4425	69
4429	38
4440	29
4446	49
4454	28
4460	63
4462	57
4464	45
4473	36
4476	75
4477	78
4479	58
4480	32
4485	51
4488	48
4490	31
4491	18
4502	33
4505	58
4510	49
4511	47
4513	43
4516	76
4518	42
4519	45
4522	64
4523	69
4524	29
4528	61
4531	5
4535	49
4536	36
4542	53
4549	46
4557	3
4561	6
4564	47
4568	76
4572	2
4581	54
4584	75
4585	37
4588	69
4589	7
4592	18
4597	72
4604	18
4607	79
4615	35
4619	18
4620	30
4621	5
4625	55
4629	28
4632	51
4635	36
4636	6
4639	74
4642	15
4643	34
4645	1
4649	33
4652	38
4654	66
4656	4
4657	65
4659	29
4660	69
4664	53
4666	35
4667	45
4669	59
4671	11
4676	61
4683	21
4685	42
4696	65
4699	79
4700	48
4706	48
4709	47
4716	56
4717	55
4719	56
4722	8
4723	22
4730	74
4732	50
4734	63
4736	6
4739	35
4742	47
4744	47
4748	51
4751	28
4753	11
4760	71
4765	62
4766	60
4767	61
4769	64
4770	37
4772	56
4773	61
4774	41
4775	3
4779	31
4781	48
4783	32
4790	33
4799	1
4811	3
4817	38
4820	79
4822	21
4824	34
4826	73
4827	75
4830	77
4841	55
4843	70
4844	16
4848	40
4851	54
4857	62
4860	13
4862	9
4868	69
4871	28
4872	80
4873	41
4883	40
4892	3
4894	55
4898	77
4900	73
4901	10
4902	3
4910	33
4913	43
4916	27
4919	33
4921	25
4926	57
4930	4
4933	40
4934	51
4935	26
4937	68
4939	31
4940	68
4944	73
4951	13
4954	20
4960	1
4966	59
4967	22
4968	27
4969	37
4970	14
4978	73
4980	63
4981	64
4987	8
4989	56
4993	60
4996	35
4999	49
5000	79
5001	34
5004	41
5017	70
5021	47
5022	21
5023	46
5032	32
5034	67
5038	13
5043	19
5054	30
5059	63
5060	37
5062	72
5066	3
5069	49
5072	22
5075	72
5076	20
5077	69
5079	58
5080	7
5084	38
5085	72
5086	45
5088	79
5095	57
5097	12
5099	69
5103	16
5105	52
5107	24
5110	63
5113	40
5114	2
5118	27
5120	32
5128	68
5133	27
5136	66
5137	61
5144	44
5146	32
5148	24
5152	20
5155	63
5156	34
5159	19
5163	55
5166	2
5177	58
5180	52
5183	51
5187	35
5190	77
5197	29
5198	13
5202	17
5203	15
5204	52
5220	73
5226	11
5228	14
5229	25
5231	13
5235	71
5236	79
5238	73
5239	57
5243	64
5244	40
5245	42
5248	8
5253	10
5254	57
5255	48
5257	8
5262	49
5264	42
5266	71
5267	75
5268	7
5270	45
5275	15
5280	4
5282	39
5283	20
5284	56
5290	31
5294	59
5299	36
5301	53
5307	74
5308	21
5310	24
5312	63
5315	22
5316	14
5320	65
5324	15
5327	4
5329	20
5337	21
5341	30
5348	69
5351	45
5366	8
5367	23
5370	19
5371	31
5373	51
5377	55
5379	52
5381	72
5382	76
5386	76
5394	44
5398	8
5400	26
5405	20
5407	66
5416	65
5417	62
5420	71
5426	37
5430	45
5431	28
5433	15
5437	15
5438	61
5451	18
5454	19
5456	59
5465	2
5466	55
5470	16
5474	37
5477	29
5480	55
5481	14
5485	79
5488	62
5492	42
5493	19
5496	22
5497	53
5522	70
5523	74
5524	27
5525	58
5526	44
5531	71
5533	60
5535	32
5537	10
5540	34
5541	60
5543	52
5544	71
5549	49
5550	77
5552	11
5555	58
5561	38
5562	69
5563	6
5569	9
5575	75
5580	15
5582	37
5583	36
5586	7
5588	18
5592	21
5594	50
5595	56
5597	75
5598	13
5599	10
5602	74
5616	5
5621	50
5629	40
5639	17
5643	79
5644	79
5645	18
5646	33
5647	1
5649	45
5654	24
5656	15
5657	28
5666	75
5667	36
5669	77
5670	7
5673	42
5677	18
5682	30
5685	6
5693	27
5696	28
5697	52
5698	77
5702	10
5704	63
5713	72
5715	77
5717	52
5718	40
5721	33
5722	66
5724	37
5725	59
5728	41
5737	76
5740	16
5741	13
5742	4
5748	50
5749	15
5755	46
5756	25
5757	31
5766	41
5769	65
5781	21
5786	35
5799	26
5801	9
5802	53
5808	24
5809	20
5812	43
5815	36
5819	32
5821	60
5826	16
5827	76
5828	57
5831	59
5841	58
5842	21
5843	11
5844	63
5851	58
5854	12
5855	6
5856	78
5858	2
5859	49
5862	59
5871	33
5872	10
5874	29
5877	57
5884	46
5898	25
5900	59
5901	6
5904	79
5911	18
5912	53
5917	69
5919	39
5922	52
5924	13
5928	30
5933	32
5935	52
5939	64
5941	36
5942	36
5945	11
5951	36
5954	18
5955	44
5956	37
5957	30
5958	79
5959	49
5960	7
5961	45
5962	41
5963	47
5965	63
5973	51
5974	13
5981	38
5984	40
6001	73
6006	56
6012	44
6013	75
6017	4
6022	75
6023	30
6030	70
6035	20
6038	40
6047	3
6052	12
6064	61
6065	23
6068	36
6070	50
6072	9
6082	2
6086	78
6087	25
6092	30
6093	48
6100	35
6102	52
6105	28
6117	39
6120	8
6126	10
6129	27
6133	35
6134	28
6135	80
6140	48
6141	10
6144	43
6153	78
6157	48
6161	73
6163	23
6164	41
6165	23
6167	3
6168	76
6169	19
6173	10
6174	24
6175	40
6179	53
6185	15
6187	71
6194	31
6195	71
6197	8
6201	35
6202	11
6210	76
6216	72
6219	59
6225	12
6226	72
6227	13
6228	63
6229	49
6231	38
6232	54
6246	44
6249	10
6252	26
6254	4
6255	76
6256	12
6260	9
6263	28
6266	28
6277	15
6279	8
6281	55
6286	13
6287	14
6288	66
6293	14
6294	20
6295	26
6297	47
6298	50
6299	2
6303	65
6309	12
6310	76
6317	30
6319	22
6337	17
6340	66
6341	46
6342	42
6346	55
6347	58
6350	69
6354	65
6356	36
6359	64
6360	32
6362	43
6367	58
6370	66
6375	34
6378	17
6382	52
6383	41
6385	32
6386	37
6387	31
6389	57
6391	7
6394	21
6395	3
6396	26
6403	71
6405	40
6418	78
6420	43
6421	24
6424	64
6427	68
6430	64
6433	19
6436	78
6440	6
6442	43
6451	12
6457	46
6459	30
6460	72
6462	29
6464	48
6470	18
6474	9
6476	64
6481	16
6483	6
6486	8
6488	39
6490	44
6494	43
6498	70
6501	11
6508	74
6511	37
6518	45
6521	80
6523	70
6526	15
6530	12
6533	4
6534	49
6536	45
6538	77
6546	24
6550	38
6551	65
6555	25
6557	23
6558	53
6560	40
6561	52
6562	25
6566	19
6571	33
6572	51
6574	3
6575	78
6579	3
6580	70
6586	24
6587	62
6594	8
6597	11
6599	41
6600	18
6601	31
6603	65
6604	34
6617	23
6625	71
6632	70
6633	78
6635	24
6637	36
6638	78
6641	32
6645	68
6646	44
6654	40
6656	40
6657	14
6667	67
6669	5
6670	36
6671	30
6675	31
6680	53
6688	45
6690	4
6691	18
6695	79
6706	58
6714	54
6716	17
6717	18
6724	47
6725	71
6736	12
6745	3
6747	37
6752	77
6756	24
6759	19
6761	52
6766	61
6773	6
6774	25
6779	32
6784	30
6787	51
6788	3
6794	43
6796	62
6798	22
6809	14
6810	22
6813	12
6814	42
6829	31
6831	63
6835	35
6841	19
6855	49
6858	23
6860	11
6862	55
6863	3
6864	65
6867	31
6870	33
6875	52
6881	50
6882	20
6883	1
6886	69
6889	14
6892	30
6899	54
6905	31
6908	61
6912	47
6915	26
6920	59
6921	33
6923	11
6924	15
6925	59
6926	31
6928	47
6930	69
6931	60
6932	57
6940	51
6945	60
6957	78
6962	29
6963	39
6967	79
6969	37
6970	69
6976	1
6982	65
6986	75
6988	10
6992	66
6994	79
6996	14
7004	41
7010	63
7016	49
7018	64
7023	69
7025	70
7026	48
7028	3
7034	20
7035	63
7037	46
7038	45
7039	23
7042	62
7047	55
7054	36
7057	3
7059	52
7068	27
7077	4
7080	21
7081	23
7083	68
7084	5
7088	61
7091	21
7092	80
7095	73
7098	18
7105	62
7106	3
7113	4
7118	55
7120	42
7121	31
7123	60
7125	12
7128	2
7130	37
7136	54
7141	47
7144	20
7147	71
7150	41
7151	35
7156	20
7159	45
7168	3
7170	49
7177	72
7178	25
7179	40
7180	23
7181	35
7185	62
7186	65
7201	31
7202	6
7209	69
7211	78
7215	56
7216	23
7221	63
7223	65
7224	25
7230	31
7231	62
7233	64
7234	18
7235	13
7236	9
7237	26
7238	66
7240	72
7245	22
7246	11
7251	27
7253	54
7257	80
7258	29
7262	6
7267	61
7270	48
7273	32
7275	72
7280	11
7284	45
7286	66
7289	63
7298	11
7302	65
7310	40
7319	30
7321	9
7324	2
7325	13
7329	56
7333	33
7334	32
7338	64
7340	26
7344	74
7347	14
7351	6
7357	8
7360	48
7364	17
7367	72
7376	63
7379	72
7389	20
7390	69
7392	51
7403	65
7411	32
7417	31
7419	46
7421	33
7424	46
7425	63
7430	78
7431	78
7434	5
7443	67
7451	78
7453	39
7458	46
7464	71
7471	79
7475	62
7476	9
7479	4
7493	32
7494	74
7495	80
7498	65
7504	6
7506	24
7516	8
7517	79
7520	44
7522	40
7528	66
7531	7
7536	43
7540	63
7542	33
7547	35
7551	1
7555	48
7558	18
7561	58
7565	12
7568	69
7569	71
7572	38
7577	53
7579	11
7582	64
7584	8
7587	18
7588	56
7589	2
