2	58
9	42
11	64
17	30
18	3
22	48
25	74
26	44
27	45
28	29
33	15
35	12
36	80
42	8
45	3
47	72
50	31
51	59
53	76
57	39
59	3
64	72
74	23
82	64
83	35
84	62
86	64
87	45
95	24
96	23
97	17
98	44
100	2
102	33
104	72
105	67
106	34
113	53
116	21
119	27
120	41
121	78
123	53
130	42
133	67
144	66
145	74
149	68
152	62
164	56
166	35
167	17
169	36
175	57
179	23
180	15
189	30
197	61
198	33
200	42
201	2
204	34
210	8
212	1
216	3
218	67
225	80
229	55
231	55
232	51
233	12
239	56
242	19
243	51
245	37
249	64
251	50
253	65
254	5
255	37
256	12
258	45
259	29
262	3
266	67
271	16
272	28
284	78
285	40
286	30
287	42
288	11
289	71
295	60
297	57
299	18
311	23
313	59
315	47
317	80
319	26
320	25
321	62
323	3
324	26
326	23
327	29
331	33
333	4
334	64
337	63
340	58
350	23
352	11
358	12
359	36
360	29
362	74
368	56
378	61
380	39
381	29
382	50
385	63
386	44
390	41
391	50
393	44
398	55
400	29
401	23
402	29
405	19
407	68
412	6
413	13
414	56
415	10
418	12
422	14
424	69
425	69
432	38
441	41
443	33
445	21
446	6
449	2
451	33
452	65
456	25
457	74
459	10
460	21
461	80
463	38
465	19
467	47
470	48
471	11
472	61
476	22
477	5
479	51
480	39
483	33
492	43
496	11
499	14
501	47
509	67
515	7
520	57
523	74
526	23
532	39
535	68
538	32
541	40
542	49
543	1
544	18
546	34
547	41
550	4
561	34
562	25
565	17
568	10
570	79
572	37
577	65
583	70
588	58
590	24
591	30
592	64
594	39
596	44
597	22
599	74
603	20
605	59
606	69
607	59
609	50
613	28
616	6
621	69
622	67
626	76
627	29
632	55
633	34
636	71
639	69
640	35
643	36
644	18
652	7
655	21
656	18
657	32
659	7
662	66
663	64
664	75
666	72
667	51
668	67
669	53
670	20
671	61
672	58
673	20
676	56
680	20
683	50
690	61
696	19
700	40
703	38
708	31
710	45
716	13
718	65
720	74
722	65
726	40
735	16
736	9
743	55
744	14
746	60
748	64
750	16
751	26
753	44
754	41
755	40
756	1
761	23
765	71
766	62
772	38
773	57
780	39
783	69
785	19
786	16
791	44
792	73
795	61
802	71
803	53
805	15
806	17
818	73
822	23
823	36
828	53
838	28
841	10
842	13
845	65
846	26
847	48
850	40
856	47
861	59
862	68
863	78
871	8
874	32
876	76
887	72
894	78
899	43
903	80
905	55
911	74
914	36
915	62
918	63
920	22
923	16
928	67
929	58
933	49
942	80
944	34
948	4
949	3
951	39
952	75
957	44
959	34
962	14
963	34
966	37
968	33
971	22
974	22
976	31
981	44
983	25
984	30
985	70
987	38
990	69
991	71
995	76
998	53
1004	52
1006	76
1009	46
1013	45
1016	13
1021	60
1023	76
1024	3
1027	39
1029	6
1032	53
1034	69
1040	42
1041	29
1043	57
1044	71
1045	40
1048	36
1049	33
1051	57
1055	29
1061	60
1064	64
1068	40
1074	76
1076	23
1077	59
1078	20
1080	50
1082	56
1083	42
1086	15
1093	1
1094	1
1095	31
1099	34
1106	2
1107	5
1109	63
1114	71
1120	40
1126	78
1128	59
1130	77
1131	65
1132	26
1134	14
1137	79
1139	77
1140	41
1143	12
1145	42
1146	65
1147	64
1151	56
1155	52
1156	8
1157	67
1159	70
1162	25
1164	12
1170	63
1182	21
1185	42
1187	34
1189	9
1191	18
1206	31
1208	26
1215	54
1218	36
1226	23
1228	75
1231	66
1236	79
1238	29
1240	30
1246	47
1247	3
1260	19
1261	44
1267	50
1270	26
1271	43
1274	16
1290	37
1292	15
1300	60
1310	77
1311	49
1312	27
1316	43
1322	76
1323	57
1324	59
1334	73
1335	48
1338	65
1344	45
1346	37
1351	9
1352	29
1356	80
1362	16
1363	27
1365	59
1370	52
1372	49
1373	69
1374	18
1378	54
1379	10
1390	4
1396	14
1398	66
1412	50
1413	74
1417	45
1419	30
1421	44
1422	14
1437	11
1443	40
1444	44
1453	62
1455	49
1461	78
1462	37
1469	43
1471	61
1472	61
1476	74
1481	38
1492	65
1495	63
1501	71
1504	66
1512	41
1514	7
1521	32
1524	43
1525	24
1533	71
1537	31
1547	61
1553	45
1555	14
1558	8
1559	32
1560	70
1565	27
1573	34
1574	19
1577	9
1578	13
1580	58
1582	2
1588	70
1592	76
1596	64
1597	36
1602	75
1607	61
1608	27
1610	76
1611	57
1613	45
1618	9
1619	49
1621	65
1623	68
1624	17
1627	8
1629	57
1633	77
1635	19
1638	35
1644	3
1646	53
1649	17
1651	44
1662	70
1664	31
1676	16
1684	13
1685	71
1686	60
1691	59
1704	32
1711	66
1714	6
1719	32
1722	44
1723	63
1730	19
1732	13
1734	38
1737	76
1744	21
1746	78
1747	30
1750	55
1754	22
1757	19
1762	51
1767	35
1769	39
1774	3
1787	19
1788	7
1797	4
1806	26
1810	74
1811	31
1812	51
1813	2
1814	3
1816	13
1823	8
1824	56
1825	41
1826	2
1832	54
1836	44
1838	60
1839	66
1848	58
1850	22
1851	41
1857	26
1860	2
1863	49
1866	40
1868	25
1869	56
1878	41
1879	66
1880	49
1882	61
1883	32
1884	31
1885	75
1888	67
1889	73
1890	41
1904	17
1906	10
1909	3
1917	61
1920	36
1943	60
1947	27
1948	19
1949	77
1951	76
1963	52
1967	79
1968	42
1971	27
1973	7
1977	30
1980	2
1983	10
1986	63
1992	9
1993	12
1995	38
1998	50
1999	24
2000	75
2002	7
2003	26
2007	5
2011	10
2015	26
2018	62
2021	42
2023	40
2025	29
2031	22
2032	51
2043	64
2046	61
2054	53
2059	35
2061	71
2065	68
2069	37
2074	22
2083	16
2085	8
2088	59
2093	22
2095	13
2105	44
2114	46
2117	79
2118	12
2124	72
2128	41
2134	62
2139	55
2142	66
2147	47
2148	74
2154	78
2162	72
2165	19
2170	42
2176	71
2181	59
2183	64
2184	29
2186	7
2188	75
2190	49
2196	11
2198	79
2214	55
2215	41
2221	49
2225	5
2226	3
2233	69
2234	14
2236	3
2239	78
2240	55
2242	29
2245	17
2246	9
2249	23
2251	73
2259	8
2268	8
2272	74
2274	66
2285	50
2292	23
2293	15
2294	18
2295	67
2296	69
2297	70
2303	69
2305	23
2307	41
2308	48
2314	37
2319	57
2320	42
2322	2
2325	9
2330	23
2344	47
2348	38
2356	15
2359	64
2368	60
2369	49
2378	33
2383	46
2390	31
2392	73
2395	21
2396	50
2402	44
2408	55
2409	38
2410	56
2412	24
2414	35
2415	19
2416	42
2424	35
2428	42
2429	77
2431	26
2435	62
2449	34
2451	74
2455	76
2458	42
2473	67
2476	46
2477	47
2478	49
2485	41
2486	16
2489	37
2492	65
2500	48
2506	63
2507	51
2509	67
2513	70
2514	29
2516	14
2517	40
2520	10
2521	59
2528	23
2532	46
2534	2
2540	41
2544	62
2545	28
2547	15
2551	27
2553	26
2558	67
2559	11
2560	31
2562	46
2563	79
2565	72
2568	51
2577	24
2578	48
2579	78
2592	17
2595	57
2599	6
2603	67
2608	20
2612	66
2613	20
2623	69
2627	7
2632	34
2638	53
2641	46
2648	33
2654	52
2655	73
2658	11
2662	79
2663	67
2666	51
2668	78
2669	62
2670	43
2675	48
2677	74
2680	46
2683	74
2685	5
2686	30
2691	55
2693	55
2694	65
2699	47
2708	12
2712	27
2720	61
2729	1
2733	14
2735	17
2736	55
2743	67
2744	61
2749	22
2751	20
2754	53
2755	68
2757	65
2763	77
2768	69
2769	74
2775	9
2778	59
2779	17
2783	2
2785	6
2789	63
2795	32
2798	49
2800	71
2804	50
2805	14
2807	71
2809	23
2813	67
2815	79
2818	18
2819	22
2821	47
2824	24
2825	48
2831	41
2832	12
2834	74
2838	18
2843	49
2844	21
2845	65
2848	53
2850	62
2851	19
2853	69
2857	24
2858	65
2864	72
2866	39
2872	10
2876	50
2878	15
2879	56
2880	12
2881	7
2888	23
2890	53
2892	12
2893	12
2894	39
2896	75
2901	29
2904	79
2907	17
2914	78
2916	30
2920	8
2923	58
2927	41
2928	17
2930	21
2931	56
2932	76
2933	58
2937	53
2942	47
2943	79
2944	76
2947	80
2950	3
2951	63
2953	21
2955	38
2959	77
2963	40
2971	53
2973	57
2979	75
2981	64
2982	33
2984	47
2985	44
2989	61
2991	14
2999	40
3000	59
3005	28
3006	41
3008	79
3010	58
3013	57
3019	13
3021	9
3023	51
3032	62
3039	56
3042	43
3051	77
3053	15
3054	33
3058	19
3060	49
3061	5
3066	31
3068	29
3072	2
3073	2
3083	19
3085	75
3087	35
3094	78
3096	48
3101	7
3103	14
3104	78
3107	28
3109	16
3113	29
3117	1
3118	24
3120	61
3124	9
3126	60
3127	57
3129	51
3131	74
3139	60
3140	30
3141	20
3142	59
3148	26
3153	77
3155	24
3158	78
3159	36
3162	42
3170	53
3175	44
3180	39
3181	29
3186	55
3187	38
3188	65
3190	51
3193	57
3201	69
3206	38
3210	75
3212	65
3213	6
3215	13
3216	50
3224	65
3228	69
3229	63
3233	78
3234	21
3239	25
3240	68
3241	5
3243	71
3244	67
3250	50
3251	48
3253	37
3254	28
3256	60
3257	20
3260	68
3266	38
3274	40
3276	75
3278	54
3279	26
3283	53
3284	57
3285	78
3298	75
3301	30
3302	80
3304	17
3305	31
3313	11
3315	51
3321	1
3325	25
3328	59
3331	80
3333	28
3335	49
3342	76
3344	57
3345	23
3349	44
3350	15
3356	17
3357	47
3363	54
3366	13
3368	65
3369	78
3375	56
3378	35
3379	30
3380	70
3383	52
3385	17
3387	55
3392	34
3395	64
3397	64
3403	4
3416	72
3418	2
3419	44
3420	28
3422	51
3424	32
3425	74
3436	14
3440	58
3444	57
3452	25
3456	22
3464	52
3468	63
3469	57
3470	68
3474	6
3477	66
3481	7
3482	73
3485	49
3486	43
3501	52
3506	17
3507	12
3514	60
3516	67
3519	15
3525	74
3527	45
3529	28
3534	45
3540	10
3544	6
3549	71
3551	62
3555	76
3561	54
3569	79
3576	44
3577	66
3581	66
3586	67
3594	42
3602	67
3608	31
3609	2
3612	22
3614	40
3615	5
3620	49
3622	58
3624	53
3628	9
3629	35
3633	19
3641	65
3643	25
3645	2
3646	65
3648	24
3650	5
3654	41
3655	6
3657	54
3658	37
3660	28
3664	53
3667	36
3670	17
3672	72
3675	66
3680	17
3682	61
3685	57
3687	71
3692	5
3693	56
3695	50
3696	29
3697	77
3700	9
3702	76
3707	43
3710	78
3712	44
3714	22
3716	32
3719	1
3723	8
3725	74
3726	47
3728	37
3730	10
3731	58
3736	7
3739	48
3741	4
3742	9
3748	13
3753	64
3756	55
3761	57
3764	28
3776	49
3779	54
3783	22
3788	22
3794	38
3796	34
3799	56
3801	23
3803	16
3808	69
3809	46
3816	75
3818	23
3820	74
3824	32
3831	6
3832	74
3833	7
3834	26
3837	35
3839	2
3842	6
3852	26
3853	33
3866	19
3872	55
3874	66
3880	34
3885	5
3888	49
3889	7
3895	14
3901	28
3908	15
3912	60
3913	42
3914	8
3916	78
3917	39
3920	26
3921	53
3922	58
3923	54
3929	68
3931	45
3932	73
3933	66
3934	13
3939	30
3940	80
3941	5
3950	34
3954	40
3955	68
3957	16
3959	34
3960	40
3963	79
3969	12
3972	34
3977	25
3984	41
3985	41
3990	66
3997	16
4005	1
4011	63
4014	51
4019	76
4020	13
4022	9
4024	68
4026	36
4030	24
4032	60
4040	73
4042	10
4052	37
4056	33
4059	46
4060	17
4062	74
4066	60
4076	19
4080	47
4081	36
4088	65
4092	78
4094	23
4100	48
4101	60
4106	67
4108	74
4111	46
4114	39
4117	76
4118	4
4121	14
4126	61
4131	20
4142	49
4149	70
4155	75
4160	76
4162	62
4173	36
4185	64
4187	69
4188	52
4189	65
4192	37
4193	8
4198	54
4201	74
4208	59
4209	28
4213	32
4215	40
4216	30
4217	21
4220	47
4222	71
4227	25
4228	34
4229	6
4236	43
4239	75
4249	24
4253	65
4255	37
4268	74
4270	20
4271	23
4274	26
4276	65
4279	33
4282	77
4283	6
4288	40
4292	13
4294	61
4298	19
4303	67
4313	1
4318	50
4322	59
4333	56
4338	76
4340	17
4347	12
4353	50
4355	69
4356	62
4358	61
4364	41
4367	78
4371	19
4372	33
4374	4
4375	2
4377	78
4378	32
4382	76
4386	63
4405	12
4409	44
4415	74
4416	78
4424	16
4425	69
4429	38
4440	29
4446	49
4454	28
4460	54
4462	26
4464	47
4473	63
4476	33
4477	78
4479	3
4480	32
4485	16
4488	52
4490	1
4491	24
4502	11
4505	58
4510	38
4511	37
4513	65
4516	76
4518	42
4519	45
4522	64
4523	69
4524	29
4528	79
4531	69
4535	55
4536	35
4542	53
4549	46
4557	44
4561	6
4564	47
4568	41
4572	2
4581	22
4584	75
4585	5
4588	69
4589	75
4592	36
4597	72
4604	33
4607	79
4615	35
4619	18
4620	54
4621	5
4625	58
4629	28
4632	76
4635	36
4636	25
4639	47
4642	47
4643	34
4645	49
4649	35
4652	38
4654	66
4656	17
4657	65
4659	29
4660	7
4664	53
4666	35
4667	45
4669	59
4671	48
4676	61
4683	21
4685	42
4696	65
4699	6
4700	39
4706	36
4709	26
4716	53
4717	55
4719	80
4722	31
4723	14
4730	59
4732	32
4734	12
4736	6
4739	68
4742	47
4744	28
4748	3
4751	28
4753	67
4760	71
4765	17
4766	23
4767	38
4769	17
4770	2
4772	5
4773	61
4774	41
4775	3
4779	31
4781	16
4783	32
4790	69
4799	79
4811	37
4817	58
4820	69
4822	50
4824	22
4826	1
4827	38
4830	22
4841	55
4843	70
4844	56
4848	40
4851	54
4857	62
4860	13
4862	65
4868	36
4871	28
4872	51
4873	54
4883	10
4892	49
4894	16
4898	68
4900	73
4901	10
4902	44
4910	33
4913	20
4916	27
4919	33
4921	65
4926	77
4930	4
4933	52
4934	33
4935	42
4937	68
4939	11
4940	72
4944	18
4951	33
4954	29
4960	48
4966	59
4967	7
4968	27
4969	37
4970	14
4978	31
4980	70
4981	45
4987	67
4989	56
4993	61
4996	2
4999	8
5000	79
5001	8
5004	50
5017	70
5021	29
5022	48
5023	78
5032	26
5034	17
5038	31
5043	49
5054	16
5059	61
5060	37
5062	72
5066	2
5069	68
5072	43
5075	72
5076	76
5077	69
5079	58
5080	26
5084	3
5085	71
5086	45
5088	73
5095	12
5097	2
5099	69
5103	16
5105	58
5107	3
5110	63
5113	39
5114	59
5118	27
5120	59
5128	50
5133	27
5136	66
5137	32
5144	44
5146	32
5148	24
5152	20
5155	63
5156	34
5159	78
5163	35
5166	2
5177	58
5180	52
5183	51
5187	14
5190	2
5197	65
5198	13
5202	36
5203	7
5204	8
5220	69
5226	5
5228	11
5229	25
5231	52
5235	48
5236	11
5238	73
5239	57
5243	40
5244	13
5245	39
5248	8
5253	10
5254	52
5255	48
5257	8
5262	80
5264	11
5266	66
5267	40
5268	23
5270	45
5275	15
5280	4
5282	39
5283	35
5284	56
5290	31
5294	26
5299	36
5301	54
5307	51
5308	19
5310	6
5312	41
5315	22
5316	14
5320	11
5324	11
5327	52
5329	20
5337	29
5341	30
5348	8
5351	41
5366	8
5367	16
5370	19
5371	31
5373	69
5377	76
5379	52
5381	59
5382	76
5386	52
5394	61
5398	8
5400	45
5405	3
5407	41
5416	39
5417	62
5420	71
5426	37
5430	45
5431	28
5433	74
5437	79
5438	61
5451	78
5454	19
5456	59
5465	67
5466	64
5470	16
5474	14
5477	5
5480	31
5481	14
5485	4
5488	62
5492	42
5493	19
5496	22
5497	53
5522	70
5523	54
5524	50
5525	27
5526	44
5531	59
5533	67
5535	30
5537	10
5540	29
5541	68
5543	52
5544	15
5549	39
5550	77
5552	35
5555	39
5561	38
5562	69
5563	16
5569	9
5575	75
5580	15
5582	37
5583	36
5586	7
5588	69
5592	61
5594	74
5595	21
5597	60
5598	13
5599	68
5602	74
5616	5
5621	50
5629	40
5639	54
5643	79
5644	59
5645	18
5646	78
5647	38
5649	33
5654	24
5656	77
5657	28
5666	6
5667	36
5669	80
5670	17
5673	52
5677	18
5682	31
5685	6
5693	54
5696	74
5697	78
5698	12
5702	10
5704	63
5713	72
5715	78
5717	6
5718	40
5721	33
5722	66
5724	37
5725	59
5728	15
5737	42
5740	50
5741	13
5742	10
5748	50
5749	15
5755	46
5756	49
5757	60
5766	11
5769	65
5781	44
5786	30
5799	26
5801	48
5802	52
5808	24
5809	24
5812	43
5815	36
5819	32
5821	60
5826	16
5827	76
5828	57
5831	59
5841	58
5842	21
5843	11
5844	63
5851	58
5854	12
5855	6
5856	3
5858	2
5859	55
5862	1
5871	59
5872	62
5874	20
5877	38
5884	80
5898	34
5900	59
5901	9
5904	79
5911	18
5912	71
5917	69
5919	39
5922	63
5924	13
5928	66
5933	31
5935	52
5939	64
5941	37
5942	18
5945	12
5951	36
5954	38
5955	1
5956	69
5957	30
5958	77
5959	27
5960	19
5961	67
5962	41
5963	47
5965	63
5973	51
5974	13
5981	38
5984	29
6001	64
6006	56
6012	44
6013	9
6017	4
6022	22
6023	32
6030	70
6035	20
6038	40
6047	40
6052	12
6064	61
6065	23
6068	6
6070	50
6072	31
6082	2
6086	78
6087	25
6092	30
6093	24
6100	35
6102	75
6105	28
6117	31
6120	8
6126	69
6129	27
6133	35
6134	10
6135	75
6140	20
6141	35
6144	71
6153	78
6157	41
6161	73
6163	50
6164	36
6165	53
6167	3
6168	78
6169	19
6173	10
6174	12
6175	18
6179	74
6185	18
6187	71
6194	31
6195	57
6197	45
6201	5
6202	15
6210	54
6216	71
6219	44
6225	30
6226	69
6227	13
6228	26
6229	80
6231	38
6232	42
6246	44
6249	59
6252	51
6254	79
6255	60
6256	12
6260	7
6263	11
6266	28
6277	34
6279	66
6281	60
6286	13
6287	14
6288	66
6293	26
6294	53
6295	66
6297	47
6298	70
6299	2
6303	16
6309	60
6310	48
6317	30
6319	29
6337	47
6340	52
6341	46
6342	42
6346	40
6347	64
6350	16
6354	65
6356	43
6359	64
6360	42
6362	72
6367	58
6370	66
6375	68
6378	11
6382	47
6383	78
6385	32
6386	13
6387	67
6389	57
6391	13
6394	60
6395	3
6396	48
6403	71
6405	40
6418	44
6420	40
6421	2
6424	64
6427	2
6430	57
6433	19
6436	78
6440	6
6442	43
6451	12
6457	46
6459	42
6460	72
6462	29
6464	48
6470	18
6474	27
6476	19
6481	16
6483	24
6486	8
6488	2
6490	42
6494	12
6498	26
6501	70
6508	26
6511	70
6518	45
6521	61
6523	70
6526	45
6530	56
6533	22
6534	26
6536	45
6538	77
6546	24
6550	58
6551	19
6555	25
6557	20
6558	36
6560	40
6561	52
6562	25
6566	19
6571	33
6572	51
6574	3
6575	64
6579	23
6580	67
6586	61
6587	60
6594	79
6597	75
6599	44
6600	48
6601	41
6603	39
6604	73
6617	23
6625	64
6632	70
6633	78
6635	29
6637	39
6638	65
6641	32
6645	68
6646	44
6654	48
6656	15
6657	14
6667	67
6669	29
6670	20
6671	3
6675	31
6680	53
6688	45
6690	4
6691	18
6695	53
6706	66
6714	8
6716	34
6717	18
6724	47
6725	71
6736	21
6745	69
6747	68
6752	36
6756	61
6759	19
6761	52
6766	25
6773	6
6774	3
6779	68
6784	30
6787	51
6788	3
6794	13
6796	62
6798	41
6809	70
6810	22
6813	12
6814	38
6829	31
6831	63
6835	35
6841	19
6855	43
6858	6
6860	77
6862	55
6863	35
6864	23
6867	31
6870	33
6875	12
6881	3
6882	50
6883	1
6886	69
6889	18
6892	30
6899	54
6905	14
6908	35
6912	47
6915	29
6920	79
6921	60
6923	71
6924	15
6925	24
6926	72
6928	47
6930	46
6931	60
6932	34
6940	51
6945	60
6957	78
6962	29
6963	39
6967	2
6969	37
6970	69
6976	1
6982	16
6986	75
6988	45
6992	64
6994	79
6996	38
7004	41
7010	12
7016	20
7018	64
7023	20
7025	7
7026	5
7028	3
7034	4
7035	63
7037	46
7038	44
7039	23
7042	51
7047	26
7054	36
7057	6
7059	18
7068	27
7077	72
7080	21
7081	23
7083	68
7084	5
7088	48
7091	21
7092	80
7095	73
7098	51
7105	67
7106	14
7113	28
7118	24
7120	35
7121	31
7123	60
7125	27
7128	78
7130	37
7136	54
7141	47
7144	20
7147	34
7150	26
7151	35
7156	20
7159	45
7168	68
7170	80
7177	7
7178	25
7179	40
7180	78
7181	21
7185	54
7186	52
7201	75
7202	6
7209	69
7211	65
7215	10
7216	11
7221	63
7223	37
7224	25
7230	56
7231	62
7233	64
7234	18
7235	67
7236	70
7237	62
7238	66
7240	72
7245	48
7246	62
7251	27
7253	69
7257	48
7258	25
7262	6
7267	76
7270	68
7273	42
7275	22
7280	35
7284	65
7286	26
7289	44
7298	18
7302	26
7310	40
7319	30
7321	2
7324	2
7325	66
7329	66
7333	33
7334	32
7338	64
7340	35
7344	74
7347	14
7351	6
7357	8
7360	48
7364	17
7367	72
7376	63
7379	72
7389	62
7390	69
7392	23
7403	65
7411	45
7417	3
7419	7
7421	72
7424	46
7425	56
7430	78
7431	78
7434	5
7443	67
7451	78
7453	13
7458	78
7464	32
7471	68
7475	62
7476	9
7479	4
7493	26
7494	71
7495	80
7498	80
7504	3
7506	38
7516	46
7517	79
7520	44
7522	71
7528	66
7531	7
7536	43
7540	63
7542	33
7547	52
7551	1
7555	13
7558	18
7561	58
7565	12
7568	24
7569	72
7572	38
7577	53
7579	11
7582	64
7584	29
7587	18
7588	14
7589	2
