1470704899
1470704899
1470704899
1470704899
1470704899
1470704899
1470704899
1470704899
1470704899
1470704899
1470706178
1470706178
1470706178
1470706178
1470706178
1470706178
1470706178
1470706178
1470706178
1470706178
1470707568
1470707568
1470707568
1470707568
1470707568
1470707568
1470707568
1470707568
1470707568
1470707568
1470709108
1470709108
1470709108
1470709108
1470709108
1470709108
1470709108
1470709108
1470709108
1470709108
1470710823
1470710823
1470710823
1470710823
1470710823
1470710823
1470710823
1470710823
1470710823
1470710823
1470712766
1470712766
1470712766
1470712766
1470712766
1470712766
1470712766
1470712766
1470712766
1470712766
1470714883
1470714883
1470714883
1470714883
1470714883
1470714883
1470714883
1470714883
1470714883
1470714883
