1470704299
1470704299
1470704299
1470704299
1470704299
1470704299
1470704299
1470704299
1470704299
1470704299
1470705341
1470705341
1470705341
1470705341
1470705341
1470705341
1470705341
1470705341
1470705341
1470705341
1470706601
1470706601
1470706601
1470706601
1470706601
1470706601
1470706601
1470706601
1470706601
1470706601
1470708045
1470708045
1470708045
1470708045
1470708045
1470708045
1470708045
1470708045
1470708045
1470708045
1470709717
1470709717
1470709717
1470709717
1470709717
1470709717
1470709717
1470709717
1470709717
1470709717
1470711561
1470711561
1470711561
1470711561
1470711561
1470711561
1470711561
1470711561
1470711561
1470711561
1470713631
1470713631
1470713631
1470713631
1470713631
1470713631
1470713631
1470713631
1470713631
1470713631
