"LD1","LD2","LD3","LD4","LD5","LD6"
"AFMGD6799H",-2.21119709459915,-3.75358132063398,-0.811094176870655,0.346720479223616,-3.88921196468448,-1.54418166353874
"AFMGD6801H",-0.560820147976001,-2.77941662285373,1.07926261346484,0.856858127176747,2.03635419353854,-2.24163654260387
"AFMGD6802H",-0.777229731981466,-1.8500170016184,1.2024306678803,-2.58136321131771,0.494885035680399,1.00959975724124
"AFMGD6803H",0.369202519733212,-2.40156651239593,0.504560759879723,-0.0154823044457691,0.546151816104004,0.285966025125655
"AFMGD6804H",-2.10517572136638,-1.71171322254968,1.07929715577675,0.0133694387011244,2.88492418666634,-0.406265094205743
"AFMGD6805H",0.731824829451992,-0.00367191642820361,-1.20019188394993,0.398891992176197,0.00560471955277514,0.753882444763863
"AFMGD6812H",-0.247278991753692,-4.06344009706076,0.0861356235809045,1.20921283528638,0.238206909569182,-0.649066450756048
"AFMGD6814H",0.34916453586067,-2.5230708695173,1.14258833816476,0.733836461522802,1.05051530938171,-0.627299824646197
"AFMGD6818H",-0.606559801158587,-2.17954310494514,1.33947069827898,-2.81004221221969,0.28965320617179,2.86347314755406
"AFMGD6819H",-0.670902159454574,-2.23378428046945,1.15674608699281,0.396330878942565,2.1190019843562,0.631081325528145
"AFMGD6820H",1.36427497491342,-0.573347420758347,0.783628282730906,-0.258579959824762,-0.722841929010434,0.308090659092177
"AFMGD6821H",1.12321788436461,-1.12590482816821,0.791597331480952,-0.503754970652598,-1.21029132531493,0.314164237685819
"AFMGD6822H",-0.804010731597224,-1.99025772129501,0.534379382821789,-0.701814253231574,1.91070888501925,0.155394423062757
"AFMGS6734H",3.60219038828634,0.156819696938438,-2.29678942100973,1.05434782867152,0.995988528546406,1.89444442304209
"AFMGS6735H",2.05275096692094,0.767309622248397,0.684974506251478,1.1461384271829,-2.29219400934638,2.87214409158692
"AFMGS6736H",3.69904823293087,0.163823786578604,-0.91759670088879,-1.53785888554504,1.04717986808701,-1.07892707730507
"AFMGS6737H",1.58168995404714,-0.376346233887566,0.365004850694178,-0.341218681811475,-0.526970218122615,-0.711270985230545
"AFMGS6738H",1.91909448338222,0.998510672278909,-0.496654069262432,-1.4319290674345,-0.418965348622233,-0.683062769928321
"AFMGS6739H",2.21788334091067,1.364818855407,-1.14745495145713,-0.805031224769503,0.271182627177935,-0.193207702758906
"AFMGS6740H",1.40449203646868,2.03307823126255,-3.19833696794309,0.123015233842348,-0.481784244472077,1.04970859415812
"AFMGS6743H",2.37195231193011,2.63642500163591,-1.63195731186862,-1.7886901741731,-0.178839168487636,-0.680557016168091
"AFMGS6745H",1.5891826500438,1.40301056518422,-0.50531525087051,-0.0086370086333839,-0.921274721043629,0.996682015202857
"AFMGS6747H",2.6366021647034,0.514641315709759,-1.6286266241887,-0.645626898480324,0.958217070912011,0.0856351032722534
"AFMGS6750H",2.65041631065186,1.73339726407245,-1.03810702354593,-1.20626946643035,0.893206666101434,-0.756018814275798
"AFMGS6751H",2.21096739236133,1.76494624854581,-0.128447473202158,1.28848146572521,-0.401003594388347,0.913870354855623
"AFMGS6752H",4.23734497270968,1.398386767689,-1.79723854424627,1.14230228110242,1.25693477552253,-0.116232709269158
"AFMGS6755H",1.12105294743649,0.428563066023729,0.206798361729184,-0.187218635339967,-0.221218968188081,0.277388506616112
"AFMGS6756H",2.70889836933137,-0.187172939150542,0.0761790974523555,-1.45438679845362,0.0307775144183149,-0.708500902725783
"AFMJD6855H",-2.08150938693285,-2.56727089742999,-3.31760545823351,-0.0719578697305751,0.405430180057691,-0.343321525366772
"AFMJD6856H",-3.51943368551616,-3.42550608518037,-3.96930010088509,0.66762135641702,0.828338481610447,1.64011984340617
"AFMJD6857H",-0.736318165316392,-3.3634939235392,-0.35720352671097,1.48301448977163,-0.640152316298261,-1.70801692242236
"AFMJD6858H",-0.828316252967584,-0.682727269445942,-0.225232555365149,-0.354294318919651,-0.364767687304235,-0.87795028966068
"AFMJD6859H",-2.2888773109665,-3.52473521301611,0.831213527273155,2.37517435283927,-0.264298894324382,1.64532348747498
"AFMJD6861H",-0.94741404932693,-1.41858469832596,-1.70333993696061,0.103235054980773,0.576314633486235,-0.385836256379627
"AFMJD6864H",-0.24089449115062,-1.63681090863853,-0.288727418400164,0.0158936273725256,-0.372743734988341,-0.223406796129585
"AFMJD6873H",-3.10046218658614,-1.67367340634066,-0.160815377245746,0.588162794241091,-0.911201622435311,-0.413814473923974
"AFMJD6875H",-1.81077718972901,-1.31334798334447,1.25511667311265,0.496201440403965,-0.467136764541571,-0.343279231356896
"AFMJD6876H",-1.38480296676727,-2.52403034290651,-0.747751660829993,-0.466816454006412,0.679512028602425,-0.0917855201372096
"AFMJD6877H",-1.34266321140555,-1.91998154347218,-1.40816248142929,0.831665993400916,0.270399072036803,0.0509443486303499
"AFMJD6878H",-3.79056066595252,-1.50844674412542,-2.10935675819873,0.198400230876535,0.197368179409134,0.877958418942941
"AFMJS6675H",3.13317017411936,0.941654276422358,0.992874121672642,2.20547572990959,0.682149847915499,-0.589276103389666
"AFMJS6676H",2.52746902029538,1.30948078752281,-0.680402306064352,0.420508357235769,-0.0665859572670706,0.0604908458731814
"AFMJS6678H",2.11871696466043,1.62182193479979,-0.448856199222927,-1.90819653420361,0.317112932727244,-0.986834969142489
"AFMJS6680H",1.46111312777878,0.478128257323098,-0.520555236306053,0.516527393536032,0.344660055917716,-1.31125941168347
"AFMJS6681H",2.6131004657711,0.828868022506059,-0.297448420878245,0.145618643072636,-0.0701769785732519,-0.53632461535429
"AFMJS6682H",1.39488215392316,-0.237349022019559,-0.558077317407794,-0.919578759202806,-0.123325739984409,-0.13623877371113
"AFMJS6683H",2.90127189760268,1.92253742215681,-1.06646519776972,2.24551074453601,0.111099626000832,0.826775588586482
"AFMJS6687H",2.09861005757919,1.76613831003229,-0.209310953958956,-0.607862549236976,-0.0302208557559752,-1.36324796505696
"AFMJS6694H",1.24705960996181,0.611400610624931,-0.708901427689297,-0.958889356128474,0.324989382039389,0.558546077605464
"AFMJS6695H",2.32004491144404,0.670931822216404,0.451898232696634,0.272974988581611,-0.763591857496705,-0.432637381675937
"AFMJS6696H",2.40294416925899,0.370786388559053,-0.00489609185234786,-0.0810783176084106,-0.258955842239577,-0.909334889901379
"AFMJS6698H",2.49594967216686,-0.0950987519965618,0.917718085745457,-0.41117157560142,0.224566818026154,-0.0537191220800734
"AFMJS6700H",1.59706187025041,2.43844785828278,-0.275028863623575,-0.141200381630662,0.374723121156526,0.347376566741424
"AFMJS6702H",1.78884588914965,0.800397484439745,1.40160072468023,-0.544637767314902,0.138571083846759,-1.28482011565207
"AFMPD6983H",-0.0332125002679707,1.37800437548538,-0.693101399695509,-0.578488934240242,0.118072934511877,-0.883097625726736
"AFMPD6985H",0.0181342699974492,-2.68526894801204,0.219591190886895,2.38134136792078,-0.281648710936855,-0.265935501268905
"AFMPD6986H",-2.4874458850558,-0.598292585474226,1.17452294935315,-0.247027064223145,-0.488606882922835,0.3254278897973
"AFMPD6987H",-3.14532992972661,-4.03722081732078,1.42324937868636,0.12353055536896,1.82420881305631,-0.285051707226945
"AFMPD6988H",0.514772039400283,-1.69708800885865,3.06566854330591,-1.48426566498031,-0.619339456062937,0.861408820297345
"AFMPD6989H",-0.909331136881628,-2.79463295743279,-0.583397312455807,0.528130270408108,-3.19903656826707,-1.9802923559788
"AFMPD6990H",0.748903582761453,-1.53017932743075,0.446978013434425,-0.136611301926599,-0.437551412430987,-0.157601639582768
"AFMPD6991H",-1.10082780022207,-1.44235399013941,-0.182820004866761,-0.090213877209441,-0.990234252053846,-0.447698788300958
"AFMPD6992H",-1.26594532096321,-0.514296950213777,1.30639461637072,-0.906891014209311,-0.0570669413991206,0.777754102480821
"AFMPD6993H",0.153165654618057,-1.37886247146036,-0.666521451194729,-0.243746248818837,0.129286624231345,0.539028247628673
"AFMPD6995H",0.297536465682587,-1.03301919395667,0.45269878670233,-0.181103245831991,-0.121655367357896,0.351585419084645
"AFMPD6998H",-1.07425836104486,-1.21830554735864,0.423207752328368,-0.380219818141765,-1.40073685908956,-0.967571005189389
"AFMPD7000H",-0.76326563257202,-1.33364411922632,1.13163233805363,-1.73121665231197,-1.65140135893244,1.42587385753723
"AFMPD7001H",0.584486762981414,-1.74498923297134,-1.59203468137371,-1.19933388012866,-1.45321054681502,-0.225020229879017
"AFMPD7005H",-1.02643481881945,-1.68667774481616,0.192373631456581,0.420928772065775,0.643354696258936,-0.595058594754992
"AFMPD7006H",-0.447960014848163,-1.37716880897171,1.33532608744763,-0.0375611890205333,1.75009494657021,0.744309278809619
"AFMPS6602H",2.49091271239997,0.295465941543873,0.216823772146262,0.578772737242607,-0.0828358563140404,0.676489071976264
"AFMPS6603H",4.10659994834646,0.828312872989895,1.98359483485207,0.431917385313651,0.32801113971314,-0.371732286299397
"AFMPS6608H",1.57891868796171,0.377441888794418,0.914668849008866,0.219918873903066,0.796426182337056,-0.418716661763852
"AFMPS6610H",2.7447234696559,1.18209262064789,0.88248334577209,-0.167784489810088,0.545601249715828,0.488613295801695
"AFMPS6612H",2.10901391306472,0.710878164133742,1.21910001641453,1.07927732895077,-0.62749793756121,0.876956405688055
"AFMPS6613H",0.643938329996992,0.964788645277426,0.0441835779274861,-0.0145776732117616,0.0208005761977457,-0.775927588374315
"AFMPS6618H",3.7106865271973,1.2937831244209,1.90018675715871,1.80967203056198,-1.04710978077021,1.15364910193929
"AFMPS6622H",3.39197852848743,1.02871625163763,1.12237039254073,1.24216755715553,0.168395443058273,0.574781041239426
"AFMPS6623H",2.85742867687719,0.567787525356048,0.493200658804768,0.0836965412836544,-0.760148194202961,0.105552536227966
"AFMPS6625H",1.83954525331928,1.03479140855737,0.818793305007704,-0.313727312699592,-0.786039444627657,-0.424567746362123
"AFMPS6626H",2.20905615770648,1.22949779953715,0.982389342225845,0.084584001125623,0.177975803596697,0.0792547911423835
"AFMPS6627H",3.6362698168704,0.702085031278875,-0.260010814475061,1.20129188159952,0.378878067853427,0.314480211719204
"AFMPX6982H",-1.54900876967512,-0.0499469620113081,-0.655842017407125,-0.711740959798506,-0.532788716242966,0.107949148312446
"AFMWD6915H",-3.63281367867852,1.93330553480817,-0.571589511525238,-0.105507531878912,0.539926445511847,-0.85961777623133
"AFMWD6916H",-4.41098291236829,2.01585816222815,-0.4231724550485,0.485697285465915,0.554854928459314,1.74530429044643
"AFMWD6917H",-4.79216734827553,2.98554667227438,-0.604555517281104,0.375855631712372,-0.620921268005852,1.3734324297961
"AFMWD6918H",-4.23820006266198,2.74173497243087,-0.216917563184345,0.163481456297358,-0.617064593427181,-1.70382341765415
"AFMWD6919H",-3.52852859562978,3.53824253283395,1.16056356720642,0.841770106839565,-0.118455481163531,-1.68192579408364
"AFMWD6920H",-1.9403202055725,0.965217678048418,-0.0478325988940774,-1.53875078777398,-0.690200726249024,0.970429189717133
"AFMWD6921H",-5.34635682852696,3.0656023892339,0.843304491485684,-0.666759443962739,0.0566077370641614,-0.118892445368344
"AFMWD6922H",-4.08404235501106,2.883550809136,-0.498846910535498,0.00537439983980464,0.819376713325442,-0.676389356646525
"AFMWD6923H",-4.3015564773688,2.39634057281659,0.808754955206329,-1.00106072166158,1.52614599251954,-0.89576828863096
"AFMWD6924H",-4.66438826957189,4.73267767457857,1.03758330723904,1.27998608864732,0.476785881898456,0.092829473465514
"AFMWD6926H",-2.78675462414541,0.0883374403294859,-1.28208303261835,-1.20710131206915,0.64612709139137,1.28655356355291
"AFMWD6933H",-5.18708612497058,4.02001942838529,0.396984286781664,-0.0540933923022781,-1.07253926005055,-1.60209977294955
"AFMWD6935H",-6.43061556702596,4.91607688453881,0.38367715761648,2.10978053007039,0.426096938528902,0.644655609198952
"AFMWD6936H",-4.47552488533703,1.76535787740457,0.870191931110928,-0.981295295943301,-1.17791358766489,1.78874243680146
