 1        1   (8)      1 :  0.0130  0.9850  0.0020  
 2        2   (9)      1 :  0.1421  0.8308  0.0270  
 3        3   (9)      1 :  0.0430  0.9430  0.0140  
 4        4  (18)      1 :  0.1530  0.8370  0.0100  
 5        5  (22)      1 :  0.0050  0.8410  0.1540  
 6        6   (9)      1 :  0.7313  0.1489  0.1199  
 7        7  (13)      1 :  0.0811  0.9169  0.0020  
 8        8  (14)      1 :  0.3420  0.6540  0.0040  
 9        9   (5)      1 :  0.2280  0.7680  0.0040  
10       10  (10)      1 :  0.1800  0.7470  0.0730  
11       11  (21)      1 :  0.5900  0.3540  0.0560  
12       12   (7)      1 :  0.4640  0.3620  0.1740  
13       13  (26)      1 :  0.0080  0.9610  0.0310  
14       14   (8)      2 :  0.9830  0.0100  0.0070  
15       15   (7)      2 :  0.9400  0.0350  0.0250  
16       16   (8)      2 :  0.9820  0.0140  0.0040  
17       17   (7)      2 :  0.9060  0.0840  0.0100  
18       18  (13)      2 :  0.7070  0.2900  0.0030  
19       19  (16)      2 :  0.7120  0.0340  0.2540  
20       20   (6)      2 :  0.9870  0.0060  0.0070  
21       21   (6)      2 :  0.9900  0.0040  0.0060  
22       22   (8)      2 :  0.6790  0.2440  0.0770  
23       23   (5)      2 :  0.8280  0.1680  0.0040  
24       24  (12)      2 :  0.9720  0.0240  0.0040  
25       25  (10)      2 :  0.8710  0.0240  0.1050  
26       26  (10)      2 :  0.9950  0.0030  0.0020  
27       27  (48)      2 :  0.9720  0.0200  0.0080  
28       28  (20)      2 :  0.7060  0.2900  0.0040  
29       29   (9)      3 :  0.2553  0.7407  0.0040  
30       30   (8)      3 :  0.0050  0.9920  0.0030  
31       31  (19)      3 :  0.2258  0.7712  0.0030  
32       32  (13)      3 :  0.1650  0.8160  0.0190  
33       33   (6)      3 :  0.0090  0.7898  0.2012  
34       34  (10)      3 :  0.2470  0.7460  0.0070  
35       35   (5)      3 :  0.4210  0.5130  0.0660  
36       36  (17)      3 :  0.0560  0.9330  0.0110  
37       37   (8)      3 :  0.2980  0.6770  0.0250  
38       38  (10)      3 :  0.0679  0.9131  0.0190  
39       39  (14)      3 :  0.1190  0.7430  0.1380  
40       40  (15)      3 :  0.0070  0.7828  0.2102  
41       41   (5)      4 :  0.9670  0.0250  0.0080  
42       42   (8)      4 :  0.9610  0.0110  0.0280  
43       43  (17)      4 :  0.9660  0.0280  0.0060  
44       44  (33)      4 :  0.7450  0.0640  0.1910  
45       45  (18)      4 :  0.9480  0.0070  0.0450  
46       46  (15)      4 :  0.6250  0.3650  0.0100  
47       47   (5)      4 :  0.9800  0.0060  0.0140  
48       48  (24)      4 :  0.8671  0.0350  0.0979  
49       49  (32)      4 :  0.9680  0.0280  0.0040  
50       50  (24)      4 :  0.9750  0.0200  0.0050  
51       51  (17)      4 :  0.8078  0.1061  0.0861  
52       52   (6)      4 :  0.6810  0.3120  0.0070  
53       53  (10)      4 :  0.8420  0.0110  0.1470  
54       54  (10)      4 :  0.6917  0.1381  0.1702  
55       55  (26)      5 :  0.5964  0.0799  0.3237  
56       56  (15)      5 :  0.4160  0.5750  0.0090  
57       57  (15)      5 :  0.0260  0.8390  0.1350  
58       58   (5)      5 :  0.0020  0.9950  0.0030  
59       59   (7)      5 :  0.2560  0.7400  0.0040  
60       60   (9)      5 :  0.3270  0.6530  0.0200  
61       61  (17)      5 :  0.3774  0.5976  0.0250  
62       62  (10)      5 :  0.1060  0.8640  0.0300  
63       63  (13)      5 :  0.2090  0.4610  0.3300  
64       64  (15)      5 :  0.2880  0.5910  0.1210  
65       65  (17)      5 :  0.3710  0.5150  0.1140  
66       66  (14)      5 :  0.2420  0.7140  0.0440  
67       67  (12)      5 :  0.0320  0.6410  0.3270  
68       68   (9)      5 :  0.3730  0.6220  0.0050  
69       69  (14)      5 :  0.1910  0.5510  0.2580  
70       70   (8)      5 :  0.2170  0.6020  0.1810  
71       71  (19)      6 :  0.9880  0.0080  0.0040  
72       72   (6)      6 :  0.9950  0.0030  0.0020  
73       73  (39)      6 :  0.9540  0.0390  0.0070  
74       74  (25)      6 :  0.9920  0.0050  0.0030  
75       75  (16)      6 :  0.8950  0.0230  0.0820  
76       76  (37)      6 :  0.8190  0.0730  0.1080  
77       77   (8)      6 :  0.7920  0.0150  0.1930  
78       78   (9)      6 :  0.9910  0.0050  0.0040  
79       79   (8)      6 :  0.8870  0.0130  0.1000  
80       80   (9)      6 :  0.6730  0.2920  0.0350  
81       81   (9)      6 :  0.7260  0.0220  0.2520  
82       82  (10)      6 :  0.8890  0.0040  0.1070  
83       83   (9)      5 :  0.1528  0.6434  0.2038  
84       84  (29)      7 :  0.0390  0.5010  0.4600  
85       85   (9)      7 :  0.0751  0.2282  0.6967  
86       86  (10)      7 :  0.0180  0.1039  0.8781  
87       87   (9)      7 :  0.2880  0.1340  0.5780  
88       88  (10)      7 :  0.1630  0.0330  0.8040  
89       89  (24)      7 :  0.1161  0.5185  0.3654  
90       90  (11)      7 :  0.0070  0.0591  0.9339  
91       91  (18)      7 :  0.0350  0.4120  0.5530  
92       92  (13)      7 :  0.0340  0.3153  0.6507  
93       93  (10)      7 :  0.0150  0.0611  0.9239  
94       94  (11)      7 :  0.1439  0.6773  0.1788  
95       95   (8)      7 :  0.0270  0.1910  0.7820  
96       96  (23)      7 :  0.0030  0.0040  0.9930  
97       97   (5)      7 :  0.2200  0.4380  0.3420  
