 1        1   (8)      1 :  0.9670  0.0330  
 2        2   (9)      1 :  0.9160  0.0840  
 3        3   (9)      1 :  0.9450  0.0550  
 4        4  (18)      1 :  0.8310  0.1690  
 5        5  (22)      1 :  0.9900  0.0100  
 6        6   (9)      1 :  0.2310  0.7690  
 7        7  (13)      1 :  0.9270  0.0730  
 8        8  (14)      1 :  0.6200  0.3800  
 9        9   (5)      1 :  0.7640  0.2360  
10       10  (10)      1 :  0.8950  0.1050  
11       11  (21)      1 :  0.3640  0.6360  
12       12   (7)      1 :  0.4470  0.5530  
13       13  (26)      1 :  0.9840  0.0160  
14       14   (8)      2 :  0.0070  0.9930  
15       15   (7)      2 :  0.0240  0.9760  
16       16   (8)      2 :  0.0080  0.9920  
17       17   (7)      2 :  0.0230  0.9770  
18       18  (13)      2 :  0.2210  0.7790  
19       19  (16)      2 :  0.2200  0.7800  
20       20   (6)      2 :  0.0100  0.9900  
21       21   (6)      2 :  0.0070  0.9930  
22       22   (8)      2 :  0.2700  0.7300  
23       23   (5)      2 :  0.0500  0.9500  
24       24  (12)      2 :  0.0080  0.9920  
25       25  (10)      2 :  0.0650  0.9350  
26       26  (10)      2 :  0.0030  0.9970  
27       27  (48)      2 :  0.0190  0.9810  
28       28  (20)      2 :  0.0930  0.9070  
29       29   (9)      3 :  0.7100  0.2900  
30       30   (8)      3 :  0.9910  0.0090  
31       31  (19)      3 :  0.7560  0.2440  
32       32  (13)      3 :  0.9290  0.0710  
33       33   (6)      3 :  0.9820  0.0180  
34       34  (10)      3 :  0.7140  0.2860  
35       35   (5)      3 :  0.5050  0.4950  
36       36  (17)      3 :  0.9510  0.0490  
37       37   (8)      3 :  0.7130  0.2870  
38       38  (10)      3 :  0.9610  0.0390  
39       39  (14)      3 :  0.8230  0.1770  
40       40  (15)      3 :  0.9870  0.0130  
41       41   (5)      4 :  0.0300  0.9700  
42       42   (8)      4 :  0.0180  0.9820  
43       43  (17)      4 :  0.0260  0.9740  
44       44  (33)      4 :  0.1520  0.8480  
45       45  (18)      4 :  0.0140  0.9860  
46       46  (15)      4 :  0.2890  0.7110  
47       47   (5)      4 :  0.0110  0.9890  
48       48  (24)      4 :  0.0910  0.9090  
49       49  (32)      4 :  0.0140  0.9860  
50       50  (24)      4 :  0.0110  0.9890  
51       51  (17)      4 :  0.1610  0.8390  
52       52   (6)      4 :  0.2490  0.7510  
53       53  (10)      4 :  0.0790  0.9210  
54       54  (10)      4 :  0.1540  0.8460  
55       55  (26)      5 :  0.3750  0.6250  
56       56  (15)      5 :  0.5260  0.4740  
57       57  (15)      5 :  0.9660  0.0340  
58       58   (5)      5 :  0.9970  0.0030  
59       59   (7)      5 :  0.7000  0.3000  
60       60   (9)      5 :  0.6510  0.3490  
61       61  (17)      5 :  0.5780  0.4220  
62       62  (10)      5 :  0.9450  0.0550  
63       63  (13)      5 :  0.7240  0.2760  
64       64  (15)      5 :  0.7140  0.2860  
65       65  (17)      5 :  0.5480  0.4520  
66       66  (14)      5 :  0.7680  0.2320  
67       67  (12)      5 :  0.9200  0.0800  
68       68   (9)      5 :  0.6100  0.3900  
69       69  (14)      5 :  0.7590  0.2410  
70       70   (8)      5 :  0.7260  0.2740  
71       71  (19)      6 :  0.0100  0.9900  
72       72   (6)      6 :  0.0040  0.9960  
73       73  (39)      6 :  0.0450  0.9550  
74       74  (25)      6 :  0.0070  0.9930  
75       75  (16)      6 :  0.0330  0.9670  
76       76  (37)      6 :  0.1310  0.8690  
77       77   (8)      6 :  0.1050  0.8950  
78       78   (9)      6 :  0.0060  0.9940  
79       79   (8)      6 :  0.0620  0.9380  
80       80   (9)      6 :  0.2950  0.7050  
81       81   (9)      6 :  0.2620  0.7380  
82       82  (10)      6 :  0.0100  0.9900  
83       83   (9)      5 :  0.7940  0.2060  
84       84  (29)      7 :  0.8190  0.1810  
85       85   (9)      7 :  0.7930  0.2070  
86       86  (10)      7 :  0.8120  0.1880  
87       87   (9)      7 :  0.6470  0.3530  
88       88  (10)      7 :  0.7620  0.2380  
89       89  (24)      7 :  0.8160  0.1840  
90       90  (11)      7 :  0.9350  0.0650  
91       91  (18)      7 :  0.8930  0.1070  
92       92  (13)      7 :  0.8800  0.1200  
93       93  (10)      7 :  0.8630  0.1370  
94       94  (11)      7 :  0.8550  0.1450  
95       95   (8)      7 :  0.8500  0.1500  
96       96  (23)      7 :  0.9570  0.0430  
97       97   (5)      7 :  0.7060  0.2940  
