 1        1   (8)      1 :  0.0010  0.9970  0.0010  0.0010  
 2        2   (9)      1 :  0.1250  0.0090  0.8570  0.0090  
 3        3   (9)      1 :  0.0600  0.0870  0.8450  0.0080  
 4        4  (18)      1 :  0.1640  0.0040  0.8280  0.0040  
 5        5  (22)      1 :  0.0040  0.0020  0.9331  0.0609  
 6        6   (9)      1 :  0.7310  0.0220  0.1500  0.0970  
 7        7  (13)      1 :  0.0860  0.0130  0.8980  0.0030  
 8        8  (14)      1 :  0.3350  0.0490  0.6140  0.0020  
 9        9   (5)      1 :  0.2250  0.0030  0.7700  0.0020  
10       10  (10)      1 :  0.1768  0.0020  0.8112  0.0100  
11       11  (21)      1 :  0.6126  0.0390  0.2703  0.0781  
12       12   (7)      1 :  0.4180  0.1430  0.2650  0.1740  
13       13  (26)      1 :  0.0050  0.0020  0.9900  0.0030  
14       14   (8)      2 :  0.9880  0.0010  0.0080  0.0030  
15       15   (7)      2 :  0.9400  0.0030  0.0220  0.0350  
16       16   (8)      2 :  0.9770  0.0120  0.0090  0.0020  
17       17   (7)      2 :  0.9570  0.0100  0.0270  0.0060  
18       18  (13)      2 :  0.7063  0.1259  0.1648  0.0030  
19       19  (16)      2 :  0.7120  0.0040  0.0480  0.2360  
20       20   (6)      2 :  0.9860  0.0020  0.0050  0.0070  
21       21   (6)      2 :  0.9860  0.0070  0.0030  0.0040  
22       22   (8)      2 :  0.7130  0.0080  0.2470  0.0320  
23       23   (5)      2 :  0.8340  0.0020  0.1610  0.0030  
24       24  (12)      2 :  0.9830  0.0050  0.0100  0.0020  
25       25  (10)      2 :  0.8960  0.0020  0.0880  0.0140  
26       26  (10)      2 :  0.9950  0.0010  0.0020  0.0020  
27       27  (48)      2 :  0.9009  0.0851  0.0060  0.0080  
28       28  (20)      2 :  0.7790  0.0400  0.1780  0.0030  
29       29   (9)      3 :  0.2120  0.0230  0.7620  0.0030  
30       30   (8)      3 :  0.0050  0.0050  0.9880  0.0020  
31       31  (19)      3 :  0.2362  0.3253  0.4344  0.0040  
32       32  (13)      3 :  0.0910  0.3400  0.5390  0.0300  
33       33   (6)      3 :  0.0090  0.1560  0.6460  0.1890  
34       34  (10)      3 :  0.2120  0.0230  0.7610  0.0040  
35       35   (5)      3 :  0.4790  0.1340  0.3330  0.0540  
36       36  (17)      3 :  0.0260  0.1290  0.8370  0.0080  
37       37   (8)      3 :  0.3150  0.0290  0.6450  0.0110  
38       38  (10)      3 :  0.0490  0.0180  0.9220  0.0110  
39       39  (14)      3 :  0.1618  0.0070  0.7273  0.1039  
40       40  (15)      3 :  0.0060  0.0460  0.7290  0.2190  
41       41   (5)      4 :  0.9490  0.0050  0.0380  0.0080  
42       42   (8)      4 :  0.9660  0.0060  0.0090  0.0190  
43       43  (17)      4 :  0.9410  0.0370  0.0170  0.0050  
44       44  (33)      4 :  0.7210  0.0110  0.0190  0.2490  
45       45  (18)      4 :  0.9540  0.0280  0.0060  0.0120  
46       46  (15)      4 :  0.6607  0.0070  0.3243  0.0080  
47       47   (5)      4 :  0.9780  0.0030  0.0070  0.0120  
48       48  (24)      4 :  0.8378  0.0330  0.0140  0.1151  
49       49  (32)      4 :  0.9590  0.0030  0.0350  0.0030  
50       50  (24)      4 :  0.9430  0.0460  0.0060  0.0050  
51       51  (17)      4 :  0.7850  0.0090  0.0290  0.1770  
52       52   (6)      4 :  0.6780  0.0040  0.3140  0.0040  
53       53  (10)      4 :  0.8511  0.0020  0.0100  0.1369  
54       54  (10)      4 :  0.7590  0.0020  0.1830  0.0560  
55       55  (26)      5 :  0.6066  0.0120  0.0280  0.3534  
56       56  (15)      5 :  0.4450  0.0350  0.5150  0.0050  
57       57  (15)      5 :  0.0470  0.1050  0.7770  0.0710  
58       58   (5)      5 :  0.0010  0.0030  0.9940  0.0020  
59       59   (7)      5 :  0.2770  0.0020  0.7180  0.0030  
60       60   (9)      5 :  0.2350  0.6950  0.0160  0.0540  
61       61  (17)      5 :  0.3774  0.1071  0.5015  0.0140  
62       62  (10)      5 :  0.0750  0.2830  0.6130  0.0290  
63       63  (13)      5 :  0.2338  0.0110  0.4585  0.2967  
64       64  (15)      5 :  0.2910  0.0660  0.5420  0.1010  
65       65  (17)      5 :  0.4470  0.0050  0.4610  0.0870  
66       66  (14)      5 :  0.2270  0.3180  0.4070  0.0480  
67       67  (12)      5 :  0.0410  0.0560  0.5710  0.3320  
68       68   (9)      5 :  0.3786  0.2607  0.3536  0.0070  
69       69  (14)      5 :  0.1942  0.0090  0.5245  0.2723  
70       70   (8)      5 :  0.2880  0.0030  0.6700  0.0390  
71       71  (19)      6 :  0.9820  0.0070  0.0070  0.0040  
72       72   (6)      6 :  0.9930  0.0030  0.0020  0.0020  
73       73  (39)      6 :  0.9000  0.0070  0.0870  0.0060  
74       74  (25)      6 :  0.9450  0.0470  0.0050  0.0030  
75       75  (16)      6 :  0.9269  0.0160  0.0090  0.0480  
76       76  (37)      6 :  0.8390  0.1380  0.0080  0.0150  
77       77   (8)      6 :  0.7930  0.0020  0.0130  0.1920  
78       78   (9)      6 :  0.9900  0.0010  0.0070  0.0020  
79       79   (8)      6 :  0.8890  0.0320  0.0050  0.0740  
80       80   (9)      6 :  0.6870  0.1380  0.1370  0.0380  
81       81   (9)      6 :  0.7320  0.0030  0.0240  0.2410  
82       82  (10)      6 :  0.9280  0.0020  0.0030  0.0670  
83       83   (9)      5 :  0.1582  0.1321  0.5355  0.1742  
84       84  (29)      7 :  0.0760  0.0130  0.4870  0.4240  
85       85   (9)      7 :  0.0570  0.0030  0.2330  0.7070  
86       86  (10)      7 :  0.0180  0.0190  0.0370  0.9259  
87       87   (9)      7 :  0.2880  0.0450  0.0390  0.6280  
88       88  (10)      7 :  0.0940  0.0390  0.0190  0.8480  
89       89  (24)      7 :  0.1770  0.0080  0.5040  0.3110  
90       90  (11)      7 :  0.0050  0.0020  0.0901  0.9029  
91       91  (18)      7 :  0.0220  0.0080  0.4226  0.5475  
92       92  (13)      7 :  0.0300  0.0020  0.4014  0.5666  
93       93  (10)      7 :  0.0100  0.0020  0.0729  0.9151  
94       94  (11)      7 :  0.1850  0.0030  0.7540  0.0580  
95       95   (8)      7 :  0.0170  0.0830  0.0560  0.8440  
96       96  (23)      7 :  0.0020  0.0010  0.0070  0.9900  
97       97   (5)      7 :  0.2458  0.0060  0.5015  0.2468  
