 1        1   (8)      1 :  0.0010  0.9960  0.0020  0.0010  
 2        2   (9)      1 :  0.0970  0.0050  0.8930  0.0050  
 3        3   (9)      1 :  0.0490  0.0970  0.8430  0.0110  
 4        4  (18)      1 :  0.1160  0.0070  0.8730  0.0040  
 5        5  (22)      1 :  0.0040  0.0020  0.9630  0.0310  
 6        6   (9)      1 :  0.7660  0.0100  0.1180  0.1060  
 7        7  (13)      1 :  0.0560  0.0190  0.9230  0.0020  
 8        8  (14)      1 :  0.3220  0.0250  0.6510  0.0020  
 9        9   (5)      1 :  0.2340  0.0040  0.7600  0.0020  
10       10  (10)      1 :  0.1410  0.0020  0.8470  0.0100  
11       11  (21)      1 :  0.5766  0.0531  0.2823  0.0881  
12       12   (7)      1 :  0.3644  0.1321  0.3143  0.1892  
13       13  (26)      1 :  0.0030  0.0020  0.9920  0.0030  
14       14   (8)      2 :  0.9900  0.0010  0.0070  0.0020  
15       15   (7)      2 :  0.8830  0.0060  0.0470  0.0640  
16       16   (8)      2 :  0.9740  0.0110  0.0130  0.0020  
17       17   (7)      2 :  0.9000  0.0050  0.0890  0.0060  
18       18  (13)      2 :  0.7153  0.0829  0.1988  0.0030  
19       19  (16)      2 :  0.6617  0.0080  0.0440  0.2863  
20       20   (6)      2 :  0.9740  0.0030  0.0080  0.0150  
21       21   (6)      2 :  0.9830  0.0060  0.0040  0.0070  
22       22   (8)      2 :  0.6500  0.0070  0.2750  0.0680  
23       23   (5)      2 :  0.7898  0.0020  0.2052  0.0030  
24       24  (12)      2 :  0.9800  0.0060  0.0110  0.0030  
25       25  (10)      2 :  0.8859  0.0010  0.1001  0.0130  
26       26  (10)      2 :  0.9950  0.0010  0.0030  0.0010  
27       27  (48)      2 :  0.9040  0.0840  0.0070  0.0050  
28       28  (20)      2 :  0.7620  0.0470  0.1890  0.0020  
29       29   (9)      3 :  0.2400  0.0160  0.7400  0.0040  
30       30   (8)      3 :  0.0050  0.0060  0.9870  0.0020  
31       31  (19)      3 :  0.2348  0.3147  0.4466  0.0040  
32       32  (13)      3 :  0.1140  0.3240  0.5390  0.0230  
33       33   (6)      3 :  0.0100  0.1620  0.6590  0.1690  
34       34  (10)      3 :  0.2160  0.0190  0.7600  0.0050  
35       35   (5)      3 :  0.3990  0.1250  0.4030  0.0730  
36       36  (17)      3 :  0.0250  0.0919  0.8591  0.0240  
37       37   (8)      3 :  0.3340  0.0110  0.6390  0.0160  
38       38  (10)      3 :  0.0739  0.0070  0.9051  0.0140  
39       39  (14)      3 :  0.0829  0.0090  0.7493  0.1588  
40       40  (15)      3 :  0.0040  0.0240  0.7357  0.2362  
41       41   (5)      4 :  0.9350  0.0030  0.0430  0.0190  
42       42   (8)      4 :  0.9271  0.0040  0.0130  0.0559  
43       43  (17)      4 :  0.9460  0.0330  0.0140  0.0070  
44       44  (33)      4 :  0.7300  0.0230  0.0330  0.2140  
45       45  (18)      4 :  0.9430  0.0210  0.0050  0.0310  
46       46  (15)      4 :  0.6567  0.0070  0.3213  0.0150  
47       47   (5)      4 :  0.9860  0.0020  0.0050  0.0070  
48       48  (24)      4 :  0.8631  0.0140  0.0450  0.0779  
49       49  (32)      4 :  0.9730  0.0030  0.0210  0.0030  
50       50  (24)      4 :  0.9490  0.0370  0.0100  0.0040  
51       51  (17)      4 :  0.7840  0.0080  0.0360  0.1720  
52       52   (6)      4 :  0.6547  0.0040  0.3383  0.0030  
53       53  (10)      4 :  0.8218  0.0020  0.0120  0.1642  
54       54  (10)      4 :  0.6650  0.0020  0.3000  0.0330  
55       55  (26)      5 :  0.5880  0.0050  0.0230  0.3840  
56       56  (15)      5 :  0.3964  0.0430  0.5576  0.0030  
57       57  (15)      5 :  0.0270  0.0550  0.8650  0.0530  
58       58   (5)      5 :  0.0010  0.0020  0.9950  0.0020  
59       59   (7)      5 :  0.1640  0.0030  0.8310  0.0020  
60       60   (9)      5 :  0.2372  0.6927  0.0190  0.0511  
61       61  (17)      5 :  0.3750  0.1050  0.5000  0.0200  
62       62  (10)      5 :  0.0790  0.2760  0.6000  0.0450  
63       63  (13)      5 :  0.1992  0.0100  0.4585  0.3323  
64       64  (15)      5 :  0.2580  0.0630  0.5080  0.1710  
65       65  (17)      5 :  0.3383  0.0040  0.5846  0.0731  
66       66  (14)      5 :  0.2168  0.3057  0.4116  0.0659  
67       67  (12)      5 :  0.0300  0.0410  0.5980  0.3310  
68       68   (9)      5 :  0.3780  0.2470  0.3670  0.0080  
69       69  (14)      5 :  0.1548  0.0100  0.5554  0.2797  
70       70   (8)      5 :  0.2060  0.0030  0.6960  0.0950  
71       71  (19)      6 :  0.9800  0.0060  0.0100  0.0040  
72       72   (6)      6 :  0.9940  0.0030  0.0020  0.0010  
73       73  (39)      6 :  0.9550  0.0030  0.0370  0.0050  
74       74  (25)      6 :  0.9410  0.0530  0.0040  0.0020  
75       75  (16)      6 :  0.8599  0.0100  0.0090  0.1211  
76       76  (37)      6 :  0.8232  0.1269  0.0070  0.0430  
77       77   (8)      6 :  0.7560  0.0030  0.0190  0.2220  
78       78   (9)      6 :  0.9900  0.0020  0.0050  0.0030  
79       79   (8)      6 :  0.8930  0.0320  0.0060  0.0690  
80       80   (9)      6 :  0.6790  0.1250  0.1450  0.0510  
81       81   (9)      6 :  0.6980  0.0030  0.0320  0.2670  
82       82  (10)      6 :  0.9071  0.0020  0.0040  0.0869  
83       83   (9)      5 :  0.1300  0.1350  0.5180  0.2170  
84       84  (29)      7 :  0.0430  0.0110  0.4905  0.4555  
85       85   (9)      7 :  0.0531  0.0030  0.2202  0.7237  
86       86  (10)      7 :  0.0120  0.0130  0.0250  0.9500  
87       87   (9)      7 :  0.2573  0.0521  0.0310  0.6597  
88       88  (10)      7 :  0.0799  0.0250  0.0200  0.8751  
89       89  (24)      7 :  0.0710  0.0040  0.5500  0.3750  
90       90  (11)      7 :  0.0050  0.0020  0.0830  0.9100  
91       91  (18)      7 :  0.0310  0.0080  0.3906  0.5704  
92       92  (13)      7 :  0.0220  0.0020  0.4120  0.5640  
93       93  (10)      7 :  0.0070  0.0020  0.0350  0.9560  
94       94  (11)      7 :  0.1050  0.0030  0.7600  0.1320  
95       95   (8)      7 :  0.0130  0.0470  0.0850  0.8550  
96       96  (23)      7 :  0.0020  0.0010  0.0040  0.9930  
97       97   (5)      7 :  0.1390  0.0030  0.5500  0.3080  
