 1        1   (8)      1 :  0.0010  0.9950  0.0010  0.0010  0.0010  0.0010  
 2        2   (9)      1 :  0.0360  0.0070  0.6890  0.0310  0.2300  0.0070  
 3        3   (9)      1 :  0.2110  0.0520  0.4890  0.0020  0.2400  0.0060  
 4        4  (18)      1 :  0.0631  0.0040  0.5696  0.0741  0.2853  0.0040  
 5        5  (22)      1 :  0.0030  0.0020  0.9820  0.0020  0.0070  0.0040  
 6        6   (9)      1 :  0.3510  0.0080  0.0170  0.4160  0.1100  0.0980  
 7        7  (13)      1 :  0.0400  0.0440  0.3926  0.0749  0.4466  0.0020  
 8        8  (14)      1 :  0.0190  0.0861  0.5896  0.2883  0.0150  0.0020  
 9        9   (5)      1 :  0.0630  0.0050  0.3930  0.1570  0.3800  0.0020  
10       10  (10)      1 :  0.0030  0.0020  0.5856  0.1812  0.2252  0.0030  
11       11  (21)      1 :  0.3190  0.0350  0.2790  0.2740  0.0370  0.0560  
12       12   (7)      1 :  0.1271  0.1451  0.3363  0.2823  0.0080  0.1011  
13       13  (26)      1 :  0.0070  0.0020  0.9670  0.0030  0.0190  0.0020  
14       14   (8)      2 :  0.1080  0.0010  0.0060  0.8660  0.0160  0.0030  
15       15   (7)      2 :  0.2770  0.0050  0.0130  0.6150  0.0840  0.0060  
16       16   (8)      2 :  0.9441  0.0070  0.0020  0.0150  0.0300  0.0020  
17       17   (7)      2 :  0.3087  0.0080  0.2078  0.4705  0.0020  0.0030  
18       18  (13)      2 :  0.4160  0.1060  0.1070  0.3050  0.0630  0.0030  
19       19  (16)      2 :  0.7780  0.0030  0.1250  0.0170  0.0110  0.0660  
20       20   (6)      2 :  0.5180  0.0020  0.0020  0.4370  0.0380  0.0030  
21       21   (6)      2 :  0.8302  0.0040  0.0030  0.1568  0.0030  0.0030  
22       22   (8)      2 :  0.2743  0.0080  0.2843  0.3994  0.0200  0.0140  
23       23   (5)      2 :  0.6080  0.0020  0.0880  0.2050  0.0950  0.0020  
24       24  (12)      2 :  0.7740  0.0070  0.0520  0.1610  0.0040  0.0020  
25       25  (10)      2 :  0.0370  0.0020  0.1220  0.8080  0.0090  0.0220  
26       26  (10)      2 :  0.2478  0.0030  0.0020  0.7423  0.0030  0.0020  
27       27  (48)      2 :  0.2418  0.0789  0.0759  0.5954  0.0030  0.0050  
28       28  (20)      2 :  0.8138  0.0180  0.1532  0.0050  0.0070  0.0030  
29       29   (9)      3 :  0.2020  0.0060  0.0040  0.0100  0.7760  0.0020  
30       30   (8)      3 :  0.0010  0.0020  0.0020  0.0010  0.9930  0.0010  
31       31  (19)      3 :  0.0140  0.3360  0.3000  0.2040  0.1430  0.0030  
32       32  (13)      3 :  0.1070  0.3480  0.2480  0.0260  0.2580  0.0130  
33       33   (6)      3 :  0.0020  0.1650  0.6140  0.0520  0.0120  0.1550  
34       34  (10)      3 :  0.1660  0.0210  0.2940  0.0330  0.4810  0.0050  
35       35   (5)      3 :  0.0711  0.1201  0.5115  0.2753  0.0060  0.0160  
36       36  (17)      3 :  0.0230  0.1602  0.7778  0.0170  0.0170  0.0050  
37       37   (8)      3 :  0.0420  0.0200  0.7520  0.1710  0.0110  0.0040  
38       38  (10)      3 :  0.1209  0.0080  0.3237  0.0070  0.5285  0.0120  
39       39  (14)      3 :  0.0470  0.0060  0.0980  0.1020  0.6440  0.1030  
40       40  (15)      3 :  0.0170  0.0280  0.1059  0.0040  0.6673  0.1778  
41       41   (5)      4 :  0.0070  0.0030  0.1210  0.8650  0.0020  0.0020  
42       42   (8)      4 :  0.4655  0.0050  0.0060  0.4915  0.0120  0.0200  
43       43  (17)      4 :  0.9830  0.0090  0.0020  0.0020  0.0020  0.0020  
44       44  (33)      4 :  0.4785  0.0100  0.0549  0.2907  0.0110  0.1548  
45       45  (18)      4 :  0.4290  0.0260  0.0520  0.4670  0.0020  0.0240  
46       46  (15)      4 :  0.5926  0.0120  0.1892  0.0330  0.1572  0.0160  
47       47   (5)      4 :  0.1449  0.0020  0.0070  0.8352  0.0050  0.0060  
48       48  (24)      4 :  0.7090  0.0400  0.0200  0.2090  0.0020  0.0200  
49       49  (32)      4 :  0.4870  0.0040  0.0490  0.4420  0.0150  0.0030  
50       50  (24)      4 :  0.2610  0.0530  0.0110  0.6620  0.0090  0.0040  
51       51  (17)      4 :  0.4730  0.0120  0.0260  0.3680  0.0940  0.0270  
52       52   (6)      4 :  0.3600  0.0040  0.3700  0.2610  0.0030  0.0020  
53       53  (10)      4 :  0.3814  0.0020  0.0591  0.4845  0.0040  0.0691  
54       54  (10)      4 :  0.0530  0.0030  0.4450  0.4700  0.0040  0.0250  
55       55  (26)      5 :  0.5090  0.0150  0.0320  0.1210  0.0320  0.2910  
56       56  (15)      5 :  0.0050  0.0620  0.5650  0.3460  0.0190  0.0030  
57       57  (15)      5 :  0.0200  0.1120  0.7510  0.0080  0.0620  0.0470  
58       58   (5)      5 :  0.0020  0.0140  0.5410  0.0020  0.4380  0.0030  
59       59   (7)      5 :  0.2030  0.0020  0.7810  0.0080  0.0040  0.0020  
60       60   (9)      5 :  0.0630  0.7220  0.0390  0.1400  0.0040  0.0320  
61       61  (17)      5 :  0.1778  0.1299  0.5724  0.1039  0.0060  0.0100  
62       62  (10)      5 :  0.1000  0.2800  0.2780  0.0240  0.2930  0.0250  
63       63  (13)      5 :  0.0930  0.0160  0.5300  0.1090  0.0050  0.2470  
64       64  (15)      5 :  0.1920  0.0740  0.1850  0.1310  0.3140  0.1040  
65       65  (17)      5 :  0.0440  0.0060  0.5516  0.3283  0.0380  0.0320  
66       66  (14)      5 :  0.1740  0.3370  0.3050  0.0610  0.0740  0.0490  
67       67  (12)      5 :  0.2020  0.0950  0.4270  0.0050  0.0240  0.2470  
68       68   (9)      5 :  0.5175  0.2623  0.0240  0.0040  0.1872  0.0050  
69       69  (14)      5 :  0.1139  0.0170  0.3856  0.0909  0.1968  0.1958  
70       70   (8)      5 :  0.0130  0.0040  0.7950  0.1660  0.0090  0.0130  
71       71  (19)      6 :  0.2610  0.0070  0.0100  0.7160  0.0030  0.0030  
72       72   (6)      6 :  0.2810  0.0040  0.0050  0.7050  0.0030  0.0020  
73       73  (39)      6 :  0.2200  0.0050  0.1240  0.6440  0.0040  0.0030  
74       74  (25)      6 :  0.3930  0.0520  0.0060  0.5430  0.0030  0.0030  
75       75  (16)      6 :  0.0060  0.0140  0.0070  0.9219  0.0310  0.0200  
76       76  (37)      6 :  0.2797  0.1499  0.0150  0.5305  0.0040  0.0210  
77       77   (8)      6 :  0.0070  0.0030  0.1788  0.7453  0.0040  0.0619  
78       78   (9)      6 :  0.1517  0.0030  0.0060  0.8323  0.0040  0.0030  
79       79   (8)      6 :  0.3570  0.0460  0.0080  0.5130  0.0050  0.0710  
80       80   (9)      6 :  0.3373  0.1281  0.1882  0.3173  0.0110  0.0180  
81       81   (9)      6 :  0.2707  0.0030  0.1149  0.4276  0.0040  0.1798  
82       82  (10)      6 :  0.0930  0.0030  0.0080  0.7950  0.0070  0.0940  
83       83   (9)      5 :  0.2008  0.1459  0.3906  0.0090  0.0949  0.1588  
84       84  (29)      7 :  0.1379  0.0130  0.3506  0.0080  0.1608  0.3297  
85       85   (9)      7 :  0.0100  0.0030  0.1892  0.0961  0.1091  0.5926  
86       86  (10)      7 :  0.0180  0.0260  0.0501  0.0140  0.0571  0.8348  
87       87   (9)      7 :  0.3180  0.0430  0.1100  0.0120  0.0070  0.5100  
88       88  (10)      7 :  0.1259  0.0180  0.1099  0.0220  0.0030  0.7213  
89       89  (24)      7 :  0.3620  0.0120  0.3640  0.0060  0.1300  0.1260  
90       90  (11)      7 :  0.0040  0.0030  0.2530  0.0040  0.0030  0.7330  
91       91  (18)      7 :  0.0800  0.0060  0.0250  0.0180  0.3420  0.5290  
92       92  (13)      7 :  0.1389  0.0020  0.4625  0.0040  0.0050  0.3876  
93       93  (10)      7 :  0.0080  0.0020  0.0130  0.0120  0.0970  0.8680  
94       94  (11)      7 :  0.2887  0.0030  0.3177  0.0140  0.3706  0.0060  
95       95   (8)      7 :  0.1440  0.0600  0.1740  0.0030  0.0060  0.6130  
96       96  (23)      7 :  0.0020  0.0010  0.0020  0.0030  0.0590  0.9330  
97       97   (5)      7 :  0.0070  0.0040  0.6004  0.2817  0.0110  0.0959  
