 1        1   (8)      1 :  0.0020  0.9940  0.0010  0.0010  0.0010  0.0010  
 2        2   (9)      1 :  0.0560  0.0070  0.6860  0.0200  0.2250  0.0060  
 3        3   (9)      1 :  0.2640  0.0460  0.4810  0.0030  0.1990  0.0070  
 4        4  (18)      1 :  0.1259  0.0060  0.5195  0.0519  0.2937  0.0030  
 5        5  (22)      1 :  0.0030  0.0020  0.9760  0.0020  0.0130  0.0040  
 6        6   (9)      1 :  0.3090  0.0140  0.0280  0.4510  0.1420  0.0560  
 7        7  (13)      1 :  0.0660  0.0190  0.4580  0.0440  0.4110  0.0020  
 8        8  (14)      1 :  0.0280  0.0630  0.6020  0.2890  0.0150  0.0030  
 9        9   (5)      1 :  0.0970  0.0040  0.3630  0.1590  0.3750  0.0020  
10       10  (10)      1 :  0.0040  0.0020  0.5784  0.1638  0.2468  0.0050  
11       11  (21)      1 :  0.3497  0.0360  0.2937  0.2567  0.0230  0.0410  
12       12   (7)      1 :  0.1360  0.1190  0.3280  0.2920  0.0080  0.1170  
13       13  (26)      1 :  0.0040  0.0020  0.9740  0.0020  0.0160  0.0020  
14       14   (8)      2 :  0.1121  0.0010  0.0060  0.8669  0.0120  0.0020  
15       15   (7)      2 :  0.2470  0.0040  0.0060  0.6710  0.0650  0.0070  
16       16   (8)      2 :  0.9590  0.0060  0.0020  0.0110  0.0210  0.0010  
17       17   (7)      2 :  0.2833  0.0050  0.1732  0.5335  0.0020  0.0030  
18       18  (13)      2 :  0.4444  0.1061  0.1021  0.3213  0.0240  0.0020  
19       19  (16)      2 :  0.7270  0.0030  0.1490  0.0290  0.0090  0.0830  
20       20   (6)      2 :  0.5095  0.0020  0.0030  0.4625  0.0200  0.0030  
21       21   (6)      2 :  0.6870  0.0040  0.0030  0.3010  0.0030  0.0020  
22       22   (8)      2 :  0.2797  0.0080  0.2687  0.4076  0.0260  0.0100  
23       23   (5)      2 :  0.5886  0.0020  0.0901  0.2112  0.1061  0.0020  
24       24  (12)      2 :  0.7350  0.0060  0.0100  0.2430  0.0040  0.0020  
25       25  (10)      2 :  0.0340  0.0020  0.0810  0.8490  0.0260  0.0080  
26       26  (10)      2 :  0.2418  0.0020  0.0020  0.7483  0.0040  0.0020  
27       27  (48)      2 :  0.0831  0.0751  0.0881  0.7467  0.0030  0.0040  
28       28  (20)      2 :  0.8278  0.0300  0.1231  0.0090  0.0080  0.0020  
29       29   (9)      3 :  0.2677  0.0100  0.0030  0.0070  0.7103  0.0020  
30       30   (8)      3 :  0.0010  0.0020  0.0020  0.0010  0.9930  0.0010  
31       31  (19)      3 :  0.0240  0.3330  0.3330  0.2120  0.0940  0.0040  
32       32  (13)      3 :  0.1219  0.3437  0.2507  0.0260  0.2468  0.0110  
33       33   (6)      3 :  0.0010  0.1592  0.6476  0.0410  0.0060  0.1451  
34       34  (10)      3 :  0.2450  0.0270  0.2840  0.0260  0.4130  0.0050  
35       35   (5)      3 :  0.0671  0.1341  0.4755  0.2963  0.0070  0.0200  
36       36  (17)      3 :  0.0480  0.1179  0.7792  0.0150  0.0270  0.0130  
37       37   (8)      3 :  0.0390  0.0150  0.7270  0.2090  0.0050  0.0050  
38       38  (10)      3 :  0.1470  0.0130  0.3350  0.0050  0.4940  0.0060  
39       39  (14)      3 :  0.0880  0.0070  0.0770  0.1040  0.6460  0.0780  
40       40  (15)      3 :  0.0120  0.0310  0.1049  0.0060  0.6753  0.1708  
41       41   (5)      4 :  0.0050  0.0030  0.1948  0.7922  0.0020  0.0030  
42       42   (8)      4 :  0.4890  0.0050  0.0100  0.4660  0.0120  0.0180  
43       43  (17)      4 :  0.9870  0.0050  0.0020  0.0020  0.0020  0.0020  
44       44  (33)      4 :  0.5010  0.0080  0.0470  0.2690  0.0080  0.1670  
45       45  (18)      4 :  0.3710  0.0210  0.0550  0.5280  0.0020  0.0230  
46       46  (15)      4 :  0.6230  0.0110  0.1810  0.0830  0.0930  0.0090  
47       47   (5)      4 :  0.1471  0.0020  0.0100  0.8288  0.0060  0.0060  
48       48  (24)      4 :  0.7280  0.0100  0.0510  0.1620  0.0020  0.0470  
49       49  (32)      4 :  0.4350  0.0030  0.0460  0.4980  0.0150  0.0030  
50       50  (24)      4 :  0.3177  0.0360  0.0120  0.6244  0.0060  0.0040  
51       51  (17)      4 :  0.4400  0.0170  0.0220  0.3850  0.0660  0.0700  
52       52   (6)      4 :  0.3250  0.0050  0.3650  0.3010  0.0020  0.0020  
53       53  (10)      4 :  0.3746  0.0020  0.0779  0.4735  0.0040  0.0679  
54       54  (10)      4 :  0.0600  0.0020  0.3850  0.5380  0.0050  0.0100  
55       55  (26)      5 :  0.4905  0.0060  0.0200  0.1299  0.0150  0.3387  
56       56  (15)      5 :  0.0040  0.0761  0.5856  0.3163  0.0160  0.0020  
57       57  (15)      5 :  0.0180  0.0681  0.8228  0.0130  0.0521  0.0260  
58       58   (5)      5 :  0.0020  0.0080  0.5970  0.0010  0.3900  0.0020  
59       59   (7)      5 :  0.2490  0.0020  0.7380  0.0040  0.0050  0.0020  
60       60   (9)      5 :  0.0519  0.6973  0.0360  0.1648  0.0040  0.0460  
61       61  (17)      5 :  0.2350  0.0890  0.5640  0.0920  0.0070  0.0130  
62       62  (10)      5 :  0.0790  0.2790  0.2910  0.0240  0.2970  0.0300  
63       63  (13)      5 :  0.1109  0.0100  0.5315  0.0969  0.0040  0.2468  
64       64  (15)      5 :  0.2348  0.0699  0.1329  0.0969  0.3347  0.1309  
65       65  (17)      5 :  0.0360  0.0060  0.4720  0.3700  0.0750  0.0410  
66       66  (14)      5 :  0.2072  0.3063  0.3283  0.0300  0.0801  0.0480  
67       67  (12)      5 :  0.2430  0.0340  0.5120  0.0030  0.0110  0.1970  
68       68   (9)      5 :  0.5590  0.2320  0.0180  0.0040  0.1820  0.0050  
69       69  (14)      5 :  0.1211  0.0110  0.4134  0.0881  0.1702  0.1962  
70       70   (8)      5 :  0.0090  0.0050  0.7360  0.2260  0.0100  0.0140  
71       71  (19)      6 :  0.2060  0.0110  0.0370  0.7400  0.0030  0.0030  
72       72   (6)      6 :  0.2663  0.0040  0.0040  0.7227  0.0020  0.0010  
73       73  (39)      6 :  0.1750  0.0140  0.1800  0.6230  0.0050  0.0030  
74       74  (25)      6 :  0.3110  0.0480  0.0060  0.6300  0.0030  0.0020  
75       75  (16)      6 :  0.0060  0.0070  0.0110  0.8850  0.0120  0.0790  
76       76  (37)      6 :  0.2432  0.1391  0.0080  0.5876  0.0040  0.0180  
77       77   (8)      6 :  0.0080  0.0020  0.1460  0.7390  0.0050  0.1000  
78       78   (9)      6 :  0.0810  0.0020  0.0050  0.9060  0.0040  0.0020  
79       79   (8)      6 :  0.3530  0.0330  0.0080  0.5520  0.0040  0.0500  
80       80   (9)      6 :  0.2910  0.1330  0.1880  0.3660  0.0070  0.0150  
81       81   (9)      6 :  0.2408  0.0020  0.1069  0.4525  0.0030  0.1948  
82       82  (10)      6 :  0.0811  0.0020  0.0090  0.8358  0.0130  0.0591  
83       83   (9)      5 :  0.2422  0.1331  0.4244  0.0080  0.0490  0.1431  
84       84  (29)      7 :  0.1572  0.0070  0.3363  0.0090  0.1291  0.3614  
85       85   (9)      7 :  0.0160  0.0040  0.1740  0.0780  0.0900  0.6380  
86       86  (10)      7 :  0.0360  0.0240  0.0380  0.0180  0.0610  0.8230  
87       87   (9)      7 :  0.3077  0.0519  0.0859  0.0190  0.0050  0.5305  
88       88  (10)      7 :  0.0970  0.0200  0.1240  0.0210  0.0030  0.7350  
89       89  (24)      7 :  0.3710  0.0050  0.4340  0.0050  0.0960  0.0890  
90       90  (11)      7 :  0.0040  0.0030  0.2670  0.0050  0.0030  0.7180  
91       91  (18)      7 :  0.0760  0.0080  0.0150  0.0120  0.3360  0.5530  
92       92  (13)      7 :  0.1620  0.0020  0.3960  0.0030  0.0040  0.4330  
93       93  (10)      7 :  0.0080  0.0020  0.0120  0.0130  0.0919  0.8731  
94       94  (11)      7 :  0.2480  0.0020  0.4090  0.0120  0.3230  0.0060  
95       95   (8)      7 :  0.1640  0.0280  0.1770  0.0020  0.0040  0.6250  
96       96  (23)      7 :  0.0020  0.0010  0.0020  0.0030  0.0700  0.9220  
97       97   (5)      7 :  0.0150  0.0030  0.6270  0.2160  0.0160  0.1230  
