 1        1   (8)      1 :  0.0010  0.0010  0.0010  0.0010  0.0010  0.9940  0.0010  
 2        2   (9)      1 :  0.0030  0.4955  0.0070  0.0521  0.1822  0.0100  0.2503  
 3        3   (9)      1 :  0.0010  0.0030  0.0030  0.0030  0.9291  0.0310  0.0300  
 4        4  (18)      1 :  0.0030  0.2615  0.0469  0.0299  0.3204  0.0040  0.3343  
 5        5  (22)      1 :  0.0010  0.9910  0.0020  0.0010  0.0020  0.0010  0.0020  
 6        6   (9)      1 :  0.0210  0.0060  0.2910  0.5430  0.0010  0.0070  0.1310  
 7        7  (13)      1 :  0.0030  0.2990  0.0120  0.0470  0.0520  0.0670  0.5200  
 8        8  (14)      1 :  0.0020  0.5160  0.1160  0.1420  0.0530  0.1300  0.0410  
 9        9   (5)      1 :  0.0010  0.0020  0.0020  0.0360  0.7357  0.0020  0.2212  
10       10  (10)      1 :  0.0030  0.4290  0.2660  0.0060  0.0030  0.0010  0.2920  
11       11  (21)      1 :  0.0760  0.0720  0.0280  0.5280  0.2320  0.0360  0.0280  
12       12   (7)      1 :  0.0952  0.0301  0.3166  0.2154  0.2034  0.1353  0.0040  
13       13  (26)      1 :  0.0010  0.9700  0.0030  0.0020  0.0030  0.0020  0.0190  
14       14   (8)      2 :  0.0010  0.0010  0.0190  0.9690  0.0030  0.0010  0.0060  
15       15   (7)      2 :  0.0040  0.0020  0.0040  0.7320  0.2500  0.0040  0.0040  
16       16   (8)      2 :  0.0020  0.0030  0.0040  0.8760  0.0050  0.0040  0.1060  
17       17   (7)      2 :  0.0020  0.0030  0.3237  0.6603  0.0060  0.0030  0.0020  
18       18  (13)      2 :  0.0010  0.0010  0.0060  0.5940  0.2600  0.1300  0.0080  
19       19  (16)      2 :  0.0210  0.2490  0.0320  0.6080  0.0770  0.0060  0.0070  
20       20   (6)      2 :  0.0030  0.0010  0.1610  0.8090  0.0030  0.0020  0.0210  
21       21   (6)      2 :  0.0020  0.0010  0.0060  0.7940  0.1890  0.0060  0.0020  
22       22   (8)      2 :  0.0030  0.0070  0.6110  0.3250  0.0430  0.0030  0.0080  
23       23   (5)      2 :  0.0020  0.0300  0.3606  0.5684  0.0030  0.0020  0.0340  
24       24  (12)      2 :  0.0020  0.0060  0.1070  0.7970  0.0790  0.0060  0.0030  
25       25  (10)      2 :  0.0180  0.0070  0.0080  0.8328  0.1251  0.0010  0.0080  
26       26  (10)      2 :  0.0020  0.0030  0.0020  0.9860  0.0020  0.0020  0.0030  
27       27  (48)      2 :  0.0070  0.0921  0.0490  0.7588  0.0140  0.0761  0.0030  
28       28  (20)      2 :  0.0010  0.0470  0.1311  0.5886  0.1952  0.0230  0.0140  
29       29   (9)      3 :  0.0020  0.0020  0.0230  0.0531  0.0070  0.0110  0.9018  
30       30   (8)      3 :  0.0010  0.0010  0.0010  0.0010  0.0010  0.0010  0.9940  
31       31  (19)      3 :  0.0030  0.3097  0.0120  0.0899  0.0030  0.3936  0.1888  
32       32  (13)      3 :  0.0120  0.0340  0.3367  0.0140  0.0040  0.3247  0.2747  
33       33   (6)      3 :  0.1179  0.5804  0.0040  0.0030  0.0739  0.2028  0.0180  
34       34  (10)      3 :  0.0030  0.1099  0.1948  0.0769  0.0100  0.0230  0.5824  
35       35   (5)      3 :  0.0030  0.0110  0.8280  0.0340  0.0020  0.1180  0.0040  
36       36  (17)      3 :  0.0030  0.2022  0.5706  0.0030  0.0701  0.1141  0.0370  
37       37   (8)      3 :  0.0030  0.3000  0.6130  0.0510  0.0050  0.0210  0.0070  
38       38  (10)      3 :  0.0050  0.0410  0.2388  0.0050  0.1329  0.0050  0.5724  
39       39  (14)      3 :  0.1220  0.0350  0.0440  0.0750  0.0400  0.0060  0.6780  
40       40  (15)      3 :  0.2358  0.0270  0.0270  0.0040  0.0090  0.0160  0.6813  
41       41   (5)      4 :  0.0020  0.2488  0.0050  0.7383  0.0020  0.0020  0.0020  
42       42   (8)      4 :  0.0240  0.0210  0.0240  0.8733  0.0220  0.0060  0.0299  
43       43  (17)      4 :  0.0050  0.0040  0.0440  0.7493  0.1528  0.0410  0.0040  
44       44  (33)      4 :  0.1421  0.1401  0.0090  0.6597  0.0020  0.0060  0.0410  
45       45  (18)      4 :  0.0070  0.0030  0.1080  0.8260  0.0100  0.0450  0.0010  
46       46  (15)      4 :  0.0090  0.0840  0.0130  0.5520  0.2730  0.0100  0.0590  
47       47   (5)      4 :  0.0090  0.0220  0.0040  0.9510  0.0050  0.0020  0.0070  
48       48  (24)      4 :  0.0050  0.1099  0.1499  0.7153  0.0100  0.0070  0.0030  
49       49  (32)      4 :  0.0020  0.0030  0.4950  0.4900  0.0030  0.0010  0.0060  
50       50  (24)      4 :  0.0040  0.0050  0.0090  0.9042  0.0060  0.0589  0.0130  
51       51  (17)      4 :  0.0621  0.0040  0.1703  0.6533  0.0631  0.0080  0.0391  
52       52   (6)      4 :  0.0020  0.3190  0.0380  0.6080  0.0250  0.0040  0.0040  
53       53  (10)      4 :  0.0630  0.0530  0.2000  0.6760  0.0040  0.0010  0.0030  
54       54  (10)      4 :  0.0040  0.0490  0.4935  0.4274  0.0210  0.0020  0.0030  
55       55  (26)      5 :  0.2292  0.0090  0.3724  0.3684  0.0100  0.0020  0.0090  
56       56  (15)      5 :  0.0030  0.3453  0.3924  0.1632  0.0140  0.0661  0.0160  
57       57  (15)      5 :  0.0090  0.3500  0.4100  0.0050  0.0850  0.1270  0.0140  
58       58   (5)      5 :  0.0010  0.3960  0.0030  0.0010  0.1350  0.0100  0.4540  
59       59   (7)      5 :  0.0010  0.0270  0.0050  0.0030  0.9610  0.0010  0.0020  
60       60   (9)      5 :  0.0210  0.0110  0.1762  0.0961  0.0020  0.6897  0.0040  
61       61  (17)      5 :  0.0040  0.1660  0.4430  0.1630  0.1080  0.1090  0.0070  
62       62  (10)      5 :  0.0080  0.0450  0.2617  0.0090  0.0989  0.2717  0.3057  
63       63  (13)      5 :  0.1938  0.2527  0.4126  0.0480  0.0819  0.0080  0.0030  
64       64  (15)      5 :  0.1300  0.0550  0.1340  0.1530  0.1420  0.0690  0.3170  
65       65  (17)      5 :  0.0040  0.1570  0.7630  0.0250  0.0040  0.0020  0.0450  
66       66  (14)      5 :  0.0240  0.1540  0.2870  0.1350  0.0290  0.3290  0.0420  
67       67  (12)      5 :  0.0340  0.0020  0.8720  0.0030  0.0750  0.0080  0.0060  
68       68   (9)      5 :  0.0040  0.0020  0.3996  0.1189  0.0490  0.2607  0.1658  
69       69  (14)      5 :  0.2162  0.2713  0.2312  0.0350  0.0390  0.0140  0.1932  
70       70   (8)      5 :  0.0100  0.4330  0.4800  0.0280  0.0370  0.0040  0.0080  
71       71  (19)      6 :  0.0020  0.0070  0.2350  0.7390  0.0110  0.0030  0.0030  
72       72   (6)      6 :  0.0020  0.0030  0.0150  0.9730  0.0020  0.0030  0.0020  
73       73  (39)      6 :  0.0020  0.2733  0.0050  0.7057  0.0030  0.0080  0.0030  
74       74  (25)      6 :  0.0020  0.0230  0.0050  0.9061  0.0090  0.0519  0.0030  
75       75  (16)      6 :  0.0751  0.0681  0.0050  0.8318  0.0010  0.0130  0.0060  
76       76  (37)      6 :  0.0120  0.0360  0.0671  0.7367  0.0020  0.1431  0.0030  
77       77   (8)      6 :  0.2216  0.0180  0.0828  0.6397  0.0309  0.0020  0.0050  
78       78   (9)      6 :  0.0020  0.0300  0.0160  0.9411  0.0030  0.0020  0.0060  
79       79   (8)      6 :  0.0550  0.0020  0.1190  0.7670  0.0110  0.0430  0.0030  
80       80   (9)      6 :  0.0160  0.0030  0.0450  0.5390  0.2370  0.1560  0.0040  
81       81   (9)      6 :  0.2320  0.0990  0.0450  0.5980  0.0200  0.0030  0.0030  
82       82  (10)      6 :  0.0689  0.0040  0.0430  0.8751  0.0020  0.0010  0.0060  
83       83   (9)      5 :  0.0560  0.1170  0.4930  0.0140  0.1000  0.1500  0.0700  
84       84  (29)      7 :  0.3447  0.1518  0.3626  0.0080  0.0040  0.0110  0.1179  
85       85   (9)      7 :  0.7160  0.0580  0.0570  0.0440  0.0840  0.0050  0.0360  
86       86  (10)      7 :  0.8410  0.0050  0.0960  0.0080  0.0220  0.0130  0.0150  
87       87   (9)      7 :  0.5165  0.0190  0.2603  0.1471  0.0120  0.0390  0.0060  
88       88  (10)      7 :  0.7270  0.1570  0.0800  0.0150  0.0020  0.0170  0.0020  
89       89  (24)      7 :  0.0050  0.0040  0.9471  0.0060  0.0200  0.0050  0.0130  
90       90  (11)      7 :  0.6454  0.0170  0.3207  0.0020  0.0110  0.0020  0.0020  
91       91  (18)      7 :  0.5620  0.0120  0.0080  0.0310  0.0080  0.0060  0.3730  
92       92  (13)      7 :  0.3730  0.1860  0.3910  0.0050  0.0370  0.0020  0.0060  
93       93  (10)      7 :  0.9481  0.0040  0.0030  0.0030  0.0160  0.0010  0.0250  
94       94  (11)      7 :  0.0040  0.1590  0.3460  0.0310  0.1030  0.0020  0.3550  
95       95   (8)      7 :  0.5960  0.1120  0.2560  0.0040  0.0030  0.0250  0.0040  
96       96  (23)      7 :  0.9770  0.0010  0.0010  0.0020  0.0010  0.0010  0.0170  
97       97   (5)      7 :  0.0030  0.0110  0.9580  0.0050  0.0090  0.0010  0.0130  
