 1        1   (8)      1 :  0.0010  0.0010  0.0010  0.0010  0.9960  
 2        2   (9)      1 :  0.0931  0.8298  0.0661  0.0050  0.0060  
 3        3   (9)      1 :  0.0030  0.6170  0.3140  0.0190  0.0470  
 4        4  (18)      1 :  0.0769  0.6943  0.2058  0.0050  0.0180  
 5        5  (22)      1 :  0.0060  0.9620  0.0070  0.0230  0.0020  
 6        6   (9)      1 :  0.4444  0.0541  0.4284  0.0531  0.0200  
 7        7  (13)      1 :  0.1220  0.7760  0.0770  0.0030  0.0220  
 8        8  (14)      1 :  0.3370  0.5760  0.0130  0.0030  0.0710  
 9        9   (5)      1 :  0.1558  0.6174  0.2198  0.0030  0.0040  
10       10  (10)      1 :  0.2090  0.7620  0.0070  0.0200  0.0020  
11       11  (21)      1 :  0.2910  0.2120  0.3950  0.0440  0.0580  
12       12   (7)      1 :  0.3070  0.2040  0.2320  0.1220  0.1350  
13       13  (26)      1 :  0.0050  0.9640  0.0250  0.0030  0.0030  
14       14   (8)      2 :  0.8560  0.0060  0.1340  0.0030  0.0010  
15       15   (7)      2 :  0.6040  0.0110  0.3650  0.0100  0.0100  
16       16   (8)      2 :  0.0200  0.0050  0.9690  0.0020  0.0040  
17       17   (7)      2 :  0.6997  0.0230  0.2613  0.0070  0.0090  
18       18  (13)      2 :  0.3260  0.0940  0.4910  0.0020  0.0870  
19       19  (16)      2 :  0.0070  0.0210  0.9311  0.0370  0.0040  
20       20   (6)      2 :  0.4880  0.0020  0.5030  0.0050  0.0020  
21       21   (6)      2 :  0.2840  0.0020  0.7060  0.0040  0.0040  
22       22   (8)      2 :  0.4460  0.1310  0.3330  0.0810  0.0090  
23       23   (5)      2 :  0.1900  0.0200  0.7840  0.0030  0.0030  
24       24  (12)      2 :  0.2817  0.0060  0.7033  0.0020  0.0070  
25       25  (10)      2 :  0.8332  0.1029  0.0539  0.0080  0.0020  
26       26  (10)      2 :  0.8360  0.0030  0.1560  0.0020  0.0030  
27       27  (48)      2 :  0.7732  0.0210  0.1289  0.0060  0.0709  
28       28  (20)      2 :  0.0150  0.0140  0.9501  0.0040  0.0170  
29       29   (9)      3 :  0.0040  0.3150  0.6330  0.0030  0.0450  
30       30   (8)      3 :  0.0030  0.8400  0.1470  0.0040  0.0060  
31       31  (19)      3 :  0.2370  0.3050  0.0770  0.0050  0.3760  
32       32  (13)      3 :  0.0340  0.4210  0.1420  0.0510  0.3520  
33       33   (6)      3 :  0.0609  0.5834  0.0020  0.1758  0.1778  
34       34  (10)      3 :  0.0110  0.4735  0.4745  0.0050  0.0360  
35       35   (5)      3 :  0.4090  0.2540  0.0670  0.1150  0.1550  
36       36  (17)      3 :  0.0300  0.5305  0.0719  0.1908  0.1768  
37       37   (8)      3 :  0.2783  0.5485  0.0881  0.0581  0.0270  
38       38  (10)      3 :  0.0040  0.6136  0.3463  0.0240  0.0120  
39       39  (14)      3 :  0.0210  0.5310  0.2970  0.1230  0.0280  
40       40  (15)      3 :  0.0040  0.6060  0.1050  0.2280  0.0570  
41       41   (5)      4 :  0.9131  0.0649  0.0090  0.0080  0.0050  
42       42   (8)      4 :  0.4865  0.0060  0.4875  0.0120  0.0080  
43       43  (17)      4 :  0.0020  0.0020  0.9860  0.0020  0.0080  
44       44  (33)      4 :  0.3790  0.0180  0.5250  0.0580  0.0200  
45       45  (18)      4 :  0.6164  0.0060  0.3207  0.0250  0.0320  
46       46  (15)      4 :  0.0999  0.1868  0.6893  0.0120  0.0120  
47       47   (5)      4 :  0.8188  0.0060  0.1662  0.0060  0.0030  
48       48  (24)      4 :  0.2468  0.0060  0.6783  0.0490  0.0200  
49       49  (32)      4 :  0.4540  0.0160  0.5230  0.0040  0.0030  
50       50  (24)      4 :  0.6927  0.0080  0.2513  0.0040  0.0440  
51       51  (17)      4 :  0.3984  0.0190  0.5455  0.0260  0.0110  
52       52   (6)      4 :  0.3576  0.2348  0.3986  0.0030  0.0060  
53       53  (10)      4 :  0.4785  0.0100  0.4026  0.1069  0.0020  
54       54  (10)      4 :  0.5700  0.1750  0.2410  0.0120  0.0020  
55       55  (26)      5 :  0.1230  0.0060  0.5780  0.2880  0.0050  
56       56  (15)      5 :  0.4825  0.4476  0.0060  0.0060  0.0579  
57       57  (15)      5 :  0.0450  0.5245  0.0450  0.2122  0.1732  
58       58   (5)      5 :  0.0020  0.9840  0.0020  0.0030  0.0090  
59       59   (7)      5 :  0.0480  0.6134  0.3327  0.0030  0.0030  
60       60   (9)      5 :  0.1932  0.0150  0.0380  0.0400  0.7137  
61       61  (17)      5 :  0.1970  0.3920  0.2550  0.0420  0.1140  
62       62  (10)      5 :  0.0150  0.4110  0.2390  0.0460  0.2890  
63       63  (13)      5 :  0.1219  0.3596  0.1618  0.3487  0.0080  
64       64  (15)      5 :  0.1090  0.3630  0.3310  0.1270  0.0700  
65       65  (17)      5 :  0.3320  0.4000  0.1640  0.0990  0.0050  
66       66  (14)      5 :  0.0270  0.2587  0.2807  0.1169  0.3167  
67       67  (12)      5 :  0.0040  0.2717  0.3317  0.3407  0.0519  
68       68   (9)      5 :  0.0050  0.0080  0.7203  0.0090  0.2577  
69       69  (14)      5 :  0.0831  0.4024  0.2472  0.2563  0.0110  
70       70   (8)      5 :  0.2863  0.6186  0.0210  0.0711  0.0030  
71       71  (19)      6 :  0.7130  0.0070  0.2690  0.0040  0.0070  
72       72   (6)      6 :  0.7580  0.0030  0.2330  0.0020  0.0040  
73       73  (39)      6 :  0.6770  0.1040  0.2000  0.0050  0.0140  
74       74  (25)      6 :  0.5886  0.0040  0.3554  0.0020  0.0501  
75       75  (16)      6 :  0.9241  0.0180  0.0110  0.0330  0.0140  
76       76  (37)      6 :  0.6760  0.0080  0.1450  0.0220  0.1490  
77       77   (8)      6 :  0.7752  0.0679  0.0070  0.1469  0.0030  
78       78   (9)      6 :  0.8910  0.0060  0.0970  0.0030  0.0030  
79       79   (8)      6 :  0.5864  0.0040  0.3297  0.0290  0.0509  
80       80   (9)      6 :  0.4080  0.1020  0.3220  0.0310  0.1370  
81       81   (9)      6 :  0.4930  0.0170  0.2700  0.2180  0.0020  
82       82  (10)      6 :  0.8410  0.0060  0.1270  0.0240  0.0020  
83       83   (9)      5 :  0.0120  0.2787  0.3467  0.2238  0.1389  
84       84  (29)      7 :  0.0050  0.2650  0.2860  0.4190  0.0250  
85       85   (9)      7 :  0.0699  0.1588  0.0430  0.7233  0.0050  
86       86  (10)      7 :  0.0180  0.0250  0.0430  0.8950  0.0190  
87       87   (9)      7 :  0.0400  0.0150  0.3290  0.5830  0.0330  
88       88  (10)      7 :  0.0350  0.0160  0.0739  0.8182  0.0569  
89       89  (24)      7 :  0.0040  0.0649  0.5445  0.3776  0.0090  
90       90  (11)      7 :  0.0050  0.0640  0.0170  0.9110  0.0030  
91       91  (18)      7 :  0.0150  0.2957  0.1359  0.5455  0.0080  
92       92  (13)      7 :  0.0070  0.2060  0.1850  0.5990  0.0030  
93       93  (10)      7 :  0.0130  0.0500  0.0090  0.9260  0.0020  
94       94  (11)      7 :  0.0090  0.5365  0.4354  0.0160  0.0030  
95       95   (8)      7 :  0.0030  0.0170  0.2600  0.6820  0.0380  
96       96  (23)      7 :  0.0030  0.0070  0.0020  0.9870  0.0010  
97       97   (5)      7 :  0.1320  0.4330  0.0750  0.3560  0.0040  
