 1        1   (8)      1 :  0.0050  0.9870  0.0060  0.0020  
 2        2   (9)      1 :  0.0770  0.3280  0.5860  0.0090  
 3        3   (9)      1 :  0.0340  0.5355  0.3964  0.0340  
 4        4  (18)      1 :  0.1070  0.4270  0.4580  0.0080  
 5        5  (22)      1 :  0.0020  0.0030  0.9930  0.0020  
 6        6   (9)      1 :  0.6770  0.1700  0.0500  0.1030  
 7        7  (13)      1 :  0.0601  0.6136  0.3233  0.0030  
 8        8  (14)      1 :  0.2790  0.1690  0.5490  0.0030  
 9        9   (5)      1 :  0.1950  0.4940  0.3070  0.0040  
10       10  (10)      1 :  0.0400  0.2460  0.7060  0.0080  
11       11  (21)      1 :  0.5460  0.2640  0.1580  0.0320  
12       12   (7)      1 :  0.3700  0.2280  0.2470  0.1550  
13       13  (26)      1 :  0.0040  0.0080  0.9860  0.0020  
14       14   (8)      2 :  0.9860  0.0040  0.0070  0.0030  
15       15   (7)      2 :  0.8320  0.0880  0.0210  0.0590  
16       16   (8)      2 :  0.9059  0.0841  0.0070  0.0030  
17       17   (7)      2 :  0.7790  0.0040  0.2130  0.0040  
18       18  (13)      2 :  0.6860  0.3040  0.0070  0.0030  
19       19  (16)      2 :  0.5974  0.0430  0.2368  0.1229  
20       20   (6)      2 :  0.9390  0.0440  0.0030  0.0140  
21       21   (6)      2 :  0.9740  0.0150  0.0050  0.0060  
22       22   (8)      2 :  0.6066  0.1331  0.2252  0.0350  
23       23   (5)      2 :  0.7350  0.0250  0.2370  0.0030  
24       24  (12)      2 :  0.9350  0.0110  0.0500  0.0040  
25       25  (10)      2 :  0.8300  0.0060  0.1280  0.0360  
26       26  (10)      2 :  0.9920  0.0030  0.0030  0.0020  
27       27  (48)      2 :  0.8280  0.0060  0.1570  0.0090  
28       28  (20)      2 :  0.6810  0.1100  0.2060  0.0030  
29       29   (9)      3 :  0.0799  0.9091  0.0070  0.0040  
30       30   (8)      3 :  0.0030  0.9540  0.0390  0.0040  
31       31  (19)      3 :  0.1090  0.6140  0.2730  0.0040  
32       32  (13)      3 :  0.1140  0.6380  0.2310  0.0170  
33       33   (6)      3 :  0.0040  0.3303  0.5365  0.1291  
34       34  (10)      3 :  0.1580  0.5650  0.2720  0.0050  
35       35   (5)      3 :  0.3450  0.1300  0.5050  0.0200  
36       36  (17)      3 :  0.0250  0.3470  0.6130  0.0150  
37       37   (8)      3 :  0.2490  0.0530  0.6860  0.0120  
38       38  (10)      3 :  0.0180  0.6446  0.3203  0.0170  
39       39  (14)      3 :  0.0920  0.6810  0.0780  0.1490  
40       40  (15)      3 :  0.0050  0.6416  0.1391  0.2142  
41       41   (5)      4 :  0.7622  0.0030  0.2308  0.0040  
42       42   (8)      4 :  0.9360  0.0290  0.0140  0.0210  
43       43  (17)      4 :  0.8679  0.0941  0.0310  0.0070  
44       44  (33)      4 :  0.6166  0.0280  0.0891  0.2663  
45       45  (18)      4 :  0.8880  0.0040  0.0670  0.0410  
46       46  (15)      4 :  0.5510  0.2530  0.1760  0.0200  
47       47   (5)      4 :  0.9660  0.0050  0.0180  0.0110  
48       48  (24)      4 :  0.7902  0.0340  0.0969  0.0789  
49       49  (32)      4 :  0.7550  0.0050  0.2370  0.0030  
50       50  (24)      4 :  0.9299  0.0541  0.0110  0.0050  
51       51  (17)      4 :  0.7330  0.0710  0.0400  0.1560  
52       52   (6)      4 :  0.5640  0.0060  0.4270  0.0030  
53       53  (10)      4 :  0.7630  0.0030  0.1450  0.0890  
54       54  (10)      4 :  0.5410  0.0060  0.4290  0.0240  
55       55  (26)      5 :  0.4990  0.0270  0.1380  0.3360  
56       56  (15)      5 :  0.3023  0.2022  0.4915  0.0040  
57       57  (15)      5 :  0.0160  0.2268  0.7343  0.0230  
58       58   (5)      5 :  0.0020  0.5824  0.4126  0.0030  
59       59   (7)      5 :  0.1530  0.2700  0.5740  0.0030  
60       60   (9)      5 :  0.2513  0.6807  0.0340  0.0340  
61       61  (17)      5 :  0.2650  0.2300  0.4900  0.0150  
62       62  (10)      5 :  0.0630  0.6430  0.2660  0.0280  
63       63  (13)      5 :  0.1221  0.0290  0.6016  0.2472  
64       64  (15)      5 :  0.2400  0.4650  0.1590  0.1360  
65       65  (17)      5 :  0.2910  0.0280  0.6400  0.0410  
66       66  (14)      5 :  0.1700  0.5200  0.2750  0.0350  
67       67  (12)      5 :  0.0190  0.4230  0.2800  0.2780  
68       68   (9)      5 :  0.2960  0.6940  0.0060  0.0040  
69       69  (14)      5 :  0.0780  0.2560  0.4390  0.2270  
70       70   (8)      5 :  0.2140  0.0150  0.7530  0.0180  
71       71  (19)      6 :  0.8262  0.0050  0.1648  0.0040  
72       72   (6)      6 :  0.9870  0.0030  0.0080  0.0020  
73       73  (39)      6 :  0.7730  0.0060  0.2170  0.0040  
74       74  (25)      6 :  0.9451  0.0070  0.0430  0.0050  
75       75  (16)      6 :  0.8600  0.0120  0.0220  0.1060  
76       76  (37)      6 :  0.8280  0.0660  0.0390  0.0670  
77       77   (8)      6 :  0.6960  0.0060  0.0870  0.2110  
78       78   (9)      6 :  0.9350  0.0040  0.0570  0.0040  
79       79   (8)      6 :  0.8711  0.0120  0.0090  0.1079  
80       80   (9)      6 :  0.6396  0.2683  0.0641  0.0280  
81       81   (9)      6 :  0.6384  0.0050  0.1628  0.1938  
82       82  (10)      6 :  0.8751  0.0050  0.0120  0.1079  
83       83   (9)      5 :  0.1280  0.3450  0.3680  0.1590  
84       84  (29)      7 :  0.0460  0.1560  0.4250  0.3730  
85       85   (9)      7 :  0.0810  0.0490  0.1800  0.6900  
86       86  (10)      7 :  0.0280  0.1011  0.0460  0.8248  
87       87   (9)      7 :  0.2060  0.0640  0.1560  0.5740  
88       88  (10)      7 :  0.0640  0.0080  0.2010  0.7270  
89       89  (24)      7 :  0.1360  0.2510  0.4150  0.1980  
90       90  (11)      7 :  0.0050  0.0050  0.2927  0.6973  
91       91  (18)      7 :  0.0340  0.3650  0.0430  0.5580  
92       92  (13)      7 :  0.0270  0.0140  0.5180  0.4410  
93       93  (10)      7 :  0.0100  0.0190  0.0240  0.9469  
94       94  (11)      7 :  0.1270  0.3450  0.4360  0.0920  
95       95   (8)      7 :  0.0130  0.0220  0.2740  0.6910  
96       96  (23)      7 :  0.0030  0.0040  0.0030  0.9900  
97       97   (5)      7 :  0.1140  0.0290  0.7120  0.1450  
