 1        1   (8)      1 :  0.0060  0.0060  0.0780  0.0020  0.9080  
 2        2   (9)      1 :  0.0320  0.5616  0.1071  0.0080  0.2913  
 3        3   (9)      1 :  0.0030  0.4296  0.2837  0.0150  0.2687  
 4        4  (18)      1 :  0.0699  0.4126  0.1538  0.0080  0.3556  
 5        5  (22)      1 :  0.0030  0.9860  0.0040  0.0030  0.0040  
 6        6   (9)      1 :  0.3680  0.0270  0.3820  0.0960  0.1270  
 7        7  (13)      1 :  0.0520  0.2600  0.1010  0.0030  0.5840  
 8        8  (14)      1 :  0.3100  0.4520  0.0460  0.0030  0.1890  
 9        9   (5)      1 :  0.1440  0.3690  0.1100  0.0030  0.3740  
10       10  (10)      1 :  0.1960  0.5570  0.0070  0.0050  0.2350  
11       11  (21)      1 :  0.2627  0.1748  0.3437  0.0260  0.1928  
12       12   (7)      1 :  0.2720  0.2670  0.1890  0.1110  0.1610  
13       13  (26)      1 :  0.0040  0.9720  0.0130  0.0020  0.0090  
14       14   (8)      2 :  0.8210  0.0050  0.1680  0.0020  0.0040  
15       15   (7)      2 :  0.6084  0.0230  0.2847  0.0290  0.0549  
16       16   (8)      2 :  0.0180  0.0040  0.9460  0.0030  0.0290  
17       17   (7)      2 :  0.4410  0.1780  0.3720  0.0050  0.0040  
18       18  (13)      2 :  0.2527  0.0220  0.5105  0.0030  0.2118  
19       19  (16)      2 :  0.0080  0.2763  0.6837  0.0240  0.0080  
20       20   (6)      2 :  0.4340  0.0030  0.5360  0.0100  0.0170  
21       21   (6)      2 :  0.1370  0.0040  0.8520  0.0040  0.0030  
22       22   (8)      2 :  0.3880  0.2120  0.3220  0.0210  0.0570  
23       23   (5)      2 :  0.2230  0.2030  0.5600  0.0030  0.0110  
24       24  (12)      2 :  0.2018  0.0440  0.7443  0.0030  0.0070  
25       25  (10)      2 :  0.7530  0.1180  0.1010  0.0200  0.0080  
26       26  (10)      2 :  0.6970  0.0030  0.2950  0.0020  0.0030  
27       27  (48)      2 :  0.6216  0.1502  0.2142  0.0080  0.0060  
28       28  (20)      2 :  0.0080  0.1410  0.8380  0.0020  0.0110  
29       29   (9)      3 :  0.0060  0.0050  0.3550  0.0030  0.6310  
30       30   (8)      3 :  0.0050  0.0320  0.0110  0.0030  0.9491  
31       31  (19)      3 :  0.1810  0.1710  0.0720  0.0040  0.5720  
32       32  (13)      3 :  0.0270  0.2030  0.1950  0.0190  0.5560  
33       33   (6)      3 :  0.0940  0.4730  0.0020  0.1340  0.2970  
34       34  (10)      3 :  0.0420  0.2350  0.2810  0.0060  0.4360  
35       35   (5)      3 :  0.2540  0.4410  0.1490  0.0210  0.1350  
36       36  (17)      3 :  0.0160  0.5704  0.1039  0.0220  0.2877  
37       37   (8)      3 :  0.2070  0.6420  0.0980  0.0110  0.0420  
38       38  (10)      3 :  0.0080  0.2793  0.1842  0.0190  0.5095  
39       39  (14)      3 :  0.0849  0.0509  0.1189  0.1289  0.6164  
40       40  (15)      3 :  0.0060  0.1251  0.0210  0.2092  0.6386  
41       41   (5)      4 :  0.7900  0.1930  0.0110  0.0030  0.0030  
42       42   (8)      4 :  0.4575  0.0090  0.5085  0.0150  0.0100  
43       43  (17)      4 :  0.0020  0.0040  0.9880  0.0030  0.0030  
44       44  (33)      4 :  0.2152  0.0651  0.4795  0.2272  0.0130  
45       45  (18)      4 :  0.4240  0.0650  0.4850  0.0230  0.0030  
46       46  (15)      4 :  0.0440  0.1832  0.5856  0.0360  0.1512  
47       47   (5)      4 :  0.7850  0.0190  0.1850  0.0060  0.0050  
48       48  (24)      4 :  0.1742  0.0420  0.7157  0.0601  0.0080  
49       49  (32)      4 :  0.3450  0.1830  0.4630  0.0030  0.0060  
50       50  (24)      4 :  0.6540  0.0120  0.2930  0.0050  0.0360  
51       51  (17)      4 :  0.3293  0.0380  0.4815  0.1181  0.0330  
52       52   (6)      4 :  0.2590  0.4000  0.3340  0.0020  0.0050  
53       53  (10)      4 :  0.4080  0.1190  0.4130  0.0570  0.0030  
54       54  (10)      4 :  0.3540  0.3920  0.2200  0.0270  0.0070  
55       55  (26)      5 :  0.0580  0.1030  0.5320  0.2990  0.0080  
56       56  (15)      5 :  0.3680  0.3980  0.0090  0.0040  0.2210  
57       57  (15)      5 :  0.0380  0.7170  0.0370  0.0260  0.1820  
58       58   (5)      5 :  0.0020  0.4054  0.0020  0.0030  0.5876  
59       59   (7)      5 :  0.0230  0.5744  0.2587  0.0030  0.1409  
60       60   (9)      5 :  0.0540  0.0250  0.2900  0.0450  0.5860  
61       61  (17)      5 :  0.0770  0.4690  0.2730  0.0150  0.1660  
62       62  (10)      5 :  0.0420  0.2198  0.1608  0.0260  0.5514  
63       63  (13)      5 :  0.1230  0.5470  0.1240  0.1940  0.0120  
64       64  (15)      5 :  0.1251  0.1542  0.2252  0.1131  0.3824  
65       65  (17)      5 :  0.2680  0.5400  0.1070  0.0350  0.0500  
66       66  (14)      5 :  0.0440  0.2620  0.2240  0.0380  0.4320  
67       67  (12)      5 :  0.0070  0.3320  0.2470  0.2100  0.2040  
68       68   (9)      5 :  0.0040  0.0070  0.5606  0.0030  0.4254  
69       69  (14)      5 :  0.0909  0.3936  0.1119  0.1978  0.2058  
70       70   (8)      5 :  0.2328  0.6833  0.0350  0.0180  0.0310  
71       71  (19)      6 :  0.6070  0.0930  0.2910  0.0040  0.0050  
72       72   (6)      6 :  0.6264  0.0060  0.3616  0.0020  0.0040  
73       73  (39)      6 :  0.5966  0.1592  0.2342  0.0040  0.0060  
74       74  (25)      6 :  0.5630  0.0360  0.3900  0.0040  0.0070  
75       75  (16)      6 :  0.9160  0.0100  0.0120  0.0280  0.0340  
76       76  (37)      6 :  0.4990  0.0170  0.3980  0.0320  0.0540  
77       77   (8)      6 :  0.7463  0.1329  0.0090  0.1029  0.0090  
78       78   (9)      6 :  0.7748  0.0180  0.1992  0.0030  0.0050  
79       79   (8)      6 :  0.4875  0.0090  0.4086  0.0879  0.0070  
80       80   (9)      6 :  0.3113  0.0781  0.3844  0.0200  0.2062  
81       81   (9)      6 :  0.3958  0.1423  0.2916  0.1663  0.0040  
82       82  (10)      6 :  0.7450  0.0120  0.1610  0.0760  0.0060  
83       83   (9)      5 :  0.0110  0.3380  0.3090  0.1250  0.2170  
84       84  (29)      7 :  0.0100  0.3680  0.2160  0.2980  0.1080  
85       85   (9)      7 :  0.1030  0.1910  0.0250  0.6230  0.0580  
86       86  (10)      7 :  0.0260  0.0769  0.0559  0.7612  0.0799  
87       87   (9)      7 :  0.0150  0.1320  0.3270  0.5000  0.0260  
88       88  (10)      7 :  0.0240  0.1440  0.1620  0.6630  0.0070  
89       89  (24)      7 :  0.0110  0.4200  0.3780  0.0890  0.1020  
90       90  (11)      7 :  0.0060  0.3220  0.0120  0.6550  0.0050  
91       91  (18)      7 :  0.0110  0.0240  0.1510  0.5070  0.3070  
92       92  (13)      7 :  0.0040  0.4300  0.2360  0.3240  0.0060  
93       93  (10)      7 :  0.0240  0.0240  0.0140  0.9120  0.0260  
94       94  (11)      7 :  0.0240  0.4260  0.2600  0.0210  0.2690  
95       95   (8)      7 :  0.0030  0.2408  0.1918  0.5554  0.0090  
96       96  (23)      7 :  0.0040  0.0030  0.0020  0.9840  0.0070  
97       97   (5)      7 :  0.2388  0.6583  0.0110  0.0579  0.0340  
