 1        1   (8)      1 :  0.0010  0.9960  0.0020  0.0010  
 2        2   (9)      1 :  0.1538  0.0050  0.8372  0.0040  
 3        3   (9)      1 :  0.0591  0.0981  0.8328  0.0100  
 4        4  (18)      1 :  0.1460  0.0040  0.8460  0.0040  
 5        5  (22)      1 :  0.0030  0.0020  0.9690  0.0260  
 6        6   (9)      1 :  0.7250  0.0170  0.1200  0.1380  
 7        7  (13)      1 :  0.0611  0.0190  0.9179  0.0020  
 8        8  (14)      1 :  0.2620  0.0860  0.6490  0.0030  
 9        9   (5)      1 :  0.2298  0.0030  0.7652  0.0020  
10       10  (10)      1 :  0.1499  0.0020  0.8342  0.0140  
11       11  (21)      1 :  0.6130  0.0420  0.2950  0.0500  
12       12   (7)      1 :  0.4270  0.1420  0.2620  0.1690  
13       13  (26)      1 :  0.0050  0.0020  0.9900  0.0030  
14       14   (8)      2 :  0.9920  0.0010  0.0050  0.0020  
15       15   (7)      2 :  0.9401  0.0080  0.0300  0.0220  
16       16   (8)      2 :  0.9790  0.0070  0.0120  0.0020  
17       17   (7)      2 :  0.9550  0.0100  0.0290  0.0060  
18       18  (13)      2 :  0.7150  0.1190  0.1630  0.0030  
19       19  (16)      2 :  0.6693  0.0050  0.0869  0.2388  
20       20   (6)      2 :  0.9870  0.0030  0.0050  0.0050  
21       21   (6)      2 :  0.9830  0.0080  0.0040  0.0050  
22       22   (8)      2 :  0.6456  0.0050  0.3023  0.0470  
23       23   (5)      2 :  0.8022  0.0030  0.1918  0.0030  
24       24  (12)      2 :  0.9830  0.0060  0.0090  0.0020  
25       25  (10)      2 :  0.9040  0.0020  0.0750  0.0190  
26       26  (10)      2 :  0.9950  0.0010  0.0020  0.0020  
27       27  (48)      2 :  0.9109  0.0731  0.0090  0.0070  
28       28  (20)      2 :  0.7558  0.0160  0.2262  0.0020  
29       29   (9)      3 :  0.2190  0.0350  0.7420  0.0040  
30       30   (8)      3 :  0.0030  0.0030  0.9920  0.0020  
31       31  (19)      3 :  0.2190  0.3690  0.4080  0.0040  
32       32  (13)      3 :  0.0819  0.3447  0.5145  0.0589  
33       33   (6)      3 :  0.0070  0.1880  0.6370  0.1680  
34       34  (10)      3 :  0.2060  0.0280  0.7610  0.0050  
35       35   (5)      3 :  0.4460  0.1380  0.3580  0.0580  
36       36  (17)      3 :  0.0190  0.1818  0.7892  0.0100  
37       37   (8)      3 :  0.3220  0.0170  0.6470  0.0140  
38       38  (10)      3 :  0.0460  0.0110  0.9229  0.0200  
39       39  (14)      3 :  0.0580  0.0120  0.7680  0.1620  
40       40  (15)      3 :  0.0040  0.0210  0.7330  0.2420  
41       41   (5)      4 :  0.9240  0.0030  0.0650  0.0080  
42       42   (8)      4 :  0.9489  0.0050  0.0200  0.0260  
43       43  (17)      4 :  0.9450  0.0380  0.0110  0.0060  
44       44  (33)      4 :  0.6983  0.0090  0.0140  0.2787  
45       45  (18)      4 :  0.9400  0.0390  0.0030  0.0180  
46       46  (15)      4 :  0.6480  0.0070  0.3360  0.0090  
47       47   (5)      4 :  0.9870  0.0020  0.0050  0.0060  
48       48  (24)      4 :  0.8520  0.0300  0.0230  0.0950  
49       49  (32)      4 :  0.9710  0.0020  0.0240  0.0030  
50       50  (24)      4 :  0.9430  0.0470  0.0060  0.0040  
51       51  (17)      4 :  0.7920  0.0110  0.0320  0.1650  
52       52   (6)      4 :  0.6877  0.0030  0.3063  0.0030  
53       53  (10)      4 :  0.8342  0.0020  0.0110  0.1528  
54       54  (10)      4 :  0.7350  0.0020  0.2510  0.0120  
55       55  (26)      5 :  0.5616  0.0050  0.0140  0.4194  
56       56  (15)      5 :  0.4344  0.0561  0.5045  0.0050  
57       57  (15)      5 :  0.0240  0.1820  0.6870  0.1070  
58       58   (5)      5 :  0.0010  0.0070  0.9900  0.0020  
59       59   (7)      5 :  0.2020  0.0020  0.7930  0.0030  
60       60   (9)      5 :  0.2460  0.6970  0.0160  0.0410  
61       61  (17)      5 :  0.3854  0.1091  0.4915  0.0140  
62       62  (10)      5 :  0.0620  0.2850  0.6200  0.0330  
63       63  (13)      5 :  0.2252  0.0080  0.4645  0.3023  
64       64  (15)      5 :  0.2680  0.0650  0.5480  0.1190  
65       65  (17)      5 :  0.3810  0.0030  0.5410  0.0750  
66       66  (14)      5 :  0.2160  0.3290  0.3940  0.0610  
67       67  (12)      5 :  0.0240  0.0300  0.6160  0.3300  
68       68   (9)      5 :  0.3700  0.2770  0.3460  0.0070  
69       69  (14)      5 :  0.1600  0.0120  0.5580  0.2700  
70       70   (8)      5 :  0.1920  0.0020  0.6650  0.1410  
71       71  (19)      6 :  0.9860  0.0050  0.0060  0.0030  
72       72   (6)      6 :  0.9950  0.0020  0.0020  0.0010  
73       73  (39)      6 :  0.9359  0.0090  0.0511  0.0040  
74       74  (25)      6 :  0.9431  0.0500  0.0040  0.0030  
75       75  (16)      6 :  0.8861  0.0160  0.0050  0.0929  
76       76  (37)      6 :  0.8310  0.1330  0.0070  0.0290  
77       77   (8)      6 :  0.7660  0.0030  0.0150  0.2160  
78       78   (9)      6 :  0.9900  0.0020  0.0060  0.0020  
79       79   (8)      6 :  0.8879  0.0430  0.0040  0.0651  
80       80   (9)      6 :  0.6613  0.1479  0.1429  0.0480  
81       81   (9)      6 :  0.7083  0.0030  0.0260  0.2627  
82       82  (10)      6 :  0.9490  0.0020  0.0050  0.0440  
83       83   (9)      5 :  0.1810  0.1360  0.4910  0.1920  
84       84  (29)      7 :  0.0160  0.0130  0.4940  0.4770  
85       85   (9)      7 :  0.0420  0.0040  0.2182  0.7357  
86       86  (10)      7 :  0.0130  0.0200  0.0350  0.9321  
87       87   (9)      7 :  0.2717  0.0360  0.0509  0.6414  
88       88  (10)      7 :  0.0390  0.0340  0.0200  0.9071  
89       89  (24)      7 :  0.0780  0.0080  0.4830  0.4310  
90       90  (11)      7 :  0.0060  0.0020  0.0941  0.8979  
91       91  (18)      7 :  0.0170  0.0070  0.4410  0.5350  
92       92  (13)      7 :  0.0200  0.0030  0.4620  0.5150  
93       93  (10)      7 :  0.0080  0.0020  0.0450  0.9451  
94       94  (11)      7 :  0.1311  0.0020  0.7518  0.1151  
95       95   (8)      7 :  0.0130  0.0490  0.0490  0.8889  
96       96  (23)      7 :  0.0020  0.0010  0.0050  0.9920  
97       97   (5)      7 :  0.1400  0.0040  0.5770  0.2790  
