 1        1   (8)      1 :  0.0070  0.9910  0.0020  
 2        2   (9)      1 :  0.1380  0.8490  0.0130  
 3        3   (9)      1 :  0.0450  0.9400  0.0150  
 4        4  (18)      1 :  0.1310  0.8590  0.0100  
 5        5  (22)      1 :  0.0040  0.8210  0.1750  
 6        6   (9)      1 :  0.7113  0.1758  0.1129  
 7        7  (13)      1 :  0.0460  0.9500  0.0040  
 8        8  (14)      1 :  0.3110  0.6860  0.0030  
 9        9   (5)      1 :  0.2450  0.7520  0.0030  
10       10  (10)      1 :  0.1880  0.7650  0.0470  
11       11  (21)      1 :  0.6010  0.3460  0.0530  
12       12   (7)      1 :  0.4440  0.3940  0.1620  
13       13  (26)      1 :  0.0070  0.9520  0.0410  
14       14   (8)      2 :  0.9930  0.0040  0.0030  
15       15   (7)      2 :  0.9380  0.0340  0.0280  
16       16   (8)      2 :  0.9790  0.0180  0.0030  
17       17   (7)      2 :  0.9230  0.0690  0.0080  
18       18  (13)      2 :  0.6950  0.3020  0.0030  
19       19  (16)      2 :  0.6930  0.0390  0.2680  
20       20   (6)      2 :  0.9800  0.0090  0.0110  
21       21   (6)      2 :  0.9910  0.0050  0.0040  
22       22   (8)      2 :  0.6430  0.2790  0.0780  
23       23   (5)      2 :  0.8352  0.1608  0.0040  
24       24  (12)      2 :  0.9840  0.0130  0.0030  
25       25  (10)      2 :  0.8879  0.0470  0.0651  
26       26  (10)      2 :  0.9960  0.0020  0.0020  
27       27  (48)      2 :  0.9770  0.0170  0.0060  
28       28  (20)      2 :  0.7220  0.2750  0.0030  
29       29   (9)      3 :  0.2130  0.7830  0.0040  
30       30   (8)      3 :  0.0060  0.9900  0.0040  
31       31  (19)      3 :  0.1950  0.8020  0.0030  
32       32  (13)      3 :  0.1520  0.8280  0.0200  
33       33   (6)      3 :  0.0070  0.7968  0.1962  
34       34  (10)      3 :  0.2138  0.7792  0.0070  
35       35   (5)      3 :  0.4110  0.5400  0.0490  
36       36  (17)      3 :  0.0310  0.9470  0.0220  
37       37   (8)      3 :  0.2960  0.6800  0.0240  
38       38  (10)      3 :  0.0560  0.9260  0.0180  
39       39  (14)      3 :  0.1020  0.7560  0.1420  
40       40  (15)      3 :  0.0060  0.7780  0.2160  
41       41   (5)      4 :  0.9469  0.0260  0.0270  
42       42   (8)      4 :  0.9460  0.0120  0.0420  
43       43  (17)      4 :  0.9700  0.0220  0.0080  
44       44  (33)      4 :  0.7083  0.0869  0.2048  
45       45  (18)      4 :  0.9680  0.0060  0.0260  
46       46  (15)      4 :  0.6380  0.3510  0.0110  
47       47   (5)      4 :  0.9810  0.0070  0.0120  
48       48  (24)      4 :  0.8170  0.0540  0.1290  
49       49  (32)      4 :  0.9690  0.0260  0.0050  
50       50  (24)      4 :  0.9740  0.0220  0.0040  
51       51  (17)      4 :  0.7700  0.1460  0.0840  
52       52   (6)      4 :  0.6650  0.3300  0.0050  
53       53  (10)      4 :  0.8192  0.0110  0.1698  
54       54  (10)      4 :  0.7508  0.1491  0.1001  
55       55  (26)      5 :  0.5790  0.0390  0.3820  
56       56  (15)      5 :  0.3790  0.6160  0.0050  
57       57  (15)      5 :  0.0360  0.8020  0.1620  
58       58   (5)      5 :  0.0020  0.9940  0.0040  
59       59   (7)      5 :  0.2252  0.7708  0.0040  
60       60   (9)      5 :  0.3010  0.6750  0.0240  
61       61  (17)      5 :  0.3410  0.6250  0.0340  
62       62  (10)      5 :  0.0790  0.8840  0.0370  
63       63  (13)      5 :  0.2220  0.4420  0.3360  
64       64  (15)      5 :  0.2823  0.5906  0.1271  
65       65  (17)      5 :  0.3437  0.5495  0.1069  
66       66  (14)      5 :  0.2082  0.7257  0.0661  
67       67  (12)      5 :  0.0370  0.6234  0.3397  
68       68   (9)      5 :  0.3506  0.6434  0.0060  
69       69  (14)      5 :  0.1620  0.5540  0.2840  
70       70   (8)      5 :  0.2560  0.5760  0.1680  
71       71  (19)      6 :  0.9840  0.0110  0.0050  
72       72   (6)      6 :  0.9950  0.0030  0.0020  
73       73  (39)      6 :  0.9370  0.0540  0.0090  
74       74  (25)      6 :  0.9910  0.0060  0.0030  
75       75  (16)      6 :  0.9060  0.0120  0.0820  
76       76  (37)      6 :  0.8150  0.0530  0.1320  
77       77   (8)      6 :  0.7720  0.0130  0.2150  
78       78   (9)      6 :  0.9900  0.0060  0.0040  
79       79   (8)      6 :  0.9030  0.0110  0.0860  
80       80   (9)      6 :  0.6580  0.3120  0.0300  
81       81   (9)      6 :  0.7360  0.0130  0.2510  
82       82  (10)      6 :  0.9011  0.0050  0.0939  
83       83   (9)      5 :  0.1330  0.6450  0.2220  
84       84  (29)      7 :  0.0480  0.4710  0.4810  
85       85   (9)      7 :  0.0710  0.1700  0.7590  
86       86  (10)      7 :  0.0220  0.0790  0.8990  
87       87   (9)      7 :  0.2158  0.1738  0.6104  
88       88  (10)      7 :  0.1060  0.0390  0.8550  
89       89  (24)      7 :  0.0950  0.4850  0.4200  
90       90  (11)      7 :  0.0070  0.0610  0.9320  
91       91  (18)      7 :  0.0260  0.4020  0.5720  
92       92  (13)      7 :  0.0260  0.2637  0.7103  
93       93  (10)      7 :  0.0150  0.0420  0.9430  
94       94  (11)      7 :  0.1369  0.6853  0.1778  
95       95   (8)      7 :  0.0210  0.1421  0.8368  
96       96  (23)      7 :  0.0030  0.0040  0.9930  
97       97   (5)      7 :  0.1471  0.4935  0.3594  
