 1        1   (8)      1 :  0.0110  0.9830  0.0050  0.0010  
 2        2   (9)      1 :  0.0899  0.3217  0.5824  0.0060  
 3        3   (9)      1 :  0.0280  0.4775  0.4805  0.0140  
 4        4  (18)      1 :  0.0850  0.4180  0.4910  0.0060  
 5        5  (22)      1 :  0.0020  0.0030  0.9910  0.0040  
 6        6   (9)      1 :  0.7383  0.1259  0.0260  0.1099  
 7        7  (13)      1 :  0.0511  0.6436  0.3023  0.0030  
 8        8  (14)      1 :  0.2900  0.2230  0.4830  0.0040  
 9        9   (5)      1 :  0.1888  0.4426  0.3656  0.0030  
10       10  (10)      1 :  0.0390  0.2673  0.6887  0.0050  
11       11  (21)      1 :  0.5734  0.2537  0.1259  0.0470  
12       12   (7)      1 :  0.4324  0.2132  0.2202  0.1341  
13       13  (26)      1 :  0.0040  0.0070  0.9860  0.0030  
14       14   (8)      2 :  0.9580  0.0030  0.0360  0.0030  
15       15   (7)      2 :  0.8410  0.1140  0.0140  0.0310  
16       16   (8)      2 :  0.9200  0.0740  0.0030  0.0030  
17       17   (7)      2 :  0.8038  0.0030  0.1902  0.0030  
18       18  (13)      2 :  0.6997  0.2933  0.0050  0.0020  
19       19  (16)      2 :  0.6330  0.0220  0.0950  0.2500  
20       20   (6)      2 :  0.9381  0.0490  0.0030  0.0100  
21       21   (6)      2 :  0.9780  0.0090  0.0050  0.0080  
22       22   (8)      2 :  0.5720  0.1210  0.2510  0.0560  
23       23   (5)      2 :  0.8148  0.0450  0.1361  0.0040  
24       24  (12)      2 :  0.9460  0.0130  0.0380  0.0030  
25       25  (10)      2 :  0.8330  0.0060  0.1460  0.0150  
26       26  (10)      2 :  0.9920  0.0040  0.0020  0.0020  
27       27  (48)      2 :  0.8930  0.0060  0.0920  0.0090  
28       28  (20)      2 :  0.6817  0.0891  0.2272  0.0020  
29       29   (9)      3 :  0.0710  0.9210  0.0050  0.0030  
30       30   (8)      3 :  0.0020  0.9870  0.0080  0.0030  
31       31  (19)      3 :  0.1560  0.6070  0.2350  0.0020  
32       32  (13)      3 :  0.1139  0.6324  0.2228  0.0310  
33       33   (6)      3 :  0.0040  0.3150  0.5770  0.1040  
34       34  (10)      3 :  0.1230  0.6460  0.2260  0.0050  
35       35   (5)      3 :  0.3784  0.1451  0.4595  0.0170  
36       36  (17)      3 :  0.0160  0.2550  0.7190  0.0100  
37       37   (8)      3 :  0.2640  0.0570  0.6690  0.0100  
38       38  (10)      3 :  0.0190  0.6673  0.3007  0.0130  
39       39  (14)      3 :  0.1010  0.7000  0.0490  0.1500  
40       40  (15)      3 :  0.0050  0.6550  0.1050  0.2350  
41       41   (5)      4 :  0.8098  0.0020  0.1852  0.0030  
42       42   (8)      4 :  0.9190  0.0360  0.0100  0.0350  
43       43  (17)      4 :  0.9310  0.0510  0.0120  0.0060  
44       44  (33)      4 :  0.7050  0.0200  0.0530  0.2220  
45       45  (18)      4 :  0.9059  0.0030  0.0751  0.0160  
46       46  (15)      4 :  0.6150  0.2360  0.1340  0.0150  
47       47   (5)      4 :  0.9710  0.0040  0.0130  0.0120  
48       48  (24)      4 :  0.8250  0.0190  0.0870  0.0690  
49       49  (32)      4 :  0.9440  0.0050  0.0480  0.0030  
50       50  (24)      4 :  0.9200  0.0650  0.0100  0.0050  
51       51  (17)      4 :  0.7990  0.1000  0.0210  0.0800  
52       52   (6)      4 :  0.6466  0.0050  0.3443  0.0040  
53       53  (10)      4 :  0.7958  0.0040  0.0581  0.1421  
54       54  (10)      4 :  0.6176  0.0080  0.3664  0.0080  
55       55  (26)      5 :  0.5690  0.0270  0.0860  0.3180  
56       56  (15)      5 :  0.3123  0.2513  0.4324  0.0040  
57       57  (15)      5 :  0.0120  0.1070  0.8720  0.0090  
58       58   (5)      5 :  0.0020  0.5834  0.4116  0.0030  
59       59   (7)      5 :  0.1590  0.2130  0.6250  0.0030  
60       60   (9)      5 :  0.3180  0.6370  0.0130  0.0320  
61       61  (17)      5 :  0.3040  0.1820  0.5050  0.0090  
62       62  (10)      5 :  0.0920  0.6070  0.2690  0.0320  
63       63  (13)      5 :  0.1920  0.0190  0.5580  0.2310  
64       64  (15)      5 :  0.2320  0.4710  0.1300  0.1670  
65       65  (17)      5 :  0.3876  0.0260  0.5405  0.0460  
66       66  (14)      5 :  0.2100  0.4790  0.2820  0.0290  
67       67  (12)      5 :  0.0420  0.3200  0.3620  0.2760  
68       68   (9)      5 :  0.3060  0.6780  0.0110  0.0050  
69       69  (14)      5 :  0.1340  0.2380  0.3750  0.2530  
70       70   (8)      5 :  0.1580  0.0200  0.7750  0.0470  
71       71  (19)      6 :  0.9280  0.0040  0.0640  0.0040  
72       72   (6)      6 :  0.9900  0.0030  0.0050  0.0020  
73       73  (39)      6 :  0.7870  0.0110  0.1980  0.0040  
74       74  (25)      6 :  0.9660  0.0060  0.0240  0.0040  
75       75  (16)      6 :  0.9000  0.0200  0.0150  0.0650  
76       76  (37)      6 :  0.8030  0.0870  0.0330  0.0770  
77       77   (8)      6 :  0.7630  0.0070  0.0440  0.1860  
78       78   (9)      6 :  0.9760  0.0050  0.0160  0.0030  
79       79   (8)      6 :  0.8850  0.0150  0.0120  0.0880  
80       80   (9)      6 :  0.6700  0.2260  0.0580  0.0460  
81       81   (9)      6 :  0.6580  0.0040  0.1330  0.2050  
82       82  (10)      6 :  0.8990  0.0030  0.0060  0.0920  
83       83   (9)      5 :  0.1700  0.3070  0.3800  0.1430  
84       84  (29)      7 :  0.0440  0.1360  0.4350  0.3850  
85       85   (9)      7 :  0.0669  0.0280  0.2148  0.6903  
86       86  (10)      7 :  0.0210  0.0830  0.0250  0.8710  
87       87   (9)      7 :  0.2580  0.0580  0.1050  0.5790  
88       88  (10)      7 :  0.0580  0.0070  0.1520  0.7830  
89       89  (24)      7 :  0.0541  0.1772  0.4044  0.3644  
90       90  (11)      7 :  0.0030  0.0040  0.2903  0.7027  
91       91  (18)      7 :  0.0300  0.3970  0.0220  0.5510  
92       92  (13)      7 :  0.0350  0.0090  0.5180  0.4380  
93       93  (10)      7 :  0.0100  0.0330  0.0150  0.9420  
94       94  (11)      7 :  0.0560  0.3150  0.4330  0.1960  
95       95   (8)      7 :  0.0160  0.0250  0.2462  0.7127  
96       96  (23)      7 :  0.0020  0.0050  0.0020  0.9910  
97       97   (5)      7 :  0.2060  0.0120  0.6020  0.1800  
