 1        1   (8)      1 :  0.0010  0.9970  0.0010  0.0010  
 2        2   (9)      1 :  0.1200  0.0060  0.8670  0.0070  
 3        3   (9)      1 :  0.0310  0.0970  0.8630  0.0090  
 4        4  (18)      1 :  0.1329  0.0050  0.8581  0.0040  
 5        5  (22)      1 :  0.0030  0.0020  0.9720  0.0230  
 6        6   (9)      1 :  0.7287  0.0060  0.1431  0.1221  
 7        7  (13)      1 :  0.0740  0.0380  0.8860  0.0020  
 8        8  (14)      1 :  0.3400  0.0320  0.6260  0.0020  
 9        9   (5)      1 :  0.2278  0.0040  0.7662  0.0020  
10       10  (10)      1 :  0.1350  0.0010  0.8480  0.0160  
11       11  (21)      1 :  0.5980  0.0370  0.3000  0.0650  
12       12   (7)      1 :  0.4196  0.1489  0.2398  0.1918  
13       13  (26)      1 :  0.0040  0.0020  0.9910  0.0030  
14       14   (8)      2 :  0.9870  0.0010  0.0080  0.0040  
15       15   (7)      2 :  0.9361  0.0030  0.0420  0.0190  
16       16   (8)      2 :  0.9800  0.0100  0.0080  0.0020  
17       17   (7)      2 :  0.9060  0.0170  0.0700  0.0070  
18       18  (13)      2 :  0.7070  0.1020  0.1880  0.0030  
19       19  (16)      2 :  0.7170  0.0050  0.0310  0.2470  
20       20   (6)      2 :  0.9840  0.0020  0.0060  0.0080  
21       21   (6)      2 :  0.9840  0.0090  0.0030  0.0040  
22       22   (8)      2 :  0.6690  0.0070  0.2760  0.0480  
23       23   (5)      2 :  0.8080  0.0020  0.1870  0.0030  
24       24  (12)      2 :  0.9700  0.0060  0.0210  0.0030  
25       25  (10)      2 :  0.8750  0.0010  0.0600  0.0640  
26       26  (10)      2 :  0.9950  0.0010  0.0030  0.0010  
27       27  (48)      2 :  0.8991  0.0869  0.0090  0.0050  
28       28  (20)      2 :  0.7200  0.0580  0.2190  0.0030  
29       29   (9)      3 :  0.2390  0.0170  0.7410  0.0030  
30       30   (8)      3 :  0.0030  0.0050  0.9900  0.0020  
31       31  (19)      3 :  0.2188  0.3197  0.4575  0.0040  
32       32  (13)      3 :  0.1020  0.3500  0.5190  0.0290  
33       33   (6)      3 :  0.0080  0.1588  0.6613  0.1718  
34       34  (10)      3 :  0.2110  0.0200  0.7640  0.0050  
35       35   (5)      3 :  0.4170  0.1210  0.4020  0.0600  
36       36  (17)      3 :  0.0380  0.1359  0.8182  0.0080  
37       37   (8)      3 :  0.3070  0.0110  0.6730  0.0090  
38       38  (10)      3 :  0.0599  0.0090  0.9111  0.0200  
39       39  (14)      3 :  0.0859  0.0080  0.7592  0.1469  
40       40  (15)      3 :  0.0050  0.0330  0.7480  0.2140  
41       41   (5)      4 :  0.9660  0.0030  0.0250  0.0060  
42       42   (8)      4 :  0.9620  0.0040  0.0070  0.0270  
43       43  (17)      4 :  0.9410  0.0440  0.0110  0.0040  
44       44  (33)      4 :  0.7330  0.0100  0.0180  0.2390  
45       45  (18)      4 :  0.9400  0.0230  0.0060  0.0310  
46       46  (15)      4 :  0.6300  0.0110  0.3470  0.0120  
47       47   (5)      4 :  0.9850  0.0020  0.0050  0.0080  
48       48  (24)      4 :  0.8610  0.0330  0.0100  0.0960  
49       49  (32)      4 :  0.9620  0.0040  0.0310  0.0030  
50       50  (24)      4 :  0.9391  0.0480  0.0090  0.0040  
51       51  (17)      4 :  0.7900  0.0150  0.0540  0.1410  
52       52   (6)      4 :  0.6883  0.0040  0.3037  0.0040  
53       53  (10)      4 :  0.8430  0.0020  0.0130  0.1420  
54       54  (10)      4 :  0.6890  0.0020  0.2070  0.1020  
55       55  (26)      5 :  0.5940  0.0160  0.0340  0.3560  
56       56  (15)      5 :  0.4284  0.0390  0.5275  0.0050  
57       57  (15)      5 :  0.0210  0.1140  0.7950  0.0700  
58       58   (5)      5 :  0.0010  0.0060  0.9910  0.0020  
59       59   (7)      5 :  0.2310  0.0020  0.7650  0.0020  
60       60   (9)      5 :  0.2410  0.7160  0.0170  0.0260  
61       61  (17)      5 :  0.3720  0.1330  0.4740  0.0210  
62       62  (10)      5 :  0.0800  0.2860  0.5970  0.0370  
63       63  (13)      5 :  0.2010  0.0130  0.4560  0.3300  
64       64  (15)      5 :  0.2810  0.0670  0.5420  0.1100  
65       65  (17)      5 :  0.3670  0.0050  0.5530  0.0750  
66       66  (14)      5 :  0.2190  0.3300  0.3860  0.0650  
67       67  (12)      5 :  0.0220  0.0780  0.5370  0.3630  
68       68   (9)      5 :  0.3790  0.2770  0.3350  0.0090  
69       69  (14)      5 :  0.1940  0.0150  0.5460  0.2450  
70       70   (8)      5 :  0.2130  0.0020  0.7150  0.0700  
71       71  (19)      6 :  0.9850  0.0060  0.0050  0.0040  
72       72   (6)      6 :  0.9930  0.0030  0.0030  0.0010  
73       73  (39)      6 :  0.9570  0.0040  0.0340  0.0050  
74       74  (25)      6 :  0.9419  0.0531  0.0030  0.0020  
75       75  (16)      6 :  0.8849  0.0140  0.0090  0.0921  
76       76  (37)      6 :  0.8058  0.1421  0.0080  0.0440  
77       77   (8)      6 :  0.7850  0.0020  0.0110  0.2020  
78       78   (9)      6 :  0.9920  0.0020  0.0040  0.0020  
79       79   (8)      6 :  0.8701  0.0420  0.0050  0.0829  
80       80   (9)      6 :  0.6757  0.1311  0.1512  0.0420  
81       81   (9)      6 :  0.7180  0.0030  0.0220  0.2570  
82       82  (10)      6 :  0.8870  0.0020  0.0040  0.1070  
83       83   (9)      5 :  0.1159  0.1459  0.5195  0.2188  
84       84  (29)      7 :  0.0310  0.0100  0.5240  0.4350  
85       85   (9)      7 :  0.0570  0.0030  0.2540  0.6860  
86       86  (10)      7 :  0.0140  0.0190  0.0430  0.9241  
87       87   (9)      7 :  0.2780  0.0590  0.0300  0.6330  
88       88  (10)      7 :  0.0940  0.0300  0.0160  0.8600  
89       89  (24)      7 :  0.1200  0.0100  0.5510  0.3190  
90       90  (11)      7 :  0.0040  0.0030  0.0689  0.9241  
91       91  (18)      7 :  0.0200  0.0060  0.4170  0.5570  
92       92  (13)      7 :  0.0190  0.0020  0.4130  0.5660  
93       93  (10)      7 :  0.0080  0.0020  0.0640  0.9260  
94       94  (11)      7 :  0.1449  0.0030  0.7862  0.0659  
95       95   (8)      7 :  0.0140  0.0830  0.0570  0.8460  
96       96  (23)      7 :  0.0020  0.0010  0.0050  0.9920  
97       97   (5)      7 :  0.2022  0.0040  0.4474  0.3463  
