 1        1   (8)      1 :  0.0020  0.0020  0.0020  0.0010  0.9930  
 2        2   (9)      1 :  0.1210  0.8030  0.0650  0.0060  0.0050  
 3        3   (9)      1 :  0.0030  0.5720  0.3570  0.0120  0.0560  
 4        4  (18)      1 :  0.0820  0.6980  0.2050  0.0060  0.0090  
 5        5  (22)      1 :  0.0040  0.9720  0.0090  0.0120  0.0030  
 6        6   (9)      1 :  0.4220  0.0570  0.4090  0.0950  0.0170  
 7        7  (13)      1 :  0.0739  0.7882  0.1099  0.0020  0.0260  
 8        8  (14)      1 :  0.2950  0.5790  0.0150  0.0030  0.1080  
 9        9   (5)      1 :  0.1500  0.6070  0.2360  0.0030  0.0040  
10       10  (10)      1 :  0.2320  0.7510  0.0070  0.0080  0.0020  
11       11  (21)      1 :  0.2780  0.2300  0.3930  0.0540  0.0450  
12       12   (7)      1 :  0.2773  0.1812  0.2603  0.1351  0.1461  
13       13  (26)      1 :  0.0050  0.9461  0.0430  0.0030  0.0030  
14       14   (8)      2 :  0.8450  0.0050  0.1470  0.0020  0.0010  
15       15   (7)      2 :  0.6244  0.0130  0.3437  0.0090  0.0100  
16       16   (8)      2 :  0.0300  0.0050  0.9580  0.0020  0.0050  
17       17   (7)      2 :  0.6530  0.0290  0.3010  0.0060  0.0110  
18       18  (13)      2 :  0.2697  0.1009  0.5165  0.0030  0.1099  
19       19  (16)      2 :  0.0120  0.0220  0.8920  0.0710  0.0030  
20       20   (6)      2 :  0.4800  0.0030  0.5080  0.0060  0.0030  
21       21   (6)      2 :  0.3013  0.0020  0.6897  0.0030  0.0040  
22       22   (8)      2 :  0.4336  0.1698  0.3177  0.0699  0.0090  
23       23   (5)      2 :  0.2200  0.0430  0.7300  0.0040  0.0030  
24       24  (12)      2 :  0.2713  0.0060  0.7137  0.0020  0.0070  
25       25  (10)      2 :  0.8440  0.0900  0.0540  0.0100  0.0020  
26       26  (10)      2 :  0.7890  0.0030  0.2040  0.0020  0.0020  
27       27  (48)      2 :  0.7227  0.0120  0.1752  0.0070  0.0831  
28       28  (20)      2 :  0.0100  0.0120  0.9620  0.0030  0.0130  
29       29   (9)      3 :  0.0060  0.3700  0.5750  0.0030  0.0460  
30       30   (8)      3 :  0.0030  0.8760  0.1150  0.0030  0.0030  
31       31  (19)      3 :  0.1808  0.2887  0.1439  0.0050  0.3816  
32       32  (13)      3 :  0.0450  0.4190  0.1230  0.0530  0.3600  
33       33   (6)      3 :  0.0970  0.5660  0.0020  0.1450  0.1900  
34       34  (10)      3 :  0.0170  0.4945  0.4436  0.0060  0.0390  
35       35   (5)      3 :  0.3770  0.2870  0.1050  0.0730  0.1580  
36       36  (17)      3 :  0.0500  0.6040  0.0830  0.0250  0.2380  
37       37   (8)      3 :  0.3073  0.5636  0.0761  0.0280  0.0250  
38       38  (10)      3 :  0.0060  0.6224  0.3437  0.0130  0.0150  
39       39  (14)      3 :  0.0200  0.5536  0.2753  0.1291  0.0220  
40       40  (15)      3 :  0.0040  0.6164  0.1069  0.2318  0.0410  
41       41   (5)      4 :  0.9040  0.0680  0.0180  0.0050  0.0050  
42       42   (8)      4 :  0.4995  0.0080  0.4675  0.0160  0.0090  
43       43  (17)      4 :  0.0020  0.0020  0.9830  0.0020  0.0110  
44       44  (33)      4 :  0.3400  0.0140  0.5340  0.1050  0.0070  
45       45  (18)      4 :  0.5686  0.0040  0.3714  0.0160  0.0400  
46       46  (15)      4 :  0.1379  0.1848  0.6593  0.0080  0.0100  
47       47   (5)      4 :  0.7890  0.0040  0.2010  0.0040  0.0020  
48       48  (24)      4 :  0.2138  0.0040  0.7133  0.0280  0.0410  
49       49  (32)      4 :  0.4860  0.0110  0.4960  0.0040  0.0030  
50       50  (24)      4 :  0.6760  0.0080  0.2720  0.0040  0.0400  
51       51  (17)      4 :  0.3830  0.0130  0.5570  0.0300  0.0170  
52       52   (6)      4 :  0.3237  0.2338  0.4356  0.0030  0.0040  
53       53  (10)      4 :  0.4575  0.0090  0.4224  0.1091  0.0020  
54       54  (10)      4 :  0.5495  0.1868  0.2478  0.0120  0.0040  
55       55  (26)      5 :  0.0861  0.0060  0.5756  0.3223  0.0100  
56       56  (15)      5 :  0.4655  0.4795  0.0060  0.0040  0.0450  
57       57  (15)      5 :  0.0250  0.5140  0.1000  0.1470  0.2140  
58       58   (5)      5 :  0.0020  0.9810  0.0020  0.0020  0.0130  
59       59   (7)      5 :  0.0330  0.6000  0.3620  0.0030  0.0020  
60       60   (9)      5 :  0.2062  0.0170  0.0260  0.0370  0.7137  
61       61  (17)      5 :  0.1940  0.3920  0.2700  0.0180  0.1260  
62       62  (10)      5 :  0.0110  0.4220  0.2440  0.0330  0.2900  
63       63  (13)      5 :  0.1450  0.3580  0.1970  0.2850  0.0150  
64       64  (15)      5 :  0.1129  0.4106  0.3007  0.1049  0.0709  
65       65  (17)      5 :  0.2953  0.4184  0.2122  0.0701  0.0040  
66       66  (14)      5 :  0.0280  0.2597  0.2807  0.0849  0.3467  
67       67  (12)      5 :  0.0040  0.2192  0.3634  0.3073  0.1061  
68       68   (9)      5 :  0.0050  0.0310  0.6600  0.0100  0.2940  
69       69  (14)      5 :  0.0950  0.4380  0.2150  0.2350  0.0170  
70       70   (8)      5 :  0.2570  0.5730  0.0220  0.1440  0.0040  
71       71  (19)      6 :  0.7133  0.0060  0.2707  0.0040  0.0060  
72       72   (6)      6 :  0.7850  0.0040  0.2050  0.0020  0.0040  
73       73  (39)      6 :  0.6967  0.0511  0.2292  0.0040  0.0190  
74       74  (25)      6 :  0.5876  0.0040  0.3554  0.0030  0.0501  
75       75  (16)      6 :  0.9230  0.0080  0.0090  0.0460  0.0140  
76       76  (37)      6 :  0.6300  0.0080  0.1810  0.0260  0.1550  
77       77   (8)      6 :  0.7710  0.0770  0.0080  0.1410  0.0030  
78       78   (9)      6 :  0.8690  0.0080  0.1180  0.0030  0.0020  
79       79   (8)      6 :  0.5640  0.0040  0.3290  0.0520  0.0510  
80       80   (9)      6 :  0.3656  0.0909  0.3586  0.0330  0.1518  
81       81   (9)      6 :  0.4890  0.0251  0.2595  0.2224  0.0040  
82       82  (10)      6 :  0.8220  0.0050  0.1450  0.0260  0.0020  
83       83   (9)      5 :  0.0140  0.2890  0.3590  0.1960  0.1420  
84       84  (29)      7 :  0.0060  0.2913  0.3053  0.3734  0.0240  
85       85   (9)      7 :  0.0560  0.1780  0.0510  0.7090  0.0060  
86       86  (10)      7 :  0.0180  0.0310  0.0590  0.8640  0.0280  
87       87   (9)      7 :  0.0320  0.0310  0.3520  0.5510  0.0340  
88       88  (10)      7 :  0.0230  0.0210  0.1120  0.8020  0.0420  
89       89  (24)      7 :  0.0050  0.0920  0.5070  0.3740  0.0220  
90       90  (11)      7 :  0.0080  0.0619  0.0549  0.8721  0.0030  
91       91  (18)      7 :  0.0130  0.3240  0.1810  0.4720  0.0100  
92       92  (13)      7 :  0.0070  0.2590  0.2700  0.4610  0.0030  
93       93  (10)      7 :  0.0150  0.0571  0.0100  0.9159  0.0020  
94       94  (11)      7 :  0.0070  0.5200  0.4550  0.0150  0.0030  
95       95   (8)      7 :  0.0030  0.0190  0.2530  0.6820  0.0430  
96       96  (23)      7 :  0.0030  0.0080  0.0020  0.9860  0.0010  
97       97   (5)      7 :  0.1558  0.4286  0.1129  0.2957  0.0070  
