 1        1   (8)      1 :  0.0010  0.9940  0.0010  0.0010  0.0020  0.0010  
 2        2   (9)      1 :  0.0420  0.0100  0.6863  0.0190  0.2378  0.0050  
 3        3   (9)      1 :  0.2400  0.0460  0.4420  0.0020  0.2650  0.0050  
 4        4  (18)      1 :  0.0980  0.0050  0.5210  0.0600  0.3120  0.0040  
 5        5  (22)      1 :  0.0020  0.0020  0.9810  0.0020  0.0090  0.0040  
 6        6   (9)      1 :  0.3530  0.0160  0.0440  0.3990  0.1200  0.0680  
 7        7  (13)      1 :  0.0440  0.0150  0.4264  0.0611  0.4515  0.0020  
 8        8  (14)      1 :  0.0190  0.0921  0.5976  0.2713  0.0180  0.0020  
 9        9   (5)      1 :  0.0340  0.0060  0.3584  0.1702  0.4304  0.0010  
10       10  (10)      1 :  0.0030  0.0020  0.5275  0.1992  0.2653  0.0030  
11       11  (21)      1 :  0.3313  0.0480  0.2633  0.2723  0.0380  0.0470  
12       12   (7)      1 :  0.1139  0.1439  0.3916  0.2607  0.0070  0.0829  
13       13  (26)      1 :  0.0040  0.0020  0.9740  0.0020  0.0160  0.0020  
14       14   (8)      2 :  0.1230  0.0010  0.0040  0.8570  0.0130  0.0020  
15       15   (7)      2 :  0.2953  0.0040  0.0100  0.6126  0.0691  0.0090  
16       16   (8)      2 :  0.9510  0.0090  0.0020  0.0110  0.0260  0.0010  
17       17   (7)      2 :  0.3710  0.0050  0.1640  0.4550  0.0020  0.0030  
18       18  (13)      2 :  0.4765  0.1299  0.0509  0.2697  0.0699  0.0030  
19       19  (16)      2 :  0.7350  0.0030  0.2330  0.0060  0.0040  0.0190  
20       20   (6)      2 :  0.5395  0.0020  0.0020  0.4284  0.0240  0.0040  
21       21   (6)      2 :  0.8222  0.0030  0.0030  0.1658  0.0030  0.0030  
22       22   (8)      2 :  0.2773  0.0080  0.2643  0.4134  0.0260  0.0110  
23       23   (5)      2 :  0.6446  0.0020  0.0901  0.1862  0.0741  0.0030  
24       24  (12)      2 :  0.8110  0.0050  0.0200  0.1590  0.0030  0.0020  
25       25  (10)      2 :  0.0220  0.0020  0.1000  0.8330  0.0360  0.0070  
26       26  (10)      2 :  0.2713  0.0010  0.0020  0.7217  0.0030  0.0010  
27       27  (48)      2 :  0.2062  0.0771  0.1041  0.6046  0.0030  0.0050  
28       28  (20)      2 :  0.8428  0.0180  0.1251  0.0040  0.0080  0.0020  
29       29   (9)      3 :  0.2188  0.0090  0.0040  0.0050  0.7612  0.0020  
30       30   (8)      3 :  0.0010  0.0020  0.0020  0.0010  0.9930  0.0010  
31       31  (19)      3 :  0.0180  0.3480  0.3140  0.2030  0.1130  0.0040  
32       32  (13)      3 :  0.0841  0.3473  0.2533  0.0190  0.2773  0.0190  
33       33   (6)      3 :  0.0020  0.1630  0.5840  0.0840  0.0190  0.1480  
34       34  (10)      3 :  0.2160  0.0250  0.2720  0.0180  0.4660  0.0030  
35       35   (5)      3 :  0.1860  0.1290  0.4420  0.2150  0.0040  0.0240  
36       36  (17)      3 :  0.0270  0.1702  0.7768  0.0060  0.0150  0.0050  
37       37   (8)      3 :  0.1000  0.0350  0.7470  0.1050  0.0070  0.0060  
38       38  (10)      3 :  0.1210  0.0160  0.3060  0.0040  0.5440  0.0090  
39       39  (14)      3 :  0.0560  0.0050  0.0840  0.1440  0.6430  0.0680  
40       40  (15)      3 :  0.0160  0.0430  0.0781  0.0070  0.6757  0.1802  
41       41   (5)      4 :  0.0060  0.0030  0.1798  0.8072  0.0020  0.0020  
42       42   (8)      4 :  0.5010  0.0070  0.0080  0.4620  0.0130  0.0090  
43       43  (17)      4 :  0.9820  0.0090  0.0030  0.0020  0.0020  0.0020  
44       44  (33)      4 :  0.4755  0.0080  0.1029  0.2657  0.0080  0.1399  
45       45  (18)      4 :  0.4850  0.0280  0.0180  0.4580  0.0020  0.0090  
46       46  (15)      4 :  0.6090  0.0070  0.1920  0.0380  0.1440  0.0100  
47       47   (5)      4 :  0.1980  0.0030  0.0120  0.7760  0.0040  0.0070  
48       48  (24)      4 :  0.7143  0.0370  0.0360  0.1768  0.0030  0.0330  
49       49  (32)      4 :  0.4460  0.0030  0.1120  0.4210  0.0160  0.0020  
50       50  (24)      4 :  0.2887  0.0480  0.0100  0.6424  0.0070  0.0040  
51       51  (17)      4 :  0.5215  0.0090  0.0320  0.3257  0.0400  0.0719  
52       52   (6)      4 :  0.3400  0.0030  0.4100  0.2420  0.0030  0.0020  
53       53  (10)      4 :  0.4250  0.0020  0.0850  0.4330  0.0030  0.0520  
54       54  (10)      4 :  0.0961  0.0020  0.4284  0.4615  0.0030  0.0090  
55       55  (26)      5 :  0.5395  0.0110  0.0440  0.0911  0.0150  0.2993  
56       56  (15)      5 :  0.0050  0.0410  0.5994  0.3417  0.0100  0.0030  
57       57  (15)      5 :  0.0360  0.1341  0.7057  0.0120  0.0601  0.0521  
58       58   (5)      5 :  0.0020  0.0060  0.5125  0.0020  0.4755  0.0020  
59       59   (7)      5 :  0.2312  0.0020  0.7538  0.0060  0.0050  0.0020  
60       60   (9)      5 :  0.0881  0.6957  0.0941  0.0791  0.0030  0.0400  
61       61  (17)      5 :  0.1978  0.1069  0.6074  0.0749  0.0070  0.0060  
62       62  (10)      5 :  0.1040  0.2780  0.2610  0.0200  0.3180  0.0190  
63       63  (13)      5 :  0.1091  0.0100  0.5526  0.0921  0.0050  0.2312  
64       64  (15)      5 :  0.1840  0.0710  0.1840  0.1530  0.3350  0.0730  
65       65  (17)      5 :  0.0860  0.0070  0.5200  0.3180  0.0240  0.0450  
66       66  (14)      5 :  0.1840  0.3320  0.3410  0.0490  0.0510  0.0430  
67       67  (12)      5 :  0.2270  0.0950  0.4270  0.0050  0.0140  0.2320  
68       68   (9)      5 :  0.5255  0.2603  0.0180  0.0030  0.1892  0.0040  
69       69  (14)      5 :  0.1110  0.0120  0.4120  0.0750  0.1870  0.2030  
70       70   (8)      5 :  0.0160  0.0050  0.7712  0.1918  0.0060  0.0100  
71       71  (19)      6 :  0.2763  0.0080  0.0280  0.6817  0.0030  0.0030  
72       72   (6)      6 :  0.2940  0.0030  0.0050  0.6940  0.0020  0.0020  
73       73  (39)      6 :  0.1870  0.0140  0.1960  0.5950  0.0040  0.0040  
74       74  (25)      6 :  0.3267  0.0490  0.0120  0.6064  0.0030  0.0030  
75       75  (16)      6 :  0.0050  0.0130  0.0050  0.9550  0.0130  0.0090  
76       76  (37)      6 :  0.2170  0.1560  0.0220  0.5920  0.0040  0.0090  
77       77   (8)      6 :  0.0050  0.0030  0.1870  0.7430  0.0050  0.0570  
78       78   (9)      6 :  0.1340  0.0020  0.0110  0.8480  0.0030  0.0020  
79       79   (8)      6 :  0.3886  0.0310  0.0070  0.5015  0.0030  0.0689  
80       80   (9)      6 :  0.3497  0.1359  0.1818  0.3017  0.0090  0.0220  
81       81   (9)      6 :  0.2610  0.0030  0.1400  0.4230  0.0030  0.1700  
82       82  (10)      6 :  0.1592  0.0020  0.0080  0.7788  0.0070  0.0450  
83       83   (9)      5 :  0.2448  0.1349  0.4096  0.0050  0.0919  0.1139  
84       84  (29)      7 :  0.2028  0.0140  0.3297  0.0080  0.1279  0.3177  
85       85   (9)      7 :  0.0150  0.0050  0.1550  0.0890  0.1150  0.6210  
86       86  (10)      7 :  0.0450  0.0250  0.0310  0.0160  0.0800  0.8030  
87       87   (9)      7 :  0.3237  0.0370  0.1289  0.0140  0.0060  0.4905  
88       88  (10)      7 :  0.1310  0.0220  0.1420  0.0140  0.0030  0.6880  
89       89  (24)      7 :  0.3800  0.0100  0.3610  0.0060  0.0980  0.1450  
90       90  (11)      7 :  0.0080  0.0020  0.2743  0.0040  0.0030  0.7087  
91       91  (18)      7 :  0.0870  0.0050  0.0120  0.0160  0.3730  0.5070  
92       92  (13)      7 :  0.1710  0.0020  0.4270  0.0040  0.0060  0.3900  
93       93  (10)      7 :  0.0080  0.0020  0.0170  0.0130  0.1221  0.8378  
94       94  (11)      7 :  0.3263  0.0030  0.2693  0.0070  0.3894  0.0050  
95       95   (8)      7 :  0.1480  0.0630  0.2080  0.0030  0.0040  0.5740  
96       96  (23)      7 :  0.0020  0.0010  0.0020  0.0030  0.0939  0.8981  
97       97   (5)      7 :  0.0090  0.0040  0.6370  0.2750  0.0170  0.0580  
