 1        1   (8)      1 :  0.0070  0.0050  0.0560  0.0010  0.9310  
 2        2   (9)      1 :  0.0320  0.6190  0.0830  0.0080  0.2580  
 3        3   (9)      1 :  0.0020  0.5030  0.3130  0.0100  0.1720  
 4        4  (18)      1 :  0.0680  0.4520  0.1520  0.0070  0.3210  
 5        5  (22)      1 :  0.0020  0.9870  0.0030  0.0040  0.0040  
 6        6   (9)      1 :  0.3990  0.0330  0.3700  0.0870  0.1110  
 7        7  (13)      1 :  0.0450  0.3160  0.1070  0.0030  0.5290  
 8        8  (14)      1 :  0.2960  0.5040  0.0470  0.0030  0.1500  
 9        9   (5)      1 :  0.1470  0.4110  0.1070  0.0030  0.3320  
10       10  (10)      1 :  0.2092  0.5335  0.0040  0.0040  0.2492  
11       11  (21)      1 :  0.2730  0.1870  0.3490  0.0380  0.1530  
12       12   (7)      1 :  0.3053  0.2813  0.1822  0.0811  0.1502  
13       13  (26)      1 :  0.0030  0.9800  0.0070  0.0020  0.0080  
14       14   (8)      2 :  0.8410  0.0060  0.1470  0.0020  0.0040  
15       15   (7)      2 :  0.6464  0.0120  0.3057  0.0190  0.0170  
16       16   (8)      2 :  0.0210  0.0020  0.9510  0.0030  0.0230  
17       17   (7)      2 :  0.4920  0.1440  0.3580  0.0030  0.0030  
18       18  (13)      2 :  0.2860  0.0130  0.4760  0.0020  0.2230  
19       19  (16)      2 :  0.0160  0.2262  0.7247  0.0300  0.0030  
20       20   (6)      2 :  0.4540  0.0030  0.5250  0.0070  0.0110  
21       21   (6)      2 :  0.2340  0.0030  0.7560  0.0040  0.0030  
22       22   (8)      2 :  0.4400  0.2170  0.2990  0.0140  0.0300  
23       23   (5)      2 :  0.2280  0.1100  0.6490  0.0030  0.0100  
24       24  (12)      2 :  0.2130  0.0190  0.7620  0.0020  0.0040  
25       25  (10)      2 :  0.8430  0.1020  0.0330  0.0150  0.0070  
26       26  (10)      2 :  0.7367  0.0020  0.2573  0.0020  0.0020  
27       27  (48)      2 :  0.6507  0.1241  0.2142  0.0060  0.0050  
28       28  (20)      2 :  0.0070  0.1050  0.8810  0.0020  0.0050  
29       29   (9)      3 :  0.0050  0.0040  0.3604  0.0020  0.6286  
30       30   (8)      3 :  0.0040  0.0210  0.0050  0.0020  0.9680  
31       31  (19)      3 :  0.1780  0.2020  0.1030  0.0030  0.5140  
32       32  (13)      3 :  0.0350  0.2080  0.1430  0.0200  0.5940  
33       33   (6)      3 :  0.0990  0.5210  0.0020  0.1290  0.2490  
34       34  (10)      3 :  0.0210  0.2260  0.3190  0.0050  0.4290  
35       35   (5)      3 :  0.2543  0.4124  0.1852  0.0220  0.1261  
36       36  (17)      3 :  0.0110  0.6773  0.0789  0.0060  0.2268  
37       37   (8)      3 :  0.1830  0.6970  0.0980  0.0060  0.0160  
38       38  (10)      3 :  0.0060  0.2877  0.1958  0.0110  0.4995  
39       39  (14)      3 :  0.0940  0.0720  0.1380  0.1160  0.5800  
40       40  (15)      3 :  0.0080  0.1231  0.0220  0.2092  0.6376  
41       41   (5)      4 :  0.8318  0.1552  0.0080  0.0020  0.0030  
42       42   (8)      4 :  0.4690  0.0070  0.5010  0.0120  0.0110  
43       43  (17)      4 :  0.0020  0.0030  0.9900  0.0020  0.0030  
44       44  (33)      4 :  0.2747  0.0949  0.4675  0.1499  0.0130  
45       45  (18)      4 :  0.4915  0.0270  0.4645  0.0120  0.0050  
46       46  (15)      4 :  0.0780  0.2160  0.6290  0.0180  0.0590  
47       47   (5)      4 :  0.7642  0.0100  0.2108  0.0100  0.0050  
48       48  (24)      4 :  0.1810  0.0200  0.7480  0.0420  0.0090  
49       49  (32)      4 :  0.4560  0.1020  0.4330  0.0030  0.0060  
50       50  (24)      4 :  0.6460  0.0090  0.3220  0.0050  0.0180  
51       51  (17)      4 :  0.3390  0.0400  0.5410  0.0640  0.0160  
52       52   (6)      4 :  0.2570  0.3720  0.3650  0.0020  0.0040  
53       53  (10)      4 :  0.4480  0.0790  0.4150  0.0540  0.0040  
54       54  (10)      4 :  0.4650  0.3670  0.1450  0.0180  0.0050  
55       55  (26)      5 :  0.0961  0.0641  0.5556  0.2773  0.0070  
56       56  (15)      5 :  0.4150  0.4960  0.0080  0.0030  0.0780  
57       57  (15)      5 :  0.0230  0.7638  0.0771  0.0190  0.1171  
58       58   (5)      5 :  0.0020  0.4785  0.0020  0.0040  0.5135  
59       59   (7)      5 :  0.0180  0.6620  0.2800  0.0030  0.0370  
60       60   (9)      5 :  0.1441  0.0210  0.1962  0.0400  0.5986  
61       61  (17)      5 :  0.1160  0.5310  0.2300  0.0080  0.1150  
62       62  (10)      5 :  0.0210  0.2430  0.1760  0.0210  0.5390  
63       63  (13)      5 :  0.1100  0.5330  0.1540  0.1960  0.0070  
64       64  (15)      5 :  0.1340  0.1650  0.2360  0.0980  0.3670  
65       65  (17)      5 :  0.3410  0.4670  0.1260  0.0410  0.0250  
66       66  (14)      5 :  0.0430  0.2950  0.2380  0.0220  0.4020  
67       67  (12)      5 :  0.0060  0.4114  0.2843  0.2022  0.0961  
68       68   (9)      5 :  0.0040  0.0100  0.5736  0.0040  0.4084  
69       69  (14)      5 :  0.0989  0.3836  0.1319  0.2038  0.1818  
70       70   (8)      5 :  0.2543  0.7057  0.0130  0.0110  0.0160  
71       71  (19)      6 :  0.6883  0.0300  0.2727  0.0040  0.0050  
72       72   (6)      6 :  0.7100  0.0050  0.2800  0.0020  0.0030  
73       73  (39)      6 :  0.5950  0.1700  0.2200  0.0040  0.0110  
74       74  (25)      6 :  0.6507  0.0150  0.3263  0.0030  0.0050  
75       75  (16)      6 :  0.9430  0.0070  0.0100  0.0140  0.0260  
76       76  (37)      6 :  0.5720  0.0350  0.2920  0.0200  0.0810  
77       77   (8)      6 :  0.7690  0.1690  0.0080  0.0500  0.0040  
78       78   (9)      6 :  0.8480  0.0080  0.1380  0.0020  0.0040  
79       79   (8)      6 :  0.5140  0.0090  0.3880  0.0820  0.0070  
80       80   (9)      6 :  0.3433  0.1001  0.3674  0.0250  0.1642  
81       81   (9)      6 :  0.4330  0.1390  0.2600  0.1640  0.0040  
82       82  (10)      6 :  0.7890  0.0080  0.1530  0.0450  0.0050  
83       83   (9)      5 :  0.0150  0.3770  0.2880  0.1030  0.2170  
84       84  (29)      7 :  0.0100  0.3487  0.2498  0.3097  0.0819  
85       85   (9)      7 :  0.0830  0.2210  0.0270  0.6380  0.0310  
86       86  (10)      7 :  0.0120  0.0460  0.0490  0.8160  0.0770  
87       87   (9)      7 :  0.0200  0.1010  0.3480  0.5060  0.0250  
88       88  (10)      7 :  0.0240  0.1270  0.1670  0.6770  0.0050  
89       89  (24)      7 :  0.0070  0.4170  0.4400  0.1040  0.0320  
90       90  (11)      7 :  0.0050  0.2983  0.0110  0.6827  0.0030  
91       91  (18)      7 :  0.0150  0.0130  0.1380  0.5150  0.3190  
92       92  (13)      7 :  0.0040  0.4264  0.2322  0.3323  0.0050  
93       93  (10)      7 :  0.0140  0.0210  0.0170  0.9230  0.0250  
94       94  (11)      7 :  0.0110  0.3936  0.3237  0.0160  0.2557  
95       95   (8)      7 :  0.0030  0.2110  0.2150  0.5600  0.0110  
96       96  (23)      7 :  0.0030  0.0030  0.0020  0.9860  0.0060  
97       97   (5)      7 :  0.2790  0.6110  0.0300  0.0530  0.0270  
