 1        1   (8)      1 :  0.0040  0.0040  0.0750  0.0020  0.9150  
 2        2   (9)      1 :  0.0210  0.5566  0.1171  0.0070  0.2983  
 3        3   (9)      1 :  0.0030  0.5000  0.3340  0.0140  0.1490  
 4        4  (18)      1 :  0.0370  0.4120  0.2020  0.0050  0.3440  
 5        5  (22)      1 :  0.0030  0.9870  0.0030  0.0030  0.0040  
 6        6   (9)      1 :  0.4184  0.0290  0.3403  0.0871  0.1251  
 7        7  (13)      1 :  0.0330  0.2510  0.1180  0.0030  0.5950  
 8        8  (14)      1 :  0.3200  0.4610  0.0340  0.0030  0.1820  
 9        9   (5)      1 :  0.1430  0.4120  0.1590  0.0040  0.2820  
10       10  (10)      1 :  0.1878  0.5435  0.0070  0.0060  0.2557  
11       11  (21)      1 :  0.2470  0.1880  0.3750  0.0500  0.1400  
12       12   (7)      1 :  0.2990  0.2050  0.2240  0.1280  0.1440  
13       13  (26)      1 :  0.0040  0.9720  0.0140  0.0030  0.0070  
14       14   (8)      2 :  0.8312  0.0190  0.1439  0.0020  0.0040  
15       15   (7)      2 :  0.6620  0.0120  0.2940  0.0120  0.0200  
16       16   (8)      2 :  0.0220  0.0030  0.9500  0.0030  0.0220  
17       17   (7)      2 :  0.5075  0.1421  0.3423  0.0050  0.0030  
18       18  (13)      2 :  0.3217  0.0260  0.4505  0.0030  0.1988  
19       19  (16)      2 :  0.0200  0.1890  0.7100  0.0770  0.0040  
20       20   (6)      2 :  0.4580  0.0030  0.5240  0.0040  0.0110  
21       21   (6)      2 :  0.2800  0.0040  0.7090  0.0040  0.0030  
22       22   (8)      2 :  0.4030  0.2170  0.3190  0.0220  0.0390  
23       23   (5)      2 :  0.2162  0.1351  0.6206  0.0040  0.0240  
24       24  (12)      2 :  0.2583  0.0120  0.7227  0.0020  0.0050  
25       25  (10)      2 :  0.8110  0.0930  0.0740  0.0130  0.0090  
26       26  (10)      2 :  0.6990  0.0020  0.2920  0.0030  0.0040  
27       27  (48)      2 :  0.7420  0.1300  0.1170  0.0050  0.0060  
28       28  (20)      2 :  0.0100  0.1489  0.8322  0.0020  0.0070  
29       29   (9)      3 :  0.0070  0.0040  0.4130  0.0030  0.5730  
30       30   (8)      3 :  0.0040  0.0300  0.0120  0.0020  0.9520  
31       31  (19)      3 :  0.1778  0.1499  0.1069  0.0040  0.5614  
32       32  (13)      3 :  0.0350  0.1800  0.1970  0.0150  0.5730  
33       33   (6)      3 :  0.0621  0.5485  0.0020  0.1321  0.2553  
34       34  (10)      3 :  0.0340  0.2090  0.3300  0.0060  0.4210  
35       35   (5)      3 :  0.2827  0.3966  0.1219  0.0220  0.1768  
36       36  (17)      3 :  0.0180  0.6400  0.1040  0.0160  0.2220  
37       37   (8)      3 :  0.2560  0.6260  0.0620  0.0120  0.0440  
38       38  (10)      3 :  0.0060  0.2770  0.2290  0.0120  0.4760  
39       39  (14)      3 :  0.0590  0.0380  0.1820  0.1310  0.5900  
40       40  (15)      3 :  0.0070  0.1349  0.0190  0.2078  0.6314  
41       41   (5)      4 :  0.8068  0.1792  0.0080  0.0030  0.0030  
42       42   (8)      4 :  0.4550  0.0090  0.4950  0.0270  0.0140  
43       43  (17)      4 :  0.0020  0.0030  0.9900  0.0020  0.0030  
44       44  (33)      4 :  0.2543  0.0410  0.5055  0.1842  0.0150  
45       45  (18)      4 :  0.5000  0.0920  0.3880  0.0170  0.0030  
46       46  (15)      4 :  0.0900  0.1710  0.6540  0.0150  0.0700  
47       47   (5)      4 :  0.8082  0.0120  0.1628  0.0090  0.0080  
48       48  (24)      4 :  0.1778  0.0200  0.7203  0.0769  0.0050  
49       49  (32)      4 :  0.4635  0.0741  0.4525  0.0040  0.0060  
50       50  (24)      4 :  0.6106  0.0080  0.3564  0.0060  0.0190  
51       51  (17)      4 :  0.3514  0.0230  0.5035  0.0861  0.0360  
52       52   (6)      4 :  0.3123  0.3473  0.3343  0.0020  0.0040  
53       53  (10)      4 :  0.4510  0.0880  0.3850  0.0730  0.0030  
54       54  (10)      4 :  0.4690  0.3300  0.1800  0.0140  0.0070  
55       55  (26)      5 :  0.1020  0.0510  0.5220  0.3180  0.0070  
56       56  (15)      5 :  0.3640  0.4000  0.0110  0.0050  0.2200  
57       57  (15)      5 :  0.0270  0.8200  0.0510  0.0160  0.0860  
58       58   (5)      5 :  0.0020  0.5090  0.0030  0.0030  0.4830  
59       59   (7)      5 :  0.0070  0.6146  0.3153  0.0020  0.0611  
60       60   (9)      5 :  0.1169  0.0100  0.2278  0.0420  0.6034  
61       61  (17)      5 :  0.1030  0.4780  0.2730  0.0150  0.1310  
62       62  (10)      5 :  0.0210  0.2540  0.1730  0.0280  0.5240  
63       63  (13)      5 :  0.1250  0.5040  0.1380  0.2240  0.0090  
64       64  (15)      5 :  0.0850  0.1080  0.2870  0.1520  0.3680  
65       65  (17)      5 :  0.3353  0.4164  0.1091  0.0440  0.0951  
66       66  (14)      5 :  0.0250  0.2593  0.2513  0.0390  0.4254  
67       67  (12)      5 :  0.0050  0.4400  0.2710  0.1970  0.0870  
68       68   (9)      5 :  0.0050  0.0070  0.5960  0.0050  0.3870  
69       69  (14)      5 :  0.1031  0.3674  0.1502  0.1992  0.1802  
70       70   (8)      5 :  0.2500  0.6690  0.0230  0.0220  0.0360  
71       71  (19)      6 :  0.6763  0.0709  0.2438  0.0040  0.0050  
72       72   (6)      6 :  0.6753  0.0050  0.3137  0.0020  0.0040  
73       73  (39)      6 :  0.6110  0.1490  0.2240  0.0060  0.0100  
74       74  (25)      6 :  0.6220  0.0080  0.3600  0.0030  0.0070  
75       75  (16)      6 :  0.8620  0.0080  0.0130  0.0870  0.0300  
76       76  (37)      6 :  0.5480  0.0110  0.3180  0.0500  0.0730  
77       77   (8)      6 :  0.7550  0.1000  0.0120  0.1220  0.0110  
78       78   (9)      6 :  0.8570  0.0110  0.1250  0.0030  0.0040  
79       79   (8)      6 :  0.5300  0.0090  0.3770  0.0740  0.0100  
80       80   (9)      6 :  0.3580  0.1100  0.3410  0.0220  0.1690  
81       81   (9)      6 :  0.4370  0.1130  0.2600  0.1860  0.0040  
82       82  (10)      6 :  0.7792  0.0110  0.1359  0.0669  0.0070  
83       83   (9)      5 :  0.0200  0.3720  0.2860  0.1330  0.1890  
84       84  (29)      7 :  0.0120  0.3407  0.2088  0.3676  0.0709  
85       85   (9)      7 :  0.0770  0.2240  0.0320  0.6470  0.0200  
86       86  (10)      7 :  0.0230  0.0490  0.0530  0.8120  0.0630  
87       87   (9)      7 :  0.0240  0.0790  0.3310  0.5430  0.0230  
88       88  (10)      7 :  0.0280  0.0880  0.1410  0.7350  0.0080  
89       89  (24)      7 :  0.0090  0.4254  0.4084  0.1201  0.0370  
90       90  (11)      7 :  0.0060  0.2920  0.0070  0.6900  0.0050  
91       91  (18)      7 :  0.0130  0.0170  0.1459  0.5235  0.3007  
92       92  (13)      7 :  0.0040  0.3900  0.2150  0.3870  0.0040  
93       93  (10)      7 :  0.0210  0.0170  0.0120  0.9239  0.0260  
94       94  (11)      7 :  0.0140  0.5020  0.2690  0.0190  0.1960  
95       95   (8)      7 :  0.0030  0.1792  0.1942  0.6176  0.0060  
96       96  (23)      7 :  0.0040  0.0030  0.0030  0.9840  0.0060  
97       97   (5)      7 :  0.2240  0.6130  0.0200  0.1260  0.0170  
