 1        1   (8)      1 :  0.0010  0.9950  0.0010  0.0010  0.0010  0.0010  
 2        2   (9)      1 :  0.0761  0.0050  0.0050  0.1532  0.7518  0.0090  
 3        3   (9)      1 :  0.2352  0.0501  0.3714  0.0020  0.3343  0.0070  
 4        4  (18)      1 :  0.0760  0.0050  0.2620  0.0760  0.5770  0.0040  
 5        5  (22)      1 :  0.0070  0.0020  0.0090  0.0040  0.9530  0.0250  
 6        6   (9)      1 :  0.3670  0.0050  0.1220  0.4230  0.0630  0.0200  
 7        7  (13)      1 :  0.0150  0.0170  0.0040  0.1710  0.7910  0.0020  
 8        8  (14)      1 :  0.0190  0.0850  0.0200  0.3740  0.4990  0.0030  
 9        9   (5)      1 :  0.0130  0.0070  0.5055  0.1351  0.3383  0.0010  
10       10  (10)      1 :  0.0030  0.0020  0.1810  0.2150  0.5960  0.0030  
11       11  (21)      1 :  0.3140  0.0690  0.0280  0.3190  0.2070  0.0630  
12       12   (7)      1 :  0.1970  0.1310  0.1490  0.2700  0.1310  0.1220  
13       13  (26)      1 :  0.0280  0.0020  0.0040  0.0040  0.9590  0.0030  
14       14   (8)      2 :  0.0280  0.0010  0.1350  0.8320  0.0030  0.0010  
15       15   (7)      2 :  0.1860  0.0100  0.1490  0.6420  0.0060  0.0070  
16       16   (8)      2 :  0.9420  0.0110  0.0030  0.0360  0.0060  0.0020  
17       17   (7)      2 :  0.2610  0.0050  0.1410  0.5760  0.0130  0.0040  
18       18  (13)      2 :  0.4930  0.0690  0.0190  0.3340  0.0830  0.0020  
19       19  (16)      2 :  0.8402  0.0030  0.0110  0.0130  0.0420  0.0909  
20       20   (6)      2 :  0.4995  0.0030  0.0170  0.4755  0.0020  0.0030  
21       21   (6)      2 :  0.7050  0.0030  0.0110  0.2750  0.0010  0.0050  
22       22   (8)      2 :  0.0260  0.0060  0.5300  0.4210  0.0120  0.0050  
23       23   (5)      2 :  0.6380  0.0020  0.1420  0.2010  0.0150  0.0020  
24       24  (12)      2 :  0.7177  0.0100  0.0110  0.2523  0.0070  0.0020  
25       25  (10)      2 :  0.0841  0.0020  0.0060  0.8038  0.0871  0.0170  
26       26  (10)      2 :  0.2478  0.0020  0.0020  0.7433  0.0030  0.0020  
27       27  (48)      2 :  0.0561  0.1161  0.0390  0.7738  0.0080  0.0070  
28       28  (20)      2 :  0.6700  0.0300  0.2860  0.0080  0.0050  0.0010  
29       29   (9)      3 :  0.5920  0.0130  0.0070  0.0030  0.3830  0.0020  
30       30   (8)      3 :  0.0879  0.0040  0.0030  0.0030  0.9001  0.0020  
31       31  (19)      3 :  0.1820  0.3120  0.0070  0.1730  0.3240  0.0020  
32       32  (13)      3 :  0.0750  0.3220  0.2290  0.0210  0.3430  0.0100  
33       33   (6)      3 :  0.0010  0.1532  0.0070  0.0731  0.5936  0.1722  
34       34  (10)      3 :  0.4500  0.0300  0.0290  0.0090  0.4780  0.0040  
35       35   (5)      3 :  0.0280  0.1220  0.3980  0.3560  0.0890  0.0070  
36       36  (17)      3 :  0.0080  0.0610  0.5320  0.0130  0.3800  0.0060  
37       37   (8)      3 :  0.0350  0.0280  0.2817  0.2498  0.3986  0.0070  
38       38  (10)      3 :  0.2690  0.0030  0.1880  0.0040  0.5310  0.0050  
39       39  (14)      3 :  0.2727  0.0100  0.0220  0.0300  0.5524  0.1129  
40       40  (15)      3 :  0.0980  0.0310  0.0190  0.0040  0.6180  0.2300  
41       41   (5)      4 :  0.0030  0.0040  0.0070  0.9660  0.0170  0.0030  
42       42   (8)      4 :  0.4510  0.0050  0.0180  0.5040  0.0050  0.0170  
43       43  (17)      4 :  0.9830  0.0090  0.0030  0.0020  0.0010  0.0020  
44       44  (33)      4 :  0.6006  0.0040  0.0030  0.3283  0.0150  0.0490  
45       45  (18)      4 :  0.3080  0.0260  0.0760  0.5750  0.0030  0.0120  
46       46  (15)      4 :  0.6294  0.0100  0.0150  0.1508  0.1858  0.0090  
47       47   (5)      4 :  0.0820  0.0020  0.0080  0.8970  0.0060  0.0050  
48       48  (24)      4 :  0.6264  0.0070  0.1059  0.2438  0.0050  0.0120  
49       49  (32)      4 :  0.4420  0.0030  0.0810  0.4660  0.0060  0.0020  
50       50  (24)      4 :  0.2863  0.0310  0.0060  0.6627  0.0110  0.0030  
51       51  (17)      4 :  0.5485  0.0160  0.0150  0.3944  0.0180  0.0080  
52       52   (6)      4 :  0.3540  0.0060  0.0140  0.3880  0.2340  0.0040  
53       53  (10)      4 :  0.3730  0.0020  0.0450  0.4690  0.0080  0.1030  
54       54  (10)      4 :  0.0990  0.0020  0.2720  0.5400  0.0810  0.0060  
55       55  (26)      5 :  0.5005  0.0040  0.2352  0.0911  0.0030  0.1662  
56       56  (15)      5 :  0.0060  0.0821  0.0110  0.4114  0.4865  0.0030  
57       57  (15)      5 :  0.0070  0.0280  0.4990  0.0320  0.4200  0.0140  
58       58   (5)      5 :  0.0020  0.0030  0.0050  0.0010  0.9870  0.0020  
59       59   (7)      5 :  0.0679  0.0030  0.5395  0.0430  0.3447  0.0020  
60       60   (9)      5 :  0.0940  0.7020  0.0090  0.1350  0.0120  0.0480  
61       61  (17)      5 :  0.1140  0.1030  0.3510  0.2330  0.1920  0.0070  
62       62  (10)      5 :  0.1090  0.2600  0.2940  0.0200  0.3020  0.0150  
63       63  (13)      5 :  0.0681  0.0120  0.3934  0.1532  0.1862  0.1872  
64       64  (15)      5 :  0.1620  0.0720  0.2000  0.1100  0.3450  0.1110  
65       65  (17)      5 :  0.0170  0.0040  0.3870  0.3440  0.2320  0.0160  
66       66  (14)      5 :  0.1530  0.2950  0.2730  0.0710  0.1930  0.0150  
67       67  (12)      5 :  0.0050  0.0130  0.9730  0.0030  0.0030  0.0030  
68       68   (9)      5 :  0.4655  0.2258  0.2897  0.0050  0.0110  0.0030  
69       69  (14)      5 :  0.1832  0.0110  0.0681  0.1131  0.3854  0.2392  
70       70   (8)      5 :  0.0130  0.0030  0.3490  0.1580  0.4280  0.0490  
71       71  (19)      6 :  0.1672  0.0040  0.1411  0.6827  0.0030  0.0020  
72       72   (6)      6 :  0.1910  0.0050  0.0070  0.7930  0.0030  0.0010  
73       73  (39)      6 :  0.1678  0.0110  0.0270  0.7233  0.0669  0.0040  
74       74  (25)      6 :  0.3230  0.0510  0.0060  0.6120  0.0050  0.0030  
75       75  (16)      6 :  0.0060  0.0150  0.0030  0.9480  0.0100  0.0180  
76       76  (37)      6 :  0.1420  0.1660  0.0860  0.5880  0.0050  0.0130  
77       77   (8)      6 :  0.0070  0.0030  0.0080  0.7920  0.0370  0.1530  
78       78   (9)      6 :  0.0750  0.0020  0.0040  0.9100  0.0060  0.0030  
79       79   (8)      6 :  0.2580  0.0410  0.1050  0.5700  0.0030  0.0230  
80       80   (9)      6 :  0.3037  0.1309  0.1249  0.3596  0.0410  0.0400  
81       81   (9)      6 :  0.2158  0.0030  0.1039  0.4785  0.0060  0.1928  
82       82  (10)      6 :  0.1470  0.0020  0.0040  0.8040  0.0030  0.0400  
83       83   (9)      5 :  0.2090  0.1410  0.3880  0.0090  0.1750  0.0780  
84       84  (29)      7 :  0.1648  0.0090  0.2637  0.0060  0.2627  0.2937  
85       85   (9)      7 :  0.0210  0.0040  0.2100  0.0610  0.0890  0.6150  
86       86  (10)      7 :  0.0130  0.0110  0.1950  0.0100  0.0100  0.7610  
87       87   (9)      7 :  0.3050  0.0530  0.1420  0.0170  0.0140  0.4690  
88       88  (10)      7 :  0.1020  0.0270  0.0170  0.0540  0.0280  0.7720  
89       89  (24)      7 :  0.0890  0.0070  0.8650  0.0060  0.0250  0.0080  
90       90  (11)      7 :  0.0040  0.0020  0.3504  0.0030  0.0110  0.6296  
91       91  (18)      7 :  0.1490  0.0070  0.0110  0.0080  0.3080  0.5170  
92       92  (13)      7 :  0.1090  0.0020  0.3850  0.0060  0.0440  0.4540  
93       93  (10)      7 :  0.0070  0.0020  0.0040  0.0090  0.0570  0.9210  
94       94  (11)      7 :  0.1121  0.0020  0.4515  0.0100  0.4204  0.0040  
95       95   (8)      7 :  0.2302  0.0300  0.1862  0.0020  0.0150  0.5365  
96       96  (23)      7 :  0.0020  0.0010  0.0020  0.0030  0.0070  0.9850  
97       97   (5)      7 :  0.0040  0.0020  0.7810  0.2000  0.0090  0.0040  
