 1        1   (8)      1 :  0.0020  0.9920  0.0020  0.0010  0.0020  0.0010  
 2        2   (9)      1 :  0.0500  0.0070  0.6883  0.0350  0.2158  0.0040  
 3        3   (9)      1 :  0.2460  0.0630  0.4350  0.0020  0.2470  0.0070  
 4        4  (18)      1 :  0.0860  0.0050  0.5590  0.0810  0.2630  0.0060  
 5        5  (22)      1 :  0.0030  0.0020  0.9590  0.0020  0.0300  0.0040  
 6        6   (9)      1 :  0.3480  0.0130  0.0180  0.4150  0.1020  0.1040  
 7        7  (13)      1 :  0.0630  0.0310  0.4510  0.0570  0.3960  0.0020  
 8        8  (14)      1 :  0.0100  0.1270  0.6050  0.2440  0.0110  0.0030  
 9        9   (5)      1 :  0.0811  0.0040  0.3594  0.1622  0.3914  0.0020  
10       10  (10)      1 :  0.0050  0.0020  0.5816  0.1762  0.2312  0.0040  
11       11  (21)      1 :  0.3280  0.0410  0.2640  0.2810  0.0530  0.0330  
12       12   (7)      1 :  0.1381  0.1341  0.3684  0.2533  0.0070  0.0991  
13       13  (26)      1 :  0.0070  0.0020  0.9460  0.0030  0.0400  0.0020  
14       14   (8)      2 :  0.1260  0.0010  0.0030  0.8540  0.0140  0.0020  
15       15   (7)      2 :  0.2687  0.0090  0.0100  0.6184  0.0849  0.0090  
16       16   (8)      2 :  0.9560  0.0050  0.0030  0.0110  0.0230  0.0020  
17       17   (7)      2 :  0.2883  0.0050  0.1722  0.5285  0.0030  0.0030  
18       18  (13)      2 :  0.5020  0.1270  0.1040  0.2430  0.0220  0.0020  
19       19  (16)      2 :  0.7393  0.0040  0.1708  0.0090  0.0120  0.0649  
20       20   (6)      2 :  0.4940  0.0030  0.0030  0.4750  0.0220  0.0030  
21       21   (6)      2 :  0.7530  0.0050  0.0030  0.2330  0.0030  0.0030  
22       22   (8)      2 :  0.2747  0.0060  0.2797  0.3846  0.0360  0.0190  
23       23   (5)      2 :  0.6016  0.0020  0.0931  0.2152  0.0851  0.0030  
24       24  (12)      2 :  0.7652  0.0090  0.0120  0.2088  0.0030  0.0020  
25       25  (10)      2 :  0.0700  0.0020  0.0690  0.8110  0.0370  0.0110  
26       26  (10)      2 :  0.2440  0.0020  0.0020  0.7460  0.0040  0.0020  
27       27  (48)      2 :  0.1978  0.0739  0.0969  0.6214  0.0030  0.0070  
28       28  (20)      2 :  0.8430  0.0060  0.1380  0.0050  0.0060  0.0020  
29       29   (9)      3 :  0.2450  0.0200  0.0040  0.0120  0.7170  0.0020  
30       30   (8)      3 :  0.0010  0.0010  0.0020  0.0010  0.9940  0.0010  
31       31  (19)      3 :  0.0190  0.3816  0.3207  0.1988  0.0749  0.0050  
32       32  (13)      3 :  0.0800  0.3440  0.2680  0.0270  0.2470  0.0340  
33       33   (6)      3 :  0.0020  0.1880  0.5650  0.0940  0.0140  0.1370  
34       34  (10)      3 :  0.2470  0.0330  0.2800  0.0190  0.4170  0.0040  
35       35   (5)      3 :  0.1000  0.1310  0.4810  0.2560  0.0030  0.0290  
36       36  (17)      3 :  0.0420  0.1922  0.7327  0.0090  0.0180  0.0060  
37       37   (8)      3 :  0.0400  0.0210  0.7380  0.1840  0.0100  0.0070  
38       38  (10)      3 :  0.1550  0.0090  0.3330  0.0050  0.4870  0.0110  
39       39  (14)      3 :  0.0790  0.0090  0.1110  0.0780  0.6210  0.1020  
40       40  (15)      3 :  0.0200  0.0260  0.0690  0.0060  0.6860  0.1930  
41       41   (5)      4 :  0.0160  0.0030  0.2088  0.7672  0.0020  0.0030  
42       42   (8)      4 :  0.4850  0.0080  0.0160  0.4630  0.0110  0.0170  
43       43  (17)      4 :  0.9860  0.0080  0.0020  0.0010  0.0010  0.0020  
44       44  (33)      4 :  0.4650  0.0070  0.0330  0.2780  0.0070  0.2100  
45       45  (18)      4 :  0.4640  0.0340  0.0120  0.4690  0.0020  0.0190  
46       46  (15)      4 :  0.5970  0.0100  0.1520  0.0640  0.1620  0.0150  
47       47   (5)      4 :  0.2090  0.0020  0.0060  0.7720  0.0040  0.0070  
48       48  (24)      4 :  0.7093  0.0270  0.0460  0.1808  0.0030  0.0340  
49       49  (32)      4 :  0.4760  0.0030  0.0420  0.4560  0.0190  0.0040  
50       50  (24)      4 :  0.2730  0.0470  0.0150  0.6570  0.0050  0.0030  
51       51  (17)      4 :  0.4530  0.0110  0.0220  0.3670  0.0590  0.0880  
52       52   (6)      4 :  0.3493  0.0030  0.3754  0.2683  0.0020  0.0020  
53       53  (10)      4 :  0.4204  0.0020  0.0651  0.4254  0.0030  0.0841  
54       54  (10)      4 :  0.1031  0.0020  0.4404  0.4464  0.0030  0.0050  
55       55  (26)      5 :  0.4830  0.0060  0.0430  0.0970  0.0260  0.3450  
56       56  (15)      5 :  0.0040  0.0390  0.5870  0.3600  0.0080  0.0020  
57       57  (15)      5 :  0.0250  0.1668  0.6513  0.0140  0.0889  0.0539  
58       58   (5)      5 :  0.0020  0.0230  0.5315  0.0010  0.4406  0.0020  
59       59   (7)      5 :  0.1932  0.0020  0.7928  0.0060  0.0040  0.0020  
60       60   (9)      5 :  0.0550  0.7040  0.0500  0.1400  0.0050  0.0460  
61       61  (17)      5 :  0.2370  0.1090  0.5810  0.0590  0.0070  0.0070  
62       62  (10)      5 :  0.1340  0.2760  0.2550  0.0190  0.3020  0.0140  
63       63  (13)      5 :  0.1349  0.0110  0.5405  0.0939  0.0040  0.2158  
64       64  (15)      5 :  0.2210  0.0720  0.2040  0.1170  0.2970  0.0890  
65       65  (17)      5 :  0.0879  0.0050  0.5365  0.2827  0.0480  0.0400  
66       66  (14)      5 :  0.2048  0.3307  0.3407  0.0280  0.0440  0.0519  
67       67  (12)      5 :  0.2687  0.0490  0.4655  0.0040  0.0090  0.2038  
68       68   (9)      5 :  0.5400  0.2690  0.0240  0.0050  0.1570  0.0050  
69       69  (14)      5 :  0.1380  0.0120  0.3860  0.0800  0.1950  0.1890  
70       70   (8)      5 :  0.0100  0.0050  0.7137  0.2022  0.0120  0.0571  
71       71  (19)      6 :  0.2517  0.0050  0.0310  0.7063  0.0030  0.0030  
72       72   (6)      6 :  0.2790  0.0040  0.0060  0.7070  0.0020  0.0020  
73       73  (39)      6 :  0.1638  0.0200  0.1928  0.6164  0.0040  0.0030  
74       74  (25)      6 :  0.3707  0.0521  0.0070  0.5651  0.0030  0.0020  
75       75  (16)      6 :  0.0070  0.0130  0.0070  0.9290  0.0120  0.0320  
76       76  (37)      6 :  0.2098  0.1528  0.0240  0.5924  0.0030  0.0180  
77       77   (8)      6 :  0.0070  0.0020  0.1820  0.7090  0.0060  0.0940  
78       78   (9)      6 :  0.1490  0.0020  0.0110  0.8320  0.0040  0.0020  
79       79   (8)      6 :  0.3630  0.0420  0.0090  0.5200  0.0030  0.0630  
80       80   (9)      6 :  0.3310  0.1490  0.1720  0.3130  0.0130  0.0220  
81       81   (9)      6 :  0.2460  0.0040  0.1320  0.4270  0.0030  0.1880  
82       82  (10)      6 :  0.0921  0.0020  0.0110  0.8288  0.0130  0.0531  
83       83   (9)      5 :  0.2670  0.1410  0.3890  0.0080  0.0660  0.1290  
84       84  (29)      7 :  0.2010  0.0140  0.3170  0.0050  0.1400  0.3230  
85       85   (9)      7 :  0.0180  0.0050  0.1450  0.0870  0.1220  0.6230  
86       86  (10)      7 :  0.0440  0.0220  0.0340  0.0190  0.0809  0.8002  
87       87   (9)      7 :  0.3290  0.0240  0.1290  0.0120  0.0080  0.4980  
88       88  (10)      7 :  0.0930  0.0240  0.1310  0.0140  0.0030  0.7350  
89       89  (24)      7 :  0.3540  0.0090  0.3220  0.0060  0.1070  0.2020  
90       90  (11)      7 :  0.0090  0.0020  0.2840  0.0050  0.0030  0.6970  
91       91  (18)      7 :  0.1300  0.0070  0.0230  0.0170  0.3460  0.4770  
92       92  (13)      7 :  0.1760  0.0020  0.4750  0.0030  0.0060  0.3380  
93       93  (10)      7 :  0.0060  0.0020  0.0110  0.0150  0.1021  0.8639  
94       94  (11)      7 :  0.4154  0.0020  0.1311  0.0100  0.4354  0.0060  
95       95   (8)      7 :  0.1722  0.0270  0.2082  0.0020  0.0030  0.5876  
96       96  (23)      7 :  0.0010  0.0010  0.0020  0.0030  0.0870  0.9060  
97       97   (5)      7 :  0.0090  0.0040  0.6987  0.1922  0.0200  0.0761  
