 1        1   (8)      1 :  0.0030  0.9790  0.0160  0.0020  
 2        2   (9)      1 :  0.1580  0.0200  0.8150  0.0070  
 3        3   (9)      1 :  0.0060  0.4100  0.5740  0.0100  
 4        4  (18)      1 :  0.1089  0.2218  0.6623  0.0070  
 5        5  (22)      1 :  0.0040  0.0040  0.9840  0.0080  
 6        6   (9)      1 :  0.5854  0.2458  0.0659  0.1029  
 7        7  (13)      1 :  0.0440  0.2060  0.7470  0.0030  
 8        8  (14)      1 :  0.2867  0.1578  0.5524  0.0030  
 9        9   (5)      1 :  0.2160  0.2360  0.5450  0.0030  
10       10  (10)      1 :  0.1880  0.0050  0.7930  0.0140  
11       11  (21)      1 :  0.4380  0.3290  0.1670  0.0660  
12       12   (7)      1 :  0.3010  0.4330  0.0940  0.1720  
13       13  (26)      1 :  0.0060  0.0070  0.9830  0.0040  
14       14   (8)      2 :  0.9860  0.0040  0.0070  0.0030  
15       15   (7)      2 :  0.8260  0.1410  0.0120  0.0210  
16       16   (8)      2 :  0.5540  0.4350  0.0080  0.0030  
17       17   (7)      2 :  0.7150  0.2360  0.0410  0.0080  
18       18  (13)      2 :  0.4720  0.4740  0.0510  0.0030  
19       19  (16)      2 :  0.5075  0.2527  0.0220  0.2178  
20       20   (6)      2 :  0.6550  0.3350  0.0030  0.0070  
21       21   (6)      2 :  0.6180  0.3760  0.0020  0.0040  
22       22   (8)      2 :  0.5055  0.2893  0.0601  0.1451  
23       23   (5)      2 :  0.5724  0.3986  0.0250  0.0040  
24       24  (12)      2 :  0.5930  0.3980  0.0060  0.0030  
25       25  (10)      2 :  0.8640  0.0060  0.1030  0.0270  
26       26  (10)      2 :  0.9860  0.0090  0.0030  0.0020  
27       27  (48)      2 :  0.8810  0.0910  0.0220  0.0060  
28       28  (20)      2 :  0.2328  0.7483  0.0150  0.0040  
29       29   (9)      3 :  0.0150  0.7120  0.2690  0.0040  
30       30   (8)      3 :  0.0050  0.1900  0.8010  0.0040  
31       31  (19)      3 :  0.1021  0.6006  0.2943  0.0030  
32       32  (13)      3 :  0.0210  0.5746  0.3894  0.0150  
33       33   (6)      3 :  0.0140  0.1470  0.6550  0.1840  
34       34  (10)      3 :  0.0450  0.5395  0.4074  0.0080  
35       35   (5)      3 :  0.2740  0.3840  0.2650  0.0770  
36       36  (17)      3 :  0.0150  0.4230  0.5330  0.0290  
37       37   (8)      3 :  0.3200  0.0600  0.5880  0.0320  
38       38  (10)      3 :  0.0080  0.4446  0.5355  0.0120  
39       39  (14)      3 :  0.0390  0.3670  0.4570  0.1370  
40       40  (15)      3 :  0.0050  0.2342  0.5656  0.1952  
41       41   (5)      4 :  0.9050  0.0060  0.0820  0.0070  
42       42   (8)      4 :  0.7210  0.2460  0.0080  0.0250  
43       43  (17)      4 :  0.4190  0.5730  0.0040  0.0040  
44       44  (33)      4 :  0.5030  0.3420  0.0150  0.1400  
45       45  (18)      4 :  0.8320  0.1370  0.0070  0.0240  
46       46  (15)      4 :  0.3914  0.4414  0.1562  0.0110  
47       47   (5)      4 :  0.9740  0.0050  0.0130  0.0080  
48       48  (24)      4 :  0.4590  0.4870  0.0060  0.0480  
49       49  (32)      4 :  0.8970  0.0620  0.0350  0.0060  
50       50  (24)      4 :  0.7540  0.2350  0.0070  0.0040  
51       51  (17)      4 :  0.5410  0.4270  0.0150  0.0170  
52       52   (6)      4 :  0.6116  0.1011  0.2833  0.0040  
53       53  (10)      4 :  0.7660  0.0360  0.0190  0.1790  
54       54  (10)      4 :  0.7230  0.0440  0.1830  0.0500  
55       55  (26)      5 :  0.2990  0.4400  0.0060  0.2550  
56       56  (15)      5 :  0.4294  0.0420  0.5225  0.0060  
57       57  (15)      5 :  0.0190  0.4330  0.5220  0.0260  
58       58   (5)      5 :  0.0020  0.0060  0.9890  0.0030  
59       59   (7)      5 :  0.1339  0.3087  0.5524  0.0050  
60       60   (9)      5 :  0.1030  0.8350  0.0250  0.0370  
61       61  (17)      5 :  0.2492  0.3634  0.3564  0.0310  
62       62  (10)      5 :  0.0170  0.5760  0.3750  0.0320  
63       63  (13)      5 :  0.1440  0.2170  0.3330  0.3060  
64       64  (15)      5 :  0.1880  0.3200  0.3580  0.1340  
65       65  (17)      5 :  0.3353  0.1451  0.4284  0.0911  
66       66  (14)      5 :  0.0700  0.6430  0.2230  0.0640  
67       67  (12)      5 :  0.0060  0.6184  0.0470  0.3287  
68       68   (9)      5 :  0.0250  0.9560  0.0100  0.0090  
69       69  (14)      5 :  0.1249  0.1978  0.4306  0.2468  
70       70   (8)      5 :  0.3240  0.0100  0.5960  0.0700  
71       71  (19)      6 :  0.9640  0.0200  0.0110  0.0050  
72       72   (6)      6 :  0.9880  0.0060  0.0040  0.0020  
73       73  (39)      6 :  0.8700  0.0450  0.0790  0.0060  
74       74  (25)      6 :  0.8779  0.1141  0.0050  0.0030  
75       75  (16)      6 :  0.8770  0.0400  0.0180  0.0650  
76       76  (37)      6 :  0.6853  0.2408  0.0140  0.0599  
77       77   (8)      6 :  0.7420  0.0060  0.0260  0.2260  
78       78   (9)      6 :  0.9820  0.0060  0.0080  0.0040  
79       79   (8)      6 :  0.7153  0.2158  0.0050  0.0639  
80       80   (9)      6 :  0.4950  0.4020  0.0490  0.0540  
81       81   (9)      6 :  0.6923  0.0400  0.0250  0.2428  
82       82  (10)      6 :  0.8680  0.0280  0.0040  0.1000  
83       83   (9)      5 :  0.0170  0.4940  0.2680  0.2210  
84       84  (29)      7 :  0.0190  0.3243  0.2553  0.4014  
85       85   (9)      7 :  0.0970  0.0210  0.1600  0.7220  
86       86  (10)      7 :  0.0190  0.0960  0.0190  0.8660  
87       87   (9)      7 :  0.0620  0.3370  0.0210  0.5800  
88       88  (10)      7 :  0.0470  0.1390  0.0300  0.7840  
89       89  (24)      7 :  0.0100  0.5290  0.0650  0.3960  
90       90  (11)      7 :  0.0070  0.0290  0.0490  0.9150  
91       91  (18)      7 :  0.0230  0.1608  0.2877  0.5285  
92       92  (13)      7 :  0.0160  0.1500  0.1860  0.6480  
93       93  (10)      7 :  0.0180  0.0040  0.0710  0.9070  
94       94  (11)      7 :  0.0671  0.3313  0.4915  0.1101  
95       95   (8)      7 :  0.0070  0.2670  0.0160  0.7100  
96       96  (23)      7 :  0.0030  0.0020  0.0100  0.9850  
97       97   (5)      7 :  0.2460  0.0560  0.3390  0.3590  
