 1        1   (8)      1 :  0.0110  0.9870  0.0020  
 2        2   (9)      1 :  0.1630  0.8190  0.0180  
 3        3   (9)      1 :  0.0760  0.8950  0.0290  
 4        4  (18)      1 :  0.1858  0.8002  0.0140  
 5        5  (22)      1 :  0.0060  0.7960  0.1980  
 6        6   (9)      1 :  0.7200  0.2030  0.0770  
 7        7  (13)      1 :  0.1101  0.8869  0.0030  
 8        8  (14)      1 :  0.3497  0.6464  0.0040  
 9        9   (5)      1 :  0.2348  0.7612  0.0040  
10       10  (10)      1 :  0.2160  0.7300  0.0540  
11       11  (21)      1 :  0.5940  0.3730  0.0330  
12       12   (7)      1 :  0.4350  0.3950  0.1700  
13       13  (26)      1 :  0.0100  0.9600  0.0300  
14       14   (8)      2 :  0.9920  0.0040  0.0040  
15       15   (7)      2 :  0.8910  0.0420  0.0670  
16       16   (8)      2 :  0.9770  0.0200  0.0030  
17       17   (7)      2 :  0.8920  0.0980  0.0100  
18       18  (13)      2 :  0.7050  0.2920  0.0030  
19       19  (16)      2 :  0.6750  0.0530  0.2720  
20       20   (6)      2 :  0.9760  0.0070  0.0170  
21       21   (6)      2 :  0.9870  0.0060  0.0070  
22       22   (8)      2 :  0.6890  0.2700  0.0410  
23       23   (5)      2 :  0.8280  0.1680  0.0040  
24       24  (12)      2 :  0.9790  0.0170  0.0040  
25       25  (10)      2 :  0.9000  0.0400  0.0600  
26       26  (10)      2 :  0.9950  0.0030  0.0020  
27       27  (48)      2 :  0.9710  0.0160  0.0130  
28       28  (20)      2 :  0.7470  0.2500  0.0030  
29       29   (9)      3 :  0.2400  0.7550  0.0050  
30       30   (8)      3 :  0.0060  0.9900  0.0040  
31       31  (19)      3 :  0.2090  0.7870  0.0040  
32       32  (13)      3 :  0.1700  0.8130  0.0170  
33       33   (6)      3 :  0.0170  0.7680  0.2150  
34       34  (10)      3 :  0.2660  0.7290  0.0050  
35       35   (5)      3 :  0.4505  0.5095  0.0400  
36       36  (17)      3 :  0.0740  0.8950  0.0310  
37       37   (8)      3 :  0.3260  0.6440  0.0300  
38       38  (10)      3 :  0.0789  0.8971  0.0240  
39       39  (14)      3 :  0.1460  0.7340  0.1200  
40       40  (15)      3 :  0.0060  0.7780  0.2160  
41       41   (5)      4 :  0.9400  0.0360  0.0240  
42       42   (8)      4 :  0.9660  0.0110  0.0230  
43       43  (17)      4 :  0.9389  0.0541  0.0070  
44       44  (33)      4 :  0.6707  0.0721  0.2573  
45       45  (18)      4 :  0.9200  0.0070  0.0730  
46       46  (15)      4 :  0.6160  0.3690  0.0150  
47       47   (5)      4 :  0.9820  0.0060  0.0120  
48       48  (24)      4 :  0.8282  0.0420  0.1299  
49       49  (32)      4 :  0.9670  0.0290  0.0040  
50       50  (24)      4 :  0.9720  0.0230  0.0050  
51       51  (17)      4 :  0.7660  0.0940  0.1400  
52       52   (6)      4 :  0.6430  0.3510  0.0060  
53       53  (10)      4 :  0.8358  0.0090  0.1552  
54       54  (10)      4 :  0.7063  0.1548  0.1389  
55       55  (26)      5 :  0.5710  0.0400  0.3890  
56       56  (15)      5 :  0.3956  0.5984  0.0060  
57       57  (15)      5 :  0.0599  0.8082  0.1319  
58       58   (5)      5 :  0.0020  0.9950  0.0030  
59       59   (7)      5 :  0.2580  0.7370  0.0050  
60       60   (9)      5 :  0.2987  0.6793  0.0220  
61       61  (17)      5 :  0.3620  0.6080  0.0300  
62       62  (10)      5 :  0.1380  0.8390  0.0230  
63       63  (13)      5 :  0.2112  0.4805  0.3083  
64       64  (15)      5 :  0.2800  0.5910  0.1290  
65       65  (17)      5 :  0.3710  0.5370  0.0920  
66       66  (14)      5 :  0.2272  0.7287  0.0440  
67       67  (12)      5 :  0.0410  0.6567  0.3023  
68       68   (9)      5 :  0.3740  0.6220  0.0040  
69       69  (14)      5 :  0.1670  0.5490  0.2840  
70       70   (8)      5 :  0.2993  0.5716  0.1291  
71       71  (19)      6 :  0.9840  0.0110  0.0050  
72       72   (6)      6 :  0.9940  0.0040  0.0020  
73       73  (39)      6 :  0.9580  0.0350  0.0070  
74       74  (25)      6 :  0.9860  0.0100  0.0040  
75       75  (16)      6 :  0.8929  0.0140  0.0931  
76       76  (37)      6 :  0.8520  0.0650  0.0830  
77       77   (8)      6 :  0.7770  0.0250  0.1980  
78       78   (9)      6 :  0.9870  0.0090  0.0040  
79       79   (8)      6 :  0.8990  0.0110  0.0900  
80       80   (9)      6 :  0.6620  0.3080  0.0300  
81       81   (9)      6 :  0.7320  0.0180  0.2500  
82       82  (10)      6 :  0.8950  0.0050  0.1000  
83       83   (9)      5 :  0.2280  0.5850  0.1870  
84       84  (29)      7 :  0.0711  0.4905  0.4384  
85       85   (9)      7 :  0.0970  0.1990  0.7040  
86       86  (10)      7 :  0.0400  0.1210  0.8390  
87       87   (9)      7 :  0.2540  0.1770  0.5690  
88       88  (10)      7 :  0.1410  0.0540  0.8050  
89       89  (24)      7 :  0.1920  0.4980  0.3100  
90       90  (11)      7 :  0.0090  0.1060  0.8850  
91       91  (18)      7 :  0.0330  0.4076  0.5594  
92       92  (13)      7 :  0.0570  0.3320  0.6110  
93       93  (10)      7 :  0.0170  0.0470  0.9360  
94       94  (11)      7 :  0.1161  0.6557  0.2282  
95       95   (8)      7 :  0.0350  0.1790  0.7860  
96       96  (23)      7 :  0.0030  0.0040  0.9930  
97       97   (5)      7 :  0.2290  0.5260  0.2450  
