 1        1   (8)      1 :  0.8580  0.1420  
 2        2   (9)      1 :  0.8370  0.1630  
 3        3   (9)      1 :  0.9140  0.0860  
 4        4  (18)      1 :  0.8150  0.1850  
 5        5  (22)      1 :  0.9900  0.0100  
 6        6   (9)      1 :  0.1760  0.8240  
 7        7  (13)      1 :  0.8990  0.1010  
 8        8  (14)      1 :  0.5940  0.4060  
 9        9   (5)      1 :  0.7560  0.2440  
10       10  (10)      1 :  0.9030  0.0970  
11       11  (21)      1 :  0.3450  0.6550  
12       12   (7)      1 :  0.3880  0.6120  
13       13  (26)      1 :  0.9780  0.0220  
14       14   (8)      2 :  0.0080  0.9920  
15       15   (7)      2 :  0.0610  0.9390  
16       16   (8)      2 :  0.0090  0.9910  
17       17   (7)      2 :  0.0400  0.9600  
18       18  (13)      2 :  0.1700  0.8300  
19       19  (16)      2 :  0.2320  0.7680  
20       20   (6)      2 :  0.0080  0.9920  
21       21   (6)      2 :  0.0070  0.9930  
22       22   (8)      2 :  0.3340  0.6660  
23       23   (5)      2 :  0.0480  0.9520  
24       24  (12)      2 :  0.0120  0.9880  
25       25  (10)      2 :  0.0710  0.9290  
26       26  (10)      2 :  0.0040  0.9960  
27       27  (48)      2 :  0.0190  0.9810  
28       28  (20)      2 :  0.1060  0.8940  
29       29   (9)      3 :  0.6390  0.3610  
30       30   (8)      3 :  0.9890  0.0110  
31       31  (19)      3 :  0.6850  0.3150  
32       32  (13)      3 :  0.8590  0.1410  
33       33   (6)      3 :  0.9840  0.0160  
34       34  (10)      3 :  0.6900  0.3100  
35       35   (5)      3 :  0.4970  0.5030  
36       36  (17)      3 :  0.9390  0.0610  
37       37   (8)      3 :  0.6730  0.3270  
38       38  (10)      3 :  0.9250  0.0750  
39       39  (14)      3 :  0.8130  0.1870  
40       40  (15)      3 :  0.9840  0.0160  
41       41   (5)      4 :  0.0250  0.9750  
42       42   (8)      4 :  0.0200  0.9800  
43       43  (17)      4 :  0.0150  0.9850  
44       44  (33)      4 :  0.0940  0.9060  
45       45  (18)      4 :  0.0180  0.9820  
46       46  (15)      4 :  0.2720  0.7280  
47       47   (5)      4 :  0.0100  0.9900  
48       48  (24)      4 :  0.0610  0.9390  
49       49  (32)      4 :  0.0100  0.9900  
50       50  (24)      4 :  0.0140  0.9860  
51       51  (17)      4 :  0.1090  0.8910  
52       52   (6)      4 :  0.2190  0.7810  
53       53  (10)      4 :  0.1030  0.8970  
54       54  (10)      4 :  0.1360  0.8640  
55       55  (26)      5 :  0.3360  0.6640  
56       56  (15)      5 :  0.5470  0.4530  
57       57  (15)      5 :  0.9610  0.0390  
58       58   (5)      5 :  0.9960  0.0040  
59       59   (7)      5 :  0.6920  0.3080  
60       60   (9)      5 :  0.5470  0.4530  
61       61  (17)      5 :  0.5410  0.4590  
62       62  (10)      5 :  0.8650  0.1350  
63       63  (13)      5 :  0.6930  0.3070  
64       64  (15)      5 :  0.7040  0.2960  
65       65  (17)      5 :  0.5640  0.4360  
66       66  (14)      5 :  0.6970  0.3030  
67       67  (12)      5 :  0.8520  0.1480  
68       68   (9)      5 :  0.5450  0.4550  
69       69  (14)      5 :  0.7350  0.2650  
70       70   (8)      5 :  0.7740  0.2260  
71       71  (19)      6 :  0.0090  0.9910  
72       72   (6)      6 :  0.0040  0.9960  
73       73  (39)      6 :  0.0290  0.9710  
74       74  (25)      6 :  0.0070  0.9930  
75       75  (16)      6 :  0.0280  0.9720  
76       76  (37)      6 :  0.1230  0.8770  
77       77   (8)      6 :  0.1020  0.8980  
78       78   (9)      6 :  0.0060  0.9940  
79       79   (8)      6 :  0.0560  0.9440  
80       80   (9)      6 :  0.2690  0.7310  
81       81   (9)      6 :  0.2440  0.7560  
82       82  (10)      6 :  0.0110  0.9890  
83       83   (9)      5 :  0.7110  0.2890  
84       84  (29)      7 :  0.8360  0.1640  
85       85   (9)      7 :  0.7790  0.2210  
86       86  (10)      7 :  0.8120  0.1880  
87       87   (9)      7 :  0.6380  0.3620  
88       88  (10)      7 :  0.7590  0.2410  
89       89  (24)      7 :  0.8620  0.1380  
90       90  (11)      7 :  0.9430  0.0570  
91       91  (18)      7 :  0.8660  0.1340  
92       92  (13)      7 :  0.8210  0.1790  
93       93  (10)      7 :  0.8740  0.1260  
94       94  (11)      7 :  0.8580  0.1420  
95       95   (8)      7 :  0.8240  0.1760  
96       96  (23)      7 :  0.9650  0.0350  
97       97   (5)      7 :  0.6870  0.3130  
