 1        1   (8)      1 :  0.0060  0.0020  0.0040  0.0010  0.9870  
 2        2   (9)      1 :  0.0760  0.4760  0.0160  0.0100  0.4220  
 3        3   (9)      1 :  0.0090  0.0140  0.5370  0.0190  0.4210  
 4        4  (18)      1 :  0.0340  0.2500  0.2540  0.0050  0.4570  
 5        5  (22)      1 :  0.0010  0.9940  0.0020  0.0010  0.0020  
 6        6   (9)      1 :  0.5870  0.0180  0.2310  0.0730  0.0910  
 7        7  (13)      1 :  0.0730  0.1810  0.0070  0.0030  0.7360  
 8        8  (14)      1 :  0.2580  0.4270  0.0220  0.0030  0.2900  
 9        9   (5)      1 :  0.1340  0.0090  0.5640  0.0020  0.2910  
10       10  (10)      1 :  0.0170  0.4910  0.2150  0.0070  0.2700  
11       11  (21)      1 :  0.5110  0.0800  0.0780  0.0670  0.2640  
12       12   (7)      1 :  0.2537  0.0609  0.2468  0.1459  0.2927  
13       13  (26)      1 :  0.0030  0.9820  0.0050  0.0020  0.0080  
14       14   (8)      2 :  0.8920  0.0030  0.1000  0.0020  0.0030  
15       15   (7)      2 :  0.7040  0.0040  0.2420  0.0210  0.0290  
16       16   (8)      2 :  0.7910  0.0080  0.1370  0.0030  0.0610  
17       17   (7)      2 :  0.6890  0.0750  0.2260  0.0040  0.0060  
18       18  (13)      2 :  0.5780  0.0020  0.1330  0.0020  0.2850  
19       19  (16)      2 :  0.4835  0.2328  0.2468  0.0180  0.0190  
20       20   (6)      2 :  0.7440  0.0020  0.2300  0.0060  0.0180  
21       21   (6)      2 :  0.7263  0.0020  0.2627  0.0050  0.0040  
22       22   (8)      2 :  0.3734  0.0340  0.5656  0.0130  0.0140  
23       23   (5)      2 :  0.5599  0.0679  0.3583  0.0030  0.0110  
24       24  (12)      2 :  0.6600  0.0060  0.3270  0.0020  0.0050  
25       25  (10)      2 :  0.8470  0.0640  0.0120  0.0550  0.0220  
26       26  (10)      2 :  0.9860  0.0040  0.0030  0.0030  0.0040  
27       27  (48)      2 :  0.7690  0.1870  0.0320  0.0050  0.0070  
28       28  (20)      2 :  0.4306  0.0160  0.5415  0.0020  0.0100  
29       29   (9)      3 :  0.0960  0.0030  0.1390  0.0050  0.7570  
30       30   (8)      3 :  0.0040  0.0070  0.0050  0.0030  0.9810  
31       31  (19)      3 :  0.1542  0.1952  0.0080  0.0030  0.6396  
32       32  (13)      3 :  0.0630  0.0790  0.2580  0.0100  0.5900  
33       33   (6)      3 :  0.0050  0.5165  0.0040  0.1009  0.3736  
34       34  (10)      3 :  0.1522  0.1121  0.1842  0.0050  0.5465  
35       35   (5)      3 :  0.2162  0.1682  0.4164  0.0310  0.1682  
36       36  (17)      3 :  0.0100  0.2130  0.4970  0.0090  0.2710  
37       37   (8)      3 :  0.2152  0.3373  0.3443  0.0130  0.0901  
38       38  (10)      3 :  0.0140  0.0840  0.3110  0.0100  0.5810  
39       39  (14)      3 :  0.0860  0.0350  0.0930  0.1660  0.6200  
40       40  (15)      3 :  0.0050  0.0460  0.0619  0.2368  0.6503  
41       41   (5)      4 :  0.7940  0.1930  0.0070  0.0030  0.0030  
42       42   (8)      4 :  0.7710  0.0070  0.1770  0.0290  0.0160  
43       43  (17)      4 :  0.5714  0.0040  0.4046  0.0050  0.0150  
44       44  (33)      4 :  0.6380  0.1370  0.0060  0.1580  0.0610  
45       45  (18)      4 :  0.8262  0.0180  0.1359  0.0160  0.0040  
46       46  (15)      4 :  0.4900  0.0840  0.2760  0.0230  0.1270  
47       47   (5)      4 :  0.9329  0.0230  0.0220  0.0170  0.0050  
48       48  (24)      4 :  0.6364  0.0839  0.2637  0.0100  0.0060  
49       49  (32)      4 :  0.6070  0.0100  0.3760  0.0030  0.0040  
50       50  (24)      4 :  0.8820  0.0040  0.0160  0.0050  0.0930  
51       51  (17)      4 :  0.6950  0.0090  0.1180  0.1190  0.0590  
52       52   (6)      4 :  0.5570  0.3040  0.1240  0.0030  0.0120  
53       53  (10)      4 :  0.6570  0.0640  0.1940  0.0810  0.0040  
54       54  (10)      4 :  0.4650  0.2460  0.2500  0.0300  0.0090  
55       55  (26)      5 :  0.3886  0.0210  0.3357  0.2498  0.0050  
56       56  (15)      5 :  0.3113  0.3233  0.0200  0.0050  0.3403  
57       57  (15)      5 :  0.0070  0.4166  0.4665  0.0060  0.1039  
58       58   (5)      5 :  0.0020  0.3556  0.0030  0.0030  0.6364  
59       59   (7)      5 :  0.0190  0.0460  0.6360  0.0020  0.2970  
60       60   (9)      5 :  0.2370  0.0160  0.0180  0.0410  0.6880  
61       61  (17)      5 :  0.2210  0.2120  0.3830  0.0110  0.1730  
62       62  (10)      5 :  0.0180  0.0700  0.3500  0.0150  0.5470  
63       63  (13)      5 :  0.0671  0.2833  0.4264  0.2072  0.0160  
64       64  (15)      5 :  0.0960  0.0310  0.3570  0.1720  0.3440  
65       65  (17)      5 :  0.1998  0.3137  0.3906  0.0330  0.0629  
66       66  (14)      5 :  0.1390  0.0930  0.3060  0.0180  0.4440  
67       67  (12)      5 :  0.0040  0.0030  0.9460  0.0270  0.0200  
68       68   (9)      5 :  0.0701  0.0020  0.5165  0.0030  0.4084  
69       69  (14)      5 :  0.0800  0.3040  0.1720  0.2130  0.2310  
70       70   (8)      5 :  0.0749  0.4765  0.3936  0.0100  0.0450  
71       71  (19)      6 :  0.7512  0.0190  0.2208  0.0040  0.0050  
72       72   (6)      6 :  0.9750  0.0040  0.0150  0.0020  0.0040  
73       73  (39)      6 :  0.7680  0.2130  0.0100  0.0040  0.0050  
74       74  (25)      6 :  0.8850  0.0960  0.0060  0.0030  0.0100  
75       75  (16)      6 :  0.8080  0.0500  0.0070  0.1140  0.0210  
76       76  (37)      6 :  0.6787  0.0370  0.1932  0.0460  0.0450  
77       77   (8)      6 :  0.6703  0.0210  0.0430  0.2557  0.0100  
78       78   (9)      6 :  0.9490  0.0340  0.0080  0.0050  0.0040  
79       79   (8)      6 :  0.7600  0.0030  0.1490  0.0760  0.0120  
80       80   (9)      6 :  0.5410  0.0050  0.2200  0.0150  0.2190  
81       81   (9)      6 :  0.5455  0.0871  0.1652  0.1972  0.0050  
82       82  (10)      6 :  0.8510  0.0080  0.0090  0.1280  0.0040  
83       83   (9)      5 :  0.0300  0.1502  0.4615  0.0961  0.2623  
84       84  (29)      7 :  0.0170  0.2068  0.3636  0.3297  0.0829  
85       85   (9)      7 :  0.0460  0.0790  0.1980  0.6480  0.0290  
86       86  (10)      7 :  0.0080  0.0060  0.2108  0.7532  0.0220  
87       87   (9)      7 :  0.1822  0.0270  0.2192  0.5275  0.0440  
88       88  (10)      7 :  0.0609  0.1738  0.0589  0.6973  0.0090  
89       89  (24)      7 :  0.0140  0.0370  0.9280  0.0090  0.0120  
90       90  (11)      7 :  0.0030  0.0430  0.3277  0.6234  0.0030  
91       91  (18)      7 :  0.0480  0.0160  0.0720  0.5370  0.3270  
92       92  (13)      7 :  0.0090  0.2268  0.4176  0.3407  0.0060  
93       93  (10)      7 :  0.0100  0.0060  0.0110  0.9540  0.0190  
94       94  (11)      7 :  0.0140  0.2220  0.5900  0.0070  0.1670  
95       95   (8)      7 :  0.0080  0.1340  0.2630  0.5820  0.0130  
96       96  (23)      7 :  0.0020  0.0020  0.0020  0.9910  0.0030  
97       97   (5)      7 :  0.0320  0.1430  0.7850  0.0290  0.0110  
