 1        1   (8)      1 :  0.0060  0.0080  0.0590  0.0020  0.9250  
 2        2   (9)      1 :  0.0390  0.5860  0.0910  0.0080  0.2760  
 3        3   (9)      1 :  0.0030  0.4266  0.2827  0.0090  0.2787  
 4        4  (18)      1 :  0.0591  0.4254  0.1391  0.0070  0.3694  
 5        5  (22)      1 :  0.0020  0.9860  0.0040  0.0030  0.0050  
 6        6   (9)      1 :  0.3576  0.0330  0.3946  0.1149  0.0999  
 7        7  (13)      1 :  0.0440  0.3303  0.0671  0.0030  0.5556  
 8        8  (14)      1 :  0.3040  0.4560  0.0300  0.0030  0.2070  
 9        9   (5)      1 :  0.1570  0.3740  0.1130  0.0030  0.3530  
10       10  (10)      1 :  0.1820  0.5490  0.0070  0.0050  0.2570  
11       11  (21)      1 :  0.2980  0.1330  0.3270  0.0340  0.2080  
12       12   (7)      1 :  0.2883  0.2182  0.2072  0.1011  0.1852  
13       13  (26)      1 :  0.0040  0.9660  0.0110  0.0030  0.0160  
14       14   (8)      2 :  0.8360  0.0050  0.1520  0.0020  0.0050  
15       15   (7)      2 :  0.6533  0.0100  0.2587  0.0150  0.0629  
16       16   (8)      2 :  0.0210  0.0030  0.9431  0.0030  0.0300  
17       17   (7)      2 :  0.4690  0.1510  0.3710  0.0040  0.0050  
18       18  (13)      2 :  0.2710  0.0070  0.4950  0.0020  0.2250  
19       19  (16)      2 :  0.0090  0.2452  0.7167  0.0250  0.0040  
20       20   (6)      2 :  0.4326  0.0030  0.5455  0.0050  0.0140  
21       21   (6)      2 :  0.1582  0.0020  0.8338  0.0030  0.0030  
22       22   (8)      2 :  0.3798  0.2275  0.3106  0.0311  0.0511  
23       23   (5)      2 :  0.1888  0.1628  0.6364  0.0030  0.0090  
24       24  (12)      2 :  0.1800  0.0190  0.7930  0.0030  0.0050  
25       25  (10)      2 :  0.7822  0.0949  0.0819  0.0280  0.0130  
26       26  (10)      2 :  0.7180  0.0020  0.2750  0.0020  0.0030  
27       27  (48)      2 :  0.6430  0.1010  0.2430  0.0050  0.0080  
28       28  (20)      2 :  0.0070  0.1520  0.8330  0.0020  0.0060  
29       29   (9)      3 :  0.0040  0.0050  0.3720  0.0030  0.6160  
30       30   (8)      3 :  0.0040  0.0160  0.0070  0.0030  0.9700  
31       31  (19)      3 :  0.1760  0.2410  0.0790  0.0030  0.5010  
32       32  (13)      3 :  0.0270  0.2132  0.1942  0.0130  0.5526  
33       33   (6)      3 :  0.0740  0.5050  0.0020  0.1280  0.2910  
34       34  (10)      3 :  0.0210  0.2172  0.3293  0.0060  0.4264  
35       35   (5)      3 :  0.1490  0.4520  0.2570  0.0230  0.1190  
36       36  (17)      3 :  0.0110  0.6100  0.1180  0.0150  0.2460  
37       37   (8)      3 :  0.1690  0.6710  0.1240  0.0080  0.0280  
38       38  (10)      3 :  0.0070  0.2870  0.2130  0.0110  0.4820  
39       39  (14)      3 :  0.0800  0.0540  0.1110  0.1440  0.6110  
40       40  (15)      3 :  0.0060  0.0950  0.0330  0.2040  0.6620  
41       41   (5)      4 :  0.8092  0.1738  0.0110  0.0030  0.0030  
42       42   (8)      4 :  0.4530  0.0120  0.5010  0.0230  0.0110  
43       43  (17)      4 :  0.0020  0.0030  0.9900  0.0020  0.0030  
44       44  (33)      4 :  0.2390  0.0760  0.4780  0.1920  0.0150  
45       45  (18)      4 :  0.4450  0.0290  0.5050  0.0180  0.0030  
46       46  (15)      4 :  0.0589  0.2128  0.6044  0.0230  0.1009  
47       47   (5)      4 :  0.7960  0.0160  0.1760  0.0070  0.0050  
48       48  (24)      4 :  0.2152  0.0531  0.6757  0.0480  0.0080  
49       49  (32)      4 :  0.4194  0.1351  0.4384  0.0030  0.0040  
50       50  (24)      4 :  0.6517  0.0100  0.3143  0.0050  0.0190  
51       51  (17)      4 :  0.3300  0.0550  0.5120  0.0520  0.0510  
52       52   (6)      4 :  0.2880  0.3710  0.3340  0.0020  0.0050  
53       53  (10)      4 :  0.4294  0.1101  0.3934  0.0641  0.0030  
54       54  (10)      4 :  0.4250  0.3450  0.2000  0.0240  0.0060  
55       55  (26)      5 :  0.0939  0.1019  0.5155  0.2807  0.0080  
56       56  (15)      5 :  0.3840  0.4940  0.0070  0.0040  0.1110  
57       57  (15)      5 :  0.0140  0.7340  0.1100  0.0210  0.1210  
58       58   (5)      5 :  0.0020  0.4010  0.0020  0.0030  0.5920  
59       59   (7)      5 :  0.0130  0.5556  0.2873  0.0030  0.1411  
60       60   (9)      5 :  0.1230  0.0130  0.2310  0.0410  0.5920  
61       61  (17)      5 :  0.0601  0.5125  0.2763  0.0140  0.1371  
62       62  (10)      5 :  0.0260  0.2402  0.1742  0.0210  0.5385  
63       63  (13)      5 :  0.1131  0.5225  0.1522  0.2032  0.0090  
64       64  (15)      5 :  0.1500  0.1370  0.2150  0.1060  0.3920  
65       65  (17)      5 :  0.2730  0.5180  0.1340  0.0330  0.0420  
66       66  (14)      5 :  0.0500  0.2850  0.2270  0.0350  0.4030  
67       67  (12)      5 :  0.0070  0.4234  0.2683  0.1992  0.1021  
68       68   (9)      5 :  0.0040  0.0100  0.5560  0.0050  0.4250  
69       69  (14)      5 :  0.0792  0.3637  0.1563  0.2024  0.1984  
70       70   (8)      5 :  0.1990  0.6690  0.0770  0.0240  0.0310  
71       71  (19)      6 :  0.6356  0.0781  0.2773  0.0040  0.0050  
72       72   (6)      6 :  0.6890  0.0050  0.3000  0.0020  0.0040  
73       73  (39)      6 :  0.6160  0.1880  0.1860  0.0040  0.0060  
74       74  (25)      6 :  0.5876  0.0160  0.3864  0.0040  0.0060  
75       75  (16)      6 :  0.9300  0.0090  0.0120  0.0190  0.0300  
76       76  (37)      6 :  0.5720  0.0320  0.2960  0.0410  0.0590  
77       77   (8)      6 :  0.7443  0.1299  0.0080  0.1119  0.0060  
78       78   (9)      6 :  0.8100  0.0110  0.1720  0.0040  0.0030  
79       79   (8)      6 :  0.4905  0.0080  0.3994  0.0921  0.0100  
80       80   (9)      6 :  0.3320  0.0500  0.3870  0.0220  0.2090  
81       81   (9)      6 :  0.4236  0.1209  0.2847  0.1668  0.0040  
82       82  (10)      6 :  0.7350  0.0110  0.1660  0.0820  0.0060  
83       83   (9)      5 :  0.0090  0.3700  0.2860  0.1220  0.2130  
84       84  (29)      7 :  0.0070  0.3310  0.2460  0.3250  0.0910  
85       85   (9)      7 :  0.0750  0.2230  0.0310  0.6390  0.0320  
86       86  (10)      7 :  0.0140  0.0370  0.0629  0.7992  0.0869  
87       87   (9)      7 :  0.0150  0.1129  0.3227  0.5215  0.0280  
88       88  (10)      7 :  0.0210  0.1040  0.1750  0.6950  0.0050  
89       89  (24)      7 :  0.0080  0.4770  0.3980  0.0940  0.0230  
90       90  (11)      7 :  0.0050  0.2900  0.0120  0.6890  0.0040  
91       91  (18)      7 :  0.0160  0.0180  0.1360  0.5080  0.3220  
92       92  (13)      7 :  0.0040  0.4150  0.2080  0.3680  0.0050  
93       93  (10)      7 :  0.0190  0.0210  0.0150  0.9150  0.0300  
94       94  (11)      7 :  0.0140  0.3540  0.3260  0.0110  0.2950  
95       95   (8)      7 :  0.0030  0.2050  0.2030  0.5800  0.0090  
96       96  (23)      7 :  0.0040  0.0030  0.0020  0.9830  0.0080  
97       97   (5)      7 :  0.2707  0.6833  0.0110  0.0270  0.0080  
