 1        1   (8)      1 :  0.9090  0.0910  
 2        2   (9)      1 :  0.8980  0.1020  
 3        3   (9)      1 :  0.9480  0.0520  
 4        4  (18)      1 :  0.8280  0.1720  
 5        5  (22)      1 :  0.9910  0.0090  
 6        6   (9)      1 :  0.2130  0.7870  
 7        7  (13)      1 :  0.9050  0.0950  
 8        8  (14)      1 :  0.5980  0.4020  
 9        9   (5)      1 :  0.7550  0.2450  
10       10  (10)      1 :  0.9010  0.0990  
11       11  (21)      1 :  0.3760  0.6240  
12       12   (7)      1 :  0.4020  0.5980  
13       13  (26)      1 :  0.9850  0.0150  
14       14   (8)      2 :  0.0090  0.9910  
15       15   (7)      2 :  0.0390  0.9610  
16       16   (8)      2 :  0.0090  0.9910  
17       17   (7)      2 :  0.0460  0.9540  
18       18  (13)      2 :  0.2040  0.7960  
19       19  (16)      2 :  0.2010  0.7990  
20       20   (6)      2 :  0.0090  0.9910  
21       21   (6)      2 :  0.0070  0.9930  
22       22   (8)      2 :  0.2950  0.7050  
23       23   (5)      2 :  0.0790  0.9210  
24       24  (12)      2 :  0.0140  0.9860  
25       25  (10)      2 :  0.0670  0.9330  
26       26  (10)      2 :  0.0040  0.9960  
27       27  (48)      2 :  0.0190  0.9810  
28       28  (20)      2 :  0.1760  0.8240  
29       29   (9)      3 :  0.6570  0.3430  
30       30   (8)      3 :  0.9910  0.0090  
31       31  (19)      3 :  0.7290  0.2710  
32       32  (13)      3 :  0.8580  0.1420  
33       33   (6)      3 :  0.9830  0.0170  
34       34  (10)      3 :  0.6910  0.3090  
35       35   (5)      3 :  0.5430  0.4570  
36       36  (17)      3 :  0.9020  0.0980  
37       37   (8)      3 :  0.7000  0.3000  
38       38  (10)      3 :  0.9350  0.0650  
39       39  (14)      3 :  0.8440  0.1560  
40       40  (15)      3 :  0.9860  0.0140  
41       41   (5)      4 :  0.0160  0.9840  
42       42   (8)      4 :  0.0220  0.9780  
43       43  (17)      4 :  0.0170  0.9830  
44       44  (33)      4 :  0.1290  0.8710  
45       45  (18)      4 :  0.0210  0.9790  
46       46  (15)      4 :  0.3240  0.6760  
47       47   (5)      4 :  0.0090  0.9910  
48       48  (24)      4 :  0.0620  0.9380  
49       49  (32)      4 :  0.0150  0.9850  
50       50  (24)      4 :  0.0150  0.9850  
51       51  (17)      4 :  0.1380  0.8620  
52       52   (6)      4 :  0.2320  0.7680  
53       53  (10)      4 :  0.0840  0.9160  
54       54  (10)      4 :  0.2280  0.7720  
55       55  (26)      5 :  0.3670  0.6330  
56       56  (15)      5 :  0.5290  0.4710  
57       57  (15)      5 :  0.9700  0.0300  
58       58   (5)      5 :  0.9960  0.0040  
59       59   (7)      5 :  0.7180  0.2820  
60       60   (9)      5 :  0.5760  0.4240  
61       61  (17)      5 :  0.5540  0.4460  
62       62  (10)      5 :  0.9040  0.0960  
63       63  (13)      5 :  0.7070  0.2930  
64       64  (15)      5 :  0.7020  0.2980  
65       65  (17)      5 :  0.6070  0.3930  
66       66  (14)      5 :  0.7270  0.2730  
67       67  (12)      5 :  0.9180  0.0820  
68       68   (9)      5 :  0.5720  0.4280  
69       69  (14)      5 :  0.7470  0.2530  
70       70   (8)      5 :  0.7700  0.2300  
71       71  (19)      6 :  0.0080  0.9920  
72       72   (6)      6 :  0.0040  0.9960  
73       73  (39)      6 :  0.0210  0.9790  
74       74  (25)      6 :  0.0070  0.9930  
75       75  (16)      6 :  0.0560  0.9440  
76       76  (37)      6 :  0.1330  0.8670  
77       77   (8)      6 :  0.1350  0.8650  
78       78   (9)      6 :  0.0060  0.9940  
79       79   (8)      6 :  0.0720  0.9280  
80       80   (9)      6 :  0.2760  0.7240  
81       81   (9)      6 :  0.2520  0.7480  
82       82  (10)      6 :  0.0150  0.9850  
83       83   (9)      5 :  0.7800  0.2200  
84       84  (29)      7 :  0.8530  0.1470  
85       85   (9)      7 :  0.7960  0.2040  
86       86  (10)      7 :  0.8290  0.1710  
87       87   (9)      7 :  0.6450  0.3550  
88       88  (10)      7 :  0.7340  0.2660  
89       89  (24)      7 :  0.8250  0.1750  
90       90  (11)      7 :  0.9450  0.0550  
91       91  (18)      7 :  0.8660  0.1340  
92       92  (13)      7 :  0.8570  0.1430  
93       93  (10)      7 :  0.8540  0.1460  
94       94  (11)      7 :  0.8550  0.1450  
95       95   (8)      7 :  0.8310  0.1690  
96       96  (23)      7 :  0.9570  0.0430  
97       97   (5)      7 :  0.6730  0.3270  
