 1        1   (8)      1 :  0.0070  0.9910  0.0020  
 2        2   (9)      1 :  0.1632  0.8248  0.0120  
 3        3   (9)      1 :  0.0720  0.9050  0.0230  
 4        4  (18)      1 :  0.1470  0.8410  0.0120  
 5        5  (22)      1 :  0.0060  0.8320  0.1620  
 6        6   (9)      1 :  0.7220  0.1650  0.1130  
 7        7  (13)      1 :  0.0590  0.9380  0.0030  
 8        8  (14)      1 :  0.2640  0.7320  0.0040  
 9        9   (5)      1 :  0.2280  0.7680  0.0040  
10       10  (10)      1 :  0.2020  0.7540  0.0440  
11       11  (21)      1 :  0.5930  0.3640  0.0430  
12       12   (7)      1 :  0.4360  0.4040  0.1600  
13       13  (26)      1 :  0.0080  0.9670  0.0250  
14       14   (8)      2 :  0.9940  0.0040  0.0020  
15       15   (7)      2 :  0.9240  0.0470  0.0290  
16       16   (8)      2 :  0.9860  0.0110  0.0030  
17       17   (7)      2 :  0.9390  0.0520  0.0090  
18       18  (13)      2 :  0.6970  0.3000  0.0030  
19       19  (16)      2 :  0.6660  0.0680  0.2660  
20       20   (6)      2 :  0.9830  0.0070  0.0100  
21       21   (6)      2 :  0.9880  0.0060  0.0060  
22       22   (8)      2 :  0.6446  0.2933  0.0621  
23       23   (5)      2 :  0.8152  0.1788  0.0060  
24       24  (12)      2 :  0.9820  0.0140  0.0040  
25       25  (10)      2 :  0.9190  0.0440  0.0370  
26       26  (10)      2 :  0.9950  0.0030  0.0020  
27       27  (48)      2 :  0.9660  0.0230  0.0110  
28       28  (20)      2 :  0.7210  0.2760  0.0030  
29       29   (9)      3 :  0.2340  0.7610  0.0050  
30       30   (8)      3 :  0.0060  0.9900  0.0040  
31       31  (19)      3 :  0.2180  0.7780  0.0040  
32       32  (13)      3 :  0.1030  0.8290  0.0680  
33       33   (6)      3 :  0.0210  0.7860  0.1930  
34       34  (10)      3 :  0.2182  0.7768  0.0050  
35       35   (5)      3 :  0.4310  0.5150  0.0540  
36       36  (17)      3 :  0.0270  0.9630  0.0100  
37       37   (8)      3 :  0.3103  0.6667  0.0230  
38       38  (10)      3 :  0.0500  0.9291  0.0210  
39       39  (14)      3 :  0.0820  0.7670  0.1510  
40       40  (15)      3 :  0.0050  0.7568  0.2382  
41       41   (5)      4 :  0.9320  0.0530  0.0150  
42       42   (8)      4 :  0.9489  0.0200  0.0310  
43       43  (17)      4 :  0.9560  0.0340  0.0100  
44       44  (33)      4 :  0.7140  0.0500  0.2360  
45       45  (18)      4 :  0.9680  0.0060  0.0260  
46       46  (15)      4 :  0.6334  0.3566  0.0100  
47       47   (5)      4 :  0.9860  0.0050  0.0090  
48       48  (24)      4 :  0.8370  0.0660  0.0970  
49       49  (32)      4 :  0.9760  0.0180  0.0060  
50       50  (24)      4 :  0.9740  0.0210  0.0050  
51       51  (17)      4 :  0.8030  0.0650  0.1320  
52       52   (6)      4 :  0.6810  0.3120  0.0070  
53       53  (10)      4 :  0.8330  0.0100  0.1570  
54       54  (10)      4 :  0.7233  0.2547  0.0220  
55       55  (26)      5 :  0.5460  0.0440  0.4100  
56       56  (15)      5 :  0.4124  0.5826  0.0050  
57       57  (15)      5 :  0.0390  0.8200  0.1410  
58       58   (5)      5 :  0.0010  0.9960  0.0030  
59       59   (7)      5 :  0.2230  0.7730  0.0040  
60       60   (9)      5 :  0.2970  0.6830  0.0200  
61       61  (17)      5 :  0.3620  0.6210  0.0170  
62       62  (10)      5 :  0.0799  0.8971  0.0230  
63       63  (13)      5 :  0.2190  0.4680  0.3130  
64       64  (15)      5 :  0.2657  0.6094  0.1249  
65       65  (17)      5 :  0.3810  0.5260  0.0930  
66       66  (14)      5 :  0.2062  0.7437  0.0501  
67       67  (12)      5 :  0.0280  0.6620  0.3100  
68       68   (9)      5 :  0.3340  0.6600  0.0060  
69       69  (14)      5 :  0.1600  0.5610  0.2790  
70       70   (8)      5 :  0.2050  0.5850  0.2100  
71       71  (19)      6 :  0.9870  0.0080  0.0050  
72       72   (6)      6 :  0.9940  0.0040  0.0020  
73       73  (39)      6 :  0.9080  0.0860  0.0060  
74       74  (25)      6 :  0.9900  0.0060  0.0040  
75       75  (16)      6 :  0.8840  0.0100  0.1060  
76       76  (37)      6 :  0.8320  0.0880  0.0800  
77       77   (8)      6 :  0.7760  0.0240  0.2000  
78       78   (9)      6 :  0.9900  0.0070  0.0030  
79       79   (8)      6 :  0.9080  0.0130  0.0790  
80       80   (9)      6 :  0.6444  0.3157  0.0400  
81       81   (9)      6 :  0.7060  0.0300  0.2640  
82       82  (10)      6 :  0.9300  0.0060  0.0640  
83       83   (9)      5 :  0.1960  0.6200  0.1840  
84       84  (29)      7 :  0.0320  0.5100  0.4580  
85       85   (9)      7 :  0.0629  0.1928  0.7443  
86       86  (10)      7 :  0.0270  0.0910  0.8820  
87       87   (9)      7 :  0.2580  0.1610  0.5810  
88       88  (10)      7 :  0.0730  0.0590  0.8680  
89       89  (24)      7 :  0.1041  0.4635  0.4324  
90       90  (11)      7 :  0.0090  0.0869  0.9041  
91       91  (18)      7 :  0.0350  0.4370  0.5280  
92       92  (13)      7 :  0.0390  0.3780  0.5830  
93       93  (10)      7 :  0.0120  0.0330  0.9550  
94       94  (11)      7 :  0.1309  0.6454  0.2238  
95       95   (8)      7 :  0.0240  0.1360  0.8400  
96       96  (23)      7 :  0.0030  0.0040  0.9930  
97       97   (5)      7 :  0.1220  0.5740  0.3040  
