 1        1   (8)      1 :  0.0020  0.9870  0.0070  0.0010  0.0030  
 2        2   (9)      1 :  0.0561  0.5756  0.0430  0.0060  0.3193  
 3        3   (9)      1 :  0.0040  0.0160  0.2830  0.0060  0.6910  
 4        4  (18)      1 :  0.0811  0.3373  0.1161  0.0150  0.4505  
 5        5  (22)      1 :  0.0060  0.6610  0.0080  0.1010  0.2240  
 6        6   (9)      1 :  0.3560  0.0700  0.4310  0.0760  0.0670  
 7        7  (13)      1 :  0.0400  0.4815  0.0739  0.0030  0.4016  
 8        8  (14)      1 :  0.2503  0.5916  0.0160  0.0030  0.1391  
 9        9   (5)      1 :  0.2160  0.0060  0.0230  0.0020  0.7530  
10       10  (10)      1 :  0.2230  0.4140  0.0070  0.0070  0.3490  
11       11  (21)      1 :  0.2830  0.1930  0.3160  0.0450  0.1630  
12       12   (7)      1 :  0.2302  0.3774  0.1682  0.1131  0.1111  
13       13  (26)      1 :  0.0050  0.6226  0.0310  0.0130  0.3283  
14       14   (8)      2 :  0.8540  0.0020  0.1210  0.0020  0.0210  
15       15   (7)      2 :  0.6410  0.0090  0.1990  0.0110  0.1400  
16       16   (8)      2 :  0.0220  0.0040  0.9459  0.0020  0.0260  
17       17   (7)      2 :  0.4010  0.2280  0.3640  0.0040  0.0030  
18       18  (13)      2 :  0.2850  0.0190  0.5350  0.0020  0.1590  
19       19  (16)      2 :  0.0130  0.0150  0.7960  0.1700  0.0060  
20       20   (6)      2 :  0.4460  0.0050  0.5310  0.0110  0.0070  
21       21   (6)      2 :  0.2530  0.0030  0.7340  0.0050  0.0050  
22       22   (8)      2 :  0.3730  0.2130  0.3120  0.0240  0.0780  
23       23   (5)      2 :  0.1910  0.0900  0.6940  0.0030  0.0220  
24       24  (12)      2 :  0.1700  0.0140  0.8070  0.0030  0.0060  
25       25  (10)      2 :  0.8280  0.0050  0.0560  0.0080  0.1030  
26       26  (10)      2 :  0.7090  0.0030  0.2820  0.0020  0.0040  
27       27  (48)      2 :  0.6500  0.0760  0.2520  0.0130  0.0090  
28       28  (20)      2 :  0.0060  0.1918  0.7952  0.0020  0.0050  
29       29   (9)      3 :  0.0070  0.0440  0.4374  0.0030  0.5085  
30       30   (8)      3 :  0.0040  0.0070  0.0060  0.0020  0.9810  
31       31  (19)      3 :  0.1031  0.7748  0.1101  0.0040  0.0080  
32       32  (13)      3 :  0.0100  0.5596  0.1241  0.0360  0.2703  
33       33   (6)      3 :  0.0529  0.6643  0.0020  0.1489  0.1319  
34       34  (10)      3 :  0.0160  0.3157  0.3497  0.0080  0.3107  
35       35   (5)      3 :  0.1370  0.6140  0.2130  0.0300  0.0060  
36       36  (17)      3 :  0.0080  0.8180  0.0350  0.0150  0.1240  
37       37   (8)      3 :  0.1091  0.6767  0.1391  0.0270  0.0480  
38       38  (10)      3 :  0.0070  0.2070  0.2110  0.0280  0.5470  
39       39  (14)      3 :  0.0921  0.2022  0.1041  0.0911  0.5105  
40       40  (15)      3 :  0.0080  0.0780  0.0510  0.1930  0.6700  
41       41   (5)      4 :  0.8178  0.1662  0.0110  0.0030  0.0020  
42       42   (8)      4 :  0.4450  0.0220  0.4960  0.0290  0.0080  
43       43  (17)      4 :  0.0020  0.0040  0.9880  0.0030  0.0030  
44       44  (33)      4 :  0.2663  0.0541  0.5706  0.1051  0.0040  
45       45  (18)      4 :  0.4930  0.0210  0.4540  0.0290  0.0030  
46       46  (15)      4 :  0.0530  0.1600  0.6290  0.0190  0.1390  
47       47   (5)      4 :  0.7862  0.0100  0.1908  0.0080  0.0050  
48       48  (24)      4 :  0.1800  0.1610  0.6480  0.0090  0.0020  
49       49  (32)      4 :  0.4030  0.0140  0.5480  0.0050  0.0300  
50       50  (24)      4 :  0.6050  0.0670  0.3120  0.0050  0.0110  
51       51  (17)      4 :  0.3033  0.1011  0.5395  0.0450  0.0110  
52       52   (6)      4 :  0.2940  0.3460  0.3500  0.0050  0.0050  
53       53  (10)      4 :  0.4130  0.0150  0.4320  0.1350  0.0050  
54       54  (10)      4 :  0.3724  0.3604  0.2432  0.0170  0.0070  
55       55  (26)      5 :  0.1020  0.0850  0.5260  0.2780  0.0090  
56       56  (15)      5 :  0.2577  0.6883  0.0060  0.0040  0.0440  
57       57  (15)      5 :  0.0100  0.7200  0.0170  0.1860  0.0670  
58       58   (5)      5 :  0.0020  0.3407  0.0020  0.0030  0.6523  
59       59   (7)      5 :  0.1190  0.0950  0.2560  0.0060  0.5240  
60       60   (9)      5 :  0.0160  0.7970  0.1760  0.0080  0.0030  
61       61  (17)      5 :  0.1271  0.5676  0.1992  0.0170  0.0891  
62       62  (10)      5 :  0.0200  0.5410  0.1290  0.0170  0.2930  
63       63  (13)      5 :  0.0759  0.4266  0.1259  0.3347  0.0370  
64       64  (15)      5 :  0.1450  0.2370  0.1870  0.0840  0.3470  
65       65  (17)      5 :  0.2620  0.4980  0.1180  0.1010  0.0210  
66       66  (14)      5 :  0.0601  0.6226  0.1792  0.0691  0.0691  
67       67  (12)      5 :  0.0060  0.4600  0.1810  0.3030  0.0500  
68       68   (9)      5 :  0.0060  0.4330  0.5360  0.0050  0.0200  
69       69  (14)      5 :  0.0719  0.3217  0.1399  0.2488  0.2178  
70       70   (8)      5 :  0.1351  0.3594  0.0310  0.3023  0.1722  
71       71  (19)      6 :  0.6570  0.0200  0.3120  0.0060  0.0050  
72       72   (6)      6 :  0.7230  0.0110  0.2610  0.0020  0.0030  
73       73  (39)      6 :  0.6304  0.2757  0.0829  0.0050  0.0060  
74       74  (25)      6 :  0.6204  0.0310  0.3407  0.0040  0.0040  
75       75  (16)      6 :  0.8990  0.0540  0.0110  0.0270  0.0090  
76       76  (37)      6 :  0.5215  0.2272  0.2202  0.0260  0.0050  
77       77   (8)      6 :  0.7562  0.0879  0.0100  0.1019  0.0440  
78       78   (9)      6 :  0.8770  0.0100  0.1060  0.0030  0.0040  
79       79   (8)      6 :  0.5145  0.0480  0.3806  0.0529  0.0040  
80       80   (9)      6 :  0.2970  0.1990  0.3650  0.0360  0.1030  
81       81   (9)      6 :  0.4510  0.0480  0.2700  0.2230  0.0080  
82       82  (10)      6 :  0.7467  0.0080  0.1872  0.0551  0.0030  
83       83   (9)      5 :  0.0050  0.4735  0.2767  0.1568  0.0879  
84       84  (29)      7 :  0.0060  0.3257  0.2328  0.3896  0.0460  
85       85   (9)      7 :  0.1091  0.0130  0.0240  0.6737  0.1802  
86       86  (10)      7 :  0.0170  0.0130  0.0430  0.8270  0.1000  
87       87   (9)      7 :  0.0090  0.2130  0.3260  0.4470  0.0050  
88       88  (10)      7 :  0.0180  0.2230  0.0900  0.6660  0.0030  
89       89  (24)      7 :  0.0060  0.2610  0.3810  0.3240  0.0280  
90       90  (11)      7 :  0.0070  0.0610  0.0310  0.8890  0.0120  
91       91  (18)      7 :  0.0200  0.0340  0.1240  0.4770  0.3450  
92       92  (13)      7 :  0.0050  0.1490  0.2510  0.5810  0.0140  
93       93  (10)      7 :  0.0260  0.0050  0.0080  0.8080  0.1530  
94       94  (11)      7 :  0.0200  0.0240  0.3990  0.0400  0.5170  
95       95   (8)      7 :  0.0030  0.2002  0.1942  0.5996  0.0030  
96       96  (23)      7 :  0.0040  0.0020  0.0020  0.9069  0.0851  
97       97   (5)      7 :  0.2070  0.3180  0.0270  0.3340  0.1140  
