 1        1   (8)      1 :  0.9520  0.0480  
 2        2   (9)      1 :  0.8840  0.1160  
 3        3   (9)      1 :  0.9260  0.0740  
 4        4  (18)      1 :  0.8050  0.1950  
 5        5  (22)      1 :  0.9870  0.0130  
 6        6   (9)      1 :  0.2290  0.7710  
 7        7  (13)      1 :  0.9000  0.1000  
 8        8  (14)      1 :  0.5980  0.4020  
 9        9   (5)      1 :  0.7500  0.2500  
10       10  (10)      1 :  0.8710  0.1290  
11       11  (21)      1 :  0.3730  0.6270  
12       12   (7)      1 :  0.4550  0.5450  
13       13  (26)      1 :  0.9760  0.0240  
14       14   (8)      2 :  0.0050  0.9950  
15       15   (7)      2 :  0.0680  0.9320  
16       16   (8)      2 :  0.0130  0.9870  
17       17   (7)      2 :  0.0660  0.9340  
18       18  (13)      2 :  0.2130  0.7870  
19       19  (16)      2 :  0.2540  0.7460  
20       20   (6)      2 :  0.0120  0.9880  
21       21   (6)      2 :  0.0090  0.9910  
22       22   (8)      2 :  0.2880  0.7120  
23       23   (5)      2 :  0.0850  0.9150  
24       24  (12)      2 :  0.0140  0.9860  
25       25  (10)      2 :  0.0710  0.9290  
26       26  (10)      2 :  0.0040  0.9960  
27       27  (48)      2 :  0.0210  0.9790  
28       28  (20)      2 :  0.1040  0.8960  
29       29   (9)      3 :  0.6820  0.3180  
30       30   (8)      3 :  0.9900  0.0100  
31       31  (19)      3 :  0.7670  0.2330  
32       32  (13)      3 :  0.8720  0.1280  
33       33   (6)      3 :  0.9790  0.0210  
34       34  (10)      3 :  0.6820  0.3180  
35       35   (5)      3 :  0.5120  0.4880  
36       36  (17)      3 :  0.8960  0.1040  
37       37   (8)      3 :  0.6740  0.3260  
38       38  (10)      3 :  0.9300  0.0700  
39       39  (14)      3 :  0.8370  0.1630  
40       40  (15)      3 :  0.9860  0.0140  
41       41   (5)      4 :  0.0340  0.9660  
42       42   (8)      4 :  0.0220  0.9780  
43       43  (17)      4 :  0.0270  0.9730  
44       44  (33)      4 :  0.1970  0.8030  
45       45  (18)      4 :  0.0250  0.9750  
46       46  (15)      4 :  0.3380  0.6620  
47       47   (5)      4 :  0.0080  0.9920  
48       48  (24)      4 :  0.1130  0.8870  
49       49  (32)      4 :  0.0170  0.9830  
50       50  (24)      4 :  0.0170  0.9830  
51       51  (17)      4 :  0.1840  0.8160  
52       52   (6)      4 :  0.2800  0.7200  
53       53  (10)      4 :  0.1000  0.9000  
54       54  (10)      4 :  0.2170  0.7830  
55       55  (26)      5 :  0.3990  0.6010  
56       56  (15)      5 :  0.5460  0.4540  
57       57  (15)      5 :  0.9450  0.0550  
58       58   (5)      5 :  0.9960  0.0040  
59       59   (7)      5 :  0.7300  0.2700  
60       60   (9)      5 :  0.6380  0.3620  
61       61  (17)      5 :  0.5680  0.4320  
62       62  (10)      5 :  0.9000  0.1000  
63       63  (13)      5 :  0.7330  0.2670  
64       64  (15)      5 :  0.7080  0.2920  
65       65  (17)      5 :  0.6030  0.3970  
66       66  (14)      5 :  0.7650  0.2350  
67       67  (12)      5 :  0.9180  0.0820  
68       68   (9)      5 :  0.5780  0.4220  
69       69  (14)      5 :  0.7810  0.2190  
70       70   (8)      5 :  0.6920  0.3080  
71       71  (19)      6 :  0.0110  0.9890  
72       72   (6)      6 :  0.0050  0.9950  
73       73  (39)      6 :  0.0250  0.9750  
74       74  (25)      6 :  0.0080  0.9920  
75       75  (16)      6 :  0.0610  0.9390  
76       76  (37)      6 :  0.1140  0.8860  
77       77   (8)      6 :  0.1400  0.8600  
78       78   (9)      6 :  0.0080  0.9920  
79       79   (8)      6 :  0.0700  0.9300  
80       80   (9)      6 :  0.2990  0.7010  
81       81   (9)      6 :  0.2460  0.7540  
82       82  (10)      6 :  0.0180  0.9820  
83       83   (9)      5 :  0.7300  0.2700  
84       84  (29)      7 :  0.8310  0.1690  
85       85   (9)      7 :  0.7790  0.2210  
86       86  (10)      7 :  0.7990  0.2010  
87       87   (9)      7 :  0.6780  0.3220  
88       88  (10)      7 :  0.7740  0.2260  
89       89  (24)      7 :  0.7850  0.2150  
90       90  (11)      7 :  0.9370  0.0630  
91       91  (18)      7 :  0.8800  0.1200  
92       92  (13)      7 :  0.8700  0.1300  
93       93  (10)      7 :  0.8480  0.1520  
94       94  (11)      7 :  0.8440  0.1560  
95       95   (8)      7 :  0.8560  0.1440  
96       96  (23)      7 :  0.9500  0.0500  
97       97   (5)      7 :  0.7220  0.2780  
