 1        1   (8)      1 :  0.9510  0.0490  
 2        2   (9)      1 :  0.8840  0.1160  
 3        3   (9)      1 :  0.8950  0.1050  
 4        4  (18)      1 :  0.7930  0.2070  
 5        5  (22)      1 :  0.9910  0.0090  
 6        6   (9)      1 :  0.2190  0.7810  
 7        7  (13)      1 :  0.8840  0.1160  
 8        8  (14)      1 :  0.5890  0.4110  
 9        9   (5)      1 :  0.7340  0.2660  
10       10  (10)      1 :  0.8990  0.1010  
11       11  (21)      1 :  0.3520  0.6480  
12       12   (7)      1 :  0.4000  0.6000  
13       13  (26)      1 :  0.9780  0.0220  
14       14   (8)      2 :  0.0090  0.9910  
15       15   (7)      2 :  0.0190  0.9810  
16       16   (8)      2 :  0.0090  0.9910  
17       17   (7)      2 :  0.0300  0.9700  
18       18  (13)      2 :  0.1750  0.8250  
19       19  (16)      2 :  0.2220  0.7780  
20       20   (6)      2 :  0.0080  0.9920  
21       21   (6)      2 :  0.0070  0.9930  
22       22   (8)      2 :  0.2910  0.7090  
23       23   (5)      2 :  0.0730  0.9270  
24       24  (12)      2 :  0.0090  0.9910  
25       25  (10)      2 :  0.0410  0.9590  
26       26  (10)      2 :  0.0040  0.9960  
27       27  (48)      2 :  0.0170  0.9830  
28       28  (20)      2 :  0.1060  0.8940  
29       29   (9)      3 :  0.5830  0.4170  
30       30   (8)      3 :  0.9880  0.0120  
31       31  (19)      3 :  0.6960  0.3040  
32       32  (13)      3 :  0.8650  0.1350  
33       33   (6)      3 :  0.9860  0.0140  
34       34  (10)      3 :  0.6170  0.3830  
35       35   (5)      3 :  0.5090  0.4910  
36       36  (17)      3 :  0.8990  0.1010  
37       37   (8)      3 :  0.6480  0.3520  
38       38  (10)      3 :  0.9030  0.0970  
39       39  (14)      3 :  0.7850  0.2150  
40       40  (15)      3 :  0.9850  0.0150  
41       41   (5)      4 :  0.0480  0.9520  
42       42   (8)      4 :  0.0250  0.9750  
43       43  (17)      4 :  0.0200  0.9800  
44       44  (33)      4 :  0.1200  0.8800  
45       45  (18)      4 :  0.0260  0.9740  
46       46  (15)      4 :  0.2450  0.7550  
47       47   (5)      4 :  0.0120  0.9880  
48       48  (24)      4 :  0.1040  0.8960  
49       49  (32)      4 :  0.0140  0.9860  
50       50  (24)      4 :  0.0130  0.9870  
51       51  (17)      4 :  0.1550  0.8450  
52       52   (6)      4 :  0.2190  0.7810  
53       53  (10)      4 :  0.0840  0.9160  
54       54  (10)      4 :  0.1230  0.8770  
55       55  (26)      5 :  0.3630  0.6370  
56       56  (15)      5 :  0.5400  0.4600  
57       57  (15)      5 :  0.9470  0.0530  
58       58   (5)      5 :  0.9960  0.0040  
59       59   (7)      5 :  0.7000  0.3000  
60       60   (9)      5 :  0.6100  0.3900  
61       61  (17)      5 :  0.5410  0.4590  
62       62  (10)      5 :  0.9190  0.0810  
63       63  (13)      5 :  0.6970  0.3030  
64       64  (15)      5 :  0.6900  0.3100  
65       65  (17)      5 :  0.5390  0.4610  
66       66  (14)      5 :  0.7550  0.2450  
67       67  (12)      5 :  0.9060  0.0940  
68       68   (9)      5 :  0.5430  0.4570  
69       69  (14)      5 :  0.7300  0.2700  
70       70   (8)      5 :  0.7240  0.2760  
71       71  (19)      6 :  0.0120  0.9880  
72       72   (6)      6 :  0.0040  0.9960  
73       73  (39)      6 :  0.0460  0.9540  
74       74  (25)      6 :  0.0070  0.9930  
75       75  (16)      6 :  0.0830  0.9170  
76       76  (37)      6 :  0.1190  0.8810  
77       77   (8)      6 :  0.0840  0.9160  
78       78   (9)      6 :  0.0060  0.9940  
79       79   (8)      6 :  0.0580  0.9420  
80       80   (9)      6 :  0.2750  0.7250  
81       81   (9)      6 :  0.2430  0.7570  
82       82  (10)      6 :  0.0150  0.9850  
83       83   (9)      5 :  0.7520  0.2480  
84       84  (29)      7 :  0.8200  0.1800  
85       85   (9)      7 :  0.7810  0.2190  
86       86  (10)      7 :  0.7950  0.2050  
87       87   (9)      7 :  0.6560  0.3440  
88       88  (10)      7 :  0.7610  0.2390  
89       89  (24)      7 :  0.8140  0.1860  
90       90  (11)      7 :  0.9280  0.0720  
91       91  (18)      7 :  0.8680  0.1320  
92       92  (13)      7 :  0.8700  0.1300  
93       93  (10)      7 :  0.8440  0.1560  
94       94  (11)      7 :  0.8420  0.1580  
95       95   (8)      7 :  0.8420  0.1580  
96       96  (23)      7 :  0.9470  0.0530  
97       97   (5)      7 :  0.7110  0.2890  
