 1        1   (8)      1 :  0.9680  0.0320  
 2        2   (9)      1 :  0.8900  0.1100  
 3        3   (9)      1 :  0.9440  0.0560  
 4        4  (18)      1 :  0.8450  0.1550  
 5        5  (22)      1 :  0.9910  0.0090  
 6        6   (9)      1 :  0.2420  0.7580  
 7        7  (13)      1 :  0.9440  0.0560  
 8        8  (14)      1 :  0.7040  0.2960  
 9        9   (5)      1 :  0.7620  0.2380  
10       10  (10)      1 :  0.9230  0.0770  
11       11  (21)      1 :  0.3770  0.6230  
12       12   (7)      1 :  0.4550  0.5450  
13       13  (26)      1 :  0.9840  0.0160  
14       14   (8)      2 :  0.0050  0.9950  
15       15   (7)      2 :  0.0430  0.9570  
16       16   (8)      2 :  0.0090  0.9910  
17       17   (7)      2 :  0.0320  0.9680  
18       18  (13)      2 :  0.2240  0.7760  
19       19  (16)      2 :  0.2710  0.7290  
20       20   (6)      2 :  0.0090  0.9910  
21       21   (6)      2 :  0.0090  0.9910  
22       22   (8)      2 :  0.3460  0.6540  
23       23   (5)      2 :  0.0930  0.9070  
24       24  (12)      2 :  0.0090  0.9910  
25       25  (10)      2 :  0.0570  0.9430  
26       26  (10)      2 :  0.0040  0.9960  
27       27  (48)      2 :  0.0230  0.9770  
28       28  (20)      2 :  0.1140  0.8860  
29       29   (9)      3 :  0.7220  0.2780  
30       30   (8)      3 :  0.9910  0.0090  
31       31  (19)      3 :  0.7510  0.2490  
32       32  (13)      3 :  0.9270  0.0730  
33       33   (6)      3 :  0.9820  0.0180  
34       34  (10)      3 :  0.7300  0.2700  
35       35   (5)      3 :  0.5430  0.4570  
36       36  (17)      3 :  0.9510  0.0490  
37       37   (8)      3 :  0.7070  0.2930  
38       38  (10)      3 :  0.9630  0.0370  
39       39  (14)      3 :  0.9020  0.0980  
40       40  (15)      3 :  0.9910  0.0090  
41       41   (5)      4 :  0.0370  0.9630  
42       42   (8)      4 :  0.0340  0.9660  
43       43  (17)      4 :  0.0270  0.9730  
44       44  (33)      4 :  0.1810  0.8190  
45       45  (18)      4 :  0.0150  0.9850  
46       46  (15)      4 :  0.3140  0.6860  
47       47   (5)      4 :  0.0070  0.9930  
48       48  (24)      4 :  0.0960  0.9040  
49       49  (32)      4 :  0.0140  0.9860  
50       50  (24)      4 :  0.0110  0.9890  
51       51  (17)      4 :  0.1650  0.8350  
52       52   (6)      4 :  0.2460  0.7540  
53       53  (10)      4 :  0.1140  0.8860  
54       54  (10)      4 :  0.2100  0.7900  
55       55  (26)      5 :  0.4420  0.5580  
56       56  (15)      5 :  0.5250  0.4750  
57       57  (15)      5 :  0.9680  0.0320  
58       58   (5)      5 :  0.9970  0.0030  
59       59   (7)      5 :  0.7860  0.2140  
60       60   (9)      5 :  0.6360  0.3640  
61       61  (17)      5 :  0.5820  0.4180  
62       62  (10)      5 :  0.9500  0.0500  
63       63  (13)      5 :  0.7380  0.2620  
64       64  (15)      5 :  0.7410  0.2590  
65       65  (17)      5 :  0.6140  0.3860  
66       66  (14)      5 :  0.7790  0.2210  
67       67  (12)      5 :  0.9510  0.0490  
68       68   (9)      5 :  0.6370  0.3630  
69       69  (14)      5 :  0.8060  0.1940  
70       70   (8)      5 :  0.7770  0.2230  
71       71  (19)      6 :  0.0110  0.9890  
72       72   (6)      6 :  0.0040  0.9960  
73       73  (39)      6 :  0.0340  0.9660  
74       74  (25)      6 :  0.0070  0.9930  
75       75  (16)      6 :  0.0340  0.9660  
76       76  (37)      6 :  0.1390  0.8610  
77       77   (8)      6 :  0.1670  0.8330  
78       78   (9)      6 :  0.0060  0.9940  
79       79   (8)      6 :  0.0680  0.9320  
80       80   (9)      6 :  0.3130  0.6870  
81       81   (9)      6 :  0.2730  0.7270  
82       82  (10)      6 :  0.0140  0.9860  
83       83   (9)      5 :  0.7740  0.2260  
84       84  (29)      7 :  0.9140  0.0860  
85       85   (9)      7 :  0.8260  0.1740  
86       86  (10)      7 :  0.8480  0.1520  
87       87   (9)      7 :  0.6890  0.3110  
88       88  (10)      7 :  0.8330  0.1670  
89       89  (24)      7 :  0.8740  0.1260  
90       90  (11)      7 :  0.9590  0.0410  
91       91  (18)      7 :  0.9090  0.0910  
92       92  (13)      7 :  0.9200  0.0800  
93       93  (10)      7 :  0.8930  0.1070  
94       94  (11)      7 :  0.8500  0.1500  
95       95   (8)      7 :  0.8940  0.1060  
96       96  (23)      7 :  0.9730  0.0270  
97       97   (5)      7 :  0.8190  0.1810  
