 1        1   (8)      1 :  0.0080  0.9900  0.0020  
 2        2   (9)      1 :  0.1369  0.8442  0.0190  
 3        3   (9)      1 :  0.0809  0.8931  0.0260  
 4        4  (18)      1 :  0.1510  0.8420  0.0070  
 5        5  (22)      1 :  0.0040  0.7810  0.2150  
 6        6   (9)      1 :  0.7317  0.2012  0.0671  
 7        7  (13)      1 :  0.0710  0.9260  0.0030  
 8        8  (14)      1 :  0.3440  0.6520  0.0040  
 9        9   (5)      1 :  0.2410  0.7540  0.0050  
10       10  (10)      1 :  0.1708  0.7483  0.0809  
11       11  (21)      1 :  0.6030  0.3490  0.0480  
12       12   (7)      1 :  0.4720  0.3650  0.1630  
13       13  (26)      1 :  0.0090  0.9520  0.0390  
14       14   (8)      2 :  0.9880  0.0080  0.0040  
15       15   (7)      2 :  0.9580  0.0200  0.0220  
16       16   (8)      2 :  0.9850  0.0120  0.0030  
17       17   (7)      2 :  0.9550  0.0350  0.0100  
18       18  (13)      2 :  0.7220  0.2750  0.0030  
19       19  (16)      2 :  0.6770  0.0310  0.2920  
20       20   (6)      2 :  0.9850  0.0080  0.0070  
21       21   (6)      2 :  0.9910  0.0050  0.0040  
22       22   (8)      2 :  0.6780  0.2830  0.0390  
23       23   (5)      2 :  0.8170  0.1780  0.0050  
24       24  (12)      2 :  0.9840  0.0130  0.0030  
25       25  (10)      2 :  0.9340  0.0370  0.0290  
26       26  (10)      2 :  0.9940  0.0030  0.0030  
27       27  (48)      2 :  0.9770  0.0150  0.0080  
28       28  (20)      2 :  0.7427  0.2543  0.0030  
29       29   (9)      3 :  0.3150  0.6810  0.0040  
30       30   (8)      3 :  0.0070  0.9900  0.0030  
31       31  (19)      3 :  0.2400  0.7560  0.0040  
32       32  (13)      3 :  0.1510  0.8250  0.0240  
33       33   (6)      3 :  0.0070  0.7730  0.2200  
34       34  (10)      3 :  0.3000  0.6940  0.0060  
35       35   (5)      3 :  0.4530  0.5020  0.0450  
36       36  (17)      3 :  0.0630  0.8940  0.0430  
37       37   (8)      3 :  0.3410  0.6310  0.0280  
38       38  (10)      3 :  0.0909  0.8931  0.0160  
39       39  (14)      3 :  0.1830  0.7090  0.1080  
40       40  (15)      3 :  0.0060  0.7730  0.2210  
41       41   (5)      4 :  0.9180  0.0460  0.0360  
42       42   (8)      4 :  0.9500  0.0150  0.0350  
43       43  (17)      4 :  0.9640  0.0250  0.0110  
44       44  (33)      4 :  0.7502  0.0589  0.1908  
45       45  (18)      4 :  0.9420  0.0070  0.0510  
46       46  (15)      4 :  0.6730  0.3210  0.0060  
47       47   (5)      4 :  0.9780  0.0080  0.0140  
48       48  (24)      4 :  0.8230  0.0300  0.1470  
49       49  (32)      4 :  0.9720  0.0230  0.0050  
50       50  (24)      4 :  0.9760  0.0180  0.0060  
51       51  (17)      4 :  0.8020  0.0890  0.1090  
52       52   (6)      4 :  0.6990  0.2920  0.0090  
53       53  (10)      4 :  0.8390  0.0090  0.1520  
54       54  (10)      4 :  0.7810  0.1360  0.0830  
55       55  (26)      5 :  0.5800  0.0220  0.3980  
56       56  (15)      5 :  0.3770  0.6190  0.0040  
57       57  (15)      5 :  0.0531  0.7738  0.1732  
58       58   (5)      5 :  0.0020  0.9940  0.0040  
59       59   (7)      5 :  0.2380  0.7580  0.0040  
60       60   (9)      5 :  0.3110  0.6610  0.0280  
61       61  (17)      5 :  0.3870  0.5740  0.0390  
62       62  (10)      5 :  0.0890  0.8700  0.0410  
63       63  (13)      5 :  0.2150  0.4180  0.3670  
64       64  (15)      5 :  0.2760  0.5790  0.1450  
65       65  (17)      5 :  0.4180  0.4570  0.1250  
66       66  (14)      5 :  0.2190  0.7280  0.0530  
67       67  (12)      5 :  0.0230  0.6416  0.3353  
68       68   (9)      5 :  0.3920  0.6020  0.0060  
69       69  (14)      5 :  0.1982  0.5095  0.2923  
70       70   (8)      5 :  0.2510  0.5610  0.1880  
71       71  (19)      6 :  0.9850  0.0080  0.0070  
72       72   (6)      6 :  0.9950  0.0030  0.0020  
73       73  (39)      6 :  0.9020  0.0900  0.0080  
74       74  (25)      6 :  0.9920  0.0050  0.0030  
75       75  (16)      6 :  0.8480  0.0130  0.1390  
76       76  (37)      6 :  0.8230  0.0400  0.1370  
77       77   (8)      6 :  0.8180  0.0130  0.1690  
78       78   (9)      6 :  0.9920  0.0050  0.0030  
79       79   (8)      6 :  0.9181  0.0140  0.0679  
80       80   (9)      6 :  0.6730  0.2960  0.0310  
81       81   (9)      6 :  0.7180  0.0130  0.2690  
82       82  (10)      6 :  0.9310  0.0050  0.0640  
83       83   (9)      5 :  0.1880  0.6010  0.2110  
84       84  (29)      7 :  0.0460  0.4156  0.5385  
85       85   (9)      7 :  0.0740  0.1620  0.7640  
86       86  (10)      7 :  0.0340  0.0760  0.8900  
87       87   (9)      7 :  0.2780  0.1050  0.6170  
88       88  (10)      7 :  0.1000  0.0300  0.8700  
89       89  (24)      7 :  0.1049  0.4885  0.4066  
90       90  (11)      7 :  0.0060  0.0380  0.9560  
91       91  (18)      7 :  0.0350  0.3680  0.5970  
92       92  (13)      7 :  0.0280  0.1788  0.7932  
93       93  (10)      7 :  0.0140  0.0360  0.9500  
94       94  (11)      7 :  0.1200  0.6510  0.2290  
95       95   (8)      7 :  0.0230  0.0830  0.8940  
96       96  (23)      7 :  0.0030  0.0040  0.9930  
97       97   (5)      7 :  0.1708  0.4715  0.3576  
