 1        1   (8)      1 :  0.9570  0.0430  
 2        2   (9)      1 :  0.8870  0.1130  
 3        3   (9)      1 :  0.9530  0.0470  
 4        4  (18)      1 :  0.8390  0.1610  
 5        5  (22)      1 :  0.9870  0.0130  
 6        6   (9)      1 :  0.2130  0.7870  
 7        7  (13)      1 :  0.8980  0.1020  
 8        8  (14)      1 :  0.6430  0.3570  
 9        9   (5)      1 :  0.7830  0.2170  
10       10  (10)      1 :  0.8830  0.1170  
11       11  (21)      1 :  0.3530  0.6470  
12       12   (7)      1 :  0.4060  0.5940  
13       13  (26)      1 :  0.9840  0.0160  
14       14   (8)      2 :  0.0060  0.9940  
15       15   (7)      2 :  0.0520  0.9480  
16       16   (8)      2 :  0.0090  0.9910  
17       17   (7)      2 :  0.0300  0.9700  
18       18  (13)      2 :  0.1850  0.8150  
19       19  (16)      2 :  0.2220  0.7780  
20       20   (6)      2 :  0.0090  0.9910  
21       21   (6)      2 :  0.0070  0.9930  
22       22   (8)      2 :  0.2690  0.7310  
23       23   (5)      2 :  0.0660  0.9340  
24       24  (12)      2 :  0.0120  0.9880  
25       25  (10)      2 :  0.0410  0.9590  
26       26  (10)      2 :  0.0030  0.9970  
27       27  (48)      2 :  0.0220  0.9780  
28       28  (20)      2 :  0.1480  0.8520  
29       29   (9)      3 :  0.6940  0.3060  
30       30   (8)      3 :  0.9890  0.0110  
31       31  (19)      3 :  0.7340  0.2660  
32       32  (13)      3 :  0.9100  0.0900  
33       33   (6)      3 :  0.9820  0.0180  
34       34  (10)      3 :  0.7310  0.2690  
35       35   (5)      3 :  0.5530  0.4470  
36       36  (17)      3 :  0.9540  0.0460  
37       37   (8)      3 :  0.6770  0.3230  
38       38  (10)      3 :  0.9630  0.0370  
39       39  (14)      3 :  0.8420  0.1580  
40       40  (15)      3 :  0.9900  0.0100  
41       41   (5)      4 :  0.0150  0.9850  
42       42   (8)      4 :  0.0190  0.9810  
43       43  (17)      4 :  0.0220  0.9780  
44       44  (33)      4 :  0.1180  0.8820  
45       45  (18)      4 :  0.0110  0.9890  
46       46  (15)      4 :  0.2750  0.7250  
47       47   (5)      4 :  0.0080  0.9920  
48       48  (24)      4 :  0.0370  0.9630  
49       49  (32)      4 :  0.0100  0.9900  
50       50  (24)      4 :  0.0140  0.9860  
51       51  (17)      4 :  0.1450  0.8550  
52       52   (6)      4 :  0.2540  0.7460  
53       53  (10)      4 :  0.1080  0.8920  
54       54  (10)      4 :  0.1670  0.8330  
55       55  (26)      5 :  0.3710  0.6290  
56       56  (15)      5 :  0.5200  0.4800  
57       57  (15)      5 :  0.9750  0.0250  
58       58   (5)      5 :  0.9970  0.0030  
59       59   (7)      5 :  0.7580  0.2420  
60       60   (9)      5 :  0.6010  0.3990  
61       61  (17)      5 :  0.5660  0.4340  
62       62  (10)      5 :  0.9180  0.0820  
63       63  (13)      5 :  0.7300  0.2700  
64       64  (15)      5 :  0.7260  0.2740  
65       65  (17)      5 :  0.5740  0.4260  
66       66  (14)      5 :  0.7520  0.2480  
67       67  (12)      5 :  0.9160  0.0840  
68       68   (9)      5 :  0.5940  0.4060  
69       69  (14)      5 :  0.7450  0.2550  
70       70   (8)      5 :  0.7700  0.2300  
71       71  (19)      6 :  0.0090  0.9910  
72       72   (6)      6 :  0.0040  0.9960  
73       73  (39)      6 :  0.0450  0.9550  
74       74  (25)      6 :  0.0060  0.9940  
75       75  (16)      6 :  0.0330  0.9670  
76       76  (37)      6 :  0.1280  0.8720  
77       77   (8)      6 :  0.0810  0.9190  
78       78   (9)      6 :  0.0070  0.9930  
79       79   (8)      6 :  0.0470  0.9530  
80       80   (9)      6 :  0.2930  0.7070  
81       81   (9)      6 :  0.2470  0.7530  
82       82  (10)      6 :  0.0130  0.9870  
83       83   (9)      5 :  0.7860  0.2140  
84       84  (29)      7 :  0.8690  0.1310  
85       85   (9)      7 :  0.7880  0.2120  
86       86  (10)      7 :  0.7910  0.2090  
87       87   (9)      7 :  0.6320  0.3680  
88       88  (10)      7 :  0.7500  0.2500  
89       89  (24)      7 :  0.8300  0.1700  
90       90  (11)      7 :  0.9220  0.0780  
91       91  (18)      7 :  0.8800  0.1200  
92       92  (13)      7 :  0.8480  0.1520  
93       93  (10)      7 :  0.8540  0.1460  
94       94  (11)      7 :  0.8850  0.1150  
95       95   (8)      7 :  0.8080  0.1920  
96       96  (23)      7 :  0.9470  0.0530  
97       97   (5)      7 :  0.6800  0.3200  
