 1        1   (8)      1 :  0.0050  0.1450  0.8480  0.0020  
 2        2   (9)      1 :  0.0539  0.1459  0.7842  0.0160  
 3        3   (9)      1 :  0.0030  0.3430  0.6310  0.0230  
 4        4  (18)      1 :  0.0510  0.2340  0.7040  0.0110  
 5        5  (22)      1 :  0.0090  0.0160  0.7410  0.2340  
 6        6   (9)      1 :  0.4130  0.4230  0.0990  0.0650  
 7        7  (13)      1 :  0.0680  0.1130  0.8150  0.0040  
 8        8  (14)      1 :  0.3280  0.0300  0.6380  0.0040  
 9        9   (5)      1 :  0.1642  0.1932  0.6376  0.0050  
10       10  (10)      1 :  0.2340  0.0200  0.7190  0.0270  
11       11  (21)      1 :  0.2800  0.3860  0.2960  0.0380  
12       12   (7)      1 :  0.2810  0.2950  0.3010  0.1230  
13       13  (26)      1 :  0.0070  0.1310  0.8060  0.0560  
14       14   (8)      2 :  0.8300  0.1610  0.0060  0.0030  
15       15   (7)      2 :  0.6200  0.3350  0.0230  0.0220  
16       16   (8)      2 :  0.0130  0.9760  0.0080  0.0030  
17       17   (7)      2 :  0.5710  0.3990  0.0230  0.0070  
18       18  (13)      2 :  0.2920  0.5170  0.1880  0.0030  
19       19  (16)      2 :  0.0140  0.7710  0.0190  0.1960  
20       20   (6)      2 :  0.4750  0.5130  0.0050  0.0070  
21       21   (6)      2 :  0.2060  0.7860  0.0030  0.0050  
22       22   (8)      2 :  0.4306  0.3397  0.1888  0.0410  
23       23   (5)      2 :  0.2180  0.7080  0.0680  0.0060  
24       24  (12)      2 :  0.2450  0.7430  0.0090  0.0030  
25       25  (10)      2 :  0.7500  0.1780  0.0570  0.0150  
26       26  (10)      2 :  0.7107  0.2843  0.0030  0.0020  
27       27  (48)      2 :  0.7063  0.2607  0.0250  0.0080  
28       28  (20)      2 :  0.0210  0.9420  0.0320  0.0050  
29       29   (9)      3 :  0.0090  0.5554  0.4316  0.0040  
30       30   (8)      3 :  0.0050  0.1240  0.8660  0.0050  
31       31  (19)      3 :  0.1850  0.1950  0.6160  0.0040  
32       32  (13)      3 :  0.0310  0.2360  0.7040  0.0290  
33       33   (6)      3 :  0.1140  0.0030  0.7160  0.1670  
34       34  (10)      3 :  0.0170  0.4260  0.5490  0.0080  
35       35   (5)      3 :  0.3257  0.1748  0.4535  0.0460  
36       36  (17)      3 :  0.0230  0.1540  0.7310  0.0920  
37       37   (8)      3 :  0.2310  0.1480  0.5950  0.0260  
38       38  (10)      3 :  0.0050  0.3033  0.6687  0.0230  
39       39  (14)      3 :  0.0330  0.2448  0.6024  0.1199  
40       40  (15)      3 :  0.0060  0.1071  0.6717  0.2152  
41       41   (5)      4 :  0.9310  0.0150  0.0440  0.0100  
42       42   (8)      4 :  0.4590  0.5080  0.0120  0.0210  
43       43  (17)      4 :  0.0020  0.9920  0.0030  0.0030  
44       44  (33)      4 :  0.3107  0.4995  0.0529  0.1369  
45       45  (18)      4 :  0.5110  0.4490  0.0070  0.0330  
46       46  (15)      4 :  0.0820  0.6510  0.2440  0.0230  
47       47   (5)      4 :  0.8050  0.1790  0.0070  0.0090  
48       48  (24)      4 :  0.2200  0.6560  0.0130  0.1110  
49       49  (32)      4 :  0.4310  0.5470  0.0160  0.0060  
50       50  (24)      4 :  0.6426  0.3323  0.0200  0.0050  
51       51  (17)      4 :  0.3526  0.5375  0.0420  0.0679  
52       52   (6)      4 :  0.3500  0.3910  0.2510  0.0080  
53       53  (10)      4 :  0.4460  0.4150  0.0090  0.1300  
54       54  (10)      4 :  0.4690  0.3560  0.1390  0.0360  
55       55  (26)      5 :  0.1150  0.5740  0.0100  0.3010  
56       56  (15)      5 :  0.4555  0.0120  0.5265  0.0060  
57       57  (15)      5 :  0.0720  0.1030  0.6530  0.1720  
58       58   (5)      5 :  0.0020  0.0040  0.9880  0.0060  
59       59   (7)      5 :  0.0480  0.3417  0.6064  0.0040  
60       60   (9)      5 :  0.0990  0.3270  0.5480  0.0260  
61       61  (17)      5 :  0.1720  0.2870  0.5010  0.0400  
62       62  (10)      5 :  0.0260  0.2490  0.6970  0.0280  
63       63  (13)      5 :  0.1371  0.1842  0.3714  0.3073  
64       64  (15)      5 :  0.1269  0.3007  0.4545  0.1179  
65       65  (17)      5 :  0.2800  0.2350  0.3870  0.0980  
66       66  (14)      5 :  0.0450  0.3010  0.5900  0.0640  
67       67  (12)      5 :  0.0060  0.2773  0.4605  0.2563  
68       68   (9)      5 :  0.0050  0.6620  0.3270  0.0060  
69       69  (14)      5 :  0.0970  0.2260  0.4150  0.2620  
70       70   (8)      5 :  0.2408  0.0699  0.5664  0.1229  
71       71  (19)      6 :  0.6800  0.3040  0.0100  0.0060  
72       72   (6)      6 :  0.6460  0.3470  0.0050  0.0020  
73       73  (39)      6 :  0.6254  0.2777  0.0889  0.0080  
74       74  (25)      6 :  0.5514  0.4386  0.0060  0.0040  
75       75  (16)      6 :  0.8930  0.0420  0.0220  0.0430  
76       76  (37)      6 :  0.5896  0.2873  0.0531  0.0701  
77       77   (8)      6 :  0.7958  0.0130  0.0841  0.1071  
78       78   (9)      6 :  0.7882  0.2018  0.0060  0.0040  
79       79   (8)      6 :  0.5330  0.4050  0.0120  0.0500  
80       80   (9)      6 :  0.3367  0.3946  0.2438  0.0250  
81       81   (9)      6 :  0.4600  0.3090  0.0150  0.2160  
82       82  (10)      6 :  0.7610  0.2010  0.0060  0.0320  
83       83   (9)      5 :  0.0190  0.3680  0.4220  0.1910  
84       84  (29)      7 :  0.0070  0.2780  0.3160  0.3990  
85       85   (9)      7 :  0.0900  0.0560  0.1450  0.7090  
86       86  (10)      7 :  0.0310  0.0680  0.0540  0.8470  
87       87   (9)      7 :  0.0330  0.3590  0.0540  0.5540  
88       88  (10)      7 :  0.0320  0.1652  0.0390  0.7638  
89       89  (24)      7 :  0.0080  0.4460  0.1740  0.3720  
90       90  (11)      7 :  0.0090  0.0380  0.0591  0.8939  
91       91  (18)      7 :  0.0160  0.1738  0.2767  0.5335  
92       92  (13)      7 :  0.0080  0.2627  0.1089  0.6204  
93       93  (10)      7 :  0.0250  0.0170  0.0380  0.9199  
94       94  (11)      7 :  0.0210  0.3490  0.5080  0.1220  
95       95   (8)      7 :  0.0040  0.2673  0.0360  0.6927  
96       96  (23)      7 :  0.0050  0.0030  0.0050  0.9870  
97       97   (5)      7 :  0.2120  0.0300  0.4670  0.2910  
