 1        1   (8)      1 :  0.0010  0.0020  0.0050  0.0040  0.0030  0.0540  0.9310  
 2        2   (9)      1 :  0.0060  0.4304  0.0100  0.0190  0.1491  0.0460  0.3393  
 3        3   (9)      1 :  0.0020  0.0040  0.0030  0.0020  0.8551  0.1199  0.0140  
 4        4  (18)      1 :  0.0040  0.2500  0.0220  0.0300  0.3130  0.0340  0.3470  
 5        5  (22)      1 :  0.0010  0.9910  0.0020  0.0010  0.0020  0.0010  0.0020  
 6        6   (9)      1 :  0.0230  0.0070  0.2607  0.3177  0.0030  0.3117  0.0769  
 7        7  (13)      1 :  0.0020  0.1920  0.0100  0.0740  0.0220  0.0400  0.6600  
 8        8  (14)      1 :  0.0020  0.4010  0.0580  0.2320  0.0250  0.0360  0.2460  
 9        9   (5)      1 :  0.0010  0.0040  0.0020  0.0931  0.7277  0.0030  0.1692  
10       10  (10)      1 :  0.0040  0.4194  0.2312  0.0541  0.0050  0.0030  0.2833  
11       11  (21)      1 :  0.0650  0.0850  0.0270  0.2390  0.1840  0.3110  0.0890  
12       12   (7)      1 :  0.0810  0.0650  0.2580  0.1920  0.1700  0.0790  0.1550  
13       13  (26)      1 :  0.0010  0.9780  0.0020  0.0020  0.0070  0.0060  0.0040  
14       14   (8)      2 :  0.0020  0.0010  0.0180  0.8830  0.0300  0.0630  0.0030  
15       15   (7)      2 :  0.0100  0.0020  0.0040  0.6050  0.2890  0.0840  0.0060  
16       16   (8)      2 :  0.0010  0.0040  0.0030  0.0120  0.0040  0.9390  0.0370  
17       17   (7)      2 :  0.0020  0.0120  0.3187  0.4006  0.0060  0.2577  0.0030  
18       18  (13)      2 :  0.0010  0.0020  0.0110  0.2940  0.2080  0.3690  0.1150  
19       19  (16)      2 :  0.0080  0.2488  0.0080  0.0090  0.0230  0.7003  0.0030  
20       20   (6)      2 :  0.0050  0.0010  0.1580  0.3920  0.0030  0.4310  0.0100  
21       21   (6)      2 :  0.0030  0.0020  0.0040  0.2080  0.1170  0.6640  0.0020  
22       22   (8)      2 :  0.0040  0.0070  0.5240  0.2920  0.1260  0.0390  0.0080  
23       23   (5)      2 :  0.0020  0.0330  0.2873  0.1071  0.0020  0.5636  0.0050  
24       24  (12)      2 :  0.0020  0.0130  0.0650  0.1740  0.0290  0.7130  0.0040  
25       25  (10)      2 :  0.0090  0.0090  0.0040  0.7420  0.1750  0.0550  0.0060  
26       26  (10)      2 :  0.0020  0.0030  0.0020  0.6940  0.0010  0.2940  0.0040  
27       27  (48)      2 :  0.0030  0.1630  0.0340  0.6120  0.0210  0.1600  0.0070  
28       28  (20)      2 :  0.0020  0.0300  0.1190  0.0090  0.0940  0.7400  0.0060  
29       29   (9)      3 :  0.0030  0.0020  0.0070  0.0040  0.0110  0.3694  0.6036  
30       30   (8)      3 :  0.0020  0.0070  0.0030  0.0020  0.0060  0.0100  0.9700  
31       31  (19)      3 :  0.0030  0.1730  0.0070  0.1120  0.0030  0.1140  0.5880  
32       32  (13)      3 :  0.0070  0.0370  0.2823  0.0070  0.0070  0.1001  0.5596  
33       33   (6)      3 :  0.1350  0.4750  0.0050  0.0190  0.0630  0.0010  0.3020  
34       34  (10)      3 :  0.0050  0.0890  0.1430  0.0140  0.0110  0.3000  0.4380  
35       35   (5)      3 :  0.0030  0.0150  0.7800  0.0570  0.0030  0.0100  0.1320  
36       36  (17)      3 :  0.0060  0.1640  0.5550  0.0050  0.0350  0.0080  0.2270  
37       37   (8)      3 :  0.0040  0.2757  0.5435  0.1279  0.0060  0.0180  0.0250  
38       38  (10)      3 :  0.0070  0.0380  0.1920  0.0030  0.1250  0.1550  0.4800  
39       39  (14)      3 :  0.1508  0.0260  0.0280  0.0509  0.0420  0.1079  0.5944  
40       40  (15)      3 :  0.2408  0.0360  0.0559  0.0040  0.0080  0.0100  0.6454  
41       41   (5)      4 :  0.0030  0.1670  0.0070  0.8130  0.0030  0.0050  0.0020  
42       42   (8)      4 :  0.0350  0.0110  0.0100  0.4700  0.0150  0.4490  0.0100  
43       43  (17)      4 :  0.0020  0.0020  0.0030  0.0010  0.0040  0.9860  0.0020  
44       44  (33)      4 :  0.1040  0.1010  0.0080  0.2260  0.0020  0.5410  0.0180  
45       45  (18)      4 :  0.0070  0.0140  0.1440  0.4340  0.0060  0.3930  0.0020  
46       46  (15)      4 :  0.0280  0.0670  0.0190  0.0580  0.1660  0.5940  0.0680  
47       47   (5)      4 :  0.0050  0.0180  0.0040  0.8080  0.0040  0.1560  0.0050  
48       48  (24)      4 :  0.0060  0.0910  0.0600  0.2100  0.0040  0.6240  0.0050  
49       49  (32)      4 :  0.0020  0.0050  0.4280  0.2300  0.0040  0.3280  0.0030  
50       50  (24)      4 :  0.0030  0.0040  0.0090  0.6164  0.0100  0.3167  0.0410  
51       51  (17)      4 :  0.0460  0.0070  0.1109  0.2657  0.0470  0.5065  0.0170  
52       52   (6)      4 :  0.0020  0.3083  0.0270  0.2753  0.0100  0.3684  0.0090  
53       53  (10)      4 :  0.0480  0.0560  0.1810  0.3870  0.0030  0.3230  0.0020  
54       54  (10)      4 :  0.0080  0.1900  0.4000  0.3190  0.0240  0.0520  0.0070  
55       55  (26)      5 :  0.2280  0.0100  0.2170  0.0550  0.0070  0.4790  0.0040  
56       56  (15)      5 :  0.0030  0.2250  0.3150  0.2380  0.0140  0.0030  0.2020  
57       57  (15)      5 :  0.0110  0.3690  0.3740  0.0060  0.1490  0.0060  0.0850  
58       58   (5)      5 :  0.0030  0.3283  0.0030  0.0010  0.1431  0.0010  0.5205  
59       59   (7)      5 :  0.0010  0.0190  0.0040  0.0040  0.9610  0.0070  0.0040  
60       60   (9)      5 :  0.0180  0.0090  0.1550  0.0110  0.0020  0.2080  0.5970  
61       61  (17)      5 :  0.0070  0.1450  0.4020  0.0810  0.1090  0.1480  0.1080  
62       62  (10)      5 :  0.0120  0.0420  0.2567  0.0100  0.0899  0.0699  0.5195  
63       63  (13)      5 :  0.1928  0.2368  0.3956  0.0240  0.0470  0.0979  0.0060  
64       64  (15)      5 :  0.1750  0.0260  0.0940  0.0940  0.1460  0.1330  0.3320  
65       65  (17)      5 :  0.0080  0.2090  0.6050  0.0830  0.0090  0.0130  0.0730  
66       66  (14)      5 :  0.0170  0.0821  0.2553  0.0480  0.0090  0.1702  0.4184  
67       67  (12)      5 :  0.0090  0.0020  0.8140  0.0030  0.1440  0.0120  0.0160  
68       68   (9)      5 :  0.0030  0.0010  0.1880  0.0030  0.0150  0.4290  0.3610  
69       69  (14)      5 :  0.2200  0.2690  0.1770  0.0230  0.0160  0.1130  0.1820  
70       70   (8)      5 :  0.0080  0.4160  0.3880  0.0240  0.1200  0.0200  0.0240  
71       71  (19)      6 :  0.0030  0.0090  0.2360  0.5240  0.0130  0.2120  0.0030  
72       72   (6)      6 :  0.0020  0.0030  0.0420  0.6610  0.0030  0.2850  0.0040  
73       73  (39)      6 :  0.0020  0.2120  0.0060  0.5750  0.0040  0.1960  0.0050  
74       74  (25)      6 :  0.0030  0.0661  0.0040  0.5175  0.0080  0.3944  0.0070  
75       75  (16)      6 :  0.0290  0.0450  0.0080  0.8462  0.0040  0.0060  0.0619  
76       76  (37)      6 :  0.0170  0.0100  0.1990  0.4830  0.0040  0.2260  0.0610  
77       77   (8)      6 :  0.0939  0.0080  0.2298  0.6324  0.0260  0.0040  0.0060  
78       78   (9)      6 :  0.0020  0.0180  0.0120  0.8048  0.0030  0.1562  0.0040  
79       79   (8)      6 :  0.0430  0.0020  0.1300  0.4780  0.0090  0.3290  0.0090  
80       80   (9)      6 :  0.0100  0.0040  0.0521  0.2923  0.2092  0.3213  0.1111  
81       81   (9)      6 :  0.2030  0.0810  0.0660  0.3890  0.0150  0.2430  0.0030  
82       82  (10)      6 :  0.0621  0.0060  0.0511  0.6947  0.0020  0.1812  0.0030  
83       83   (9)      5 :  0.0560  0.1090  0.3870  0.0040  0.0880  0.1670  0.1890  
84       84  (29)      7 :  0.3154  0.1657  0.2226  0.0070  0.0050  0.1766  0.1078  
85       85   (9)      7 :  0.6630  0.0540  0.0930  0.0540  0.0880  0.0210  0.0270  
86       86  (10)      7 :  0.7822  0.0030  0.1499  0.0080  0.0300  0.0080  0.0190  
87       87   (9)      7 :  0.4530  0.0150  0.2300  0.0100  0.0060  0.2660  0.0200  
88       88  (10)      7 :  0.6400  0.1490  0.1100  0.0220  0.0020  0.0710  0.0060  
89       89  (24)      7 :  0.0110  0.0160  0.8490  0.0040  0.0560  0.0540  0.0100  
90       90  (11)      7 :  0.6360  0.0390  0.2940  0.0030  0.0220  0.0030  0.0030  
91       91  (18)      7 :  0.5624  0.0120  0.0050  0.0090  0.0070  0.1159  0.2887  
92       92  (13)      7 :  0.4036  0.1998  0.2557  0.0030  0.0420  0.0929  0.0030  
93       93  (10)      7 :  0.9480  0.0040  0.0040  0.0130  0.0180  0.0040  0.0090  
94       94  (11)      7 :  0.0080  0.2170  0.2680  0.0100  0.2140  0.1240  0.1590  
95       95   (8)      7 :  0.4600  0.1100  0.2380  0.0020  0.0030  0.1820  0.0050  
96       96  (23)      7 :  0.9870  0.0020  0.0020  0.0030  0.0020  0.0010  0.0030  
97       97   (5)      7 :  0.0030  0.0150  0.9490  0.0150  0.0090  0.0030  0.0060  
