 1        1   (8)      1 :  0.0080  0.9900  0.0020  
 2        2   (9)      1 :  0.1499  0.8382  0.0120  
 3        3   (9)      1 :  0.0500  0.9210  0.0290  
 4        4  (18)      1 :  0.1560  0.8350  0.0090  
 5        5  (22)      1 :  0.0070  0.8250  0.1680  
 6        6   (9)      1 :  0.7310  0.1580  0.1110  
 7        7  (13)      1 :  0.1049  0.8921  0.0030  
 8        8  (14)      1 :  0.3040  0.6920  0.0040  
 9        9   (5)      1 :  0.2132  0.7828  0.0040  
10       10  (10)      1 :  0.2320  0.7490  0.0190  
11       11  (21)      1 :  0.6004  0.3317  0.0679  
12       12   (7)      1 :  0.4750  0.3890  0.1360  
13       13  (26)      1 :  0.0070  0.9780  0.0150  
14       14   (8)      2 :  0.9910  0.0060  0.0030  
15       15   (7)      2 :  0.9120  0.0610  0.0270  
16       16   (8)      2 :  0.9840  0.0140  0.0020  
17       17   (7)      2 :  0.9340  0.0600  0.0060  
18       18  (13)      2 :  0.7220  0.2750  0.0030  
19       19  (16)      2 :  0.6790  0.0280  0.2930  
20       20   (6)      2 :  0.9800  0.0070  0.0130  
21       21   (6)      2 :  0.9890  0.0040  0.0070  
22       22   (8)      2 :  0.7050  0.2500  0.0450  
23       23   (5)      2 :  0.8420  0.1540  0.0040  
24       24  (12)      2 :  0.9810  0.0150  0.0040  
25       25  (10)      2 :  0.9380  0.0410  0.0210  
26       26  (10)      2 :  0.9950  0.0030  0.0020  
27       27  (48)      2 :  0.9630  0.0180  0.0190  
28       28  (20)      2 :  0.7030  0.2940  0.0030  
29       29   (9)      3 :  0.2380  0.7580  0.0040  
30       30   (8)      3 :  0.0080  0.9890  0.0030  
31       31  (19)      3 :  0.2220  0.7750  0.0030  
32       32  (13)      3 :  0.1180  0.8240  0.0580  
33       33   (6)      3 :  0.0130  0.7990  0.1880  
34       34  (10)      3 :  0.2070  0.7870  0.0060  
35       35   (5)      3 :  0.4250  0.5310  0.0440  
36       36  (17)      3 :  0.0230  0.9570  0.0200  
37       37   (8)      3 :  0.3170  0.6650  0.0180  
38       38  (10)      3 :  0.0410  0.9280  0.0310  
39       39  (14)      3 :  0.1160  0.7410  0.1430  
40       40  (15)      3 :  0.0060  0.7590  0.2350  
41       41   (5)      4 :  0.9720  0.0210  0.0070  
42       42   (8)      4 :  0.9590  0.0100  0.0310  
43       43  (17)      4 :  0.9580  0.0310  0.0110  
44       44  (33)      4 :  0.7280  0.0410  0.2310  
45       45  (18)      4 :  0.9780  0.0050  0.0170  
46       46  (15)      4 :  0.6670  0.3200  0.0130  
47       47   (5)      4 :  0.9860  0.0050  0.0090  
48       48  (24)      4 :  0.9040  0.0380  0.0580  
49       49  (32)      4 :  0.9840  0.0120  0.0040  
50       50  (24)      4 :  0.9700  0.0230  0.0070  
51       51  (17)      4 :  0.7982  0.0579  0.1439  
52       52   (6)      4 :  0.6710  0.3230  0.0060  
53       53  (10)      4 :  0.8230  0.0070  0.1700  
54       54  (10)      4 :  0.7360  0.2170  0.0470  
55       55  (26)      5 :  0.6060  0.0420  0.3520  
56       56  (15)      5 :  0.4116  0.5844  0.0040  
57       57  (15)      5 :  0.0190  0.8170  0.1640  
58       58   (5)      5 :  0.0020  0.9960  0.0020  
59       59   (7)      5 :  0.2380  0.7580  0.0040  
60       60   (9)      5 :  0.3200  0.6640  0.0160  
61       61  (17)      5 :  0.3720  0.6150  0.0130  
62       62  (10)      5 :  0.1160  0.8600  0.0240  
63       63  (13)      5 :  0.2100  0.4690  0.3210  
64       64  (15)      5 :  0.2633  0.5946  0.1421  
65       65  (17)      5 :  0.4110  0.4980  0.0910  
66       66  (14)      5 :  0.2320  0.7210  0.0470  
67       67  (12)      5 :  0.0390  0.6280  0.3330  
68       68   (9)      5 :  0.3740  0.6200  0.0060  
69       69  (14)      5 :  0.1888  0.5215  0.2897  
70       70   (8)      5 :  0.1698  0.5534  0.2767  
71       71  (19)      6 :  0.9880  0.0070  0.0050  
72       72   (6)      6 :  0.9940  0.0040  0.0020  
73       73  (39)      6 :  0.9059  0.0871  0.0070  
74       74  (25)      6 :  0.9910  0.0060  0.0030  
75       75  (16)      6 :  0.9450  0.0120  0.0430  
76       76  (37)      6 :  0.8322  0.0889  0.0789  
77       77   (8)      6 :  0.8190  0.0170  0.1640  
78       78   (9)      6 :  0.9890  0.0080  0.0030  
79       79   (8)      6 :  0.9110  0.0100  0.0790  
80       80   (9)      6 :  0.6590  0.2990  0.0420  
81       81   (9)      6 :  0.7280  0.0220  0.2500  
82       82  (10)      6 :  0.9090  0.0040  0.0870  
83       83   (9)      5 :  0.1680  0.6300  0.2020  
84       84  (29)      7 :  0.0330  0.4795  0.4875  
85       85   (9)      7 :  0.0690  0.1880  0.7430  
86       86  (10)      7 :  0.0220  0.0470  0.9310  
87       87   (9)      7 :  0.2910  0.1410  0.5680  
88       88  (10)      7 :  0.1150  0.0430  0.8420  
89       89  (24)      7 :  0.0930  0.4440  0.4630  
90       90  (11)      7 :  0.0080  0.0700  0.9220  
91       91  (18)      7 :  0.0340  0.4360  0.5300  
92       92  (13)      7 :  0.0440  0.3177  0.6384  
93       93  (10)      7 :  0.0140  0.0420  0.9440  
94       94  (11)      7 :  0.0800  0.6650  0.2550  
95       95   (8)      7 :  0.0320  0.1370  0.8310  
96       96  (23)      7 :  0.0020  0.0040  0.9940  
97       97   (5)      7 :  0.2440  0.4680  0.2880  
