 1        1   (8)      1 :  0.9450  0.0550  
 2        2   (9)      1 :  0.8960  0.1040  
 3        3   (9)      1 :  0.9440  0.0560  
 4        4  (18)      1 :  0.8430  0.1570  
 5        5  (22)      1 :  0.9920  0.0080  
 6        6   (9)      1 :  0.2490  0.7510  
 7        7  (13)      1 :  0.9470  0.0530  
 8        8  (14)      1 :  0.6320  0.3680  
 9        9   (5)      1 :  0.7430  0.2570  
10       10  (10)      1 :  0.9100  0.0900  
11       11  (21)      1 :  0.3660  0.6340  
12       12   (7)      1 :  0.4520  0.5480  
13       13  (26)      1 :  0.9880  0.0120  
14       14   (8)      2 :  0.0060  0.9940  
15       15   (7)      2 :  0.0360  0.9640  
16       16   (8)      2 :  0.0100  0.9900  
17       17   (7)      2 :  0.0470  0.9530  
18       18  (13)      2 :  0.2250  0.7750  
19       19  (16)      2 :  0.2430  0.7570  
20       20   (6)      2 :  0.0100  0.9900  
21       21   (6)      2 :  0.0070  0.9930  
22       22   (8)      2 :  0.3400  0.6600  
23       23   (5)      2 :  0.0720  0.9280  
24       24  (12)      2 :  0.0100  0.9900  
25       25  (10)      2 :  0.0840  0.9160  
26       26  (10)      2 :  0.0030  0.9970  
27       27  (48)      2 :  0.0160  0.9840  
28       28  (20)      2 :  0.1300  0.8700  
29       29   (9)      3 :  0.7320  0.2680  
30       30   (8)      3 :  0.9890  0.0110  
31       31  (19)      3 :  0.7850  0.2150  
32       32  (13)      3 :  0.8920  0.1080  
33       33   (6)      3 :  0.9870  0.0130  
34       34  (10)      3 :  0.7270  0.2730  
35       35   (5)      3 :  0.5530  0.4470  
36       36  (17)      3 :  0.9460  0.0540  
37       37   (8)      3 :  0.7120  0.2880  
38       38  (10)      3 :  0.9560  0.0440  
39       39  (14)      3 :  0.8670  0.1330  
40       40  (15)      3 :  0.9870  0.0130  
41       41   (5)      4 :  0.0310  0.9690  
42       42   (8)      4 :  0.0300  0.9700  
43       43  (17)      4 :  0.0190  0.9810  
44       44  (33)      4 :  0.2020  0.7980  
45       45  (18)      4 :  0.0160  0.9840  
46       46  (15)      4 :  0.3040  0.6960  
47       47   (5)      4 :  0.0100  0.9900  
48       48  (24)      4 :  0.1200  0.8800  
49       49  (32)      4 :  0.0160  0.9840  
50       50  (24)      4 :  0.0140  0.9860  
51       51  (17)      4 :  0.1830  0.8170  
52       52   (6)      4 :  0.2590  0.7410  
53       53  (10)      4 :  0.1240  0.8760  
54       54  (10)      4 :  0.1740  0.8260  
55       55  (26)      5 :  0.4050  0.5950  
56       56  (15)      5 :  0.5530  0.4470  
57       57  (15)      5 :  0.9670  0.0330  
58       58   (5)      5 :  0.9970  0.0030  
59       59   (7)      5 :  0.7500  0.2500  
60       60   (9)      5 :  0.6180  0.3820  
61       61  (17)      5 :  0.6130  0.3870  
62       62  (10)      5 :  0.9420  0.0580  
63       63  (13)      5 :  0.7240  0.2760  
64       64  (15)      5 :  0.7090  0.2910  
65       65  (17)      5 :  0.6350  0.3650  
66       66  (14)      5 :  0.7680  0.2320  
67       67  (12)      5 :  0.9180  0.0820  
68       68   (9)      5 :  0.6170  0.3830  
69       69  (14)      5 :  0.7800  0.2200  
70       70   (8)      5 :  0.7260  0.2740  
71       71  (19)      6 :  0.0100  0.9900  
72       72   (6)      6 :  0.0040  0.9960  
73       73  (39)      6 :  0.0310  0.9690  
74       74  (25)      6 :  0.0060  0.9940  
75       75  (16)      6 :  0.0370  0.9630  
76       76  (37)      6 :  0.1310  0.8690  
77       77   (8)      6 :  0.1410  0.8590  
78       78   (9)      6 :  0.0060  0.9940  
79       79   (8)      6 :  0.0710  0.9290  
80       80   (9)      6 :  0.3040  0.6960  
81       81   (9)      6 :  0.2420  0.7580  
82       82  (10)      6 :  0.0190  0.9810  
83       83   (9)      5 :  0.8200  0.1800  
84       84  (29)      7 :  0.8560  0.1440  
85       85   (9)      7 :  0.7970  0.2030  
86       86  (10)      7 :  0.8300  0.1700  
87       87   (9)      7 :  0.7010  0.2990  
88       88  (10)      7 :  0.7910  0.2090  
89       89  (24)      7 :  0.8490  0.1510  
90       90  (11)      7 :  0.9610  0.0390  
91       91  (18)      7 :  0.8880  0.1120  
92       92  (13)      7 :  0.9130  0.0870  
93       93  (10)      7 :  0.8660  0.1340  
94       94  (11)      7 :  0.8550  0.1450  
95       95   (8)      7 :  0.8850  0.1150  
96       96  (23)      7 :  0.9640  0.0360  
97       97   (5)      7 :  0.7370  0.2630  
