 1        1   (8)      1 :  0.0140  0.9840  0.0020  
 2        2   (9)      1 :  0.1170  0.8680  0.0150  
 3        3   (9)      1 :  0.0500  0.9210  0.0290  
 4        4  (18)      1 :  0.1140  0.8790  0.0070  
 5        5  (22)      1 :  0.0060  0.8070  0.1870  
 6        6   (9)      1 :  0.7590  0.1510  0.0900  
 7        7  (13)      1 :  0.0521  0.9449  0.0030  
 8        8  (14)      1 :  0.3060  0.6900  0.0040  
 9        9   (5)      1 :  0.2310  0.7630  0.0060  
10       10  (10)      1 :  0.1948  0.7792  0.0260  
11       11  (21)      1 :  0.5730  0.3690  0.0580  
12       12   (7)      1 :  0.3760  0.4520  0.1720  
13       13  (26)      1 :  0.0070  0.9760  0.0170  
14       14   (8)      2 :  0.9910  0.0060  0.0030  
15       15   (7)      2 :  0.8780  0.0540  0.0680  
16       16   (8)      2 :  0.9790  0.0180  0.0030  
17       17   (7)      2 :  0.8830  0.1100  0.0070  
18       18  (13)      2 :  0.7020  0.2960  0.0020  
19       19  (16)      2 :  0.6466  0.0611  0.2923  
20       20   (6)      2 :  0.9610  0.0100  0.0290  
21       21   (6)      2 :  0.9840  0.0060  0.0100  
22       22   (8)      2 :  0.6440  0.2820  0.0740  
23       23   (5)      2 :  0.8028  0.1932  0.0040  
24       24  (12)      2 :  0.9810  0.0150  0.0040  
25       25  (10)      2 :  0.8970  0.0740  0.0290  
26       26  (10)      2 :  0.9940  0.0040  0.0020  
27       27  (48)      2 :  0.9710  0.0220  0.0070  
28       28  (20)      2 :  0.7490  0.2480  0.0030  
29       29   (9)      3 :  0.2490  0.7460  0.0050  
30       30   (8)      3 :  0.0070  0.9890  0.0040  
31       31  (19)      3 :  0.2198  0.7772  0.0030  
32       32  (13)      3 :  0.1360  0.8420  0.0220  
33       33   (6)      3 :  0.0130  0.7920  0.1950  
34       34  (10)      3 :  0.2420  0.7520  0.0060  
35       35   (5)      3 :  0.3984  0.5445  0.0571  
36       36  (17)      3 :  0.0300  0.9381  0.0320  
37       37   (8)      3 :  0.3200  0.6480  0.0320  
38       38  (10)      3 :  0.0720  0.9110  0.0170  
39       39  (14)      3 :  0.0930  0.7590  0.1480  
40       40  (15)      3 :  0.0070  0.7640  0.2290  
41       41   (5)      4 :  0.9329  0.0390  0.0280  
42       42   (8)      4 :  0.9290  0.0120  0.0590  
43       43  (17)      4 :  0.9530  0.0390  0.0080  
44       44  (33)      4 :  0.7230  0.1280  0.1490  
45       45  (18)      4 :  0.9580  0.0060  0.0360  
46       46  (15)      4 :  0.6450  0.3380  0.0170  
47       47   (5)      4 :  0.9840  0.0050  0.0110  
48       48  (24)      4 :  0.8560  0.0570  0.0870  
49       49  (32)      4 :  0.9690  0.0260  0.0050  
50       50  (24)      4 :  0.9700  0.0250  0.0050  
51       51  (17)      4 :  0.7888  0.0781  0.1331  
52       52   (6)      4 :  0.6420  0.3520  0.0060  
53       53  (10)      4 :  0.8162  0.0110  0.1728  
54       54  (10)      4 :  0.6543  0.2707  0.0749  
55       55  (26)      5 :  0.5850  0.0300  0.3850  
56       56  (15)      5 :  0.3730  0.6220  0.0050  
57       57  (15)      5 :  0.0250  0.8630  0.1120  
58       58   (5)      5 :  0.0020  0.9940  0.0040  
59       59   (7)      5 :  0.1850  0.8110  0.0040  
60       60   (9)      5 :  0.2877  0.6883  0.0240  
61       61  (17)      5 :  0.3630  0.6110  0.0260  
62       62  (10)      5 :  0.0871  0.8749  0.0380  
63       63  (13)      5 :  0.2018  0.4625  0.3357  
64       64  (15)      5 :  0.2550  0.5670  0.1780  
65       65  (17)      5 :  0.3340  0.5720  0.0940  
66       66  (14)      5 :  0.2180  0.7330  0.0490  
67       67  (12)      5 :  0.0430  0.6400  0.3170  
68       68   (9)      5 :  0.3556  0.6374  0.0070  
69       69  (14)      5 :  0.1518  0.5514  0.2967  
70       70   (8)      5 :  0.1972  0.6166  0.1862  
71       71  (19)      6 :  0.9820  0.0120  0.0060  
72       72   (6)      6 :  0.9940  0.0040  0.0020  
73       73  (39)      6 :  0.9620  0.0310  0.0070  
74       74  (25)      6 :  0.9880  0.0080  0.0040  
75       75  (16)      6 :  0.8580  0.0160  0.1260  
76       76  (37)      6 :  0.8150  0.0740  0.1110  
77       77   (8)      6 :  0.7668  0.0260  0.2072  
78       78   (9)      6 :  0.9920  0.0050  0.0030  
79       79   (8)      6 :  0.9080  0.0130  0.0790  
80       80   (9)      6 :  0.6643  0.2947  0.0410  
81       81   (9)      6 :  0.7030  0.0280  0.2690  
82       82  (10)      6 :  0.9129  0.0050  0.0821  
83       83   (9)      5 :  0.1730  0.6210  0.2060  
84       84  (29)      7 :  0.0501  0.4815  0.4685  
85       85   (9)      7 :  0.0790  0.1880  0.7330  
86       86  (10)      7 :  0.0230  0.0600  0.9170  
87       87   (9)      7 :  0.2593  0.1451  0.5956  
88       88  (10)      7 :  0.1130  0.0510  0.8360  
89       89  (24)      7 :  0.0689  0.4985  0.4326  
90       90  (11)      7 :  0.0070  0.0510  0.9420  
91       91  (18)      7 :  0.0450  0.3870  0.5680  
92       92  (13)      7 :  0.0410  0.3163  0.6426  
93       93  (10)      7 :  0.0130  0.0310  0.9560  
94       94  (11)      7 :  0.1020  0.6540  0.2440  
95       95   (8)      7 :  0.0280  0.1598  0.8122  
96       96  (23)      7 :  0.0030  0.0030  0.9940  
97       97   (5)      7 :  0.1460  0.5280  0.3260  
