 1        1   (8)      1 :  0.0010  0.0030  0.0090  0.0030  0.0030  0.0300  0.9510  
 2        2   (9)      1 :  0.0070  0.4474  0.0080  0.0260  0.1662  0.0180  0.3273  
 3        3   (9)      1 :  0.0020  0.0050  0.0030  0.0020  0.8832  0.0968  0.0080  
 4        4  (18)      1 :  0.0040  0.2298  0.0300  0.0380  0.3247  0.0320  0.3417  
 5        5  (22)      1 :  0.0010  0.9910  0.0020  0.0010  0.0020  0.0010  0.0020  
 6        6   (9)      1 :  0.0430  0.0100  0.2460  0.2950  0.0030  0.2950  0.1080  
 7        7  (13)      1 :  0.0030  0.2028  0.0140  0.0270  0.0789  0.0859  0.5884  
 8        8  (14)      1 :  0.0030  0.4330  0.0800  0.1340  0.0300  0.1150  0.2050  
 9        9   (5)      1 :  0.0010  0.0030  0.0020  0.0800  0.7090  0.0030  0.2020  
10       10  (10)      1 :  0.0050  0.4004  0.2232  0.0731  0.0050  0.0030  0.2903  
11       11  (21)      1 :  0.0470  0.0839  0.0430  0.2657  0.1868  0.2957  0.0779  
12       12   (7)      1 :  0.0551  0.0460  0.2703  0.1952  0.2002  0.1171  0.1161  
13       13  (26)      1 :  0.0020  0.9800  0.0020  0.0020  0.0060  0.0040  0.0040  
14       14   (8)      2 :  0.0020  0.0020  0.0250  0.8720  0.0190  0.0770  0.0030  
15       15   (7)      2 :  0.0050  0.0020  0.0050  0.6310  0.3090  0.0440  0.0040  
16       16   (8)      2 :  0.0020  0.0030  0.0030  0.0060  0.0020  0.9680  0.0160  
17       17   (7)      2 :  0.0020  0.0060  0.2937  0.4186  0.0030  0.2737  0.0030  
18       18  (13)      2 :  0.0020  0.0020  0.0080  0.2570  0.1770  0.3910  0.1630  
19       19  (16)      2 :  0.0040  0.2540  0.0160  0.0070  0.0120  0.7050  0.0020  
20       20   (6)      2 :  0.0050  0.0010  0.1061  0.3914  0.0030  0.4845  0.0090  
21       21   (6)      2 :  0.0030  0.0010  0.0030  0.2583  0.0981  0.6346  0.0020  
22       22   (8)      2 :  0.0050  0.0130  0.4735  0.3023  0.1061  0.0931  0.0070  
23       23   (5)      2 :  0.0020  0.0530  0.2370  0.1210  0.0030  0.5790  0.0050  
24       24  (12)      2 :  0.0020  0.0270  0.0170  0.2100  0.0230  0.7180  0.0030  
25       25  (10)      2 :  0.0150  0.0130  0.0070  0.7796  0.1583  0.0230  0.0040  
26       26  (10)      2 :  0.0020  0.0030  0.0020  0.7083  0.0020  0.2807  0.0020  
27       27  (48)      2 :  0.0060  0.0670  0.1540  0.5690  0.0200  0.1800  0.0040  
28       28  (20)      2 :  0.0020  0.0469  0.0619  0.0060  0.0838  0.7914  0.0080  
29       29   (9)      3 :  0.0020  0.0020  0.0040  0.0040  0.0080  0.3263  0.6537  
30       30   (8)      3 :  0.0020  0.0080  0.0030  0.0020  0.0050  0.0050  0.9750  
31       31  (19)      3 :  0.0020  0.2110  0.0070  0.0880  0.0030  0.1110  0.5780  
32       32  (13)      3 :  0.0090  0.0511  0.2352  0.0070  0.0050  0.0831  0.6096  
33       33   (6)      3 :  0.1350  0.4680  0.0050  0.0160  0.0960  0.0020  0.2780  
34       34  (10)      3 :  0.0040  0.1100  0.1060  0.0070  0.0130  0.2920  0.4680  
35       35   (5)      3 :  0.0040  0.0340  0.7110  0.0920  0.0030  0.0470  0.1090  
36       36  (17)      3 :  0.0030  0.2228  0.4645  0.0040  0.1009  0.0070  0.1978  
37       37   (8)      3 :  0.0040  0.3093  0.5506  0.0551  0.0150  0.0380  0.0280  
38       38  (10)      3 :  0.0050  0.0500  0.1578  0.0040  0.1189  0.1309  0.5335  
39       39  (14)      3 :  0.1331  0.0340  0.0240  0.0681  0.0430  0.0961  0.6016  
40       40  (15)      3 :  0.2328  0.0490  0.0410  0.0050  0.0100  0.0110  0.6513  
41       41   (5)      4 :  0.0020  0.2028  0.0060  0.7792  0.0020  0.0050  0.0030  
42       42   (8)      4 :  0.0120  0.0080  0.0100  0.4690  0.0090  0.4820  0.0100  
43       43  (17)      4 :  0.0020  0.0010  0.0030  0.0010  0.0060  0.9850  0.0020  
44       44  (33)      4 :  0.0560  0.1850  0.0090  0.2320  0.0020  0.5070  0.0090  
45       45  (18)      4 :  0.0050  0.0050  0.1220  0.5040  0.0100  0.3500  0.0040  
46       46  (15)      4 :  0.0160  0.0659  0.0110  0.0589  0.2238  0.5914  0.0330  
47       47   (5)      4 :  0.0090  0.0500  0.0060  0.7700  0.0070  0.1530  0.0050  
48       48  (24)      4 :  0.0090  0.0761  0.0430  0.1131  0.0030  0.7508  0.0050  
49       49  (32)      4 :  0.0020  0.0040  0.4765  0.2242  0.0040  0.2863  0.0030  
50       50  (24)      4 :  0.0030  0.0040  0.0120  0.6170  0.0080  0.3140  0.0420  
51       51  (17)      4 :  0.0190  0.0070  0.1080  0.2790  0.0700  0.5060  0.0110  
52       52   (6)      4 :  0.0020  0.2953  0.0501  0.2232  0.0200  0.4054  0.0040  
53       53  (10)      4 :  0.0340  0.0601  0.1692  0.3814  0.0030  0.3504  0.0020  
54       54  (10)      4 :  0.0120  0.1782  0.3654  0.3764  0.0110  0.0531  0.0040  
55       55  (26)      5 :  0.2002  0.0270  0.2262  0.0360  0.0080  0.4985  0.0040  
56       56  (15)      5 :  0.0030  0.2478  0.3516  0.2278  0.0320  0.0040  0.1339  
57       57  (15)      5 :  0.0100  0.3546  0.3546  0.0060  0.1828  0.0080  0.0839  
58       58   (5)      5 :  0.0030  0.3390  0.0040  0.0010  0.1520  0.0010  0.5000  
59       59   (7)      5 :  0.0010  0.0190  0.0070  0.0140  0.9440  0.0120  0.0030  
60       60   (9)      5 :  0.0160  0.0120  0.1712  0.0150  0.0030  0.1912  0.5916  
61       61  (17)      5 :  0.0040  0.2000  0.3520  0.0550  0.1310  0.1600  0.0980  
62       62  (10)      5 :  0.0110  0.0531  0.2182  0.0090  0.1131  0.0531  0.5425  
63       63  (13)      5 :  0.1660  0.2390  0.3950  0.0240  0.0870  0.0830  0.0060  
64       64  (15)      5 :  0.1283  0.0501  0.0601  0.1102  0.1523  0.1343  0.3647  
65       65  (17)      5 :  0.0080  0.1830  0.6590  0.1140  0.0030  0.0100  0.0230  
66       66  (14)      5 :  0.0110  0.1049  0.2438  0.0280  0.0140  0.1798  0.4186  
67       67  (12)      5 :  0.0210  0.0020  0.8156  0.0020  0.1293  0.0190  0.0110  
68       68   (9)      5 :  0.0030  0.0020  0.1110  0.0030  0.0400  0.4500  0.3910  
69       69  (14)      5 :  0.2130  0.2800  0.1800  0.0260  0.0270  0.0980  0.1760  
70       70   (8)      5 :  0.0090  0.4630  0.4160  0.0380  0.0460  0.0170  0.0110  
71       71  (19)      6 :  0.0020  0.0060  0.2162  0.5536  0.0190  0.1992  0.0040  
72       72   (6)      6 :  0.0020  0.0030  0.0350  0.6940  0.0030  0.2600  0.0030  
73       73  (39)      6 :  0.0030  0.2657  0.0080  0.5255  0.0050  0.1838  0.0090  
74       74  (25)      6 :  0.0020  0.0370  0.0080  0.6250  0.0130  0.3100  0.0050  
75       75  (16)      6 :  0.0090  0.0460  0.0050  0.8890  0.0020  0.0060  0.0430  
76       76  (37)      6 :  0.0060  0.0260  0.1250  0.4990  0.0040  0.2520  0.0880  
77       77   (8)      6 :  0.0591  0.0140  0.1431  0.6797  0.0961  0.0040  0.0040  
78       78   (9)      6 :  0.0030  0.0210  0.0210  0.8300  0.0040  0.1160  0.0050  
79       79   (8)      6 :  0.0670  0.0030  0.1010  0.4730  0.0130  0.3360  0.0070  
80       80   (9)      6 :  0.0100  0.0040  0.0570  0.2970  0.2110  0.2940  0.1270  
81       81   (9)      6 :  0.1800  0.1040  0.0560  0.4150  0.0130  0.2290  0.0030  
82       82  (10)      6 :  0.0300  0.0050  0.0440  0.7457  0.0030  0.1682  0.0040  
83       83   (9)      5 :  0.0300  0.1411  0.3574  0.0030  0.0881  0.1702  0.2102  
84       84  (29)      7 :  0.2997  0.2078  0.1828  0.0060  0.0060  0.1948  0.1029  
85       85   (9)      7 :  0.6460  0.0760  0.0730  0.0600  0.1080  0.0120  0.0250  
86       86  (10)      7 :  0.7782  0.0050  0.1309  0.0100  0.0330  0.0090  0.0340  
87       87   (9)      7 :  0.4390  0.0250  0.2190  0.0080  0.0060  0.2830  0.0200  
88       88  (10)      7 :  0.6034  0.1528  0.1259  0.0090  0.0020  0.1019  0.0050  
89       89  (24)      7 :  0.0050  0.0070  0.8040  0.0030  0.0470  0.1270  0.0070  
90       90  (11)      7 :  0.6230  0.0300  0.3100  0.0030  0.0270  0.0040  0.0030  
91       91  (18)      7 :  0.5480  0.0170  0.0050  0.0080  0.0060  0.1040  0.3120  
92       92  (13)      7 :  0.3650  0.2320  0.2210  0.0030  0.0180  0.1570  0.0040  
93       93  (10)      7 :  0.9241  0.0060  0.0050  0.0150  0.0330  0.0050  0.0120  
94       94  (11)      7 :  0.0090  0.2530  0.1690  0.0090  0.2150  0.1560  0.1890  
95       95   (8)      7 :  0.4590  0.1270  0.2210  0.0020  0.0030  0.1810  0.0070  
96       96  (23)      7 :  0.9870  0.0020  0.0020  0.0030  0.0020  0.0010  0.0030  
97       97   (5)      7 :  0.0030  0.0050  0.9421  0.0190  0.0220  0.0040  0.0050  
