 1        1   (8)      1 :  0.0010  0.0020  0.0040  0.0020  0.1538  0.0440  0.7932  
 2        2   (9)      1 :  0.0080  0.2412  0.0060  0.0070  0.4454  0.0360  0.2563  
 3        3   (9)      1 :  0.0050  0.0040  0.4675  0.0010  0.2623  0.2232  0.0370  
 4        4  (18)      1 :  0.0040  0.1440  0.1950  0.0270  0.2800  0.0460  0.3040  
 5        5  (22)      1 :  0.0010  0.9940  0.0010  0.0010  0.0010  0.0010  0.0010  
 6        6   (9)      1 :  0.0580  0.0080  0.0810  0.3630  0.0630  0.3000  0.1270  
 7        7  (13)      1 :  0.0020  0.0830  0.0040  0.0090  0.4710  0.0180  0.4130  
 8        8  (14)      1 :  0.0030  0.0200  0.0040  0.1420  0.7620  0.0170  0.0520  
 9        9   (5)      1 :  0.0010  0.0090  0.6326  0.1371  0.0040  0.0050  0.2112  
10       10  (10)      1 :  0.0060  0.2132  0.0911  0.0931  0.2993  0.0030  0.2943  
11       11  (21)      1 :  0.0380  0.0640  0.0300  0.1890  0.3220  0.3260  0.0310  
12       12   (7)      1 :  0.1000  0.0100  0.0510  0.2160  0.4210  0.1420  0.0600  
13       13  (26)      1 :  0.0010  0.9760  0.0040  0.0030  0.0040  0.0070  0.0050  
14       14   (8)      2 :  0.0010  0.0020  0.1470  0.8320  0.0010  0.0140  0.0030  
15       15   (7)      2 :  0.0050  0.0020  0.1140  0.5550  0.1200  0.2000  0.0040  
16       16   (8)      2 :  0.0020  0.0030  0.0020  0.0050  0.0050  0.9680  0.0150  
17       17   (7)      2 :  0.0020  0.0020  0.0030  0.3780  0.3880  0.2250  0.0020  
18       18  (13)      2 :  0.0020  0.0020  0.0080  0.2683  0.2482  0.3774  0.0941  
19       19  (16)      2 :  0.0030  0.2332  0.0300  0.0180  0.0020  0.7117  0.0020  
20       20   (6)      2 :  0.0030  0.0010  0.0250  0.4410  0.0180  0.5020  0.0100  
21       21   (6)      2 :  0.0040  0.0020  0.0090  0.2933  0.0060  0.6827  0.0030  
22       22   (8)      2 :  0.0040  0.0040  0.3644  0.2613  0.3263  0.0360  0.0040  
23       23   (5)      2 :  0.0030  0.0440  0.0859  0.1578  0.0110  0.6464  0.0519  
24       24  (12)      2 :  0.0020  0.0090  0.0060  0.1900  0.0530  0.7360  0.0040  
25       25  (10)      2 :  0.0110  0.0030  0.0030  0.6890  0.2530  0.0360  0.0050  
26       26  (10)      2 :  0.0020  0.0040  0.0010  0.6610  0.0060  0.3220  0.0040  
27       27  (48)      2 :  0.0030  0.1240  0.0410  0.6920  0.0080  0.1270  0.0050  
28       28  (20)      2 :  0.0020  0.0180  0.2797  0.0070  0.0180  0.6713  0.0040  
29       29   (9)      3 :  0.0020  0.0020  0.0040  0.0030  0.0050  0.4060  0.5780  
30       30   (8)      3 :  0.0020  0.0170  0.0020  0.0020  0.0030  0.0030  0.9710  
31       31  (19)      3 :  0.0030  0.0170  0.0060  0.0270  0.4144  0.0981  0.4344  
32       32  (13)      3 :  0.0060  0.0530  0.1600  0.0150  0.1100  0.1230  0.5330  
33       33   (6)      3 :  0.1420  0.3100  0.0120  0.0070  0.3030  0.0010  0.2250  
34       34  (10)      3 :  0.0050  0.0820  0.0260  0.0200  0.1420  0.3010  0.4240  
35       35   (5)      3 :  0.0120  0.0070  0.0390  0.2118  0.5574  0.0230  0.1499  
36       36  (17)      3 :  0.0060  0.1230  0.3980  0.0050  0.2820  0.0070  0.1790  
37       37   (8)      3 :  0.0050  0.0270  0.0120  0.0390  0.8970  0.0150  0.0050  
38       38  (10)      3 :  0.0050  0.0130  0.2490  0.0030  0.0790  0.1740  0.4770  
39       39  (14)      3 :  0.1162  0.0120  0.0240  0.0341  0.1563  0.1132  0.5441  
40       40  (15)      3 :  0.2310  0.0470  0.0420  0.0040  0.0100  0.0090  0.6570  
41       41   (5)      4 :  0.0020  0.1648  0.0050  0.8062  0.0150  0.0040  0.0030  
42       42   (8)      4 :  0.0130  0.0030  0.0150  0.4434  0.0531  0.4645  0.0080  
43       43  (17)      4 :  0.0020  0.0010  0.0030  0.0010  0.0020  0.9890  0.0020  
44       44  (33)      4 :  0.0659  0.0120  0.0020  0.2088  0.1748  0.5275  0.0090  
45       45  (18)      4 :  0.0190  0.0641  0.0130  0.5005  0.0240  0.3764  0.0030  
46       46  (15)      4 :  0.0070  0.0060  0.0220  0.0250  0.2943  0.6336  0.0120  
47       47   (5)      4 :  0.0090  0.0070  0.0070  0.7932  0.0070  0.1698  0.0070  
48       48  (24)      4 :  0.0290  0.0160  0.0681  0.1381  0.1512  0.5956  0.0020  
49       49  (32)      4 :  0.0030  0.0100  0.1470  0.3020  0.1060  0.4280  0.0040  
50       50  (24)      4 :  0.0030  0.0030  0.0060  0.5395  0.1558  0.2837  0.0090  
51       51  (17)      4 :  0.0270  0.0130  0.0160  0.2667  0.1159  0.5355  0.0260  
52       52   (6)      4 :  0.0020  0.2260  0.0080  0.2310  0.1810  0.3490  0.0030  
53       53  (10)      4 :  0.0541  0.0631  0.0641  0.4394  0.0220  0.3554  0.0020  
54       54  (10)      4 :  0.0110  0.1260  0.0300  0.4420  0.3630  0.0260  0.0020  
55       55  (26)      5 :  0.2627  0.0110  0.1548  0.0799  0.0060  0.4815  0.0040  
56       56  (15)      5 :  0.0020  0.0250  0.0020  0.0230  0.9361  0.0030  0.0090  
57       57  (15)      5 :  0.0090  0.2943  0.3974  0.0080  0.1922  0.0080  0.0911  
58       58   (5)      5 :  0.0020  0.2500  0.0050  0.0010  0.2950  0.0010  0.4460  
59       59   (7)      5 :  0.0010  0.0040  0.4615  0.0030  0.5005  0.0270  0.0030  
60       60   (9)      5 :  0.0300  0.0040  0.0030  0.0110  0.2540  0.2150  0.4830  
61       61  (17)      5 :  0.0120  0.1301  0.2723  0.0340  0.3724  0.1361  0.0430  
62       62  (10)      5 :  0.0150  0.0190  0.2820  0.0090  0.1570  0.0320  0.4860  
63       63  (13)      5 :  0.2210  0.1720  0.2950  0.0430  0.2010  0.0640  0.0040  
64       64  (15)      5 :  0.1320  0.0130  0.2380  0.0980  0.0670  0.1210  0.3310  
65       65  (17)      5 :  0.0280  0.1968  0.2348  0.2787  0.1359  0.0140  0.1119  
66       66  (14)      5 :  0.0200  0.0561  0.2192  0.0240  0.1491  0.1512  0.3804  
67       67  (12)      5 :  0.0030  0.0010  0.9830  0.0020  0.0030  0.0030  0.0050  
68       68   (9)      5 :  0.0020  0.0020  0.2360  0.0030  0.0230  0.4430  0.2910  
69       69  (14)      5 :  0.2342  0.1401  0.0380  0.0270  0.2993  0.1141  0.1471  
70       70   (8)      5 :  0.0270  0.1542  0.2713  0.0430  0.4875  0.0100  0.0070  
71       71  (19)      6 :  0.0020  0.0040  0.2340  0.5330  0.0210  0.2030  0.0030  
72       72   (6)      6 :  0.0010  0.0040  0.0030  0.6593  0.0060  0.3237  0.0030  
73       73  (39)      6 :  0.0030  0.1922  0.0150  0.6216  0.0270  0.1291  0.0120  
74       74  (25)      6 :  0.0020  0.0300  0.0050  0.5984  0.0040  0.3556  0.0050  
75       75  (16)      6 :  0.0700  0.0170  0.0050  0.8520  0.0120  0.0040  0.0400  
76       76  (37)      6 :  0.0220  0.0130  0.0190  0.5710  0.0150  0.2590  0.1010  
77       77   (8)      6 :  0.0280  0.0010  0.0030  0.5906  0.3714  0.0040  0.0020  
78       78   (9)      6 :  0.0020  0.0340  0.0040  0.8350  0.0090  0.1130  0.0030  
79       79   (8)      6 :  0.0519  0.0020  0.0509  0.4691  0.0958  0.3253  0.0050  
80       80   (9)      6 :  0.0110  0.0030  0.1038  0.2505  0.2665  0.2715  0.0938  
81       81   (9)      6 :  0.2010  0.0460  0.0900  0.4040  0.0110  0.2450  0.0030  
82       82  (10)      6 :  0.0450  0.0100  0.0060  0.7240  0.0130  0.1970  0.0050  
83       83   (9)      5 :  0.0780  0.0820  0.3640  0.0050  0.1960  0.1270  0.1480  
84       84  (29)      7 :  0.4186  0.1319  0.2168  0.0090  0.0320  0.0709  0.1209  
85       85   (9)      7 :  0.6330  0.0230  0.2490  0.0610  0.0090  0.0110  0.0140  
86       86  (10)      7 :  0.7520  0.0030  0.1890  0.0110  0.0070  0.0140  0.0240  
87       87   (9)      7 :  0.5145  0.0260  0.0300  0.0060  0.1449  0.2697  0.0090  
88       88  (10)      7 :  0.7518  0.0631  0.0050  0.0300  0.0631  0.0811  0.0060  
89       89  (24)      7 :  0.0120  0.0200  0.6737  0.0060  0.1502  0.1151  0.0230  
90       90  (11)      7 :  0.6623  0.0390  0.2737  0.0030  0.0160  0.0030  0.0030  
91       91  (18)      7 :  0.6040  0.0120  0.0160  0.0090  0.0130  0.0590  0.2870  
92       92  (13)      7 :  0.5401  0.0992  0.2786  0.0030  0.0240  0.0521  0.0030  
93       93  (10)      7 :  0.9530  0.0070  0.0050  0.0110  0.0070  0.0060  0.0110  
94       94  (11)      7 :  0.0040  0.2827  0.5095  0.0060  0.0060  0.0240  0.1678  
95       95   (8)      7 :  0.5684  0.1079  0.1409  0.0020  0.0150  0.1598  0.0060  
96       96  (23)      7 :  0.9880  0.0010  0.0020  0.0020  0.0020  0.0010  0.0040  
97       97   (5)      7 :  0.0080  0.0150  0.7177  0.1852  0.0631  0.0040  0.0070  
