 1        1   (8)      1 :  0.0010  0.0010  0.0010  0.0010  0.9920  0.0020  0.0020  
 2        2   (9)      1 :  0.0060  0.4456  0.0060  0.0889  0.0110  0.0779  0.3646  
 3        3   (9)      1 :  0.0050  0.0050  0.3660  0.0020  0.0360  0.2230  0.3630  
 4        4  (18)      1 :  0.0040  0.2188  0.2577  0.0719  0.0040  0.0490  0.3946  
 5        5  (22)      1 :  0.0010  0.9920  0.0020  0.0010  0.0010  0.0010  0.0020  
 6        6   (9)      1 :  0.0410  0.0160  0.1371  0.3904  0.0060  0.3443  0.0651  
 7        7  (13)      1 :  0.0020  0.2202  0.0040  0.1401  0.0160  0.0160  0.6016  
 8        8  (14)      1 :  0.0030  0.3570  0.0580  0.2960  0.1000  0.0160  0.1700  
 9        9   (5)      1 :  0.0010  0.0040  0.4625  0.1399  0.0050  0.0070  0.3806  
10       10  (10)      1 :  0.0030  0.3706  0.1718  0.1588  0.0020  0.0030  0.2907  
11       11  (21)      1 :  0.0560  0.1040  0.0270  0.3020  0.0570  0.3020  0.1520  
12       12   (7)      1 :  0.0879  0.0789  0.1968  0.2527  0.1269  0.1389  0.1179  
13       13  (26)      1 :  0.0020  0.9370  0.0030  0.0020  0.0020  0.0080  0.0460  
14       14   (8)      2 :  0.0020  0.0010  0.1250  0.8220  0.0010  0.0440  0.0050  
15       15   (7)      2 :  0.0070  0.0030  0.1149  0.6144  0.0080  0.1728  0.0799  
16       16   (8)      2 :  0.0020  0.0040  0.0030  0.0250  0.0120  0.9331  0.0210  
17       17   (7)      2 :  0.0030  0.0750  0.1160  0.4790  0.0050  0.3190  0.0030  
18       18  (13)      2 :  0.0020  0.0020  0.0150  0.3167  0.0559  0.4446  0.1638  
19       19  (16)      2 :  0.0070  0.2360  0.0110  0.0090  0.0020  0.7320  0.0030  
20       20   (6)      2 :  0.0040  0.0010  0.0360  0.4460  0.0030  0.4970  0.0130  
21       21   (6)      2 :  0.0040  0.0020  0.0110  0.2112  0.0030  0.7648  0.0040  
22       22   (8)      2 :  0.0050  0.0180  0.5410  0.3700  0.0060  0.0380  0.0220  
23       23   (5)      2 :  0.0020  0.0450  0.1752  0.1712  0.0020  0.5936  0.0110  
24       24  (12)      2 :  0.0020  0.0310  0.0150  0.1680  0.0090  0.7700  0.0050  
25       25  (10)      2 :  0.0240  0.0230  0.0070  0.7880  0.0020  0.0600  0.0960  
26       26  (10)      2 :  0.0020  0.0030  0.0010  0.7190  0.0020  0.2700  0.0030  
27       27  (48)      2 :  0.0080  0.0531  0.0501  0.6316  0.0971  0.1572  0.0030  
28       28  (20)      2 :  0.0020  0.0300  0.2667  0.0090  0.0230  0.6643  0.0050  
29       29   (9)      3 :  0.0020  0.0020  0.0050  0.0040  0.0080  0.3750  0.6040  
30       30   (8)      3 :  0.0010  0.0020  0.0010  0.0010  0.0020  0.0020  0.9910  
31       31  (19)      3 :  0.0030  0.2613  0.0070  0.1331  0.3333  0.1592  0.1031  
32       32  (13)      3 :  0.0120  0.0601  0.2442  0.0150  0.3163  0.0821  0.2703  
33       33   (6)      3 :  0.1319  0.4945  0.0080  0.0260  0.1718  0.0010  0.1668  
34       34  (10)      3 :  0.0040  0.1160  0.0730  0.0110  0.0300  0.3160  0.4500  
35       35   (5)      3 :  0.0060  0.1059  0.4236  0.2537  0.1249  0.0769  0.0090  
36       36  (17)      3 :  0.0050  0.2410  0.5430  0.0070  0.0830  0.0100  0.1110  
37       37   (8)      3 :  0.0060  0.3280  0.3440  0.1910  0.0240  0.0380  0.0690  
38       38  (10)      3 :  0.0040  0.0290  0.2302  0.0040  0.0030  0.1992  0.5305  
39       39  (14)      3 :  0.1051  0.0300  0.0260  0.0841  0.0070  0.1351  0.6126  
40       40  (15)      3 :  0.2200  0.0360  0.0390  0.0060  0.0280  0.0250  0.6460  
41       41   (5)      4 :  0.0020  0.1558  0.0050  0.8272  0.0030  0.0050  0.0020  
42       42   (8)      4 :  0.0140  0.0050  0.0130  0.4630  0.0080  0.4850  0.0120  
43       43  (17)      4 :  0.0020  0.0020  0.0030  0.0020  0.0080  0.9810  0.0020  
44       44  (33)      4 :  0.0450  0.1081  0.0030  0.2583  0.0040  0.5776  0.0040  
45       45  (18)      4 :  0.0180  0.0300  0.0450  0.4930  0.0260  0.3860  0.0020  
46       46  (15)      4 :  0.0090  0.0470  0.0210  0.0920  0.0070  0.6200  0.2040  
47       47   (5)      4 :  0.0060  0.0290  0.0080  0.7980  0.0020  0.1530  0.0040  
48       48  (24)      4 :  0.0070  0.0830  0.0860  0.2050  0.0100  0.6060  0.0030  
49       49  (32)      4 :  0.0020  0.0090  0.1732  0.3924  0.0020  0.4134  0.0080  
50       50  (24)      4 :  0.0030  0.0040  0.0100  0.6296  0.0350  0.2993  0.0190  
51       51  (17)      4 :  0.0090  0.0160  0.0320  0.3610  0.0120  0.5520  0.0180  
52       52   (6)      4 :  0.0020  0.2903  0.0120  0.3293  0.0070  0.3544  0.0050  
53       53  (10)      4 :  0.0680  0.0640  0.0680  0.4290  0.0020  0.3660  0.0030  
54       54  (10)      4 :  0.0080  0.2380  0.2130  0.4740  0.0020  0.0580  0.0070  
55       55  (26)      5 :  0.1868  0.0190  0.2268  0.0759  0.0040  0.4835  0.0040  
56       56  (15)      5 :  0.0040  0.2887  0.0300  0.3407  0.1079  0.0070  0.2218  
57       57  (15)      5 :  0.0070  0.4240  0.4430  0.0120  0.0650  0.0070  0.0420  
58       58   (5)      5 :  0.0020  0.3353  0.0080  0.0020  0.0050  0.0020  0.6457  
59       59   (7)      5 :  0.0020  0.0450  0.5435  0.0310  0.0030  0.1069  0.2687  
60       60   (9)      5 :  0.0410  0.0400  0.0250  0.0849  0.6893  0.1149  0.0050  
61       61  (17)      5 :  0.0070  0.1898  0.3636  0.1499  0.1109  0.1548  0.0240  
62       62  (10)      5 :  0.0140  0.0710  0.2760  0.0160  0.2660  0.0910  0.2660  
63       63  (13)      5 :  0.1740  0.2380  0.3880  0.1000  0.0160  0.0780  0.0060  
64       64  (15)      5 :  0.1170  0.0620  0.1490  0.1300  0.0740  0.1370  0.3310  
65       65  (17)      5 :  0.0170  0.2420  0.4010  0.2960  0.0050  0.0110  0.0280  
66       66  (14)      5 :  0.0200  0.1170  0.2860  0.0650  0.3040  0.1330  0.0750  
67       67  (12)      5 :  0.0030  0.0020  0.9760  0.0030  0.0090  0.0040  0.0030  
68       68   (9)      5 :  0.0030  0.0020  0.2640  0.0060  0.2240  0.4290  0.0720  
69       69  (14)      5 :  0.2172  0.2823  0.0841  0.0631  0.0130  0.1461  0.1942  
70       70   (8)      5 :  0.0130  0.4370  0.4490  0.0500  0.0060  0.0100  0.0350  
71       71  (19)      6 :  0.0020  0.0060  0.1820  0.5860  0.0050  0.2160  0.0030  
72       72   (6)      6 :  0.0020  0.0040  0.0080  0.7290  0.0040  0.2500  0.0030  
73       73  (39)      6 :  0.0030  0.2460  0.0110  0.6040  0.0160  0.1150  0.0050  
74       74  (25)      6 :  0.0030  0.0310  0.0050  0.5556  0.0501  0.3524  0.0030  
75       75  (16)      6 :  0.0140  0.0220  0.0040  0.9260  0.0170  0.0060  0.0110  
76       76  (37)      6 :  0.0120  0.0110  0.0739  0.5514  0.1598  0.1878  0.0040  
77       77   (8)      6 :  0.1241  0.0200  0.0130  0.7658  0.0030  0.0060  0.0681  
78       78   (9)      6 :  0.0020  0.0100  0.0070  0.8629  0.0020  0.1111  0.0050  
79       79   (8)      6 :  0.0400  0.0030  0.0940  0.5240  0.0360  0.2990  0.0040  
80       80   (9)      6 :  0.0170  0.0070  0.1420  0.3030  0.1250  0.3280  0.0780  
81       81   (9)      6 :  0.1730  0.0720  0.0900  0.4170  0.0030  0.2420  0.0030  
82       82  (10)      6 :  0.0640  0.0060  0.0060  0.7310  0.0020  0.1880  0.0030  
83       83   (9)      5 :  0.0720  0.1750  0.3860  0.0090  0.1470  0.1850  0.0260  
84       84  (29)      7 :  0.2907  0.2278  0.2717  0.0060  0.0150  0.1319  0.0569  
85       85   (9)      7 :  0.5864  0.0500  0.2078  0.0769  0.0040  0.0150  0.0599  
86       86  (10)      7 :  0.7260  0.0040  0.1900  0.0100  0.0140  0.0110  0.0450  
87       87   (9)      7 :  0.4376  0.0500  0.1419  0.0100  0.0559  0.2987  0.0060  
88       88  (10)      7 :  0.6713  0.1778  0.0170  0.0200  0.0210  0.0899  0.0030  
89       89  (24)      7 :  0.0080  0.0280  0.8800  0.0070  0.0070  0.0550  0.0150  
90       90  (11)      7 :  0.6020  0.0390  0.3450  0.0030  0.0020  0.0050  0.0040  
91       91  (18)      7 :  0.5095  0.0140  0.0120  0.0120  0.0060  0.1229  0.3237  
92       92  (13)      7 :  0.3410  0.2350  0.3030  0.0040  0.0030  0.1090  0.0050  
93       93  (10)      7 :  0.8599  0.0050  0.0040  0.0090  0.0020  0.0040  0.1161  
94       94  (11)      7 :  0.0050  0.1750  0.4210  0.0090  0.0030  0.0910  0.2960  
95       95   (8)      7 :  0.4480  0.1510  0.1820  0.0020  0.0310  0.1830  0.0030  
96       96  (23)      7 :  0.9390  0.0020  0.0020  0.0020  0.0010  0.0020  0.0520  
97       97   (5)      7 :  0.0050  0.0120  0.8112  0.1608  0.0020  0.0030  0.0060  
