 1        1   (8)      1 :  0.0070  0.0050  0.1170  0.0020  0.8690  
 2        2   (9)      1 :  0.0410  0.6054  0.0639  0.0110  0.2787  
 3        3   (9)      1 :  0.0020  0.5370  0.2890  0.0080  0.1640  
 4        4  (18)      1 :  0.0460  0.4915  0.1648  0.0050  0.2927  
 5        5  (22)      1 :  0.0020  0.9850  0.0030  0.0040  0.0060  
 6        6   (9)      1 :  0.3846  0.0260  0.3866  0.1169  0.0859  
 7        7  (13)      1 :  0.0390  0.2350  0.1290  0.0030  0.5940  
 8        8  (14)      1 :  0.2840  0.4980  0.0760  0.0030  0.1390  
 9        9   (5)      1 :  0.1320  0.4390  0.1390  0.0030  0.2870  
10       10  (10)      1 :  0.1878  0.5734  0.0050  0.0040  0.2298  
11       11  (21)      1 :  0.2580  0.1980  0.3640  0.0490  0.1310  
12       12   (7)      1 :  0.3047  0.2448  0.2328  0.1009  0.1169  
13       13  (26)      1 :  0.0040  0.9670  0.0140  0.0030  0.0120  
14       14   (8)      2 :  0.8390  0.0120  0.1410  0.0030  0.0050  
15       15   (7)      2 :  0.6370  0.0270  0.2990  0.0130  0.0240  
16       16   (8)      2 :  0.0250  0.0030  0.9410  0.0030  0.0280  
17       17   (7)      2 :  0.4474  0.1792  0.3664  0.0040  0.0030  
18       18  (13)      2 :  0.3090  0.0320  0.4620  0.0030  0.1940  
19       19  (16)      2 :  0.0250  0.1351  0.7297  0.1051  0.0050  
20       20   (6)      2 :  0.4390  0.0030  0.5390  0.0040  0.0150  
21       21   (6)      2 :  0.1942  0.0030  0.7978  0.0030  0.0020  
22       22   (8)      2 :  0.3906  0.2567  0.3157  0.0190  0.0180  
23       23   (5)      2 :  0.2302  0.1261  0.6196  0.0040  0.0200  
24       24  (12)      2 :  0.1880  0.0520  0.7520  0.0030  0.0050  
25       25  (10)      2 :  0.7870  0.1260  0.0610  0.0210  0.0050  
26       26  (10)      2 :  0.7100  0.0030  0.2820  0.0020  0.0030  
27       27  (48)      2 :  0.6120  0.1060  0.2700  0.0060  0.0060  
28       28  (20)      2 :  0.0050  0.1420  0.8450  0.0030  0.0050  
29       29   (9)      3 :  0.0070  0.0050  0.3716  0.0030  0.6134  
30       30   (8)      3 :  0.0030  0.0190  0.0050  0.0020  0.9710  
31       31  (19)      3 :  0.1820  0.1660  0.1160  0.0030  0.5330  
32       32  (13)      3 :  0.0250  0.1890  0.2190  0.0190  0.5480  
33       33   (6)      3 :  0.0800  0.5330  0.0020  0.1280  0.2570  
34       34  (10)      3 :  0.0340  0.2310  0.2820  0.0070  0.4460  
35       35   (5)      3 :  0.2360  0.4560  0.1480  0.0210  0.1390  
36       36  (17)      3 :  0.0150  0.6690  0.1170  0.0060  0.1930  
37       37   (8)      3 :  0.1738  0.7033  0.0969  0.0080  0.0180  
38       38  (10)      3 :  0.0070  0.2830  0.2030  0.0170  0.4900  
39       39  (14)      3 :  0.0739  0.0699  0.1139  0.1449  0.5974  
40       40  (15)      3 :  0.0060  0.1111  0.0350  0.2092  0.6386  
41       41   (5)      4 :  0.8660  0.1090  0.0180  0.0030  0.0040  
42       42   (8)      4 :  0.4750  0.0070  0.4850  0.0230  0.0100  
43       43  (17)      4 :  0.0020  0.0030  0.9900  0.0020  0.0030  
44       44  (33)      4 :  0.2673  0.0480  0.4745  0.1992  0.0110  
45       45  (18)      4 :  0.4630  0.0820  0.4340  0.0180  0.0030  
46       46  (15)      4 :  0.0480  0.2082  0.6196  0.0320  0.0921  
47       47   (5)      4 :  0.8170  0.0090  0.1610  0.0080  0.0050  
48       48  (24)      4 :  0.2178  0.0190  0.7093  0.0480  0.0060  
49       49  (32)      4 :  0.4216  0.0659  0.5005  0.0040  0.0080  
50       50  (24)      4 :  0.6460  0.0100  0.3140  0.0050  0.0250  
51       51  (17)      4 :  0.3480  0.0300  0.5090  0.0740  0.0390  
52       52   (6)      4 :  0.2620  0.3470  0.3840  0.0030  0.0040  
53       53  (10)      4 :  0.4760  0.0630  0.3860  0.0710  0.0040  
54       54  (10)      4 :  0.4116  0.3886  0.1618  0.0310  0.0070  
55       55  (26)      5 :  0.1020  0.0480  0.5560  0.2850  0.0090  
56       56  (15)      5 :  0.3720  0.4680  0.0090  0.0040  0.1470  
57       57  (15)      5 :  0.0160  0.7878  0.0571  0.0190  0.1201  
58       58   (5)      5 :  0.0020  0.4670  0.0020  0.0030  0.5260  
59       59   (7)      5 :  0.0110  0.6930  0.2700  0.0020  0.0240  
60       60   (9)      5 :  0.1110  0.0150  0.2870  0.0320  0.5550  
61       61  (17)      5 :  0.0980  0.5100  0.2680  0.0110  0.1130  
62       62  (10)      5 :  0.0200  0.2500  0.2000  0.0200  0.5100  
63       63  (13)      5 :  0.1140  0.5200  0.1450  0.2130  0.0080  
64       64  (15)      5 :  0.1270  0.1630  0.2460  0.1070  0.3570  
65       65  (17)      5 :  0.3180  0.5020  0.1000  0.0250  0.0550  
66       66  (14)      5 :  0.0529  0.2557  0.2507  0.0340  0.4066  
67       67  (12)      5 :  0.0050  0.3950  0.2490  0.2180  0.1330  
68       68   (9)      5 :  0.0050  0.0120  0.5980  0.0030  0.3820  
69       69  (14)      5 :  0.0920  0.3470  0.1550  0.2030  0.2030  
70       70   (8)      5 :  0.1780  0.7520  0.0360  0.0150  0.0190  
71       71  (19)      6 :  0.6743  0.0150  0.3017  0.0040  0.0050  
72       72   (6)      6 :  0.6780  0.0040  0.3120  0.0020  0.0040  
73       73  (39)      6 :  0.6386  0.1121  0.2392  0.0040  0.0060  
74       74  (25)      6 :  0.5800  0.0100  0.4020  0.0030  0.0050  
75       75  (16)      6 :  0.8990  0.0070  0.0080  0.0130  0.0730  
76       76  (37)      6 :  0.5075  0.0210  0.3754  0.0350  0.0611  
77       77   (8)      6 :  0.7588  0.1762  0.0080  0.0531  0.0040  
78       78   (9)      6 :  0.8110  0.0070  0.1760  0.0030  0.0030  
79       79   (8)      6 :  0.4930  0.0100  0.3970  0.0910  0.0090  
80       80   (9)      6 :  0.3083  0.1181  0.4074  0.0250  0.1411  
81       81   (9)      6 :  0.4140  0.1190  0.2840  0.1790  0.0040  
82       82  (10)      6 :  0.7550  0.0070  0.1350  0.0980  0.0050  
83       83   (9)      5 :  0.0120  0.3610  0.2740  0.1370  0.2160  
84       84  (29)      7 :  0.0090  0.3550  0.1960  0.3290  0.1110  
85       85   (9)      7 :  0.0920  0.2380  0.0230  0.6030  0.0440  
86       86  (10)      7 :  0.0160  0.0549  0.0340  0.8252  0.0699  
87       87   (9)      7 :  0.0190  0.0781  0.3504  0.5245  0.0280  
88       88  (10)      7 :  0.0230  0.0840  0.1740  0.7130  0.0060  
89       89  (24)      7 :  0.0070  0.4174  0.4024  0.1031  0.0701  
90       90  (11)      7 :  0.0050  0.2800  0.0060  0.7050  0.0040  
91       91  (18)      7 :  0.0130  0.0170  0.1420  0.5220  0.3060  
92       92  (13)      7 :  0.0040  0.4440  0.2150  0.3320  0.0050  
93       93  (10)      7 :  0.0160  0.0220  0.0130  0.9191  0.0300  
94       94  (11)      7 :  0.0210  0.4136  0.2897  0.0180  0.2577  
95       95   (8)      7 :  0.0040  0.1670  0.2090  0.6060  0.0140  
96       96  (23)      7 :  0.0040  0.0030  0.0020  0.9840  0.0070  
97       97   (5)      7 :  0.3050  0.6060  0.0150  0.0540  0.0200  
