 1        1   (8)      1 :  0.0100  0.0030  0.0030  0.0050  0.9780  0.0010  
 2        2   (9)      1 :  0.1149  0.4146  0.0080  0.0230  0.4306  0.0090  
 3        3   (9)      1 :  0.2130  0.0080  0.4930  0.0020  0.2770  0.0070  
 4        4  (18)      1 :  0.0741  0.2042  0.1702  0.0621  0.4825  0.0070  
 5        5  (22)      1 :  0.0020  0.9920  0.0020  0.0010  0.0020  0.0010  
 6        6   (9)      1 :  0.3370  0.0130  0.0440  0.4190  0.1030  0.0840  
 7        7  (13)      1 :  0.0250  0.1230  0.0070  0.1140  0.7280  0.0030  
 8        8  (14)      1 :  0.0150  0.2478  0.0549  0.3097  0.3696  0.0030  
 9        9   (5)      1 :  0.0110  0.0070  0.5794  0.1359  0.2647  0.0020  
10       10  (10)      1 :  0.0060  0.3260  0.1970  0.1630  0.2990  0.0090  
11       11  (21)      1 :  0.3230  0.0640  0.0260  0.2830  0.2600  0.0440  
12       12   (7)      1 :  0.1720  0.0670  0.0850  0.2970  0.2670  0.1120  
13       13  (26)      1 :  0.0210  0.9600  0.0040  0.0030  0.0100  0.0020  
14       14   (8)      2 :  0.0700  0.0020  0.1030  0.8200  0.0030  0.0020  
15       15   (7)      2 :  0.2440  0.0030  0.1010  0.5920  0.0440  0.0160  
16       16   (8)      2 :  0.9490  0.0060  0.0040  0.0100  0.0290  0.0020  
17       17   (7)      2 :  0.3253  0.0300  0.0631  0.5696  0.0080  0.0040  
18       18  (13)      2 :  0.4370  0.0020  0.0120  0.3080  0.2390  0.0020  
19       19  (16)      2 :  0.7153  0.2547  0.0080  0.0060  0.0100  0.0060  
20       20   (6)      2 :  0.4735  0.0020  0.0280  0.4835  0.0090  0.0040  
21       21   (6)      2 :  0.7920  0.0020  0.0140  0.1840  0.0040  0.0040  
22       22   (8)      2 :  0.1040  0.0110  0.4550  0.4080  0.0140  0.0080  
23       23   (5)      2 :  0.6490  0.1030  0.0550  0.1790  0.0110  0.0030  
24       24  (12)      2 :  0.7337  0.0250  0.0100  0.2242  0.0050  0.0020  
25       25  (10)      2 :  0.1820  0.0370  0.0090  0.7290  0.0200  0.0230  
26       26  (10)      2 :  0.2787  0.0040  0.0020  0.7103  0.0030  0.0020  
27       27  (48)      2 :  0.2220  0.1500  0.0160  0.6010  0.0050  0.0060  
28       28  (20)      2 :  0.6997  0.0671  0.2112  0.0130  0.0070  0.0020  
29       29   (9)      3 :  0.3954  0.0030  0.0070  0.0050  0.5876  0.0020  
30       30   (8)      3 :  0.0480  0.0070  0.0040  0.0030  0.9341  0.0040  
31       31  (19)      3 :  0.0340  0.1030  0.0060  0.2040  0.6500  0.0030  
32       32  (13)      3 :  0.1050  0.0830  0.1880  0.0180  0.5920  0.0140  
33       33   (6)      3 :  0.0020  0.4010  0.0130  0.0780  0.3670  0.1390  
34       34  (10)      3 :  0.3317  0.1049  0.0340  0.0190  0.5045  0.0060  
35       35   (5)      3 :  0.0270  0.0940  0.3440  0.3280  0.1960  0.0110  
36       36  (17)      3 :  0.0160  0.1580  0.4690  0.0150  0.3320  0.0100  
37       37   (8)      3 :  0.0360  0.2290  0.3550  0.2120  0.1600  0.0080  
38       38  (10)      3 :  0.1750  0.0460  0.2510  0.0040  0.5110  0.0130  
39       39  (14)      3 :  0.1430  0.0270  0.0170  0.0420  0.6110  0.1600  
40       40  (15)      3 :  0.0230  0.0480  0.0561  0.0050  0.6376  0.2302  
41       41   (5)      4 :  0.0050  0.1770  0.0060  0.8060  0.0030  0.0030  
42       42   (8)      4 :  0.4900  0.0070  0.0150  0.4560  0.0190  0.0130  
43       43  (17)      4 :  0.9850  0.0020  0.0060  0.0020  0.0030  0.0020  
44       44  (33)      4 :  0.4540  0.1100  0.0040  0.2580  0.0380  0.1360  
45       45  (18)      4 :  0.4010  0.0250  0.0540  0.5040  0.0030  0.0130  
46       46  (15)      4 :  0.6160  0.0570  0.0320  0.0530  0.1930  0.0490  
47       47   (5)      4 :  0.1572  0.0190  0.0070  0.8008  0.0040  0.0120  
48       48  (24)      4 :  0.5650  0.0920  0.0760  0.2450  0.0070  0.0150  
49       49  (32)      4 :  0.4730  0.0170  0.1560  0.3460  0.0050  0.0030  
50       50  (24)      4 :  0.2760  0.0050  0.0080  0.6550  0.0510  0.0050  
51       51  (17)      4 :  0.4940  0.0160  0.0410  0.3480  0.0370  0.0640  
52       52   (6)      4 :  0.3574  0.2863  0.0120  0.3303  0.0120  0.0020  
53       53  (10)      4 :  0.3744  0.0671  0.0661  0.4294  0.0030  0.0601  
54       54  (10)      4 :  0.2152  0.2583  0.0290  0.4635  0.0160  0.0180  
55       55  (26)      5 :  0.4570  0.0600  0.1980  0.0890  0.0040  0.1920  
56       56  (15)      5 :  0.0060  0.1220  0.0160  0.4500  0.4000  0.0060  
57       57  (15)      5 :  0.0120  0.3786  0.4625  0.0340  0.1049  0.0080  
58       58   (5)      5 :  0.0020  0.3333  0.0040  0.0010  0.6567  0.0030  
59       59   (7)      5 :  0.1371  0.0180  0.5265  0.0210  0.2953  0.0020  
60       60   (9)      5 :  0.1660  0.0130  0.0040  0.1130  0.6700  0.0340  
61       61  (17)      5 :  0.1672  0.2202  0.2823  0.1261  0.1922  0.0120  
62       62  (10)      5 :  0.0841  0.0711  0.2623  0.0190  0.5475  0.0160  
63       63  (13)      5 :  0.1069  0.2418  0.3586  0.0979  0.0130  0.1818  
64       64  (15)      5 :  0.1860  0.0310  0.1750  0.1090  0.3600  0.1390  
65       65  (17)      5 :  0.0620  0.2340  0.3120  0.3090  0.0580  0.0250  
66       66  (14)      5 :  0.1592  0.0861  0.2492  0.0430  0.4464  0.0160  
67       67  (12)      5 :  0.0040  0.0020  0.9810  0.0030  0.0070  0.0030  
68       68   (9)      5 :  0.4640  0.0020  0.1920  0.0040  0.3350  0.0030  
69       69  (14)      5 :  0.1692  0.2312  0.1011  0.0751  0.2122  0.2112  
70       70   (8)      5 :  0.0511  0.3584  0.3894  0.0971  0.0931  0.0110  
71       71  (19)      6 :  0.2300  0.0100  0.1770  0.5750  0.0050  0.0030  
72       72   (6)      6 :  0.3370  0.0040  0.0050  0.6490  0.0030  0.0020  
73       73  (39)      6 :  0.1690  0.2450  0.0150  0.5550  0.0120  0.0040  
74       74  (25)      6 :  0.4446  0.0490  0.0040  0.4945  0.0050  0.0030  
75       75  (16)      6 :  0.0190  0.0440  0.0050  0.8760  0.0180  0.0380  
76       76  (37)      6 :  0.2420  0.0280  0.0300  0.6000  0.0770  0.0230  
77       77   (8)      6 :  0.0060  0.0120  0.0110  0.7497  0.0260  0.1952  
78       78   (9)      6 :  0.1848  0.0290  0.0060  0.7732  0.0040  0.0030  
79       79   (8)      6 :  0.3350  0.0020  0.0680  0.5190  0.0100  0.0660  
80       80   (9)      6 :  0.3180  0.0060  0.1310  0.3180  0.2110  0.0160  
81       81   (9)      6 :  0.2730  0.0820  0.0710  0.3990  0.0040  0.1710  
82       82  (10)      6 :  0.1970  0.0180  0.0080  0.7230  0.0050  0.0490  
83       83   (9)      5 :  0.1890  0.1140  0.3850  0.0180  0.2270  0.0670  
84       84  (29)      7 :  0.1630  0.1990  0.1970  0.0060  0.1310  0.3040  
85       85   (9)      7 :  0.0150  0.0470  0.2470  0.0620  0.0200  0.6090  
86       86  (10)      7 :  0.0200  0.0050  0.1872  0.0110  0.0280  0.7487  
87       87   (9)      7 :  0.2997  0.0410  0.0839  0.0210  0.0430  0.5115  
88       88  (10)      7 :  0.1219  0.1339  0.0100  0.0180  0.0140  0.7023  
89       89  (24)      7 :  0.1229  0.0070  0.8392  0.0120  0.0130  0.0060  
90       90  (11)      7 :  0.0040  0.0340  0.3586  0.0030  0.0050  0.5954  
91       91  (18)      7 :  0.1309  0.0240  0.0170  0.0120  0.2917  0.5245  
92       92  (13)      7 :  0.1099  0.2338  0.3227  0.0060  0.0050  0.3227  
93       93  (10)      7 :  0.0080  0.0100  0.0070  0.0110  0.0170  0.9471  
94       94  (11)      7 :  0.0891  0.2372  0.4925  0.0060  0.1692  0.0060  
95       95   (8)      7 :  0.1900  0.1440  0.1600  0.0030  0.0070  0.4960  
96       96  (23)      7 :  0.0020  0.0020  0.0020  0.0020  0.0040  0.9880  
97       97   (5)      7 :  0.0040  0.0770  0.7540  0.1540  0.0050  0.0060  
