 1        1   (8)      1 :  0.0010  0.0010  0.0010  0.0010  0.0010  0.9940  0.0010  
 2        2   (9)      1 :  0.0060  0.4416  0.0060  0.0210  0.2537  0.0230  0.2488  
 3        3   (9)      1 :  0.0020  0.0040  0.0020  0.0040  0.9450  0.0300  0.0130  
 4        4  (18)      1 :  0.0030  0.2435  0.0250  0.0240  0.3283  0.0070  0.3693  
 5        5  (22)      1 :  0.0010  0.9910  0.0020  0.0010  0.0020  0.0010  0.0020  
 6        6   (9)      1 :  0.0280  0.0070  0.2428  0.5594  0.0020  0.0040  0.1568  
 7        7  (13)      1 :  0.0020  0.3340  0.0150  0.0450  0.0320  0.0710  0.5010  
 8        8  (14)      1 :  0.0020  0.4990  0.0280  0.2490  0.0770  0.1070  0.0380  
 9        9   (5)      1 :  0.0010  0.0020  0.0020  0.0950  0.6720  0.0020  0.2260  
10       10  (10)      1 :  0.0030  0.3910  0.2560  0.0040  0.0030  0.0010  0.3420  
11       11  (21)      1 :  0.0901  0.0851  0.0130  0.5285  0.2392  0.0310  0.0130  
12       12   (7)      1 :  0.1212  0.0150  0.2565  0.2615  0.2094  0.1293  0.0070  
13       13  (26)      1 :  0.0010  0.9810  0.0020  0.0020  0.0030  0.0020  0.0090  
14       14   (8)      2 :  0.0010  0.0020  0.0220  0.9640  0.0020  0.0010  0.0080  
15       15   (7)      2 :  0.0050  0.0020  0.0040  0.7270  0.2540  0.0030  0.0050  
16       16   (8)      2 :  0.0010  0.0020  0.0040  0.8382  0.0090  0.0080  0.1379  
17       17   (7)      2 :  0.0020  0.0030  0.3000  0.6770  0.0100  0.0060  0.0020  
18       18  (13)      2 :  0.0020  0.0010  0.0090  0.5876  0.2252  0.0811  0.0941  
19       19  (16)      2 :  0.0110  0.2422  0.0130  0.6276  0.0981  0.0030  0.0050  
20       20   (6)      2 :  0.0020  0.0010  0.1470  0.8020  0.0030  0.0030  0.0420  
21       21   (6)      2 :  0.0020  0.0010  0.0040  0.8260  0.1580  0.0060  0.0030  
22       22   (8)      2 :  0.0050  0.0070  0.5460  0.3820  0.0450  0.0020  0.0130  
23       23   (5)      2 :  0.0020  0.0230  0.3267  0.5964  0.0030  0.0020  0.0470  
24       24  (12)      2 :  0.0010  0.0040  0.0160  0.7820  0.1870  0.0070  0.0030  
25       25  (10)      2 :  0.0620  0.0130  0.0070  0.8030  0.1050  0.0010  0.0090  
26       26  (10)      2 :  0.0020  0.0020  0.0010  0.9890  0.0020  0.0010  0.0030  
27       27  (48)      2 :  0.0030  0.0460  0.0370  0.7978  0.0160  0.0971  0.0030  
28       28  (20)      2 :  0.0020  0.0270  0.0841  0.5726  0.2723  0.0280  0.0140  
29       29   (9)      3 :  0.0020  0.0020  0.0160  0.0140  0.0070  0.0070  0.9520  
30       30   (8)      3 :  0.0010  0.0020  0.0010  0.0010  0.0010  0.0010  0.9930  
31       31  (19)      3 :  0.0050  0.3510  0.0500  0.0860  0.0040  0.3440  0.1600  
32       32  (13)      3 :  0.0080  0.0280  0.3197  0.0270  0.0040  0.3197  0.2937  
33       33   (6)      3 :  0.1350  0.5960  0.0080  0.0020  0.0650  0.1870  0.0070  
34       34  (10)      3 :  0.0030  0.1131  0.1792  0.0340  0.0140  0.0150  0.6416  
35       35   (5)      3 :  0.0020  0.0100  0.8497  0.0291  0.0020  0.1042  0.0030  
36       36  (17)      3 :  0.0050  0.2190  0.5980  0.0060  0.0550  0.0480  0.0690  
37       37   (8)      3 :  0.0040  0.3290  0.5060  0.1190  0.0100  0.0220  0.0100  
38       38  (10)      3 :  0.0030  0.0331  0.2405  0.0040  0.1363  0.0040  0.5792  
39       39  (14)      3 :  0.1310  0.0320  0.0220  0.0620  0.0540  0.0050  0.6940  
40       40  (15)      3 :  0.2190  0.0260  0.0250  0.0030  0.0060  0.0290  0.6920  
41       41   (5)      4 :  0.0020  0.2130  0.0050  0.7750  0.0020  0.0020  0.0010  
42       42   (8)      4 :  0.0200  0.0040  0.0370  0.8630  0.0460  0.0030  0.0270  
43       43  (17)      4 :  0.0040  0.0020  0.0160  0.7230  0.2180  0.0340  0.0030  
44       44  (33)      4 :  0.1420  0.1430  0.0150  0.6440  0.0030  0.0060  0.0470  
45       45  (18)      4 :  0.0070  0.0040  0.1220  0.8200  0.0040  0.0420  0.0010  
46       46  (15)      4 :  0.0070  0.0601  0.0110  0.5335  0.3373  0.0160  0.0350  
47       47   (5)      4 :  0.0080  0.0460  0.0040  0.9290  0.0030  0.0020  0.0080  
48       48  (24)      4 :  0.0050  0.1200  0.1540  0.6930  0.0110  0.0140  0.0030  
49       49  (32)      4 :  0.0010  0.0030  0.4280  0.5580  0.0040  0.0020  0.0040  
50       50  (24)      4 :  0.0040  0.0050  0.0080  0.9220  0.0090  0.0220  0.0300  
51       51  (17)      4 :  0.0571  0.0040  0.1341  0.6547  0.0931  0.0120  0.0450  
52       52   (6)      4 :  0.0020  0.3247  0.0140  0.6064  0.0430  0.0060  0.0040  
53       53  (10)      4 :  0.0551  0.0741  0.1712  0.6917  0.0040  0.0010  0.0030  
54       54  (10)      4 :  0.0100  0.0210  0.4565  0.4795  0.0240  0.0010  0.0080  
55       55  (26)      5 :  0.2138  0.0080  0.3467  0.4146  0.0090  0.0020  0.0060  
56       56  (15)      5 :  0.0020  0.3630  0.3530  0.1230  0.0280  0.1200  0.0110  
57       57  (15)      5 :  0.0060  0.3200  0.5270  0.0040  0.0780  0.0530  0.0120  
58       58   (5)      5 :  0.0020  0.4010  0.0030  0.0010  0.1450  0.0050  0.4430  
59       59   (7)      5 :  0.0010  0.0120  0.0050  0.0030  0.9760  0.0010  0.0020  
60       60   (9)      5 :  0.0370  0.0090  0.1289  0.1409  0.0030  0.6773  0.0040  
61       61  (17)      5 :  0.0080  0.1580  0.4240  0.1760  0.1170  0.1110  0.0060  
62       62  (10)      5 :  0.0120  0.0370  0.2747  0.0060  0.1069  0.2657  0.2977  
63       63  (13)      5 :  0.2100  0.2340  0.4150  0.0440  0.0830  0.0110  0.0030  
64       64  (15)      5 :  0.1439  0.0639  0.0659  0.1738  0.1299  0.0769  0.3457  
65       65  (17)      5 :  0.0030  0.1271  0.7728  0.0320  0.0020  0.0030  0.0601  
66       66  (14)      5 :  0.0210  0.1300  0.2890  0.1430  0.0390  0.3060  0.0720  
67       67  (12)      5 :  0.0120  0.0020  0.9101  0.0020  0.0629  0.0060  0.0050  
68       68   (9)      5 :  0.0030  0.0010  0.3370  0.1390  0.0560  0.2370  0.2270  
69       69  (14)      5 :  0.2330  0.2560  0.1950  0.0580  0.0520  0.0120  0.1940  
70       70   (8)      5 :  0.0080  0.4344  0.3934  0.0901  0.0521  0.0040  0.0180  
71       71  (19)      6 :  0.0020  0.0050  0.2378  0.7423  0.0070  0.0030  0.0030  
72       72   (6)      6 :  0.0010  0.0030  0.0080  0.9820  0.0010  0.0030  0.0020  
73       73  (39)      6 :  0.0030  0.2613  0.0050  0.7227  0.0040  0.0020  0.0020  
74       74  (25)      6 :  0.0020  0.0120  0.0050  0.9100  0.0100  0.0580  0.0030  
75       75  (16)      6 :  0.0570  0.0550  0.0060  0.8580  0.0020  0.0140  0.0080  
76       76  (37)      6 :  0.0130  0.0210  0.0801  0.7618  0.0020  0.1181  0.0040  
77       77   (8)      6 :  0.2630  0.0120  0.0260  0.6380  0.0560  0.0020  0.0030  
78       78   (9)      6 :  0.0030  0.0160  0.0100  0.9610  0.0030  0.0010  0.0060  
79       79   (8)      6 :  0.0740  0.0020  0.0790  0.7910  0.0160  0.0350  0.0030  
80       80   (9)      6 :  0.0210  0.0030  0.0390  0.5490  0.2390  0.1460  0.0030  
81       81   (9)      6 :  0.2210  0.0840  0.0270  0.6500  0.0130  0.0020  0.0030  
82       82  (10)      6 :  0.1220  0.0040  0.0250  0.8420  0.0010  0.0020  0.0040  
83       83   (9)      5 :  0.1010  0.1290  0.4520  0.0090  0.0890  0.1310  0.0890  
84       84  (29)      7 :  0.3490  0.1440  0.3170  0.0150  0.0040  0.0080  0.1630  
85       85   (9)      7 :  0.7340  0.0590  0.0800  0.0340  0.0640  0.0030  0.0260  
86       86  (10)      7 :  0.8300  0.0030  0.0980  0.0050  0.0430  0.0090  0.0120  
87       87   (9)      7 :  0.5491  0.0150  0.2735  0.0952  0.0110  0.0501  0.0060  
88       88  (10)      7 :  0.6960  0.1560  0.1030  0.0270  0.0020  0.0140  0.0020  
89       89  (24)      7 :  0.0030  0.0080  0.9319  0.0060  0.0330  0.0020  0.0160  
90       90  (11)      7 :  0.6537  0.0080  0.3253  0.0020  0.0080  0.0010  0.0020  
91       91  (18)      7 :  0.5920  0.0090  0.0080  0.0220  0.0090  0.0050  0.3550  
92       92  (13)      7 :  0.4750  0.1490  0.3340  0.0070  0.0290  0.0020  0.0040  
93       93  (10)      7 :  0.9540  0.0050  0.0030  0.0070  0.0080  0.0010  0.0220  
94       94  (11)      7 :  0.0030  0.1590  0.3730  0.0220  0.0810  0.0020  0.3600  
95       95   (8)      7 :  0.5804  0.0969  0.2787  0.0040  0.0030  0.0330  0.0040  
96       96  (23)      7 :  0.9780  0.0010  0.0010  0.0010  0.0010  0.0010  0.0170  
97       97   (5)      7 :  0.0030  0.0060  0.9730  0.0050  0.0050  0.0020  0.0060  
