 1        1   (8)      1 :  0.0020  0.0010  0.0020  0.0010  0.9940  
 2        2   (9)      1 :  0.1229  0.7722  0.0899  0.0070  0.0080  
 3        3   (9)      1 :  0.0030  0.5854  0.3516  0.0110  0.0490  
 4        4  (18)      1 :  0.0730  0.7060  0.2090  0.0060  0.0060  
 5        5  (22)      1 :  0.0040  0.9640  0.0100  0.0190  0.0030  
 6        6   (9)      1 :  0.4040  0.0690  0.4820  0.0370  0.0080  
 7        7  (13)      1 :  0.1240  0.7970  0.0520  0.0030  0.0240  
 8        8  (14)      1 :  0.3570  0.5290  0.0180  0.0040  0.0920  
 9        9   (5)      1 :  0.1530  0.6180  0.2210  0.0030  0.0050  
10       10  (10)      1 :  0.2370  0.7480  0.0050  0.0080  0.0020  
11       11  (21)      1 :  0.3063  0.2272  0.3644  0.0480  0.0541  
12       12   (7)      1 :  0.2573  0.1762  0.2803  0.1441  0.1421  
13       13  (26)      1 :  0.0040  0.9550  0.0340  0.0040  0.0030  
14       14   (8)      2 :  0.8470  0.0060  0.1430  0.0030  0.0010  
15       15   (7)      2 :  0.6476  0.0140  0.3163  0.0130  0.0090  
16       16   (8)      2 :  0.0320  0.0050  0.9540  0.0020  0.0070  
17       17   (7)      2 :  0.5710  0.0270  0.3850  0.0090  0.0080  
18       18  (13)      2 :  0.2910  0.0930  0.5380  0.0020  0.0760  
19       19  (16)      2 :  0.0130  0.0140  0.8490  0.1220  0.0020  
20       20   (6)      2 :  0.4320  0.0020  0.5580  0.0050  0.0030  
21       21   (6)      2 :  0.2570  0.0020  0.7330  0.0040  0.0040  
22       22   (8)      2 :  0.4000  0.1080  0.3440  0.1340  0.0140  
23       23   (5)      2 :  0.1990  0.0260  0.7680  0.0030  0.0040  
24       24  (12)      2 :  0.2420  0.0070  0.7390  0.0030  0.0090  
25       25  (10)      2 :  0.7980  0.1080  0.0830  0.0080  0.0030  
26       26  (10)      2 :  0.7260  0.0030  0.2670  0.0020  0.0020  
27       27  (48)      2 :  0.7668  0.0120  0.0931  0.0090  0.1191  
28       28  (20)      2 :  0.0110  0.0150  0.9321  0.0030  0.0390  
29       29   (9)      3 :  0.0050  0.3413  0.6296  0.0020  0.0220  
30       30   (8)      3 :  0.0040  0.8610  0.1270  0.0030  0.0050  
31       31  (19)      3 :  0.2000  0.3140  0.1320  0.0040  0.3500  
32       32  (13)      3 :  0.0200  0.3874  0.1712  0.0711  0.3504  
33       33   (6)      3 :  0.0800  0.5910  0.0020  0.1540  0.1730  
34       34  (10)      3 :  0.0130  0.4710  0.4750  0.0060  0.0350  
35       35   (5)      3 :  0.2883  0.1972  0.2312  0.1311  0.1522  
36       36  (17)      3 :  0.0230  0.5534  0.0789  0.1568  0.1878  
37       37   (8)      3 :  0.2410  0.4950  0.1400  0.0870  0.0370  
38       38  (10)      3 :  0.0050  0.6046  0.3584  0.0210  0.0110  
39       39  (14)      3 :  0.0330  0.5415  0.3047  0.1069  0.0140  
40       40  (15)      3 :  0.0040  0.6080  0.1230  0.2290  0.0360  
41       41   (5)      4 :  0.9610  0.0240  0.0060  0.0040  0.0050  
42       42   (8)      4 :  0.4880  0.0060  0.4770  0.0200  0.0090  
43       43  (17)      4 :  0.0020  0.0020  0.9820  0.0020  0.0120  
44       44  (33)      4 :  0.3387  0.0130  0.5934  0.0500  0.0050  
45       45  (18)      4 :  0.5664  0.0060  0.3736  0.0230  0.0310  
46       46  (15)      4 :  0.1450  0.1880  0.6470  0.0080  0.0120  
47       47   (5)      4 :  0.8660  0.0070  0.1190  0.0050  0.0030  
48       48  (24)      4 :  0.2168  0.0050  0.6973  0.0500  0.0310  
49       49  (32)      4 :  0.4780  0.0080  0.5080  0.0030  0.0030  
50       50  (24)      4 :  0.6473  0.0090  0.2936  0.0040  0.0461  
51       51  (17)      4 :  0.3970  0.0220  0.5530  0.0140  0.0140  
52       52   (6)      4 :  0.3650  0.2330  0.3920  0.0040  0.0060  
53       53  (10)      4 :  0.4470  0.0080  0.4180  0.1250  0.0020  
54       54  (10)      4 :  0.5210  0.1320  0.3180  0.0260  0.0030  
55       55  (26)      5 :  0.1070  0.0040  0.5900  0.2840  0.0150  
56       56  (15)      5 :  0.3944  0.4985  0.0110  0.0050  0.0911  
57       57  (15)      5 :  0.0500  0.5650  0.0530  0.1540  0.1780  
58       58   (5)      5 :  0.0020  0.9880  0.0020  0.0020  0.0060  
59       59   (7)      5 :  0.0470  0.5900  0.3570  0.0030  0.0030  
60       60   (9)      5 :  0.1480  0.0160  0.0830  0.0460  0.7070  
61       61  (17)      5 :  0.2090  0.3540  0.2520  0.0390  0.1460  
62       62  (10)      5 :  0.0230  0.3920  0.2300  0.0690  0.2860  
63       63  (13)      5 :  0.1590  0.3170  0.1550  0.3400  0.0290  
64       64  (15)      5 :  0.1100  0.3960  0.3000  0.1190  0.0750  
65       65  (17)      5 :  0.3504  0.3834  0.1481  0.1121  0.0060  
66       66  (14)      5 :  0.0541  0.2372  0.2593  0.1151  0.3343  
67       67  (12)      5 :  0.0060  0.1280  0.3220  0.3950  0.1490  
68       68   (9)      5 :  0.0060  0.0290  0.6610  0.0110  0.2930  
69       69  (14)      5 :  0.1130  0.3970  0.2040  0.2660  0.0200  
70       70   (8)      5 :  0.2250  0.5600  0.0180  0.1930  0.0040  
71       71  (19)      6 :  0.7350  0.0050  0.2510  0.0040  0.0050  
72       72   (6)      6 :  0.7620  0.0030  0.2280  0.0020  0.0050  
73       73  (39)      6 :  0.6967  0.0460  0.2362  0.0050  0.0160  
74       74  (25)      6 :  0.6006  0.0050  0.3353  0.0030  0.0561  
75       75  (16)      6 :  0.9471  0.0110  0.0100  0.0130  0.0190  
76       76  (37)      6 :  0.5670  0.0070  0.2330  0.0260  0.1670  
77       77   (8)      6 :  0.7850  0.0560  0.0190  0.1360  0.0040  
78       78   (9)      6 :  0.8940  0.0080  0.0920  0.0030  0.0030  
79       79   (8)      6 :  0.5690  0.0050  0.3390  0.0370  0.0500  
80       80   (9)      6 :  0.3680  0.0830  0.3630  0.0530  0.1330  
81       81   (9)      6 :  0.4970  0.0110  0.2610  0.2280  0.0030  
82       82  (10)      6 :  0.8230  0.0040  0.1220  0.0480  0.0030  
83       83   (9)      5 :  0.0140  0.2530  0.3500  0.2380  0.1450  
84       84  (29)      7 :  0.0060  0.2860  0.2920  0.4010  0.0150  
85       85   (9)      7 :  0.0821  0.1532  0.0360  0.7237  0.0050  
86       86  (10)      7 :  0.0230  0.0230  0.0310  0.9000  0.0230  
87       87   (9)      7 :  0.0170  0.0160  0.3550  0.5540  0.0580  
88       88  (10)      7 :  0.0390  0.0130  0.0960  0.8180  0.0340  
89       89  (24)      7 :  0.0050  0.0750  0.4580  0.4450  0.0170  
90       90  (11)      7 :  0.0050  0.0561  0.0210  0.9149  0.0030  
91       91  (18)      7 :  0.0140  0.3220  0.1490  0.5060  0.0090  
92       92  (13)      7 :  0.0070  0.1620  0.2410  0.5870  0.0030  
93       93  (10)      7 :  0.0160  0.0860  0.0080  0.8880  0.0020  
94       94  (11)      7 :  0.0100  0.5405  0.4086  0.0380  0.0030  
95       95   (8)      7 :  0.0030  0.0200  0.2510  0.6760  0.0500  
96       96  (23)      7 :  0.0030  0.0130  0.0020  0.9810  0.0010  
97       97   (5)      7 :  0.2170  0.2820  0.0730  0.4210  0.0070  
