 1        1   (8)      1 :  0.9030  0.0970  
 2        2   (9)      1 :  0.8910  0.1090  
 3        3   (9)      1 :  0.9200  0.0800  
 4        4  (18)      1 :  0.8270  0.1730  
 5        5  (22)      1 :  0.9870  0.0130  
 6        6   (9)      1 :  0.1820  0.8180  
 7        7  (13)      1 :  0.9040  0.0960  
 8        8  (14)      1 :  0.6120  0.3880  
 9        9   (5)      1 :  0.7410  0.2590  
10       10  (10)      1 :  0.8840  0.1160  
11       11  (21)      1 :  0.3860  0.6140  
12       12   (7)      1 :  0.4880  0.5120  
13       13  (26)      1 :  0.9810  0.0190  
14       14   (8)      2 :  0.0070  0.9930  
15       15   (7)      2 :  0.0800  0.9200  
16       16   (8)      2 :  0.0090  0.9910  
17       17   (7)      2 :  0.0590  0.9410  
18       18  (13)      2 :  0.1920  0.8080  
19       19  (16)      2 :  0.2750  0.7250  
20       20   (6)      2 :  0.0130  0.9870  
21       21   (6)      2 :  0.0100  0.9900  
22       22   (8)      2 :  0.3200  0.6800  
23       23   (5)      2 :  0.0920  0.9080  
24       24  (12)      2 :  0.0110  0.9890  
25       25  (10)      2 :  0.0810  0.9190  
26       26  (10)      2 :  0.0040  0.9960  
27       27  (48)      2 :  0.0180  0.9820  
28       28  (20)      2 :  0.0890  0.9110  
29       29   (9)      3 :  0.6520  0.3480  
30       30   (8)      3 :  0.9870  0.0130  
31       31  (19)      3 :  0.7120  0.2880  
32       32  (13)      3 :  0.8610  0.1390  
33       33   (6)      3 :  0.9760  0.0240  
34       34  (10)      3 :  0.6670  0.3330  
35       35   (5)      3 :  0.5470  0.4530  
36       36  (17)      3 :  0.9260  0.0740  
37       37   (8)      3 :  0.6710  0.3290  
38       38  (10)      3 :  0.9080  0.0920  
39       39  (14)      3 :  0.8280  0.1720  
40       40  (15)      3 :  0.9850  0.0150  
41       41   (5)      4 :  0.0440  0.9560  
42       42   (8)      4 :  0.0420  0.9580  
43       43  (17)      4 :  0.0270  0.9730  
44       44  (33)      4 :  0.1980  0.8020  
45       45  (18)      4 :  0.0190  0.9810  
46       46  (15)      4 :  0.3010  0.6990  
47       47   (5)      4 :  0.0100  0.9900  
48       48  (24)      4 :  0.0810  0.9190  
49       49  (32)      4 :  0.0160  0.9840  
50       50  (24)      4 :  0.0140  0.9860  
51       51  (17)      4 :  0.1650  0.8350  
52       52   (6)      4 :  0.2750  0.7250  
53       53  (10)      4 :  0.1220  0.8780  
54       54  (10)      4 :  0.2670  0.7330  
55       55  (26)      5 :  0.3680  0.6320  
56       56  (15)      5 :  0.5660  0.4340  
57       57  (15)      5 :  0.9550  0.0450  
58       58   (5)      5 :  0.9960  0.0040  
59       59   (7)      5 :  0.7500  0.2500  
60       60   (9)      5 :  0.6220  0.3780  
61       61  (17)      5 :  0.5650  0.4350  
62       62  (10)      5 :  0.8900  0.1100  
63       63  (13)      5 :  0.7150  0.2850  
64       64  (15)      5 :  0.7000  0.3000  
65       65  (17)      5 :  0.6160  0.3840  
66       66  (14)      5 :  0.7280  0.2720  
67       67  (12)      5 :  0.8660  0.1340  
68       68   (9)      5 :  0.5780  0.4220  
69       69  (14)      5 :  0.7650  0.2350  
70       70   (8)      5 :  0.7480  0.2520  
71       71  (19)      6 :  0.0140  0.9860  
72       72   (6)      6 :  0.0040  0.9960  
73       73  (39)      6 :  0.0220  0.9780  
74       74  (25)      6 :  0.0080  0.9920  
75       75  (16)      6 :  0.0740  0.9260  
76       76  (37)      6 :  0.1410  0.8590  
77       77   (8)      6 :  0.1820  0.8180  
78       78   (9)      6 :  0.0060  0.9940  
79       79   (8)      6 :  0.0670  0.9330  
80       80   (9)      6 :  0.2670  0.7330  
81       81   (9)      6 :  0.2760  0.7240  
82       82  (10)      6 :  0.0160  0.9840  
83       83   (9)      5 :  0.7460  0.2540  
84       84  (29)      7 :  0.8070  0.1930  
85       85   (9)      7 :  0.7840  0.2160  
86       86  (10)      7 :  0.8130  0.1870  
87       87   (9)      7 :  0.6600  0.3400  
88       88  (10)      7 :  0.7610  0.2390  
89       89  (24)      7 :  0.8370  0.1630  
90       90  (11)      7 :  0.9350  0.0650  
91       91  (18)      7 :  0.8520  0.1480  
92       92  (13)      7 :  0.8380  0.1620  
93       93  (10)      7 :  0.8650  0.1350  
94       94  (11)      7 :  0.8250  0.1750  
95       95   (8)      7 :  0.8250  0.1750  
96       96  (23)      7 :  0.9600  0.0400  
97       97   (5)      7 :  0.7290  0.2710  
