 1        1   (8)      1 :  0.0010  0.0010  0.0010  0.0010  0.9940  0.0010  0.0010  
 2        2   (9)      1 :  0.0050  0.3310  0.0070  0.1330  0.0110  0.0410  0.4720  
 3        3   (9)      1 :  0.0080  0.0050  0.3477  0.0020  0.0350  0.2258  0.3766  
 4        4  (18)      1 :  0.0040  0.1439  0.2368  0.1019  0.0060  0.0549  0.4525  
 5        5  (22)      1 :  0.0010  0.9930  0.0010  0.0010  0.0010  0.0010  0.0020  
 6        6   (9)      1 :  0.0430  0.0110  0.1700  0.4070  0.0080  0.2910  0.0700  
 7        7  (13)      1 :  0.0020  0.1250  0.0040  0.1610  0.0260  0.0220  0.6600  
 8        8  (14)      1 :  0.0030  0.0590  0.0250  0.3630  0.0950  0.0080  0.4470  
 9        9   (5)      1 :  0.0020  0.0090  0.4760  0.1467  0.0040  0.0080  0.3543  
10       10  (10)      1 :  0.0040  0.2020  0.1750  0.2200  0.0020  0.0030  0.3940  
11       11  (21)      1 :  0.0779  0.0739  0.0390  0.3187  0.0589  0.2877  0.1439  
12       12   (7)      1 :  0.1020  0.0240  0.1640  0.2890  0.1340  0.1490  0.1380  
13       13  (26)      1 :  0.0010  0.9780  0.0020  0.0020  0.0020  0.0060  0.0090  
14       14   (8)      2 :  0.0010  0.0020  0.0990  0.8430  0.0010  0.0500  0.0040  
15       15   (7)      2 :  0.0090  0.0020  0.1270  0.6180  0.0090  0.1900  0.0450  
16       16   (8)      2 :  0.0020  0.0050  0.0030  0.0290  0.0060  0.9310  0.0240  
17       17   (7)      2 :  0.0040  0.0190  0.1280  0.5490  0.0110  0.2850  0.0040  
18       18  (13)      2 :  0.0020  0.0020  0.0220  0.2810  0.0720  0.4810  0.1400  
19       19  (16)      2 :  0.0040  0.2302  0.0130  0.0120  0.0020  0.7367  0.0020  
20       20   (6)      2 :  0.0040  0.0020  0.0310  0.5005  0.0030  0.4505  0.0090  
21       21   (6)      2 :  0.0040  0.0020  0.0060  0.2897  0.0040  0.6913  0.0030  
22       22   (8)      2 :  0.0040  0.0060  0.4730  0.4280  0.0050  0.0680  0.0160  
23       23   (5)      2 :  0.0020  0.0579  0.1768  0.2078  0.0020  0.5465  0.0070  
24       24  (12)      2 :  0.0020  0.0270  0.0110  0.1770  0.0080  0.7700  0.0050  
25       25  (10)      2 :  0.0160  0.0040  0.0050  0.8320  0.0020  0.0430  0.0980  
26       26  (10)      2 :  0.0020  0.0030  0.0010  0.7443  0.0020  0.2448  0.0030  
27       27  (48)      2 :  0.0070  0.0730  0.0790  0.6630  0.0770  0.0980  0.0030  
28       28  (20)      2 :  0.0020  0.0660  0.2200  0.0090  0.0200  0.6790  0.0040  
29       29   (9)      3 :  0.0020  0.0020  0.0060  0.0040  0.0070  0.3690  0.6100  
30       30   (8)      3 :  0.0010  0.0030  0.0020  0.0020  0.0030  0.0060  0.9830  
31       31  (19)      3 :  0.0030  0.1039  0.0140  0.1898  0.3367  0.0639  0.2887  
32       32  (13)      3 :  0.0170  0.0701  0.2412  0.0240  0.3283  0.0420  0.2773  
33       33   (6)      3 :  0.1510  0.3770  0.0090  0.0740  0.1830  0.0020  0.2040  
34       34  (10)      3 :  0.0050  0.0910  0.0750  0.0170  0.0320  0.3090  0.4710  
35       35   (5)      3 :  0.0120  0.0619  0.4046  0.3247  0.1349  0.0330  0.0290  
36       36  (17)      3 :  0.0070  0.1860  0.5190  0.0090  0.0950  0.0120  0.1720  
37       37   (8)      3 :  0.0060  0.0929  0.3247  0.2488  0.0539  0.0250  0.2488  
38       38  (10)      3 :  0.0060  0.0120  0.2720  0.0030  0.0040  0.1580  0.5450  
39       39  (14)      3 :  0.1129  0.0200  0.0360  0.1089  0.0070  0.0979  0.6174  
40       40  (15)      3 :  0.2350  0.0380  0.0490  0.0050  0.0280  0.0160  0.6290  
41       41   (5)      4 :  0.0020  0.1120  0.0080  0.8660  0.0040  0.0050  0.0030  
42       42   (8)      4 :  0.0110  0.0040  0.0090  0.4810  0.0060  0.4770  0.0120  
43       43  (17)      4 :  0.0020  0.0020  0.0040  0.0020  0.0070  0.9810  0.0020  
44       44  (33)      4 :  0.1031  0.0390  0.0040  0.2783  0.0040  0.5646  0.0070  
45       45  (18)      4 :  0.0160  0.0070  0.0270  0.5440  0.0300  0.3740  0.0020  
46       46  (15)      4 :  0.0170  0.0300  0.0340  0.1200  0.0090  0.6150  0.1750  
47       47   (5)      4 :  0.0050  0.0070  0.0050  0.8080  0.0040  0.1670  0.0040  
48       48  (24)      4 :  0.0050  0.0100  0.0810  0.2570  0.0150  0.6290  0.0030  
49       49  (32)      4 :  0.0020  0.0090  0.2270  0.3600  0.0020  0.3950  0.0050  
50       50  (24)      4 :  0.0040  0.0040  0.0070  0.6533  0.0370  0.2697  0.0250  
51       51  (17)      4 :  0.0431  0.0200  0.0251  0.3577  0.0210  0.5240  0.0090  
52       52   (6)      4 :  0.0020  0.2757  0.0220  0.3227  0.0070  0.3646  0.0060  
53       53  (10)      4 :  0.0561  0.0591  0.0761  0.4505  0.0010  0.3544  0.0030  
54       54  (10)      4 :  0.0080  0.2030  0.2430  0.4980  0.0020  0.0380  0.0080  
55       55  (26)      5 :  0.1582  0.0210  0.2623  0.1061  0.0040  0.4454  0.0030  
56       56  (15)      5 :  0.0040  0.1410  0.0190  0.4430  0.0690  0.0050  0.3190  
57       57  (15)      5 :  0.0080  0.3680  0.4750  0.0080  0.1160  0.0060  0.0190  
58       58   (5)      5 :  0.0010  0.2533  0.0030  0.0010  0.0070  0.0010  0.7337  
59       59   (7)      5 :  0.0020  0.0100  0.5180  0.0430  0.0020  0.1040  0.3210  
60       60   (9)      5 :  0.0310  0.0350  0.0070  0.1290  0.7020  0.0890  0.0070  
61       61  (17)      5 :  0.0070  0.1430  0.3660  0.1950  0.1120  0.1460  0.0310  
62       62  (10)      5 :  0.0170  0.0470  0.2810  0.0270  0.2740  0.0560  0.2980  
63       63  (13)      5 :  0.1812  0.1992  0.4144  0.1161  0.0090  0.0691  0.0110  
64       64  (15)      5 :  0.1120  0.0290  0.2060  0.1380  0.0690  0.1190  0.3270  
65       65  (17)      5 :  0.0120  0.2570  0.3920  0.3070  0.0050  0.0120  0.0150  
66       66  (14)      5 :  0.0190  0.0699  0.2967  0.0609  0.3117  0.1349  0.1069  
67       67  (12)      5 :  0.0030  0.0020  0.9780  0.0030  0.0070  0.0040  0.0030  
68       68   (9)      5 :  0.0030  0.0020  0.3370  0.0050  0.2270  0.4110  0.0150  
69       69  (14)      5 :  0.2172  0.1842  0.1221  0.1071  0.0090  0.1151  0.2452  
70       70   (8)      5 :  0.0300  0.2132  0.3844  0.1491  0.0030  0.0100  0.2102  
71       71  (19)      6 :  0.0020  0.0060  0.1870  0.6060  0.0050  0.1920  0.0020  
72       72   (6)      6 :  0.0020  0.0030  0.0090  0.7860  0.0040  0.1930  0.0030  
73       73  (39)      6 :  0.0030  0.2070  0.0110  0.6660  0.0200  0.0860  0.0070  
74       74  (25)      6 :  0.0020  0.0740  0.0040  0.5670  0.0440  0.3070  0.0020  
75       75  (16)      6 :  0.0180  0.0130  0.0050  0.9380  0.0090  0.0060  0.0110  
76       76  (37)      6 :  0.0140  0.0140  0.0899  0.5834  0.1409  0.1528  0.0050  
77       77   (8)      6 :  0.1390  0.0040  0.0160  0.7760  0.0020  0.0050  0.0580  
78       78   (9)      6 :  0.0030  0.0180  0.0080  0.9231  0.0020  0.0420  0.0040  
79       79   (8)      6 :  0.0370  0.0020  0.0949  0.5465  0.0370  0.2797  0.0030  
80       80   (9)      6 :  0.0160  0.0030  0.1470  0.3270  0.1340  0.2840  0.0890  
81       81   (9)      6 :  0.1750  0.0490  0.1120  0.4390  0.0030  0.2180  0.0040  
82       82  (10)      6 :  0.0840  0.0050  0.0060  0.7810  0.0020  0.1190  0.0030  
83       83   (9)      5 :  0.0911  0.1502  0.3964  0.0070  0.1512  0.1752  0.0290  
84       84  (29)      7 :  0.3210  0.1650  0.3050  0.0060  0.0140  0.1110  0.0780  
85       85   (9)      7 :  0.6076  0.0300  0.2242  0.0631  0.0040  0.0150  0.0561  
86       86  (10)      7 :  0.7598  0.0030  0.1782  0.0110  0.0110  0.0130  0.0240  
87       87   (9)      7 :  0.4700  0.0310  0.1310  0.0140  0.0400  0.3030  0.0110  
88       88  (10)      7 :  0.7017  0.1051  0.0220  0.0300  0.0370  0.1001  0.0040  
89       89  (24)      7 :  0.0070  0.0140  0.8861  0.0060  0.0050  0.0749  0.0070  
90       90  (11)      7 :  0.6046  0.0240  0.3574  0.0030  0.0030  0.0040  0.0040  
91       91  (18)      7 :  0.4805  0.0100  0.0120  0.0140  0.0070  0.1219  0.3546  
92       92  (13)      7 :  0.3140  0.1670  0.3350  0.0040  0.0030  0.1710  0.0060  
93       93  (10)      7 :  0.8921  0.0060  0.0040  0.0130  0.0020  0.0060  0.0769  
94       94  (11)      7 :  0.0050  0.2070  0.4520  0.0060  0.0020  0.0710  0.2570  
95       95   (8)      7 :  0.4600  0.1180  0.1850  0.0020  0.0330  0.1990  0.0030  
96       96  (23)      7 :  0.9670  0.0010  0.0020  0.0020  0.0010  0.0020  0.0250  
97       97   (5)      7 :  0.0030  0.0070  0.8058  0.1752  0.0020  0.0020  0.0050  
