 1        1   (8)      1 :  0.0080  0.9900  0.0020  
 2        2   (9)      1 :  0.1590  0.8230  0.0180  
 3        3   (9)      1 :  0.0420  0.9190  0.0390  
 4        4  (18)      1 :  0.1479  0.8362  0.0160  
 5        5  (22)      1 :  0.0050  0.7077  0.2873  
 6        6   (9)      1 :  0.7578  0.1732  0.0691  
 7        7  (13)      1 :  0.0740  0.9230  0.0030  
 8        8  (14)      1 :  0.3120  0.6840  0.0040  
 9        9   (5)      1 :  0.2320  0.7630  0.0050  
10       10  (10)      1 :  0.1260  0.7070  0.1670  
11       11  (21)      1 :  0.6140  0.3490  0.0370  
12       12   (7)      1 :  0.4685  0.3906  0.1409  
13       13  (26)      1 :  0.0100  0.9291  0.0609  
14       14   (8)      2 :  0.9880  0.0070  0.0050  
15       15   (7)      2 :  0.9120  0.0520  0.0360  
16       16   (8)      2 :  0.9790  0.0170  0.0040  
17       17   (7)      2 :  0.9690  0.0220  0.0090  
18       18  (13)      2 :  0.7170  0.2800  0.0030  
19       19  (16)      2 :  0.6404  0.1069  0.2527  
20       20   (6)      2 :  0.9860  0.0060  0.0080  
21       21   (6)      2 :  0.9880  0.0050  0.0070  
22       22   (8)      2 :  0.6693  0.2517  0.0789  
23       23   (5)      2 :  0.8458  0.1491  0.0050  
24       24  (12)      2 :  0.9870  0.0100  0.0030  
25       25  (10)      2 :  0.9230  0.0500  0.0270  
26       26  (10)      2 :  0.9950  0.0030  0.0020  
27       27  (48)      2 :  0.9780  0.0140  0.0080  
28       28  (20)      2 :  0.7120  0.2840  0.0040  
29       29   (9)      3 :  0.2450  0.7510  0.0040  
30       30   (8)      3 :  0.0050  0.9910  0.0040  
31       31  (19)      3 :  0.2210  0.7760  0.0030  
32       32  (13)      3 :  0.1191  0.8418  0.0390  
33       33   (6)      3 :  0.0090  0.7502  0.2408  
34       34  (10)      3 :  0.2230  0.7700  0.0070  
35       35   (5)      3 :  0.4350  0.4580  0.1070  
36       36  (17)      3 :  0.0280  0.8790  0.0930  
37       37   (8)      3 :  0.2980  0.6200  0.0820  
38       38  (10)      3 :  0.0450  0.9230  0.0320  
39       39  (14)      3 :  0.1370  0.7430  0.1200  
40       40  (15)      3 :  0.0060  0.7600  0.2340  
41       41   (5)      4 :  0.9230  0.0290  0.0480  
42       42   (8)      4 :  0.9550  0.0190  0.0260  
43       43  (17)      4 :  0.9280  0.0640  0.0080  
44       44  (33)      4 :  0.7140  0.1260  0.1600  
45       45  (18)      4 :  0.9401  0.0060  0.0539  
46       46  (15)      4 :  0.6400  0.3470  0.0130  
47       47   (5)      4 :  0.9790  0.0060  0.0150  
48       48  (24)      4 :  0.8250  0.0430  0.1320  
49       49  (32)      4 :  0.9710  0.0240  0.0050  
50       50  (24)      4 :  0.9720  0.0230  0.0050  
51       51  (17)      4 :  0.7760  0.1230  0.1010  
52       52   (6)      4 :  0.6770  0.3150  0.0080  
53       53  (10)      4 :  0.8220  0.0100  0.1680  
54       54  (10)      4 :  0.7920  0.1510  0.0570  
55       55  (26)      5 :  0.5870  0.0340  0.3790  
56       56  (15)      5 :  0.4470  0.5450  0.0080  
57       57  (15)      5 :  0.0400  0.7420  0.2180  
58       58   (5)      5 :  0.0020  0.9940  0.0040  
59       59   (7)      5 :  0.2478  0.7483  0.0040  
60       60   (9)      5 :  0.2970  0.6880  0.0150  
61       61  (17)      5 :  0.3670  0.5840  0.0490  
62       62  (10)      5 :  0.0940  0.8650  0.0410  
63       63  (13)      5 :  0.1810  0.4280  0.3910  
64       64  (15)      5 :  0.2960  0.5560  0.1480  
65       65  (17)      5 :  0.4040  0.4490  0.1470  
66       66  (14)      5 :  0.2170  0.7260  0.0570  
67       67  (12)      5 :  0.0160  0.6390  0.3450  
68       68   (9)      5 :  0.3780  0.6150  0.0070  
69       69  (14)      5 :  0.1870  0.4880  0.3250  
70       70   (8)      5 :  0.2420  0.5940  0.1640  
71       71  (19)      6 :  0.9810  0.0140  0.0050  
72       72   (6)      6 :  0.9950  0.0030  0.0020  
73       73  (39)      6 :  0.8500  0.1420  0.0080  
74       74  (25)      6 :  0.9910  0.0060  0.0030  
75       75  (16)      6 :  0.9020  0.0130  0.0850  
76       76  (37)      6 :  0.8220  0.0620  0.1160  
77       77   (8)      6 :  0.7790  0.0170  0.2040  
78       78   (9)      6 :  0.9900  0.0060  0.0040  
79       79   (8)      6 :  0.9230  0.0150  0.0620  
80       80   (9)      6 :  0.6610  0.3090  0.0300  
81       81   (9)      6 :  0.7210  0.0160  0.2630  
82       82  (10)      6 :  0.9380  0.0050  0.0570  
83       83   (9)      5 :  0.1950  0.5770  0.2280  
84       84  (29)      7 :  0.0260  0.4540  0.5200  
85       85   (9)      7 :  0.0669  0.1518  0.7812  
86       86  (10)      7 :  0.0240  0.0580  0.9180  
87       87   (9)      7 :  0.2760  0.0950  0.6290  
88       88  (10)      7 :  0.0589  0.0699  0.8711  
89       89  (24)      7 :  0.1090  0.4000  0.4910  
90       90  (11)      7 :  0.0070  0.0380  0.9550  
91       91  (18)      7 :  0.0310  0.3650  0.6040  
92       92  (13)      7 :  0.0350  0.1968  0.7682  
93       93  (10)      7 :  0.0140  0.0290  0.9570  
94       94  (11)      7 :  0.0741  0.6236  0.3023  
95       95   (8)      7 :  0.0290  0.1211  0.8498  
96       96  (23)      7 :  0.0030  0.0030  0.9940  
97       97   (5)      7 :  0.0970  0.5120  0.3910  
