 1        1   (8)      1 :  0.0010  0.0010  0.0010  0.0010  0.0010  0.9940  0.0010  
 2        2   (9)      1 :  0.0070  0.4570  0.0260  0.0580  0.1640  0.0180  0.2700  
 3        3   (9)      1 :  0.0020  0.0030  0.0030  0.0030  0.9590  0.0170  0.0130  
 4        4  (18)      1 :  0.0030  0.2760  0.0330  0.0240  0.3260  0.0040  0.3340  
 5        5  (22)      1 :  0.0010  0.9920  0.0010  0.0010  0.0020  0.0010  0.0020  
 6        6   (9)      1 :  0.0460  0.0090  0.2710  0.5340  0.0040  0.0040  0.1320  
 7        7  (13)      1 :  0.0020  0.2410  0.0270  0.0720  0.0250  0.0860  0.5470  
 8        8  (14)      1 :  0.0020  0.4284  0.2262  0.1942  0.0280  0.0721  0.0490  
 9        9   (5)      1 :  0.0010  0.0020  0.0020  0.0580  0.7560  0.0020  0.1790  
10       10  (10)      1 :  0.0030  0.4490  0.2480  0.0030  0.0030  0.0010  0.2930  
11       11  (21)      1 :  0.0870  0.0690  0.0500  0.4860  0.2560  0.0310  0.0210  
12       12   (7)      1 :  0.0989  0.0360  0.3057  0.2238  0.1848  0.1419  0.0090  
13       13  (26)      1 :  0.0010  0.9800  0.0020  0.0020  0.0050  0.0020  0.0080  
14       14   (8)      2 :  0.0020  0.0030  0.0370  0.9260  0.0250  0.0010  0.0060  
15       15   (7)      2 :  0.0030  0.0020  0.0050  0.7097  0.2693  0.0030  0.0080  
16       16   (8)      2 :  0.0020  0.0030  0.0020  0.8498  0.0100  0.0080  0.1251  
17       17   (7)      2 :  0.0020  0.0050  0.3880  0.5900  0.0090  0.0040  0.0020  
18       18  (13)      2 :  0.0020  0.0020  0.0470  0.5504  0.2168  0.1059  0.0759  
19       19  (16)      2 :  0.0270  0.2160  0.0130  0.6140  0.1220  0.0040  0.0040  
20       20   (6)      2 :  0.0030  0.0010  0.1100  0.7980  0.0120  0.0030  0.0730  
21       21   (6)      2 :  0.0030  0.0010  0.0020  0.7870  0.1970  0.0070  0.0030  
22       22   (8)      2 :  0.0050  0.0100  0.4505  0.3644  0.1572  0.0030  0.0100  
23       23   (5)      2 :  0.0020  0.0410  0.3007  0.5804  0.0160  0.0020  0.0579  
24       24  (12)      2 :  0.0020  0.0070  0.0790  0.7180  0.1840  0.0070  0.0030  
25       25  (10)      2 :  0.0889  0.0410  0.0260  0.7782  0.0559  0.0020  0.0080  
26       26  (10)      2 :  0.0020  0.0030  0.0060  0.9830  0.0010  0.0010  0.0040  
27       27  (48)      2 :  0.0040  0.0531  0.1411  0.7067  0.0170  0.0761  0.0020  
28       28  (20)      2 :  0.0020  0.0190  0.0110  0.5300  0.3720  0.0570  0.0090  
29       29   (9)      3 :  0.0020  0.0020  0.0100  0.0480  0.0090  0.0040  0.9250  
30       30   (8)      3 :  0.0010  0.0020  0.0010  0.0010  0.0010  0.0010  0.9930  
31       31  (19)      3 :  0.0030  0.3250  0.0060  0.0660  0.0040  0.3600  0.2360  
32       32  (13)      3 :  0.0230  0.0440  0.2400  0.0220  0.0320  0.3440  0.2950  
33       33   (6)      3 :  0.1249  0.5714  0.0070  0.0030  0.0959  0.1768  0.0210  
34       34  (10)      3 :  0.0060  0.1129  0.1788  0.0549  0.0160  0.0170  0.6144  
35       35   (5)      3 :  0.0030  0.0060  0.8750  0.0120  0.0030  0.0970  0.0040  
36       36  (17)      3 :  0.0030  0.1818  0.5105  0.0030  0.1878  0.0979  0.0160  
37       37   (8)      3 :  0.0030  0.2550  0.6870  0.0220  0.0050  0.0150  0.0130  
38       38  (10)      3 :  0.0090  0.0660  0.1420  0.0060  0.1780  0.0070  0.5920  
39       39  (14)      3 :  0.1260  0.0250  0.0580  0.0530  0.0550  0.0030  0.6800  
40       40  (15)      3 :  0.2172  0.0460  0.0330  0.0030  0.0210  0.0220  0.6577  
41       41   (5)      4 :  0.0020  0.2070  0.0090  0.7760  0.0020  0.0020  0.0020  
42       42   (8)      4 :  0.0270  0.0070  0.0180  0.8531  0.0460  0.0050  0.0440  
43       43  (17)      4 :  0.0040  0.0030  0.0100  0.6783  0.2537  0.0460  0.0050  
44       44  (33)      4 :  0.1522  0.1612  0.0120  0.6326  0.0020  0.0090  0.0310  
45       45  (18)      4 :  0.0130  0.0110  0.1582  0.7838  0.0040  0.0280  0.0020  
46       46  (15)      4 :  0.0100  0.0620  0.0220  0.5020  0.3260  0.0100  0.0680  
47       47   (5)      4 :  0.0060  0.0571  0.0060  0.9159  0.0060  0.0020  0.0070  
48       48  (24)      4 :  0.0120  0.1060  0.0260  0.7450  0.0730  0.0350  0.0030  
49       49  (32)      4 :  0.0020  0.0040  0.5265  0.4555  0.0040  0.0020  0.0060  
50       50  (24)      4 :  0.0030  0.0060  0.0080  0.8729  0.0080  0.0571  0.0450  
51       51  (17)      4 :  0.0820  0.0050  0.0990  0.6630  0.0760  0.0110  0.0640  
52       52   (6)      4 :  0.0020  0.2418  0.2018  0.5265  0.0180  0.0040  0.0060  
53       53  (10)      4 :  0.0590  0.0530  0.2140  0.6630  0.0060  0.0010  0.0040  
54       54  (10)      4 :  0.0130  0.0390  0.5250  0.4000  0.0150  0.0020  0.0060  
55       55  (26)      5 :  0.3090  0.0250  0.0950  0.4810  0.0570  0.0140  0.0190  
56       56  (15)      5 :  0.0030  0.2880  0.5300  0.0790  0.0040  0.0640  0.0320  
57       57  (15)      5 :  0.0110  0.3820  0.1680  0.0040  0.3120  0.1080  0.0150  
58       58   (5)      5 :  0.0030  0.3694  0.0030  0.0010  0.1682  0.0080  0.4474  
59       59   (7)      5 :  0.0010  0.0210  0.0240  0.0190  0.9299  0.0020  0.0030  
60       60   (9)      5 :  0.0170  0.0130  0.1600  0.0920  0.0030  0.7120  0.0030  
61       61  (17)      5 :  0.0070  0.1450  0.4540  0.1080  0.1480  0.1300  0.0080  
62       62  (10)      5 :  0.0170  0.0629  0.1818  0.0100  0.1658  0.2827  0.2797  
63       63  (13)      5 :  0.2270  0.2360  0.3470  0.0210  0.1520  0.0140  0.0030  
64       64  (15)      5 :  0.1410  0.0290  0.0550  0.1570  0.2330  0.0730  0.3120  
65       65  (17)      5 :  0.0050  0.2072  0.7247  0.0110  0.0030  0.0030  0.0460  
66       66  (14)      5 :  0.0520  0.1260  0.1160  0.1410  0.1280  0.3420  0.0950  
67       67  (12)      5 :  0.1573  0.0020  0.4248  0.0040  0.3547  0.0471  0.0100  
68       68   (9)      5 :  0.0030  0.0020  0.0880  0.1850  0.2720  0.2610  0.1890  
69       69  (14)      5 :  0.2178  0.2537  0.1918  0.0410  0.1039  0.0180  0.1738  
70       70   (8)      5 :  0.0060  0.4064  0.4775  0.0090  0.0881  0.0030  0.0100  
71       71  (19)      6 :  0.0030  0.0050  0.1940  0.7760  0.0150  0.0040  0.0030  
72       72   (6)      6 :  0.0010  0.0030  0.0330  0.9530  0.0020  0.0040  0.0040  
73       73  (39)      6 :  0.0020  0.2927  0.0060  0.6883  0.0050  0.0030  0.0030  
74       74  (25)      6 :  0.0030  0.0170  0.0060  0.9040  0.0110  0.0560  0.0030  
75       75  (16)      6 :  0.0400  0.1089  0.0050  0.8072  0.0020  0.0250  0.0120  
76       76  (37)      6 :  0.0170  0.0140  0.1720  0.6460  0.0050  0.1430  0.0030  
77       77   (8)      6 :  0.0561  0.0050  0.3604  0.5646  0.0100  0.0020  0.0020  
78       78   (9)      6 :  0.0030  0.0220  0.0250  0.9370  0.0020  0.0020  0.0090  
79       79   (8)      6 :  0.0620  0.0020  0.1370  0.7250  0.0160  0.0550  0.0030  
80       80   (9)      6 :  0.0140  0.0030  0.1049  0.5095  0.2328  0.1319  0.0040  
81       81   (9)      6 :  0.2172  0.0691  0.0841  0.5956  0.0290  0.0020  0.0030  
82       82  (10)      6 :  0.1270  0.0040  0.0370  0.8230  0.0020  0.0020  0.0050  
83       83   (9)      5 :  0.1229  0.1229  0.3027  0.0110  0.1808  0.1419  0.1179  
84       84  (29)      7 :  0.3934  0.1862  0.1592  0.0150  0.0571  0.0090  0.1802  
85       85   (9)      7 :  0.6730  0.0640  0.0360  0.0410  0.1520  0.0030  0.0310  
86       86  (10)      7 :  0.8206  0.0040  0.0651  0.0060  0.0772  0.0160  0.0110  
87       87   (9)      7 :  0.5526  0.0150  0.2292  0.1261  0.0120  0.0591  0.0060  
88       88  (10)      7 :  0.7273  0.1558  0.0500  0.0430  0.0020  0.0190  0.0030  
89       89  (24)      7 :  0.0050  0.0150  0.5830  0.0090  0.3380  0.0090  0.0410  
90       90  (11)      7 :  0.7227  0.0210  0.1912  0.0020  0.0581  0.0020  0.0030  
91       91  (18)      7 :  0.5966  0.0200  0.0050  0.0270  0.0090  0.0040  0.3383  
92       92  (13)      7 :  0.4511  0.1876  0.2705  0.0060  0.0778  0.0020  0.0050  
93       93  (10)      7 :  0.9321  0.0060  0.0040  0.0080  0.0150  0.0020  0.0330  
94       94  (11)      7 :  0.0050  0.2400  0.0300  0.0540  0.4050  0.0020  0.2640  
95       95   (8)      7 :  0.6960  0.0960  0.1140  0.0060  0.0080  0.0720  0.0080  
96       96  (23)      7 :  0.9760  0.0020  0.0020  0.0020  0.0010  0.0010  0.0160  
97       97   (5)      7 :  0.0030  0.0050  0.9160  0.0070  0.0580  0.0020  0.0090  
