 1        1   (8)      1 :  0.9540  0.0460  
 2        2   (9)      1 :  0.8870  0.1130  
 3        3   (9)      1 :  0.9660  0.0340  
 4        4  (18)      1 :  0.8310  0.1690  
 5        5  (22)      1 :  0.9900  0.0100  
 6        6   (9)      1 :  0.2080  0.7920  
 7        7  (13)      1 :  0.9220  0.0780  
 8        8  (14)      1 :  0.6500  0.3500  
 9        9   (5)      1 :  0.7570  0.2430  
10       10  (10)      1 :  0.9270  0.0730  
11       11  (21)      1 :  0.3540  0.6460  
12       12   (7)      1 :  0.4290  0.5710  
13       13  (26)      1 :  0.9830  0.0170  
14       14   (8)      2 :  0.0080  0.9920  
15       15   (7)      2 :  0.0580  0.9420  
16       16   (8)      2 :  0.0100  0.9900  
17       17   (7)      2 :  0.0190  0.9810  
18       18  (13)      2 :  0.2000  0.8000  
19       19  (16)      2 :  0.2990  0.7010  
20       20   (6)      2 :  0.0070  0.9930  
21       21   (6)      2 :  0.0080  0.9920  
22       22   (8)      2 :  0.3200  0.6800  
23       23   (5)      2 :  0.0690  0.9310  
24       24  (12)      2 :  0.0090  0.9910  
25       25  (10)      2 :  0.0550  0.9450  
26       26  (10)      2 :  0.0040  0.9960  
27       27  (48)      2 :  0.0160  0.9840  
28       28  (20)      2 :  0.1540  0.8460  
29       29   (9)      3 :  0.6960  0.3040  
30       30   (8)      3 :  0.9910  0.0090  
31       31  (19)      3 :  0.7570  0.2430  
32       32  (13)      3 :  0.9250  0.0750  
33       33   (6)      3 :  0.9880  0.0120  
34       34  (10)      3 :  0.7130  0.2870  
35       35   (5)      3 :  0.5400  0.4600  
36       36  (17)      3 :  0.9620  0.0380  
37       37   (8)      3 :  0.7020  0.2980  
38       38  (10)      3 :  0.9690  0.0310  
39       39  (14)      3 :  0.8700  0.1300  
40       40  (15)      3 :  0.9890  0.0110  
41       41   (5)      4 :  0.0410  0.9590  
42       42   (8)      4 :  0.0260  0.9740  
43       43  (17)      4 :  0.0340  0.9660  
44       44  (33)      4 :  0.2270  0.7730  
45       45  (18)      4 :  0.0190  0.9810  
46       46  (15)      4 :  0.3190  0.6810  
47       47   (5)      4 :  0.0090  0.9910  
48       48  (24)      4 :  0.1140  0.8860  
49       49  (32)      4 :  0.0140  0.9860  
50       50  (24)      4 :  0.0120  0.9880  
51       51  (17)      4 :  0.1820  0.8180  
52       52   (6)      4 :  0.2480  0.7520  
53       53  (10)      4 :  0.1050  0.8950  
54       54  (10)      4 :  0.1610  0.8390  
55       55  (26)      5 :  0.3800  0.6200  
56       56  (15)      5 :  0.5090  0.4910  
57       57  (15)      5 :  0.9630  0.0370  
58       58   (5)      5 :  0.9970  0.0030  
59       59   (7)      5 :  0.7230  0.2770  
60       60   (9)      5 :  0.6280  0.3720  
61       61  (17)      5 :  0.5910  0.4090  
62       62  (10)      5 :  0.9450  0.0550  
63       63  (13)      5 :  0.7520  0.2480  
64       64  (15)      5 :  0.6960  0.3040  
65       65  (17)      5 :  0.5800  0.4200  
66       66  (14)      5 :  0.7760  0.2240  
67       67  (12)      5 :  0.9620  0.0380  
68       68   (9)      5 :  0.5890  0.4110  
69       69  (14)      5 :  0.7620  0.2380  
70       70   (8)      5 :  0.7530  0.2470  
71       71  (19)      6 :  0.0120  0.9880  
72       72   (6)      6 :  0.0030  0.9970  
73       73  (39)      6 :  0.0590  0.9410  
74       74  (25)      6 :  0.0060  0.9940  
75       75  (16)      6 :  0.0430  0.9570  
76       76  (37)      6 :  0.1350  0.8650  
77       77   (8)      6 :  0.1390  0.8610  
78       78   (9)      6 :  0.0060  0.9940  
79       79   (8)      6 :  0.0550  0.9450  
80       80   (9)      6 :  0.3040  0.6960  
81       81   (9)      6 :  0.2550  0.7450  
82       82  (10)      6 :  0.0130  0.9870  
83       83   (9)      5 :  0.7680  0.2320  
84       84  (29)      7 :  0.9140  0.0860  
85       85   (9)      7 :  0.8140  0.1860  
86       86  (10)      7 :  0.8200  0.1800  
87       87   (9)      7 :  0.6740  0.3260  
88       88  (10)      7 :  0.8270  0.1730  
89       89  (24)      7 :  0.8580  0.1420  
90       90  (11)      7 :  0.9590  0.0410  
91       91  (18)      7 :  0.9020  0.0980  
92       92  (13)      7 :  0.9090  0.0910  
93       93  (10)      7 :  0.8840  0.1160  
94       94  (11)      7 :  0.8940  0.1060  
95       95   (8)      7 :  0.8800  0.1200  
96       96  (23)      7 :  0.9740  0.0260  
97       97   (5)      7 :  0.8080  0.1920  
