 1        1   (8)      1 :  0.0030  0.0030  0.9930  0.0010  
 2        2   (9)      1 :  0.0690  0.2870  0.6370  0.0070  
 3        3   (9)      1 :  0.1440  0.7350  0.1110  0.0100  
 4        4  (18)      1 :  0.1280  0.4160  0.4470  0.0090  
 5        5  (22)      1 :  0.0040  0.2110  0.6990  0.0860  
 6        6   (9)      1 :  0.6877  0.0801  0.1341  0.0981  
 7        7  (13)      1 :  0.0410  0.3600  0.5960  0.0030  
 8        8  (14)      1 :  0.1848  0.0320  0.7792  0.0040  
 9        9   (5)      1 :  0.2543  0.7387  0.0050  0.0020  
10       10  (10)      1 :  0.1150  0.3060  0.5590  0.0200  
11       11  (21)      1 :  0.5570  0.1580  0.2370  0.0480  
12       12   (7)      1 :  0.3197  0.0809  0.4525  0.1469  
13       13  (26)      1 :  0.0060  0.3133  0.6717  0.0090  
14       14   (8)      2 :  0.9830  0.0110  0.0030  0.0030  
15       15   (7)      2 :  0.8472  0.1219  0.0120  0.0190  
16       16   (8)      2 :  0.9250  0.0670  0.0060  0.0020  
17       17   (7)      2 :  0.7090  0.0020  0.2860  0.0030  
18       18  (13)      2 :  0.7310  0.1990  0.0670  0.0030  
19       19  (16)      2 :  0.6660  0.0170  0.0370  0.2800  
20       20   (6)      2 :  0.9590  0.0180  0.0050  0.0180  
21       21   (6)      2 :  0.9780  0.0120  0.0030  0.0070  
22       22   (8)      2 :  0.5930  0.0650  0.2750  0.0670  
23       23   (5)      2 :  0.7800  0.0300  0.1850  0.0050  
24       24  (12)      2 :  0.9530  0.0130  0.0300  0.0040  
25       25  (10)      2 :  0.9100  0.0640  0.0090  0.0170  
26       26  (10)      2 :  0.9920  0.0030  0.0030  0.0020  
27       27  (48)      2 :  0.9110  0.0060  0.0680  0.0150  
28       28  (20)      2 :  0.5860  0.0230  0.3880  0.0030  
29       29   (9)      3 :  0.2100  0.6510  0.1360  0.0030  
30       30   (8)      3 :  0.0030  0.9900  0.0050  0.0020  
31       31  (19)      3 :  0.0330  0.0050  0.9580  0.0040  
32       32  (13)      3 :  0.0290  0.2680  0.6420  0.0610  
33       33   (6)      3 :  0.0040  0.1120  0.7400  0.1440  
34       34  (10)      3 :  0.1560  0.3790  0.4570  0.0080  
35       35   (5)      3 :  0.2500  0.0040  0.7030  0.0430  
36       36  (17)      3 :  0.0080  0.1009  0.8721  0.0190  
37       37   (8)      3 :  0.1930  0.0310  0.7540  0.0220  
38       38  (10)      3 :  0.0220  0.5774  0.3706  0.0300  
39       39  (14)      3 :  0.1150  0.5000  0.2730  0.1120  
40       40  (15)      3 :  0.0080  0.6623  0.1179  0.2118  
41       41   (5)      4 :  0.7782  0.0020  0.2158  0.0040  
42       42   (8)      4 :  0.9120  0.0120  0.0480  0.0280  
43       43  (17)      4 :  0.9160  0.0110  0.0610  0.0120  
44       44  (33)      4 :  0.6490  0.0050  0.1920  0.1540  
45       45  (18)      4 :  0.9570  0.0020  0.0190  0.0220  
46       46  (15)      4 :  0.6040  0.1850  0.2000  0.0110  
47       47   (5)      4 :  0.9760  0.0030  0.0110  0.0100  
48       48  (24)      4 :  0.7337  0.0030  0.2472  0.0160  
49       49  (32)      4 :  0.9260  0.0500  0.0180  0.0060  
50       50  (24)      4 :  0.8690  0.0080  0.1170  0.0060  
51       51  (17)      4 :  0.7133  0.0210  0.1439  0.1219  
52       52   (6)      4 :  0.5844  0.0040  0.4066  0.0050  
53       53  (10)      4 :  0.7980  0.0050  0.0210  0.1760  
54       54  (10)      4 :  0.5526  0.0060  0.4154  0.0260  
55       55  (26)      5 :  0.5035  0.0130  0.1802  0.3033  
56       56  (15)      5 :  0.1920  0.0170  0.7870  0.0040  
57       57  (15)      5 :  0.0070  0.0591  0.7888  0.1451  
58       58   (5)      5 :  0.0020  0.6000  0.3960  0.0020  
59       59   (7)      5 :  0.2920  0.4780  0.2260  0.0040  
60       60   (9)      5 :  0.1060  0.0020  0.8800  0.0120  
61       61  (17)      5 :  0.2510  0.0670  0.6680  0.0140  
62       62  (10)      5 :  0.0370  0.2980  0.6380  0.0270  
63       63  (13)      5 :  0.0890  0.0260  0.5250  0.3600  
64       64  (15)      5 :  0.2480  0.3610  0.2750  0.1160  
65       65  (17)      5 :  0.2490  0.0160  0.6250  0.1100  
66       66  (14)      5 :  0.1598  0.0619  0.7063  0.0719  
67       67  (12)      5 :  0.0220  0.0839  0.5255  0.3686  
68       68   (9)      5 :  0.3043  0.1281  0.5586  0.0090  
69       69  (14)      5 :  0.1160  0.2050  0.3990  0.2800  
70       70   (8)      5 :  0.0700  0.0690  0.5130  0.3480  
71       71  (19)      6 :  0.9380  0.0050  0.0510  0.0060  
72       72   (6)      6 :  0.9860  0.0020  0.0090  0.0030  
73       73  (39)      6 :  0.6840  0.0050  0.3070  0.0040  
74       74  (25)      6 :  0.9650  0.0040  0.0270  0.0040  
75       75  (16)      6 :  0.8420  0.0050  0.0950  0.0580  
76       76  (37)      6 :  0.6903  0.0040  0.2767  0.0290  
77       77   (8)      6 :  0.7340  0.0050  0.0910  0.1700  
78       78   (9)      6 :  0.9810  0.0050  0.0110  0.0030  
79       79   (8)      6 :  0.8549  0.0030  0.0701  0.0721  
80       80   (9)      6 :  0.5870  0.0920  0.2690  0.0520  
81       81   (9)      6 :  0.6720  0.0050  0.0750  0.2480  
82       82  (10)      6 :  0.8950  0.0030  0.0090  0.0930  
83       83   (9)      5 :  0.0570  0.1550  0.5670  0.2210  
84       84  (29)      7 :  0.0260  0.0630  0.4330  0.4780  
85       85   (9)      7 :  0.0870  0.1670  0.0210  0.7250  
86       86  (10)      7 :  0.0220  0.0870  0.0110  0.8800  
87       87   (9)      7 :  0.1780  0.0050  0.3030  0.5140  
88       88  (10)      7 :  0.0230  0.0020  0.2820  0.6930  
89       89  (24)      7 :  0.0440  0.0650  0.3920  0.4990  
90       90  (11)      7 :  0.0070  0.0080  0.0680  0.9170  
91       91  (18)      7 :  0.0400  0.3590  0.0710  0.5300  
92       92  (13)      7 :  0.0160  0.0200  0.3270  0.6370  
93       93  (10)      7 :  0.0130  0.1389  0.0060  0.8422  
94       94  (11)      7 :  0.2080  0.5270  0.0880  0.1770  
95       95   (8)      7 :  0.0110  0.0030  0.2883  0.6977  
96       96  (23)      7 :  0.0030  0.0670  0.0020  0.9280  
97       97   (5)      7 :  0.1200  0.0620  0.4100  0.4080  
