 1        1   (8)      1 :  0.0060  0.9920  0.0020  
 2        2   (9)      1 :  0.1290  0.8490  0.0220  
 3        3   (9)      1 :  0.0400  0.9470  0.0130  
 4        4  (18)      1 :  0.1449  0.8442  0.0110  
 5        5  (22)      1 :  0.0050  0.7502  0.2448  
 6        6   (9)      1 :  0.7187  0.2052  0.0761  
 7        7  (13)      1 :  0.0630  0.9340  0.0030  
 8        8  (14)      1 :  0.3103  0.6867  0.0030  
 9        9   (5)      1 :  0.2130  0.7830  0.0040  
10       10  (10)      1 :  0.1800  0.7390  0.0810  
11       11  (21)      1 :  0.5990  0.3610  0.0400  
12       12   (7)      1 :  0.4310  0.4130  0.1560  
13       13  (26)      1 :  0.0070  0.9490  0.0440  
14       14   (8)      2 :  0.9910  0.0050  0.0040  
15       15   (7)      2 :  0.9490  0.0180  0.0330  
16       16   (8)      2 :  0.9840  0.0130  0.0030  
17       17   (7)      2 :  0.9550  0.0380  0.0070  
18       18  (13)      2 :  0.6880  0.3090  0.0030  
19       19  (16)      2 :  0.6860  0.0270  0.2870  
20       20   (6)      2 :  0.9810  0.0080  0.0110  
21       21   (6)      2 :  0.9900  0.0040  0.0060  
22       22   (8)      2 :  0.7000  0.2660  0.0340  
23       23   (5)      2 :  0.8570  0.1390  0.0040  
24       24  (12)      2 :  0.9880  0.0090  0.0030  
25       25  (10)      2 :  0.9110  0.0460  0.0430  
26       26  (10)      2 :  0.9950  0.0030  0.0020  
27       27  (48)      2 :  0.9710  0.0190  0.0100  
28       28  (20)      2 :  0.7413  0.2557  0.0030  
29       29   (9)      3 :  0.1900  0.8060  0.0040  
30       30   (8)      3 :  0.0050  0.9920  0.0030  
31       31  (19)      3 :  0.1990  0.7980  0.0030  
32       32  (13)      3 :  0.0900  0.8800  0.0300  
33       33   (6)      3 :  0.0110  0.7690  0.2200  
34       34  (10)      3 :  0.1960  0.7990  0.0050  
35       35   (5)      3 :  0.4540  0.5010  0.0450  
36       36  (17)      3 :  0.0200  0.9730  0.0070  
37       37   (8)      3 :  0.2880  0.6890  0.0230  
38       38  (10)      3 :  0.0310  0.9570  0.0120  
39       39  (14)      3 :  0.1440  0.7410  0.1150  
40       40  (15)      3 :  0.0060  0.7690  0.2250  
41       41   (5)      4 :  0.9530  0.0350  0.0120  
42       42   (8)      4 :  0.9700  0.0100  0.0200  
43       43  (17)      4 :  0.9320  0.0620  0.0060  
44       44  (33)      4 :  0.7237  0.0741  0.2022  
45       45  (18)      4 :  0.9730  0.0070  0.0200  
46       46  (15)      4 :  0.6490  0.3400  0.0110  
47       47   (5)      4 :  0.9750  0.0070  0.0180  
48       48  (24)      4 :  0.8420  0.0560  0.1020  
49       49  (32)      4 :  0.9630  0.0320  0.0050  
50       50  (24)      4 :  0.9780  0.0170  0.0050  
51       51  (17)      4 :  0.7940  0.0850  0.1210  
52       52   (6)      4 :  0.6590  0.3350  0.0060  
53       53  (10)      4 :  0.8442  0.0080  0.1479  
54       54  (10)      4 :  0.7650  0.1360  0.0990  
55       55  (26)      5 :  0.5910  0.0580  0.3510  
56       56  (15)      5 :  0.4186  0.5754  0.0060  
57       57  (15)      5 :  0.0400  0.8110  0.1490  
58       58   (5)      5 :  0.0020  0.9940  0.0040  
59       59   (7)      5 :  0.2760  0.7190  0.0050  
60       60   (9)      5 :  0.2810  0.6980  0.0210  
61       61  (17)      5 :  0.3510  0.6320  0.0170  
62       62  (10)      5 :  0.0669  0.9081  0.0250  
63       63  (13)      5 :  0.2058  0.4735  0.3207  
64       64  (15)      5 :  0.2790  0.6130  0.1080  
65       65  (17)      5 :  0.4290  0.4370  0.1340  
66       66  (14)      5 :  0.2160  0.7530  0.0310  
67       67  (12)      5 :  0.0230  0.6540  0.3230  
68       68   (9)      5 :  0.3330  0.6620  0.0050  
69       69  (14)      5 :  0.1658  0.5265  0.3077  
70       70   (8)      5 :  0.2710  0.6070  0.1220  
71       71  (19)      6 :  0.9880  0.0080  0.0040  
72       72   (6)      6 :  0.9950  0.0030  0.0020  
73       73  (39)      6 :  0.8819  0.1101  0.0080  
74       74  (25)      6 :  0.9900  0.0060  0.0040  
75       75  (16)      6 :  0.9320  0.0120  0.0560  
76       76  (37)      6 :  0.8360  0.1140  0.0500  
77       77   (8)      6 :  0.8150  0.0190  0.1660  
78       78   (9)      6 :  0.9910  0.0060  0.0030  
79       79   (8)      6 :  0.9110  0.0130  0.0760  
80       80   (9)      6 :  0.6640  0.3100  0.0260  
81       81   (9)      6 :  0.7237  0.0260  0.2503  
82       82  (10)      6 :  0.9430  0.0040  0.0530  
83       83   (9)      5 :  0.1490  0.6640  0.1870  
84       84  (29)      7 :  0.0480  0.4860  0.4660  
85       85   (9)      7 :  0.0611  0.1882  0.7508  
86       86  (10)      7 :  0.0170  0.0690  0.9140  
87       87   (9)      7 :  0.2820  0.1450  0.5730  
88       88  (10)      7 :  0.1150  0.0510  0.8340  
89       89  (24)      7 :  0.1170  0.4860  0.3970  
90       90  (11)      7 :  0.0070  0.0650  0.9280  
91       91  (18)      7 :  0.0310  0.4090  0.5600  
92       92  (13)      7 :  0.0280  0.2990  0.6730  
93       93  (10)      7 :  0.0160  0.0390  0.9450  
94       94  (11)      7 :  0.0880  0.6560  0.2560  
95       95   (8)      7 :  0.0210  0.1530  0.8260  
96       96  (23)      7 :  0.0020  0.0040  0.9940  
97       97   (5)      7 :  0.1990  0.5070  0.2940  
