 1        1   (8)      1 :  0.0210  0.9770  0.0020  
 2        2   (9)      1 :  0.1810  0.8030  0.0160  
 3        3   (9)      1 :  0.0540  0.9220  0.0240  
 4        4  (18)      1 :  0.1251  0.8659  0.0090  
 5        5  (22)      1 :  0.0040  0.7910  0.2050  
 6        6   (9)      1 :  0.7750  0.1680  0.0570  
 7        7  (13)      1 :  0.0530  0.9440  0.0030  
 8        8  (14)      1 :  0.3310  0.6650  0.0040  
 9        9   (5)      1 :  0.2110  0.7850  0.0040  
10       10  (10)      1 :  0.1840  0.7840  0.0320  
11       11  (21)      1 :  0.6014  0.3576  0.0410  
12       12   (7)      1 :  0.4700  0.3900  0.1400  
13       13  (26)      1 :  0.0080  0.9441  0.0480  
14       14   (8)      2 :  0.9880  0.0070  0.0050  
15       15   (7)      2 :  0.9091  0.0529  0.0380  
16       16   (8)      2 :  0.9850  0.0120  0.0030  
17       17   (7)      2 :  0.9200  0.0730  0.0070  
18       18  (13)      2 :  0.7167  0.2813  0.0020  
19       19  (16)      2 :  0.6710  0.0230  0.3060  
20       20   (6)      2 :  0.9820  0.0060  0.0120  
21       21   (6)      2 :  0.9880  0.0050  0.0070  
22       22   (8)      2 :  0.6290  0.3250  0.0460  
23       23   (5)      2 :  0.8590  0.1360  0.0050  
24       24  (12)      2 :  0.9820  0.0150  0.0030  
25       25  (10)      2 :  0.9050  0.0640  0.0310  
26       26  (10)      2 :  0.9950  0.0030  0.0020  
27       27  (48)      2 :  0.9720  0.0160  0.0120  
28       28  (20)      2 :  0.7070  0.2900  0.0030  
29       29   (9)      3 :  0.2500  0.7460  0.0040  
30       30   (8)      3 :  0.0060  0.9910  0.0030  
31       31  (19)      3 :  0.2270  0.7710  0.0020  
32       32  (13)      3 :  0.1370  0.8230  0.0400  
33       33   (6)      3 :  0.0080  0.7932  0.1988  
34       34  (10)      3 :  0.1990  0.7960  0.0050  
35       35   (5)      3 :  0.4525  0.5145  0.0330  
36       36  (17)      3 :  0.0280  0.9530  0.0190  
37       37   (8)      3 :  0.3120  0.6630  0.0250  
38       38  (10)      3 :  0.0580  0.9250  0.0170  
39       39  (14)      3 :  0.1310  0.7470  0.1220  
40       40  (15)      3 :  0.0070  0.7642  0.2288  
41       41   (5)      4 :  0.9620  0.0260  0.0120  
42       42   (8)      4 :  0.9510  0.0130  0.0360  
43       43  (17)      4 :  0.9690  0.0250  0.0060  
44       44  (33)      4 :  0.7760  0.0610  0.1630  
45       45  (18)      4 :  0.9610  0.0060  0.0330  
46       46  (15)      4 :  0.6580  0.3330  0.0090  
47       47   (5)      4 :  0.9860  0.0050  0.0090  
48       48  (24)      4 :  0.8629  0.0450  0.0921  
49       49  (32)      4 :  0.9870  0.0090  0.0040  
50       50  (24)      4 :  0.9750  0.0200  0.0050  
51       51  (17)      4 :  0.8390  0.1160  0.0450  
52       52   (6)      4 :  0.6850  0.3050  0.0100  
53       53  (10)      4 :  0.8280  0.0090  0.1630  
54       54  (10)      4 :  0.7918  0.1672  0.0410  
55       55  (26)      5 :  0.6180  0.0400  0.3420  
56       56  (15)      5 :  0.3570  0.6390  0.0040  
57       57  (15)      5 :  0.0340  0.8498  0.1161  
58       58   (5)      5 :  0.0020  0.9950  0.0030  
59       59   (7)      5 :  0.2380  0.7590  0.0030  
60       60   (9)      5 :  0.3390  0.6460  0.0150  
61       61  (17)      5 :  0.3730  0.6080  0.0190  
62       62  (10)      5 :  0.1279  0.8482  0.0240  
63       63  (13)      5 :  0.2210  0.4710  0.3080  
64       64  (15)      5 :  0.2580  0.6060  0.1360  
65       65  (17)      5 :  0.3910  0.5270  0.0820  
66       66  (14)      5 :  0.2468  0.7143  0.0390  
67       67  (12)      5 :  0.0500  0.6573  0.2927  
68       68   (9)      5 :  0.3644  0.6316  0.0040  
69       69  (14)      5 :  0.1888  0.5165  0.2947  
70       70   (8)      5 :  0.1598  0.6084  0.2318  
71       71  (19)      6 :  0.9850  0.0090  0.0060  
72       72   (6)      6 :  0.9950  0.0030  0.0020  
73       73  (39)      6 :  0.9190  0.0750  0.0060  
74       74  (25)      6 :  0.9900  0.0060  0.0040  
75       75  (16)      6 :  0.9280  0.0130  0.0590  
76       76  (37)      6 :  0.8300  0.1070  0.0630  
77       77   (8)      6 :  0.8240  0.0190  0.1570  
78       78   (9)      6 :  0.9900  0.0070  0.0030  
79       79   (8)      6 :  0.9251  0.0190  0.0559  
80       80   (9)      6 :  0.6750  0.2890  0.0360  
81       81   (9)      6 :  0.7320  0.0160  0.2520  
82       82  (10)      6 :  0.9340  0.0040  0.0620  
83       83   (9)      5 :  0.2210  0.6040  0.1750  
84       84  (29)      7 :  0.0519  0.4995  0.4486  
85       85   (9)      7 :  0.0751  0.1922  0.7327  
86       86  (10)      7 :  0.0220  0.0870  0.8910  
87       87   (9)      7 :  0.2850  0.1840  0.5310  
88       88  (10)      7 :  0.1301  0.0420  0.8278  
89       89  (24)      7 :  0.0730  0.5100  0.4170  
90       90  (11)      7 :  0.0070  0.0950  0.8980  
91       91  (18)      7 :  0.0350  0.4250  0.5400  
92       92  (13)      7 :  0.0680  0.3390  0.5930  
93       93  (10)      7 :  0.0100  0.0480  0.9420  
94       94  (11)      7 :  0.0769  0.6474  0.2757  
95       95   (8)      7 :  0.0310  0.2090  0.7600  
96       96  (23)      7 :  0.0030  0.0040  0.9930  
97       97   (5)      7 :  0.2030  0.5050  0.2920  
