 1        1   (8)      1 :  0.0050  0.9880  0.0050  0.0020  
 2        2   (9)      1 :  0.0670  0.3640  0.5610  0.0080  
 3        3   (9)      1 :  0.0400  0.5300  0.3990  0.0310  
 4        4  (18)      1 :  0.1000  0.4650  0.4300  0.0050  
 5        5  (22)      1 :  0.0020  0.0030  0.9930  0.0020  
 6        6   (9)      1 :  0.6820  0.1720  0.0390  0.1070  
 7        7  (13)      1 :  0.0530  0.6600  0.2840  0.0030  
 8        8  (14)      1 :  0.3010  0.1670  0.5290  0.0030  
 9        9   (5)      1 :  0.2060  0.4720  0.3190  0.0030  
10       10  (10)      1 :  0.0370  0.2663  0.6897  0.0070  
11       11  (21)      1 :  0.5684  0.2308  0.1558  0.0450  
12       12   (7)      1 :  0.4400  0.2410  0.1420  0.1770  
13       13  (26)      1 :  0.0040  0.0080  0.9850  0.0030  
14       14   (8)      2 :  0.9460  0.0030  0.0480  0.0030  
15       15   (7)      2 :  0.9109  0.0470  0.0090  0.0330  
16       16   (8)      2 :  0.9141  0.0789  0.0040  0.0030  
17       17   (7)      2 :  0.8282  0.0040  0.1638  0.0040  
18       18  (13)      2 :  0.7020  0.2810  0.0140  0.0030  
19       19  (16)      2 :  0.6370  0.0250  0.1120  0.2260  
20       20   (6)      2 :  0.9500  0.0410  0.0020  0.0070  
21       21   (6)      2 :  0.9720  0.0190  0.0040  0.0050  
22       22   (8)      2 :  0.6280  0.1060  0.2290  0.0370  
23       23   (5)      2 :  0.7670  0.1030  0.1260  0.0040  
24       24  (12)      2 :  0.9680  0.0080  0.0210  0.0030  
25       25  (10)      2 :  0.8681  0.0050  0.1089  0.0180  
26       26  (10)      2 :  0.9900  0.0040  0.0030  0.0030  
27       27  (48)      2 :  0.8829  0.0050  0.1061  0.0060  
28       28  (20)      2 :  0.6840  0.1160  0.1970  0.0030  
29       29   (9)      3 :  0.1180  0.8740  0.0040  0.0040  
30       30   (8)      3 :  0.0040  0.9440  0.0490  0.0030  
31       31  (19)      3 :  0.1409  0.6014  0.2537  0.0040  
32       32  (13)      3 :  0.1159  0.6653  0.1998  0.0190  
33       33   (6)      3 :  0.0050  0.3040  0.5880  0.1030  
34       34  (10)      3 :  0.1990  0.5890  0.2070  0.0050  
35       35   (5)      3 :  0.3906  0.1758  0.4106  0.0230  
36       36  (17)      3 :  0.0330  0.3330  0.6220  0.0120  
37       37   (8)      3 :  0.3050  0.0340  0.6530  0.0080  
38       38  (10)      3 :  0.0220  0.6750  0.2900  0.0130  
39       39  (14)      3 :  0.1210  0.6760  0.0500  0.1530  
40       40  (15)      3 :  0.0060  0.6450  0.1340  0.2150  
41       41   (5)      4 :  0.7590  0.0020  0.2350  0.0040  
42       42   (8)      4 :  0.9181  0.0320  0.0120  0.0380  
43       43  (17)      4 :  0.9079  0.0741  0.0080  0.0100  
44       44  (33)      4 :  0.6600  0.0300  0.0670  0.2430  
45       45  (18)      4 :  0.8861  0.0040  0.0789  0.0310  
46       46  (15)      4 :  0.6260  0.2350  0.1290  0.0100  
47       47   (5)      4 :  0.9570  0.0080  0.0170  0.0180  
48       48  (24)      4 :  0.7928  0.0240  0.0581  0.1251  
49       49  (32)      4 :  0.8750  0.0090  0.1120  0.0040  
50       50  (24)      4 :  0.9381  0.0470  0.0080  0.0070  
51       51  (17)      4 :  0.7343  0.0899  0.0180  0.1578  
52       52   (6)      4 :  0.6416  0.0060  0.3493  0.0030  
53       53  (10)      4 :  0.7940  0.0040  0.0910  0.1110  
54       54  (10)      4 :  0.6306  0.0080  0.3423  0.0190  
55       55  (26)      5 :  0.5315  0.0290  0.0551  0.3844  
56       56  (15)      5 :  0.3250  0.2050  0.4660  0.0040  
57       57  (15)      5 :  0.0150  0.2110  0.7530  0.0210  
58       58   (5)      5 :  0.0020  0.5140  0.4810  0.0030  
59       59   (7)      5 :  0.1720  0.2640  0.5610  0.0030  
60       60   (9)      5 :  0.2723  0.6747  0.0180  0.0350  
61       61  (17)      5 :  0.3180  0.2120  0.4550  0.0150  
62       62  (10)      5 :  0.0430  0.6450  0.2710  0.0410  
63       63  (13)      5 :  0.1758  0.0220  0.5225  0.2797  
64       64  (15)      5 :  0.2370  0.4870  0.0970  0.1790  
65       65  (17)      5 :  0.4024  0.0571  0.4735  0.0671  
66       66  (14)      5 :  0.1760  0.5350  0.2530  0.0360  
67       67  (12)      5 :  0.0220  0.3800  0.3080  0.2900  
68       68   (9)      5 :  0.3027  0.6843  0.0060  0.0070  
69       69  (14)      5 :  0.1391  0.2462  0.3894  0.2252  
70       70   (8)      5 :  0.2370  0.0140  0.7240  0.0250  
71       71  (19)      6 :  0.8560  0.0050  0.1340  0.0050  
72       72   (6)      6 :  0.9900  0.0030  0.0050  0.0020  
73       73  (39)      6 :  0.7670  0.0130  0.2140  0.0060  
74       74  (25)      6 :  0.9780  0.0070  0.0120  0.0030  
75       75  (16)      6 :  0.8278  0.0110  0.0150  0.1461  
76       76  (37)      6 :  0.8080  0.0490  0.0250  0.1180  
77       77   (8)      6 :  0.7660  0.0060  0.0360  0.1920  
78       78   (9)      6 :  0.9700  0.0030  0.0230  0.0040  
79       79   (8)      6 :  0.8820  0.0140  0.0090  0.0950  
80       80   (9)      6 :  0.6570  0.2410  0.0700  0.0320  
81       81   (9)      6 :  0.6527  0.0040  0.1291  0.2142  
82       82  (10)      6 :  0.8791  0.0050  0.0100  0.1059  
83       83   (9)      5 :  0.1451  0.3223  0.3634  0.1692  
84       84  (29)      7 :  0.0430  0.1280  0.3780  0.4510  
85       85   (9)      7 :  0.0599  0.0360  0.2138  0.6903  
86       86  (10)      7 :  0.0230  0.0920  0.0300  0.8550  
87       87   (9)      7 :  0.2490  0.0500  0.0820  0.6190  
88       88  (10)      7 :  0.0579  0.0060  0.1588  0.7772  
89       89  (24)      7 :  0.0961  0.2563  0.3083  0.3393  
90       90  (11)      7 :  0.0050  0.0040  0.2533  0.7377  
91       91  (18)      7 :  0.0290  0.3640  0.0250  0.5820  
92       92  (13)      7 :  0.0180  0.0090  0.4360  0.5370  
93       93  (10)      7 :  0.0100  0.0290  0.0130  0.9480  
94       94  (11)      7 :  0.1110  0.3160  0.4420  0.1310  
95       95   (8)      7 :  0.0130  0.0180  0.1800  0.7890  
96       96  (23)      7 :  0.0030  0.0050  0.0030  0.9890  
97       97   (5)      7 :  0.1481  0.0290  0.5726  0.2503  
