 1        1   (8)      1 :  0.0380  0.0030  0.0050  0.0040  0.9490  0.0010  
 2        2   (9)      1 :  0.0820  0.3730  0.0090  0.0600  0.4660  0.0100  
 3        3   (9)      1 :  0.2382  0.0110  0.4284  0.0020  0.3113  0.0090  
 4        4  (18)      1 :  0.0661  0.1632  0.2523  0.0551  0.4565  0.0070  
 5        5  (22)      1 :  0.0020  0.9920  0.0020  0.0010  0.0020  0.0010  
 6        6   (9)      1 :  0.3010  0.0130  0.1550  0.3810  0.0840  0.0660  
 7        7  (13)      1 :  0.0530  0.1370  0.0030  0.0870  0.7170  0.0030  
 8        8  (14)      1 :  0.0110  0.1542  0.0350  0.3213  0.4755  0.0030  
 9        9   (5)      1 :  0.0060  0.0130  0.5265  0.1361  0.3163  0.0020  
10       10  (10)      1 :  0.0050  0.2530  0.1890  0.2010  0.3460  0.0060  
11       11  (21)      1 :  0.3060  0.0740  0.0260  0.2980  0.2420  0.0540  
12       12   (7)      1 :  0.1750  0.0360  0.1530  0.2930  0.2480  0.0950  
13       13  (26)      1 :  0.0070  0.9820  0.0030  0.0020  0.0050  0.0010  
14       14   (8)      2 :  0.0610  0.0020  0.0970  0.8350  0.0030  0.0020  
15       15   (7)      2 :  0.2000  0.0020  0.1220  0.6190  0.0480  0.0090  
16       16   (8)      2 :  0.9510  0.0050  0.0030  0.0170  0.0220  0.0020  
17       17   (7)      2 :  0.3410  0.0380  0.1060  0.5060  0.0060  0.0030  
18       18  (13)      2 :  0.4950  0.0020  0.0140  0.2680  0.2190  0.0020  
19       19  (16)      2 :  0.7020  0.2500  0.0290  0.0110  0.0030  0.0050  
20       20   (6)      2 :  0.4620  0.0020  0.0290  0.4920  0.0100  0.0050  
21       21   (6)      2 :  0.7223  0.0030  0.0070  0.2617  0.0020  0.0040  
22       22   (8)      2 :  0.1090  0.0090  0.4560  0.4050  0.0150  0.0060  
23       23   (5)      2 :  0.5475  0.0721  0.1682  0.2042  0.0060  0.0020  
24       24  (12)      2 :  0.7772  0.0470  0.0130  0.1548  0.0050  0.0030  
25       25  (10)      2 :  0.0800  0.0180  0.0070  0.8390  0.0260  0.0300  
26       26  (10)      2 :  0.2883  0.0030  0.0010  0.7027  0.0030  0.0020  
27       27  (48)      2 :  0.1350  0.0870  0.0900  0.6740  0.0060  0.0080  
28       28  (20)      2 :  0.7230  0.0850  0.1730  0.0090  0.0080  0.0020  
29       29   (9)      3 :  0.3950  0.0030  0.0090  0.0060  0.5840  0.0030  
30       30   (8)      3 :  0.0360  0.0100  0.0030  0.0040  0.9440  0.0030  
31       31  (19)      3 :  0.1259  0.0799  0.0090  0.1469  0.6354  0.0030  
32       32  (13)      3 :  0.1100  0.0510  0.2260  0.0230  0.5720  0.0180  
33       33   (6)      3 :  0.0020  0.3826  0.0090  0.0829  0.3926  0.1309  
34       34  (10)      3 :  0.3137  0.0999  0.0729  0.0190  0.4895  0.0050  
35       35   (5)      3 :  0.0550  0.0720  0.3710  0.2830  0.2090  0.0100  
36       36  (17)      3 :  0.0160  0.1868  0.4645  0.0100  0.3147  0.0080  
37       37   (8)      3 :  0.0460  0.1520  0.3090  0.2290  0.2570  0.0070  
38       38  (10)      3 :  0.1610  0.0240  0.2670  0.0050  0.5330  0.0100  
39       39  (14)      3 :  0.1190  0.0270  0.0300  0.0720  0.6070  0.1450  
40       40  (15)      3 :  0.0190  0.0500  0.0430  0.0050  0.6370  0.2460  
41       41   (5)      4 :  0.0060  0.1159  0.0100  0.8621  0.0040  0.0020  
42       42   (8)      4 :  0.4930  0.0050  0.0100  0.4690  0.0110  0.0120  
43       43  (17)      4 :  0.9840  0.0020  0.0060  0.0020  0.0030  0.0030  
44       44  (33)      4 :  0.5415  0.0571  0.0040  0.2372  0.0080  0.1522  
45       45  (18)      4 :  0.4460  0.0100  0.0340  0.4970  0.0030  0.0100  
46       46  (15)      4 :  0.6216  0.0561  0.0490  0.0671  0.1572  0.0490  
47       47   (5)      4 :  0.1830  0.0190  0.0060  0.7810  0.0030  0.0080  
48       48  (24)      4 :  0.6400  0.0120  0.0900  0.2460  0.0060  0.0060  
49       49  (32)      4 :  0.4050  0.0100  0.2400  0.3400  0.0030  0.0020  
50       50  (24)      4 :  0.2960  0.0040  0.0100  0.6400  0.0450  0.0050  
51       51  (17)      4 :  0.5460  0.0200  0.0270  0.3330  0.0220  0.0520  
52       52   (6)      4 :  0.3616  0.2887  0.0290  0.3107  0.0070  0.0030  
53       53  (10)      4 :  0.3670  0.0620  0.0800  0.4220  0.0030  0.0660  
54       54  (10)      4 :  0.0730  0.2210  0.2180  0.4560  0.0110  0.0210  
55       55  (26)      5 :  0.4600  0.0220  0.2530  0.1050  0.0030  0.1570  
56       56  (15)      5 :  0.0090  0.1622  0.0210  0.4014  0.4024  0.0040  
57       57  (15)      5 :  0.0110  0.3660  0.4730  0.0110  0.1330  0.0060  
58       58   (5)      5 :  0.0020  0.2717  0.0030  0.0010  0.7203  0.0020  
59       59   (7)      5 :  0.1151  0.0210  0.5556  0.0220  0.2843  0.0020  
60       60   (9)      5 :  0.2472  0.0140  0.0070  0.0881  0.6126  0.0310  
61       61  (17)      5 :  0.1690  0.1480  0.3370  0.1520  0.1880  0.0060  
62       62  (10)      5 :  0.1060  0.0460  0.2650  0.0170  0.5530  0.0130  
63       63  (13)      5 :  0.0800  0.2080  0.4110  0.1190  0.0110  0.1710  
64       64  (15)      5 :  0.1429  0.0440  0.1848  0.1159  0.3926  0.1199  
65       65  (17)      5 :  0.0170  0.2540  0.3920  0.3030  0.0250  0.0090  
66       66  (14)      5 :  0.1650  0.0620  0.2750  0.0510  0.4350  0.0120  
67       67  (12)      5 :  0.0070  0.0020  0.9740  0.0030  0.0100  0.0040  
68       68   (9)      5 :  0.4410  0.0020  0.2420  0.0050  0.3070  0.0030  
69       69  (14)      5 :  0.1000  0.2040  0.1310  0.0950  0.2430  0.2270  
70       70   (8)      5 :  0.0120  0.2950  0.4060  0.1340  0.1170  0.0360  
71       71  (19)      6 :  0.2250  0.0080  0.1860  0.5750  0.0040  0.0020  
72       72   (6)      6 :  0.2390  0.0040  0.0070  0.7430  0.0050  0.0020  
73       73  (39)      6 :  0.1219  0.2078  0.0140  0.6414  0.0110  0.0040  
74       74  (25)      6 :  0.3390  0.0790  0.0050  0.5700  0.0050  0.0020  
75       75  (16)      6 :  0.0070  0.0130  0.0070  0.9419  0.0180  0.0130  
76       76  (37)      6 :  0.2760  0.0190  0.0580  0.5580  0.0670  0.0220  
77       77   (8)      6 :  0.0070  0.0080  0.0160  0.7688  0.0320  0.1682  
78       78   (9)      6 :  0.0759  0.0180  0.0080  0.8911  0.0040  0.0030  
79       79   (8)      6 :  0.3253  0.0020  0.0851  0.5205  0.0080  0.0591  
80       80   (9)      6 :  0.3253  0.0040  0.1451  0.3043  0.2072  0.0140  
81       81   (9)      6 :  0.2400  0.0620  0.0960  0.4240  0.0040  0.1740  
82       82  (10)      6 :  0.1570  0.0070  0.0080  0.7490  0.0030  0.0760  
83       83   (9)      5 :  0.1980  0.1380  0.3790  0.0100  0.2080  0.0670  
84       84  (29)      7 :  0.1311  0.1822  0.2773  0.0060  0.0961  0.3073  
85       85   (9)      7 :  0.0140  0.0509  0.2368  0.0679  0.0250  0.6054  
86       86  (10)      7 :  0.0190  0.0050  0.1770  0.0090  0.0280  0.7620  
87       87   (9)      7 :  0.3133  0.0420  0.1321  0.0190  0.0410  0.4525  
88       88  (10)      7 :  0.1340  0.1120  0.0210  0.0290  0.0100  0.6940  
89       89  (24)      7 :  0.0850  0.0160  0.8760  0.0100  0.0080  0.0050  
90       90  (11)      7 :  0.0050  0.0290  0.3700  0.0040  0.0040  0.5880  
91       91  (18)      7 :  0.1430  0.0160  0.0140  0.0110  0.3420  0.4740  
92       92  (13)      7 :  0.1750  0.1790  0.3280  0.0040  0.0070  0.3070  
93       93  (10)      7 :  0.0080  0.0080  0.0060  0.0120  0.0290  0.9370  
94       94  (11)      7 :  0.0550  0.2400  0.4960  0.0080  0.1950  0.0060  
95       95   (8)      7 :  0.2110  0.1150  0.1890  0.0030  0.0060  0.4760  
96       96  (23)      7 :  0.0020  0.0020  0.0020  0.0030  0.0040  0.9870  
97       97   (5)      7 :  0.0030  0.0080  0.7998  0.1822  0.0040  0.0030  
