 1        1   (8)      1 :  0.0010  0.9940  0.0010  0.0010  0.0020  0.0010  
 2        2   (9)      1 :  0.0781  0.0070  0.0050  0.0971  0.8058  0.0070  
 3        3   (9)      1 :  0.2380  0.0620  0.3430  0.0020  0.3470  0.0080  
 4        4  (18)      1 :  0.1089  0.0110  0.2098  0.0529  0.6124  0.0050  
 5        5  (22)      1 :  0.0050  0.0020  0.0130  0.0040  0.9450  0.0310  
 6        6   (9)      1 :  0.3357  0.0060  0.1229  0.4396  0.0589  0.0370  
 7        7  (13)      1 :  0.0170  0.0170  0.0050  0.1610  0.7980  0.0020  
 8        8  (14)      1 :  0.0140  0.0340  0.0120  0.3520  0.5860  0.0020  
 9        9   (5)      1 :  0.0150  0.0070  0.4965  0.1429  0.3367  0.0020  
10       10  (10)      1 :  0.0030  0.0020  0.1790  0.2000  0.6120  0.0040  
11       11  (21)      1 :  0.3440  0.0730  0.0490  0.2630  0.2020  0.0690  
12       12   (7)      1 :  0.1552  0.1311  0.1552  0.2382  0.1722  0.1481  
13       13  (26)      1 :  0.0110  0.0020  0.0050  0.0040  0.9760  0.0020  
14       14   (8)      2 :  0.0410  0.0010  0.1131  0.8418  0.0020  0.0010  
15       15   (7)      2 :  0.2150  0.0060  0.1610  0.6010  0.0070  0.0100  
16       16   (8)      2 :  0.9390  0.0120  0.0030  0.0360  0.0090  0.0010  
17       17   (7)      2 :  0.2623  0.0040  0.1552  0.5566  0.0180  0.0040  
18       18  (13)      2 :  0.4610  0.0730  0.0440  0.3260  0.0940  0.0020  
19       19  (16)      2 :  0.8060  0.0030  0.0130  0.0240  0.0720  0.0820  
20       20   (6)      2 :  0.4635  0.0030  0.0430  0.4815  0.0030  0.0060  
21       21   (6)      2 :  0.7057  0.0030  0.0190  0.2653  0.0020  0.0050  
22       22   (8)      2 :  0.0230  0.0050  0.5255  0.4286  0.0120  0.0060  
23       23   (5)      2 :  0.6460  0.0020  0.1300  0.1890  0.0310  0.0020  
24       24  (12)      2 :  0.7010  0.0060  0.0230  0.2620  0.0060  0.0020  
25       25  (10)      2 :  0.0800  0.0020  0.0060  0.7900  0.1040  0.0180  
26       26  (10)      2 :  0.2482  0.0010  0.0010  0.7437  0.0040  0.0020  
27       27  (48)      2 :  0.0300  0.1030  0.0520  0.7980  0.0140  0.0030  
28       28  (20)      2 :  0.6890  0.0230  0.2630  0.0180  0.0050  0.0020  
29       29   (9)      3 :  0.5960  0.0130  0.0130  0.0030  0.3730  0.0020  
30       30   (8)      3 :  0.0909  0.0080  0.0050  0.0030  0.8901  0.0030  
31       31  (19)      3 :  0.2028  0.3097  0.0120  0.1678  0.3047  0.0030  
32       32  (13)      3 :  0.0751  0.3193  0.2302  0.0240  0.3433  0.0080  
33       33   (6)      3 :  0.0020  0.1538  0.0060  0.0849  0.5744  0.1788  
34       34  (10)      3 :  0.4310  0.0200  0.0690  0.0200  0.4550  0.0050  
35       35   (5)      3 :  0.0060  0.1169  0.3836  0.3397  0.1439  0.0100  
36       36  (17)      3 :  0.0080  0.0750  0.5260  0.0130  0.3710  0.0070  
37       37   (8)      3 :  0.0140  0.0120  0.2783  0.2823  0.4044  0.0090  
38       38  (10)      3 :  0.2520  0.0040  0.2310  0.0030  0.5070  0.0030  
39       39  (14)      3 :  0.2643  0.0120  0.0450  0.0210  0.5355  0.1221  
40       40  (15)      3 :  0.0730  0.0330  0.0430  0.0040  0.6160  0.2310  
41       41   (5)      4 :  0.0040  0.0050  0.0250  0.9380  0.0240  0.0040  
42       42   (8)      4 :  0.4250  0.0040  0.0210  0.5190  0.0080  0.0230  
43       43  (17)      4 :  0.9800  0.0080  0.0060  0.0020  0.0020  0.0020  
44       44  (33)      4 :  0.5826  0.0070  0.0040  0.3213  0.0310  0.0541  
45       45  (18)      4 :  0.3250  0.0290  0.0680  0.5630  0.0040  0.0110  
46       46  (15)      4 :  0.6500  0.0080  0.0200  0.1160  0.1880  0.0180  
47       47   (5)      4 :  0.0961  0.0020  0.0060  0.8859  0.0050  0.0050  
48       48  (24)      4 :  0.6064  0.0090  0.0979  0.2697  0.0060  0.0110  
49       49  (32)      4 :  0.3720  0.0030  0.1790  0.4350  0.0080  0.0030  
50       50  (24)      4 :  0.2973  0.0320  0.0080  0.6517  0.0080  0.0030  
51       51  (17)      4 :  0.5856  0.0100  0.0250  0.3453  0.0140  0.0200  
52       52   (6)      4 :  0.3420  0.0060  0.0240  0.3560  0.2690  0.0030  
53       53  (10)      4 :  0.3460  0.0020  0.0710  0.4720  0.0130  0.0960  
54       54  (10)      4 :  0.0680  0.0020  0.3250  0.4570  0.1340  0.0140  
55       55  (26)      5 :  0.4840  0.0030  0.2290  0.0970  0.0030  0.1840  
56       56  (15)      5 :  0.0040  0.0360  0.0140  0.4410  0.5010  0.0040  
57       57  (15)      5 :  0.0080  0.0170  0.5315  0.0290  0.4026  0.0120  
58       58   (5)      5 :  0.0020  0.0020  0.0040  0.0010  0.9890  0.0020  
59       59   (7)      5 :  0.1111  0.0030  0.5215  0.0100  0.3524  0.0020  
60       60   (9)      5 :  0.0820  0.7030  0.0170  0.1170  0.0280  0.0530  
61       61  (17)      5 :  0.0460  0.0979  0.3686  0.2667  0.2088  0.0120  
62       62  (10)      5 :  0.1020  0.2660  0.3090  0.0130  0.2950  0.0150  
63       63  (13)      5 :  0.0810  0.0080  0.3840  0.1170  0.1980  0.2120  
64       64  (15)      5 :  0.1159  0.0639  0.2807  0.1069  0.2977  0.1349  
65       65  (17)      5 :  0.0170  0.0060  0.3990  0.2950  0.2660  0.0170  
66       66  (14)      5 :  0.1560  0.2960  0.2840  0.0560  0.1810  0.0270  
67       67  (12)      5 :  0.0040  0.0130  0.9740  0.0030  0.0030  0.0030  
68       68   (9)      5 :  0.4270  0.2060  0.3540  0.0040  0.0060  0.0030  
69       69  (14)      5 :  0.1650  0.0080  0.0860  0.0900  0.4120  0.2390  
70       70   (8)      5 :  0.0150  0.0030  0.3047  0.1798  0.4705  0.0270  
71       71  (19)      6 :  0.1838  0.0050  0.1658  0.6384  0.0040  0.0030  
72       72   (6)      6 :  0.1830  0.0060  0.0140  0.7920  0.0030  0.0020  
73       73  (39)      6 :  0.2012  0.0050  0.0170  0.7287  0.0450  0.0030  
74       74  (25)      6 :  0.3544  0.0531  0.0040  0.5826  0.0040  0.0020  
75       75  (16)      6 :  0.0080  0.0100  0.0070  0.9010  0.0200  0.0540  
76       76  (37)      6 :  0.0800  0.1490  0.1520  0.6020  0.0060  0.0110  
77       77   (8)      6 :  0.0060  0.0030  0.0130  0.7480  0.0420  0.1880  
78       78   (9)      6 :  0.0721  0.0030  0.0060  0.9099  0.0070  0.0020  
79       79   (8)      6 :  0.2717  0.0360  0.1079  0.5524  0.0030  0.0290  
80       80   (9)      6 :  0.3100  0.1190  0.1430  0.3540  0.0540  0.0200  
81       81   (9)      6 :  0.2280  0.0030  0.1040  0.4530  0.0090  0.2030  
82       82  (10)      6 :  0.1780  0.0020  0.0090  0.7740  0.0030  0.0340  
83       83   (9)      5 :  0.1890  0.1320  0.3950  0.0110  0.1840  0.0890  
84       84  (29)      7 :  0.1740  0.0110  0.2500  0.0090  0.2480  0.3080  
85       85   (9)      7 :  0.0210  0.0030  0.2010  0.0700  0.1000  0.6050  
86       86  (10)      7 :  0.0140  0.0110  0.1860  0.0100  0.0090  0.7700  
87       87   (9)      7 :  0.2867  0.0430  0.1429  0.0190  0.0110  0.4975  
88       88  (10)      7 :  0.1001  0.0300  0.0260  0.0551  0.0340  0.7548  
89       89  (24)      7 :  0.0710  0.0060  0.8850  0.0070  0.0250  0.0060  
90       90  (11)      7 :  0.0040  0.0020  0.3363  0.0040  0.0070  0.6466  
91       91  (18)      7 :  0.1497  0.0060  0.0170  0.0110  0.2824  0.5339  
92       92  (13)      7 :  0.0950  0.0030  0.3690  0.0060  0.0370  0.4900  
93       93  (10)      7 :  0.0050  0.0020  0.0050  0.0120  0.0360  0.9399  
94       94  (11)      7 :  0.0899  0.0030  0.4825  0.0080  0.4126  0.0040  
95       95   (8)      7 :  0.2210  0.0220  0.1850  0.0020  0.0130  0.5570  
96       96  (23)      7 :  0.0020  0.0010  0.0020  0.0020  0.0040  0.9890  
97       97   (5)      7 :  0.0040  0.0020  0.7902  0.1798  0.0170  0.0070  
