 1        1   (8)      1 :  0.0020  0.0020  0.0040  0.0030  0.9880  0.0010  
 2        2   (9)      1 :  0.2240  0.4020  0.0100  0.0190  0.3360  0.0090  
 3        3   (9)      1 :  0.9770  0.0040  0.0030  0.0030  0.0110  0.0020  
 4        4  (18)      1 :  0.3160  0.2320  0.0280  0.0210  0.3990  0.0040  
 5        5  (22)      1 :  0.0020  0.9930  0.0020  0.0010  0.0010  0.0010  
 6        6   (9)      1 :  0.0030  0.0070  0.2535  0.5499  0.1287  0.0579  
 7        7  (13)      1 :  0.0170  0.2780  0.0060  0.0480  0.6480  0.0030  
 8        8  (14)      1 :  0.0240  0.4336  0.0180  0.2617  0.2597  0.0030  
 9        9   (5)      1 :  0.7822  0.0030  0.0020  0.0290  0.1828  0.0010  
10       10  (10)      1 :  0.0030  0.3930  0.2740  0.0080  0.3180  0.0040  
11       11  (21)      1 :  0.2340  0.0970  0.0130  0.5260  0.0510  0.0790  
12       12   (7)      1 :  0.1968  0.0130  0.2547  0.2787  0.1459  0.1109  
13       13  (26)      1 :  0.0040  0.9850  0.0030  0.0020  0.0040  0.0020  
14       14   (8)      2 :  0.0050  0.0020  0.0260  0.9620  0.0030  0.0020  
15       15   (7)      2 :  0.2590  0.0020  0.0040  0.7240  0.0060  0.0050  
16       16   (8)      2 :  0.0320  0.0040  0.0040  0.8310  0.1260  0.0030  
17       17   (7)      2 :  0.0100  0.0030  0.3140  0.6680  0.0030  0.0020  
18       18  (13)      2 :  0.1970  0.0010  0.0060  0.5710  0.2230  0.0020  
19       19  (16)      2 :  0.2312  0.2132  0.0080  0.5385  0.0030  0.0060  
20       20   (6)      2 :  0.0050  0.0010  0.1460  0.8120  0.0330  0.0030  
21       21   (6)      2 :  0.2352  0.0010  0.0060  0.7528  0.0030  0.0020  
22       22   (8)      2 :  0.0890  0.0100  0.5150  0.3700  0.0090  0.0070  
23       23   (5)      2 :  0.0060  0.0250  0.3417  0.6144  0.0110  0.0020  
24       24  (12)      2 :  0.2390  0.0040  0.0200  0.7310  0.0040  0.0020  
25       25  (10)      2 :  0.0881  0.0210  0.0050  0.7988  0.0040  0.0831  
26       26  (10)      2 :  0.0020  0.0030  0.0020  0.9890  0.0020  0.0020  
27       27  (48)      2 :  0.0240  0.0890  0.0430  0.8340  0.0060  0.0040  
28       28  (20)      2 :  0.3180  0.0160  0.1030  0.5430  0.0180  0.0020  
29       29   (9)      3 :  0.0260  0.0020  0.0110  0.0370  0.9210  0.0030  
30       30   (8)      3 :  0.0030  0.0699  0.0020  0.0020  0.9211  0.0020  
31       31  (19)      3 :  0.0030  0.2587  0.0180  0.0809  0.6364  0.0030  
32       32  (13)      3 :  0.0050  0.0300  0.3047  0.0280  0.6254  0.0070  
33       33   (6)      3 :  0.0250  0.5465  0.0060  0.0030  0.2993  0.1201  
34       34  (10)      3 :  0.0100  0.1080  0.1350  0.0910  0.6520  0.0040  
35       35   (5)      3 :  0.0030  0.0150  0.8332  0.0370  0.1089  0.0030  
36       36  (17)      3 :  0.0180  0.1972  0.5756  0.0070  0.1992  0.0030  
37       37   (8)      3 :  0.0120  0.3197  0.5105  0.1349  0.0190  0.0040  
38       38  (10)      3 :  0.1200  0.0430  0.2480  0.0040  0.5800  0.0050  
39       39  (14)      3 :  0.0509  0.0300  0.0180  0.0619  0.6673  0.1718  
40       40  (15)      3 :  0.0080  0.0950  0.0170  0.0030  0.6410  0.2360  
41       41   (5)      4 :  0.0020  0.1872  0.0060  0.8008  0.0020  0.0020  
42       42   (8)      4 :  0.0840  0.0040  0.0310  0.8390  0.0230  0.0190  
43       43  (17)      4 :  0.2783  0.0020  0.0100  0.6897  0.0140  0.0060  
44       44  (33)      4 :  0.0040  0.1030  0.0150  0.6340  0.0440  0.2000  
45       45  (18)      4 :  0.0090  0.0040  0.1590  0.8200  0.0030  0.0050  
46       46  (15)      4 :  0.3850  0.0390  0.0110  0.5120  0.0450  0.0080  
47       47   (5)      4 :  0.0090  0.0320  0.0070  0.9330  0.0050  0.0140  
48       48  (24)      4 :  0.0150  0.0759  0.1958  0.6993  0.0060  0.0080  
49       49  (32)      4 :  0.0060  0.0040  0.4376  0.5475  0.0030  0.0020  
50       50  (24)      4 :  0.0070  0.0040  0.0100  0.8931  0.0829  0.0030  
51       51  (17)      4 :  0.0880  0.0040  0.1740  0.6410  0.0440  0.0490  
52       52   (6)      4 :  0.0839  0.2997  0.0160  0.5924  0.0060  0.0020  
53       53  (10)      4 :  0.0040  0.0721  0.1712  0.6877  0.0020  0.0631  
54       54  (10)      4 :  0.0180  0.0180  0.4565  0.4835  0.0060  0.0180  
55       55  (26)      5 :  0.0130  0.0070  0.3634  0.3974  0.0060  0.2132  
56       56  (15)      5 :  0.0080  0.2977  0.3177  0.1958  0.1778  0.0030  
57       57  (15)      5 :  0.0730  0.3170  0.5750  0.0060  0.0240  0.0050  
58       58   (5)      5 :  0.0940  0.3910  0.0030  0.0010  0.5090  0.0020  
59       59   (7)      5 :  0.9390  0.0340  0.0110  0.0100  0.0050  0.0010  
60       60   (9)      5 :  0.0020  0.0040  0.1421  0.1842  0.6507  0.0170  
61       61  (17)      5 :  0.1229  0.1259  0.4436  0.1848  0.1159  0.0070  
62       62  (10)      5 :  0.1019  0.0380  0.2797  0.0080  0.5624  0.0100  
63       63  (13)      5 :  0.0741  0.2272  0.4334  0.0671  0.0050  0.1932  
64       64  (15)      5 :  0.2000  0.0540  0.0420  0.1440  0.4040  0.1560  
65       65  (17)      5 :  0.0040  0.1310  0.7820  0.0400  0.0380  0.0050  
66       66  (14)      5 :  0.0440  0.0940  0.2800  0.1210  0.4440  0.0170  
67       67  (12)      5 :  0.0590  0.0020  0.9150  0.0030  0.0100  0.0110  
68       68   (9)      5 :  0.0959  0.0020  0.2887  0.0979  0.5125  0.0030  
69       69  (14)      5 :  0.0380  0.2442  0.2012  0.0591  0.2182  0.2392  
70       70   (8)      5 :  0.0480  0.4016  0.3986  0.1109  0.0320  0.0090  
71       71  (19)      6 :  0.0090  0.0050  0.2647  0.7163  0.0030  0.0020  
72       72   (6)      6 :  0.0020  0.0030  0.0070  0.9850  0.0020  0.0010  
73       73  (39)      6 :  0.0050  0.2368  0.0070  0.7443  0.0040  0.0030  
74       74  (25)      6 :  0.0090  0.0200  0.0060  0.9530  0.0090  0.0030  
75       75  (16)      6 :  0.0020  0.0460  0.0080  0.8701  0.0140  0.0599  
76       76  (37)      6 :  0.0030  0.0250  0.1230  0.7590  0.0660  0.0240  
77       77   (8)      6 :  0.0560  0.0110  0.0150  0.6410  0.0030  0.2740  
78       78   (9)      6 :  0.0030  0.0270  0.0120  0.9510  0.0030  0.0040  
79       79   (8)      6 :  0.0160  0.0020  0.0781  0.7918  0.0080  0.1041  
80       80   (9)      6 :  0.2312  0.0030  0.0480  0.5455  0.1542  0.0180  
81       81   (9)      6 :  0.0190  0.0789  0.0420  0.6384  0.0030  0.2188  
82       82  (10)      6 :  0.0020  0.0040  0.0360  0.8402  0.0050  0.1129  
83       83   (9)      5 :  0.1229  0.1089  0.4515  0.0090  0.2547  0.0529  
84       84  (29)      7 :  0.0090  0.1550  0.3160  0.0210  0.1340  0.3650  
85       85   (9)      7 :  0.0901  0.0801  0.0741  0.0310  0.0110  0.7137  
86       86  (10)      7 :  0.0659  0.0040  0.0899  0.0070  0.0220  0.8112  
87       87   (9)      7 :  0.0170  0.0130  0.2977  0.0899  0.0390  0.5435  
88       88  (10)      7 :  0.0020  0.1339  0.1359  0.0420  0.0050  0.6813  
89       89  (24)      7 :  0.0671  0.0120  0.9059  0.0060  0.0050  0.0040  
90       90  (11)      7 :  0.0160  0.0120  0.3300  0.0020  0.0030  0.6370  
91       91  (18)      7 :  0.0090  0.0100  0.0090  0.0240  0.3600  0.5880  
92       92  (13)      7 :  0.0270  0.1440  0.3670  0.0060  0.0040  0.4520  
93       93  (10)      7 :  0.0100  0.0040  0.0040  0.0060  0.0090  0.9670  
94       94  (11)      7 :  0.3150  0.1960  0.2760  0.0220  0.1860  0.0050  
95       95   (8)      7 :  0.0040  0.0979  0.3027  0.0050  0.0170  0.5734  
96       96  (23)      7 :  0.0010  0.0020  0.0010  0.0020  0.0020  0.9920  
97       97   (5)      7 :  0.0050  0.0080  0.9740  0.0060  0.0040  0.0030  
