1470544037
1470544037
1470544037
1470544037
1470544037
1470544037
1470544037
1470544037
1470544037
1470544037
1470547229
1470547229
1470547229
1470547229
1470547229
1470547229
1470547229
1470547229
1470547229
1470547229
1470547229
1470547229
1470547229
1470547229
1470547229
1470547229
1470547229
1470547229
1470547229
1470547229
1470547229
1470547229
1470547229
1470547229
1470547229
1470547229
1470547229
1470547229
1470547229
1470547229
1470547229
1470547229
1470547229
1470547229
1470547229
1470547229
1470547229
1470547229
1470547229
1470547229
1470547229
1470547229
1470547229
1470547229
1470547229
1470547229
1470547229
1470547229
1470547229
1470547229
1470608091
1470608091
1470608091
1470608091
1470608091
1470608091
1470608091
1470608091
1470608091
1470608091
1470608091
1470608091
1470608091
1470608091
1470608091
1470608091
1470608091
1470608091
1470608091
1470608091
1470608091
1470608091
1470608091
1470608091
1470608091
1470608091
1470608091
1470608091
1470608091
1470608091
1470608091
1470608091
1470608091
1470608091
1470608091
1470608091
1470608091
1470608091
1470608091
1470608091
1470608091
1470608091
1470608091
1470608091
1470608091
1470608091
1470608091
1470608091
1470608091
1470608091
1470608091
1470608091
1470608091
1470608091
1470608091
1470608091
1470608091
1470608091
1470608091
1470608091
1470608216
1470608216
1470608216
1470608216
1470608216
1470608216
1470608216
1470608216
1470608216
1470608216
1470611057
1470611057
1470611057
1470611057
1470611057
1470611057
1470611057
1470611057
1470611057
1470611057
1470614654
1470614654
1470614654
1470614654
1470614654
1470614654
1470614654
1470614654
1470614654
1470614654
1470618125
1470618125
1470618125
1470618125
1470618125
1470618125
1470618125
1470618125
1470618125
1470618125
1470622136
1470622136
1470622136
1470622136
1470622136
1470622136
1470622136
1470622136
1470622136
1470622136
1470626542
1470626542
1470626542
1470626542
1470626542
1470626542
1470626542
1470626542
1470626542
1470626542
