chrom_pos	type	AFMGS6752H	AFMPS6603H	AFMJS6683H	AFMPS6610H	AFMGS6743H	AFMPS6627H	AFMPS6622H	AFMJS6676H	AFMGS6750H	AFMPS6618H	AFMJS6675H	AFMPS6602H	AFMJS6681H	AFMJS6695H	AFMGS6734H	AFMPS6612H	AFMJS6700H	AFMGS6751H	AFMGS6740H	AFMGS6736H	AFMPS6608H	AFMPS6623H	AFMJS6678H	AFMGS6755H	AFMJS6694H	AFMJS6687H	AFMGS6747H	AFMJS6696H	AFMGS6739H	AFMPS6626H	AFMGS6735H	AFMGS6756H	AFMGS6745H	AFMPS6613H	AFMJS6680H	AFMJS6698H	AFMJS6702H	AFMPS6625H	AFMGS6738H	AFMGS6737H	AFMJS6682H	AFMGD6805H	AFMPD6983H	AFMGD6820H	AFMGD6821H	AFMPD6990H	AFMPD6992H	AFMPD6995H	AFMPD6988H	AFMPD7001H	AFMPD7006H	AFMPD6993H	AFMPX6982H	AFMJD6864H	AFMPD7000H	AFMJD6858H	AFMPD7005H	AFMPD6998H	AFMJD6875H	AFMGD6818H	AFMGD6814H	AFMPD6985H	AFMPD6986H	AFMPD6991H	AFMGD6803H	AFMPD6989H	AFMJD6877H	AFMJD6861H	AFMGD6801H	AFMGD6802H	AFMGD6819H	AFMJD6876H	AFMGD6812H	AFMJD6857H	AFMJD6878H	AFMJD6855H	AFMGD6822H	AFMJD6859H	AFMJD6873H	AFMGD6804H	AFMGD6799H	AFMJD6856H	AFMPD6987H
289_43	outlier	2	-9	2	2	2	2	2	-9	2	2	2	2	2	2	2	2	2	2	2	2	-9	2	2	-9	2	2	2	2	2	2	2	2	2	2	-9	2	2	2	2	2	2	1	0	2	2	-9	2	2	2	2	2	2	1	2	2	1	0	1	0	2	2	0	0	1	1	0	0	1	0	2	2	1	0	0	0	0	2	0	0	0	0	0	0
289_46	outlier	2	-9	2	2	2	2	2	-9	2	2	2	2	2	2	2	2	2	2	2	2	-9	2	2	-9	2	2	2	2	2	2	2	2	2	2	-9	2	2	2	2	2	2	1	0	2	2	-9	2	2	2	2	2	2	1	2	2	1	0	1	0	2	2	0	0	1	1	0	0	1	0	2	2	1	0	0	0	0	2	0	0	0	0	0	0
289_64	outlier	2	-9	2	2	2	2	2	-9	2	2	2	2	2	2	2	2	2	2	2	2	-9	2	2	-9	2	2	2	2	2	2	2	2	2	2	-9	2	2	2	2	2	2	1	0	2	2	-9	2	2	2	2	2	2	1	2	2	1	0	1	0	2	2	0	0	1	1	0	0	1	0	2	2	1	0	0	0	0	2	0	0	0	0	0	0
289_73	outlier	2	-9	2	2	2	2	2	-9	2	2	2	2	2	2	2	2	2	2	2	2	-9	2	2	-9	2	2	2	2	2	2	2	2	2	2	-9	2	2	2	2	2	2	1	0	2	2	-9	2	2	2	2	2	2	1	2	2	1	0	1	0	2	2	0	0	1	1	0	0	1	0	2	2	1	0	0	0	0	2	0	0	0	0	0	0
1805_11	outlier	2	2	0	2	0	2	2	-9	2	2	0	2	2	2	-9	2	-9	2	2	-9	-9	2	2	-9	-9	2	2	-9	2	2	2	2	2	-9	2	2	-9	2	0	2	1	1	0	2	2	0	1	-9	0	2	0	1	1	2	2	1	0	1	0	0	0	-9	0	1	0	0	-9	1	0	0	0	0	0	0	0	0	0	0	0	-9	0	0	0
1805_27	outlier	2	2	0	2	0	2	2	-9	2	2	0	2	2	2	-9	2	-9	2	2	-9	-9	2	2	-9	-9	2	2	-9	2	2	2	2	2	-9	2	2	-9	2	0	2	1	1	0	2	2	0	1	-9	0	2	0	1	1	2	2	1	0	1	0	0	0	-9	0	1	0	0	-9	1	0	0	0	0	0	0	0	0	0	0	0	-9	0	0	0
1805_31	outlier	2	2	0	2	0	2	2	-9	2	2	0	2	2	2	-9	2	-9	2	2	-9	-9	2	2	-9	-9	2	2	-9	2	2	2	2	2	-9	2	2	-9	2	0	2	1	1	0	2	2	0	1	-9	0	2	0	1	1	2	2	1	0	1	0	0	0	-9	0	1	0	0	-9	1	0	0	0	0	0	0	0	0	0	0	0	-9	0	0	0
1805_48	outlier	2	2	0	2	0	2	2	-9	2	2	0	2	2	2	-9	2	-9	2	2	-9	-9	2	2	-9	-9	2	2	-9	2	2	2	2	2	-9	2	2	-9	2	0	2	1	1	0	2	2	0	1	-9	0	2	0	1	1	2	2	1	0	1	0	0	0	-9	0	1	0	0	-9	1	0	0	0	0	0	0	0	0	0	0	0	-9	0	0	0
2130_40	outlier	2	2	2	2	2	2	2	2	2	2	2	2	2	2	2	2	2	2	2	2	-9	2	2	-9	-9	2	2	2	-9	2	2	2	2	-9	-9	2	0	2	2	2	2	2	2	2	2	2	-9	-9	2	0	2	0	2	0	2	1	0	1	2	2	0	0	-9	1	-9	0	0	1	0	2	2	0	0	0	0	0	2	2	0	2	0	0	0
3523_52	outlier	2	2	2	2	2	2	2	2	-9	2	2	-9	2	2	-9	-9	2	2	2	2	-9	2	2	2	-9	2	2	2	2	2	2	2	2	-9	-9	2	2	2	2	2	2	1	-9	2	2	0	2	2	2	2	2	2	-9	2	2	1	-9	-9	0	2	2	0	0	-9	-9	0	0	1	0	2	2	1	0	0	0	0	2	0	0	0	-9	0	0
4011_60	outlier	2	2	2	2	2	2	2	2	2	2	2	2	2	2	2	2	2	2	2	2	2	2	2	2	2	2	2	2	2	2	2	2	2	2	2	2	0	2	2	2	2	2	2	2	2	2	-9	2	2	0	2	0	2	0	2	1	0	1	2	2	0	0	2	0	1	0	0	1	0	2	2	0	0	0	0	0	2	2	0	2	0	0	0
4011_71	outlier	2	2	2	2	2	2	2	2	2	2	2	2	2	2	2	2	2	2	2	2	2	2	2	2	2	2	2	2	2	2	2	2	2	2	2	2	0	2	2	2	2	2	2	2	2	2	-9	2	2	0	2	0	2	0	2	1	0	1	2	2	0	0	2	0	1	0	0	1	0	2	2	0	0	0	0	0	2	2	0	2	0	0	0
4482_29	outlier	2	2	2	2	2	2	2	2	2	2	2	2	2	2	2	2	2	2	2	2	-9	2	2	2	2	2	2	2	2	-9	2	2	2	2	-9	2	2	2	2	2	2	2	2	-9	2	2	2	2	2	2	0	2	2	2	2	0	0	1	0	2	0	0	0	1	1	0	2	1	0	2	2	1	0	2	0	0	2	0	0	0	0	0	0
7826_11	outlier	2	2	2	2	2	2	2	2	2	2	2	-9	2	2	0	2	1	2	2	2	2	2	2	2	2	2	0	-9	0	2	2	-9	2	-9	-9	0	2	2	-9	2	-9	-9	-9	1	0	-9	1	0	0	1	0	2	1	0	-9	2	2	1	0	2	0	0	2	1	2	-9	-9	0	0	0	-9	0	0	0	1	0	0	0	0	0	0	-9	2
8374_6	outlier	2	2	2	-9	2	2	2	2	2	2	2	-9	2	2	2	2	2	2	2	2	-9	2	2	-9	2	-9	2	-9	2	2	2	2	2	-9	-9	2	2	2	2	2	-9	2	-9	2	2	-9	1	2	2	2	2	2	1	2	2	0	2	0	2	2	2	2	0	1	2	1	-9	2	2	2	0	2	2	2	1	-9	2	0	2	2	0	0	2
9087_37	outlier	2	2	2	2	2	2	2	2	2	2	2	2	2	2	2	2	2	2	2	2	-9	2	2	2	2	2	2	2	2	2	2	-9	2	2	2	2	2	2	2	0	-9	2	-9	2	2	1	0	0	2	0	0	-9	2	0	0	1	0	2	0	0	0	0	0	0	0	2	-9	1	-9	-9	0	1	0	0	0	0	0	0	0	0	0	0	0
9087_50	outlier	2	2	2	2	2	2	2	2	2	2	2	2	2	2	2	2	2	2	2	2	-9	2	2	2	2	2	2	2	2	2	2	-9	2	2	2	2	2	2	2	0	-9	2	-9	2	2	1	0	0	2	0	0	-9	2	0	0	1	0	2	0	0	0	0	0	0	0	2	-9	1	-9	-9	0	1	0	0	0	0	0	0	0	0	0	0	0
9612_26	outlier	2	2	2	2	2	2	2	2	2	2	-9	2	2	2	2	2	2	2	2	2	-9	2	2	-9	2	-9	2	2	2	2	2	2	2	-9	2	2	0	2	2	2	2	2	2	2	2	2	1	2	2	0	2	0	2	0	2	1	0	1	2	2	0	0	2	2	1	0	0	1	0	2	2	0	0	0	0	0	2	2	0	2	0	0	0
9612_50	outlier	2	2	2	2	2	2	2	2	2	2	-9	2	2	2	2	2	2	2	2	2	-9	2	2	-9	2	-9	2	2	2	2	2	2	2	-9	2	2	0	2	2	2	2	2	2	2	2	2	1	2	2	0	2	0	2	0	2	1	0	1	2	2	0	0	2	2	1	0	0	1	0	2	2	0	0	0	0	0	2	2	0	2	0	0	0
9612_54	outlier	2	2	2	2	2	2	2	2	2	2	-9	2	2	2	2	2	2	2	2	2	-9	2	2	-9	2	-9	2	2	2	2	2	2	2	-9	2	2	0	2	2	2	2	2	2	2	2	2	1	2	2	0	2	0	2	0	2	1	0	1	2	2	0	0	2	2	1	0	0	1	0	2	2	0	0	0	0	0	2	2	0	2	0	0	0
11339_12	outlier	2	2	2	2	2	2	2	2	2	2	2	2	2	2	2	2	2	2	2	2	2	2	2	-9	-9	-9	2	2	2	2	2	2	2	-9	2	2	2	2	2	2	2	1	0	2	2	0	2	2	2	2	2	2	1	2	2	1	0	1	0	2	2	0	0	1	1	0	0	1	0	2	2	1	0	0	0	0	2	0	0	0	0	0	0
11339_16	outlier	2	2	2	2	2	2	2	2	2	2	2	2	2	2	2	2	2	2	2	2	2	2	2	-9	-9	-9	2	2	2	2	2	2	2	-9	2	2	2	2	2	2	2	1	0	2	2	0	2	2	2	2	2	2	1	2	2	1	0	1	0	2	2	0	0	1	1	0	0	1	0	2	2	1	0	0	0	0	2	0	0	0	0	0	0
11339_19	outlier	2	2	2	2	2	2	2	2	2	2	2	2	2	2	2	2	2	2	2	2	2	2	2	-9	-9	-9	2	2	2	2	2	2	2	-9	2	2	2	2	2	2	2	1	0	2	2	0	2	2	2	2	2	2	1	2	2	1	0	1	0	2	2	0	0	1	1	0	0	1	0	2	2	1	0	0	0	0	2	0	0	0	0	0	0
11484_7	outlier	2	2	2	2	2	2	2	2	2	2	2	2	2	2	0	2	-9	2	2	2	2	2	2	2	2	2	0	2	0	2	2	2	2	2	0	0	2	2	2	2	1	0	2	1	0	0	1	0	0	1	0	2	1	0	0	2	2	1	0	2	0	0	2	1	2	0	1	0	0	0	0	0	0	0	1	0	0	0	0	0	0	0	2
11484_63	outlier	2	2	2	2	2	2	2	2	2	2	2	2	2	2	0	2	-9	2	2	2	2	2	2	2	2	2	0	2	0	2	2	2	2	2	0	0	2	2	2	2	1	0	2	1	0	0	1	0	0	1	0	2	1	0	0	2	2	1	0	2	0	0	2	1	2	0	1	0	0	0	0	0	0	0	1	0	0	0	0	0	0	0	2
10173_51	deltap	2	2	2	2	2	2	2	2	2	2	2	2	2	2	2	2	2	2	2	2	2	2	2	2	2	2	2	2	2	2	2	2	2	2	0	2	2	1	2	2	1	1	2	2	0	2	2	2	2	2	2	1	2	2	2	2	2	2	2	2	0	2	2	2	2	2	0	0	2	2	0	1	0	0	1	0	0	2	0	0	2	0	0
10173_74	deltap	2	2	2	2	2	2	2	2	2	2	2	2	2	2	2	2	2	2	2	2	2	2	2	2	2	2	2	2	2	2	2	2	2	2	0	2	2	1	2	2	1	1	2	2	0	2	2	2	2	2	2	1	2	2	2	2	2	2	2	2	0	2	2	2	2	2	0	0	2	2	0	1	0	0	1	0	0	2	0	0	2	0	0
10345_28	deltap	0	2	2	2	2	0	0	0	0	2	2	0	2	1	2	0	2	0	2	2	2	0	2	0	0	2	2	2	0	1	0	0	2	0	2	2	2	1	2	0	2	0	2	2	1	0	1	0	0	0	0	0	0	0	0	0	1	1	2	0	0	0	0	0	0	0	0	0	0	0	0	1	0	0	0	0	0	0	0	0	0	0	0
1044_14	deltap	-9	2	2	-9	2	2	-9	2	2	2	2	2	2	-9	2	-9	2	2	-9	2	2	1	2	2	2	-9	2	2	2	1	2	-9	-9	-9	2	0	2	2	2	2	2	2	2	2	2	-9	1	2	2	2	2	2	1	2	2	1	2	1	0	2	2	2	0	1	-9	2	2	2	0	-9	-9	2	-9	2	1	2	0	0	-9	-9	0	0	2
10475_56	deltap	2	2	2	2	2	2	2	2	2	-9	-9	2	2	2	2	2	2	2	2	2	2	2	2	2	2	2	2	2	2	2	2	2	2	2	2	2	-9	2	2	2	-9	2	2	2	2	-9	2	0	2	2	2	2	2	-9	2	2	-9	2	-9	2	2	2	0	1	1	2	2	2	-9	2	0	2	2	0	-9	2	0	0	0	0	2	-9	-9
10537_31	deltap	2	2	2	2	2	2	2	2	2	0	0	2	2	2	2	2	2	2	2	2	2	2	2	-9	-9	2	2	2	-9	1	2	2	2	2	-9	2	0	2	2	2	0	2	-9	2	2	-9	2	0	2	2	2	2	1	0	2	2	0	2	0	2	2	2	0	1	1	2	2	2	0	2	0	1	2	1	0	2	0	0	0	0	2	0	0
10586_25	deltap	2	2	1	2	-9	0	2	1	0	0	1	-9	-9	1	2	0	0	2	2	2	2	1	2	-9	-9	-9	2	2	-9	1	0	-9	1	-9	2	0	2	2	2	2	-9	-9	2	1	-9	2	-9	-9	0	0	1	0	-9	0	0	0	1	2	-9	0	0	-9	0	-9	0	0	1	1	-9	2	2	1	0	0	0	2	-9	0	0	0	0	0	0
10706_30	deltap	2	2	2	-9	2	2	2	2	2	-9	2	2	2	-9	2	2	2	2	-9	2	-9	2	-9	-9	2	-9	0	-9	0	1	0	0	2	-9	-9	2	2	2	2	2	2	2	-9	-9	0	-9	1	2	2	2	-9	-9	1	2	-9	-9	-9	2	2	2	2	2	0	-9	2	2	1	2	2	2	2	-9	2	-9	-9	2	0	-9	0	-9	2	2	0
1074_6	deltap	2	2	2	2	2	2	2	2	2	2	2	2	2	2	-9	2	2	0	2	2	-9	2	2	2	-9	2	2	-9	2	2	2	2	-9	2	2	2	2	2	2	2	1	2	-9	-9	-9	2	-9	-9	0	2	0	2	-9	2	2	2	2	-9	2	0	0	0	-9	2	-9	2	2	2	2	0	2	-9	0	2	1	2	0	0	2	-9	2	0	0
1081_31	deltap	2	2	0	2	2	1	2	2	2	2	0	2	2	2	0	2	2	2	2	0	-9	1	2	0	-9	2	2	-9	0	1	2	2	-9	-9	-9	2	-9	2	2	2	2	2	1	-9	2	0	0	-9	2	0	0	-9	0	2	2	0	-9	2	0	0	-9	2	2	-9	-9	1	-9	-9	0	2	0	1	-9	-9	1	0	-9	2	-9	0	0	0	0
1081_38	deltap	2	2	0	2	2	1	2	2	2	2	0	2	2	2	0	2	2	2	2	0	-9	1	2	0	-9	2	2	-9	0	1	2	2	-9	-9	-9	2	-9	2	2	2	2	2	1	-9	2	0	0	-9	2	0	0	-9	0	2	2	0	-9	2	0	0	-9	2	2	-9	-9	1	-9	-9	0	2	0	1	-9	-9	1	0	-9	2	-9	0	0	0	0
1127_69	deltap	2	0	0	2	2	2	2	2	0	2	2	2	2	2	0	2	2	2	2	2	-9	2	2	-9	2	2	2	2	0	2	2	2	0	-9	2	2	2	2	2	2	0	2	2	0	2	0	2	2	2	0	0	0	0	2	2	1	1	0	0	2	2	2	2	2	0	1	1	0	0	2	0	1	0	0	1	0	0	2	2	0	-9	0	0
11465_40	deltap	2	2	2	2	0	1	0	2	2	0	0	2	-9	-9	2	2	-9	-9	2	2	-9	2	-9	-9	0	-9	2	2	-9	-9	0	-9	2	-9	-9	0	0	-9	-9	2	1	2	-9	-9	-9	-9	2	0	2	0	0	-9	0	0	0	1	-9	-9	0	2	-9	0	0	0	1	-9	0	1	0	0	0	2	2	0	-9	-9	0	0	-9	-9	0	0	0
11780_24	deltap	2	0	2	2	0	1	2	1	2	0	2	-9	0	-9	-9	-9	2	2	2	0	-9	0	0	2	-9	2	0	-9	2	0	0	0	2	1	0	0	2	2	2	0	2	1	1	0	0	1	0	-9	0	0	0	-9	1	2	0	-9	-9	0	2	0	0	-9	0	1	0	-9	-9	-9	0	0	-9	1	0	0	0	0	0	-9	0	0	0	0	0
11785_64	deltap	2	2	0	-9	2	-9	2	-9	2	2	2	-9	2	-9	2	-9	2	2	0	2	2	2	2	-9	2	-9	2	2	0	-9	0	2	2	-9	0	2	2	2	2	2	2	0	-9	2	2	2	0	0	0	0	0	2	1	0	0	2	0	1	-9	0	-9	2	0	0	2	0	-9	2	0	0	0	2	0	-9	1	1	-9	0	0	2	0	2	0
1188_41	deltap	2	2	2	0	0	0	2	2	2	2	2	0	2	0	0	2	1	2	2	0	-9	0	0	-9	-9	0	2	1	0	2	0	0	1	-9	0	0	0	1	0	0	1	0	0	0	0	0	0	0	0	2	0	0	0	0	0	-9	1	-9	0	0	0	0	0	0	0	0	0	0	0	0	-9	0	0	0	0	0	-9	0	0	0	0	-9	0
11935_31	deltap	2	2	2	2	0	0	1	0	0	0	0	2	2	-9	0	2	1	2	2	0	0	2	-9	-9	0	-9	0	1	0	2	0	0	0	1	0	0	0	1	2	0	0	0	-9	1	0	0	0	0	0	2	0	-9	0	0	0	0	0	0	0	0	0	0	-9	0	0	0	0	0	2	0	0	0	0	0	0	0	0	0	-9	0	0	0	0
12014_69	deltap	2	2	2	2	2	2	2	2	2	1	2	2	2	-9	2	2	2	2	2	2	2	2	-9	2	2	1	2	2	1	1	2	2	2	2	2	1	0	2	2	2	2	2	2	2	1	2	-9	-9	1	0	2	-9	2	0	2	-9	0	-9	2	2	-9	0	2	-9	1	0	-9	-9	0	2	2	-9	0	0	0	-9	1	2	0	1	0	0	0
1226_41	deltap	2	2	2	2	2	2	2	2	2	2	2	2	2	2	2	2	2	2	2	2	2	2	2	2	2	2	2	2	0	2	2	2	2	2	0	2	2	1	0	2	2	0	2	2	2	2	2	2	2	2	2	2	2	2	2	0	2	1	2	2	2	2	2	0	2	0	1	2	2	2	2	1	2	0	1	-9	0	2	0	0	0	2	0
1262_31	deltap	2	2	2	2	2	2	2	2	2	2	2	2	2	2	2	2	2	2	2	2	2	2	2	-9	2	2	2	2	-9	2	2	2	2	2	2	2	2	1	0	2	2	2	2	1	1	-9	2	-9	0	2	2	0	2	2	2	2	2	1	2	2	2	2	2	2	1	2	1	-9	2	0	2	2	2	2	1	2	0	0	0	2	2	0	0
1305_7	deltap	2	2	2	2	2	2	2	2	-9	-9	2	2	-9	-9	2	-9	2	2	2	2	-9	2	2	-9	-9	-9	2	-9	2	2	0	-9	-9	2	2	2	2	2	-9	2	1	2	-9	2	2	1	1	2	0	0	2	0	2	2	-9	2	-9	-9	0	2	-9	2	-9	0	1	-9	0	-9	2	-9	2	1	2	-9	-9	-9	-9	0	-9	-9	0	0	2
1670_71	deltap	0	0	0	0	0	2	1	0	2	2	2	0	0	2	0	2	1	2	2	2	0	0	2	2	0	2	2	1	2	2	0	0	-9	-9	1	2	2	0	2	2	2	0	0	0	0	0	-9	-9	0	-9	0	0	0	0	0	0	-9	0	0	2	0	0	0	1	0	0	-9	0	0	0	0	-9	0	2	0	0	0	0	0	0	0	0	0
2021_53	deltap	0	2	2	2	2	1	2	2	2	2	2	2	0	2	2	2	2	2	2	2	0	-9	2	0	0	0	2	2	2	1	2	2	1	0	2	2	2	1	2	2	2	2	2	2	2	2	1	2	0	1	0	2	2	0	0	2	2	-9	0	0	0	0	2	1	-9	0	1	0	0	0	0	0	0	0	1	0	-9	2	0	0	0	0	0
2021_75	deltap	0	2	2	2	2	1	2	2	2	2	2	2	0	2	2	2	2	2	2	2	0	-9	2	0	0	0	2	2	2	1	2	2	1	0	2	2	2	1	2	2	2	2	2	2	2	2	1	2	0	1	0	2	2	0	0	2	2	-9	0	0	0	0	2	1	-9	0	1	0	0	0	0	0	0	0	1	0	-9	2	0	0	0	0	0
2101_12	deltap	2	2	2	-9	2	2	2	2	0	2	2	2	1	2	2	-9	1	2	0	2	-9	2	2	-9	2	-9	2	2	2	2	2	2	0	-9	2	2	2	1	0	0	0	1	-9	0	0	2	0	2	2	-9	2	2	0	0	0	1	2	0	0	0	-9	-9	-9	-9	2	1	-9	1	2	0	-9	1	2	-9	0	0	-9	-9	2	0	0	0	0
2101_36	deltap	2	2	2	-9	2	2	2	2	0	2	2	2	1	2	2	-9	1	2	0	2	-9	2	2	-9	2	-9	2	2	2	2	2	2	0	-9	2	2	2	1	0	0	0	1	-9	0	0	2	0	2	2	-9	2	2	0	0	0	1	2	0	0	0	-9	-9	-9	-9	2	1	-9	1	2	0	-9	1	2	-9	0	0	-9	-9	2	0	0	0	0
2115_9	deltap	-9	2	2	2	2	0	0	2	0	0	2	0	0	1	2	2	0	2	1	0	0	0	2	2	2	2	0	1	0	1	0	2	2	0	0	2	2	0	2	0	0	0	0	0	0	1	0	0	-9	0	0	2	-9	0	0	1	0	0	0	0	0	0	0	1	0	0	0	0	0	0	0	0	0	-9	0	0	0	0	-9	0	0	0	0
2450_63	deltap	2	2	2	2	2	1	2	2	0	2	0	2	2	2	2	0	2	2	0	2	2	2	2	-9	2	2	0	2	0	2	2	2	2	-9	2	2	2	2	2	2	0	-9	2	2	2	2	1	2	2	2	2	2	0	0	0	0	0	1	2	2	2	0	-9	1	2	1	2	2	0	2	2	2	2	2	1	2	0	0	2	0	0	0	0
2529_75	deltap	2	0	2	-9	2	2	-9	2	2	2	0	-9	2	-9	2	0	1	2	2	2	-9	2	0	-9	-9	-9	0	-9	2	-9	2	-9	2	-9	2	0	0	2	0	-9	0	-9	0	-9	0	-9	0	-9	0	0	0	1	1	0	-9	-9	0	-9	-9	0	0	2	0	1	0	2	0	0	0	2	0	0	-9	-9	0	0	-9	2	0	0	2	0	0
278_7	deltap	2	2	2	2	2	2	2	2	2	2	0	-9	-9	2	0	2	-9	2	2	0	2	2	2	-9	2	2	2	2	2	2	2	0	2	-9	-9	2	2	2	2	2	2	2	2	2	2	-9	2	-9	2	-9	2	2	2	2	0	2	1	0	0	0	2	2	2	2	2	0	1	1	2	2	2	1	0	-9	1	0	2	0	0	0	0	0	0
2800_51	deltap	0	2	2	2	0	2	2	2	2	0	2	2	0	2	2	0	1	2	2	0	2	2	2	0	0	2	2	2	0	2	2	0	0	1	2	0	0	1	2	0	1	0	0	1	0	0	1	0	0	0	0	-9	0	0	0	1	0	0	0	0	0	0	0	0	0	0	0	0	0	0	0	0	0	0	0	0	0	0	0	0	0	0	0
2805_12	deltap	2	2	2	2	2	2	2	2	2	2	2	2	2	2	2	2	2	2	2	2	2	2	-9	2	2	2	2	2	2	2	0	2	1	-9	2	2	2	2	2	2	2	2	0	2	2	1	1	-9	0	0	2	-9	2	2	2	2	0	1	0	2	2	2	2	1	-9	0	1	0	2	2	2	1	2	2	1	0	0	0	2	2	0	0	2
2805_51	deltap	2	2	2	2	2	2	2	2	2	2	2	2	2	2	2	2	2	2	2	2	2	2	-9	2	2	2	2	2	2	2	0	2	1	-9	2	2	2	2	2	2	2	2	0	2	2	1	1	-9	0	0	2	-9	2	2	2	2	0	1	0	2	2	2	2	1	-9	0	1	0	2	2	2	1	2	2	1	0	0	0	2	2	0	0	2
3068_39	deltap	2	2	2	2	2	2	2	2	2	2	2	2	2	2	2	2	2	2	2	2	2	2	2	-9	2	2	2	2	2	2	0	2	1	2	2	2	2	2	2	2	1	2	0	2	2	1	1	2	0	0	2	0	2	2	2	2	0	1	0	2	2	2	2	1	1	0	1	0	2	2	2	1	2	2	1	0	-9	0	2	2	0	0	2
3068_44	deltap	2	2	2	2	2	2	2	2	2	2	2	2	2	2	2	2	2	2	2	2	2	2	2	-9	2	2	2	2	2	2	0	2	1	2	2	2	2	2	2	2	1	2	0	2	2	1	1	2	0	0	2	0	2	2	2	2	0	1	0	2	2	2	2	1	1	0	1	0	2	2	2	1	2	2	1	0	-9	0	2	2	0	0	2
3068_69	deltap	2	2	2	2	2	2	2	2	2	2	2	2	2	2	2	2	2	2	2	2	2	2	2	-9	2	2	2	2	2	2	0	2	1	2	2	2	2	2	2	2	1	2	0	2	2	1	1	2	0	0	2	0	2	2	2	2	0	1	0	2	2	2	2	1	1	0	1	0	2	2	2	1	2	2	1	0	-9	0	2	2	0	0	2
3146_61	deltap	2	2	2	-9	2	2	2	2	2	2	0	0	2	2	2	2	1	2	2	2	-9	2	2	2	-9	2	0	2	-9	2	2	2	2	-9	2	0	2	1	2	2	2	1	-9	-9	2	1	1	2	2	0	2	-9	1	2	2	2	1	0	2	2	2	0	0	0	0	1	1	1	2	2	2	2	2	0	0	2	2	0	0	0	0	0	2
317_43	deltap	2	2	2	2	2	2	2	2	2	2	2	2	2	2	2	2	2	2	2	2	2	2	2	-9	2	2	2	2	2	2	2	2	2	2	2	2	2	2	2	2	2	1	2	2	1	1	2	2	2	0	0	1	2	2	2	1	1	1	0	2	0	2	0	2	1	2	2	2	2	2	2	2	0	2	1	0	0	0	2	0	0	0	0
3351_41	deltap	2	0	0	1	0	2	-9	1	-9	-9	2	2	0	0	2	2	1	0	2	0	2	1	-9	-9	0	-9	0	-9	0	1	-9	0	0	0	-9	0	0	0	0	-9	0	-9	0	2	-9	-9	0	0	2	0	0	1	-9	0	0	-9	-9	-9	-9	0	0	2	0	0	-9	1	0	-9	2	0	0	-9	-9	0	0	0	0	0	-9	0	-9	0	0
3415_39	deltap	0	2	0	-9	0	2	0	2	2	2	2	0	2	1	2	0	2	0	2	0	0	1	-9	-9	0	-9	0	0	2	1	2	2	2	-9	-9	0	2	1	2	2	1	1	0	-9	0	0	0	2	2	2	0	-9	0	0	2	0	2	2	0	0	0	0	0	0	2	0	2	0	0	0	0	0	0	0	0	0	0	0	0	0	0	0	0
3498_24	deltap	0	1	0	0	2	0	1	1	1	2	2	0	2	2	2	2	0	0	2	2	0	1	2	0	0	2	0	0	0	1	2	0	0	0	0	0	0	0	0	0	0	0	0	0	0	0	0	0	2	0	0	0	0	0	0	0	2	0	0	0	0	0	0	0	0	0	0	1	0	0	0	0	2	0	0	0	0	0	0	0	0	0	0
3695_67	deltap	2	2	2	2	0	2	2	2	0	2	2	2	1	2	2	2	2	2	0	2	2	2	2	0	2	2	2	2	1	2	2	2	0	0	2	0	2	1	0	0	0	1	2	1	0	2	0	0	2	0	2	0	0	0	0	1	2	0	0	0	0	0	0	1	1	0	1	1	2	0	0	1	0	0	0	0	0	0	0	0	0	0	0
3735_7	deltap	-9	0	2	2	2	-9	-9	2	-9	2	2	-9	2	-9	-9	2	-9	2	2	2	-9	2	-9	2	-9	-9	-9	2	2	-9	-9	2	2	2	-9	2	2	-9	2	2	-9	0	-9	2	-9	-9	-9	-9	2	-9	2	2	2	2	2	2	2	1	0	2	-9	2	0	2	-9	1	-9	2	2	2	2	-9	-9	2	-9	-9	0	-9	-9	0	2	0	2
3799_40	deltap	0	2	2	-9	0	1	2	-9	2	-9	0	-9	2	-9	0	-9	2	-9	2	-9	-9	-9	2	2	-9	-9	2	-9	2	2	0	-9	0	0	-9	2	0	2	0	2	2	2	-9	0	0	2	0	0	0	0	0	-9	0	0	-9	0	-9	-9	2	0	2	0	0	0	-9	0	0	-9	-9	0	-9	-9	0	-9	-9	0	0	0	-9	0	-9	-9	-9
4217_6	deltap	2	2	2	2	2	2	2	2	2	-9	2	-9	2	2	2	2	2	2	2	2	2	2	-9	-9	-9	2	0	2	2	2	2	-9	2	-9	0	2	-9	2	-9	2	2	-9	2	2	2	2	2	2	2	2	0	-9	2	2	2	2	-9	-9	0	2	-9	-9	-9	2	2	2	-9	2	-9	-9	2	2	2	-9	-9	-9	2	0	-9	-9	2	-9	0
4734_2	deltap	0	2	2	2	1	0	1	0	0	2	-9	-9	1	0	-9	2	1	-9	-9	2	1	1	1	-9	1	-9	0	-9	1	1	2	2	1	0	1	-9	-9	2	0	0	0	-9	-9	1	-9	-9	2	0	-9	-9	0	1	0	1	-9	0	-9	2	0	-9	0	0	1	1	-9	1	0	0	0	0	0	0	0	0	0	0	0	0	0	-9	0	0	0
4734_20	deltap	0	2	2	2	1	0	1	0	0	2	-9	-9	1	0	-9	2	1	-9	-9	2	1	1	1	-9	1	-9	0	-9	1	1	2	2	1	0	1	-9	-9	2	0	0	0	-9	-9	1	-9	-9	2	0	-9	-9	0	1	0	1	-9	0	-9	2	0	-9	0	0	1	1	-9	1	0	0	0	0	0	0	0	0	0	0	0	0	0	-9	0	0	0
4734_23	deltap	0	2	2	2	1	0	1	0	0	2	-9	-9	1	0	-9	2	1	-9	-9	2	1	1	1	-9	1	-9	0	-9	1	1	2	2	1	0	1	-9	-9	2	0	0	0	-9	-9	1	-9	-9	2	0	-9	-9	0	1	0	1	-9	0	-9	2	0	-9	0	0	-9	1	-9	1	0	0	0	0	0	0	0	0	0	0	0	0	0	-9	0	0	0
5066_44	deltap	2	2	2	2	2	2	2	2	2	2	2	2	2	2	2	2	1	2	2	2	2	2	2	2	2	2	2	2	0	2	2	0	0	2	2	0	0	2	2	0	2	2	1	0	0	2	1	0	0	0	2	1	0	1	0	1	2	2	2	0	2	2	2	1	1	1	2	1	2	2	2	2	0	0	1	0	0	0	2	0	0	2	2
5283_17	deltap	2	2	2	2	2	2	2	2	2	2	2	2	2	2	2	2	2	2	2	2	2	2	2	2	2	2	2	2	2	2	2	2	2	2	2	2	2	1	0	2	2	2	2	1	1	2	2	2	0	2	2	1	2	2	2	2	2	2	2	2	-9	2	2	2	1	2	1	1	2	0	2	2	2	2	1	2	2	0	0	2	2	0	0
5283_3	deltap	2	2	2	2	2	2	2	2	2	2	2	2	2	2	2	2	2	2	2	2	2	2	2	2	2	2	2	2	2	2	2	2	2	2	2	2	2	1	0	2	2	2	2	1	1	2	2	2	0	2	2	1	2	2	2	2	2	2	2	2	-9	2	2	2	1	2	1	1	2	0	2	2	2	2	1	2	2	0	0	2	2	0	0
5546_11	deltap	2	-9	2	-9	2	2	2	2	2	2	-9	2	2	-9	2	2	2	2	-9	2	2	2	2	-9	-9	-9	2	2	-9	-9	2	2	-9	2	-9	-9	2	2	-9	2	2	-9	2	0	-9	2	2	2	2	2	2	2	-9	2	2	2	2	2	0	-9	2	-9	2	-9	2	2	-9	2	2	2	2	1	2	-9	0	2	-9	2	-9	-9	2	0	0
5996_31	deltap	0	-9	2	2	2	-9	2	2	2	2	-9	2	2	2	2	0	2	2	-9	2	2	1	2	-9	-9	2	2	1	0	1	0	2	2	-9	-9	2	0	2	2	2	2	2	-9	0	2	2	0	-9	0	-9	2	2	2	-9	2	2	2	2	0	2	-9	0	0	-9	2	2	1	2	2	2	0	-9	0	0	0	-9	0	-9	2	0	2	0	0
5996_69	deltap	0	-9	2	2	2	-9	2	2	2	2	-9	2	2	2	2	0	2	2	-9	2	2	1	2	-9	-9	2	2	1	0	1	0	2	2	-9	-9	2	0	2	2	2	2	2	-9	0	2	2	0	-9	0	-9	2	2	2	-9	2	2	2	2	0	2	-9	0	0	-9	2	2	1	2	2	2	0	-9	0	0	0	-9	0	-9	2	0	2	0	0
6025_18	deltap	0	2	0	2	0	2	0	2	2	2	2	0	2	2	2	0	2	0	2	0	-9	1	-9	2	-9	2	0	0	2	1	2	2	2	0	-9	0	2	1	2	2	-9	1	0	2	0	0	1	2	2	2	0	0	0	0	2	1	2	-9	0	0	0	0	0	-9	1	0	2	0	0	0	0	-9	0	0	0	0	0	0	-9	0	0	0	0
6025_25	deltap	0	2	0	2	0	2	0	2	2	2	2	0	2	2	2	0	2	0	2	0	-9	1	-9	2	-9	2	0	0	2	1	2	2	2	0	-9	0	2	1	2	2	-9	1	0	2	0	0	1	2	2	2	0	0	0	0	2	1	2	-9	0	0	0	0	0	-9	1	0	2	0	0	0	0	-9	0	0	0	0	0	0	-9	0	0	0	0
6125_62	deltap	2	2	2	0	0	2	2	-9	0	0	2	0	0	2	0	0	2	-9	2	2	-9	1	0	-9	0	2	0	0	2	0	2	-9	2	1	-9	2	2	2	2	0	1	0	2	0	0	0	0	2	0	0	0	0	0	0	0	0	0	0	2	0	0	0	0	0	0	0	1	0	0	0	0	0	0	2	0	0	0	0	0	0	0	0	0
6295_53	deltap	2	2	2	2	2	2	2	2	2	2	2	2	2	2	2	2	2	-9	2	2	2	2	2	-9	2	2	2	2	2	2	2	2	2	2	2	2	2	2	2	2	2	2	2	2	2	1	1	0	2	2	2	2	2	0	0	2	1	2	0	2	2	2	0	2	1	-9	2	0	2	2	0	1	2	0	-9	0	0	0	2	0	2	-9	0
6563_42	deltap	-9	2	2	2	2	2	2	2	-9	2	2	2	2	2	2	2	-9	2	2	2	2	2	2	2	2	2	2	2	2	2	2	2	2	-9	2	-9	2	2	2	2	2	2	2	2	2	2	2	2	2	2	2	1	2	2	2	0	1	-9	2	0	2	2	2	1	1	2	1	2	2	2	-9	0	0	2	0	-9	2	2	-9	0	2	0	0
6563_57	deltap	-9	2	2	2	2	2	2	2	-9	2	2	2	2	2	2	2	-9	2	2	2	2	2	2	2	2	2	2	2	2	2	2	2	2	-9	2	-9	2	2	2	2	2	2	2	2	2	2	2	2	2	2	2	1	2	2	2	0	1	-9	2	0	2	2	2	1	1	2	1	2	2	2	-9	0	0	2	0	-9	2	2	-9	0	2	0	0
6636_23	deltap	-9	2	2	2	2	1	2	2	2	2	2	0	0	2	0	2	2	2	-9	0	2	2	2	2	0	2	2	0	2	1	2	0	2	2	0	2	2	2	2	0	0	-9	2	0	2	-9	1	0	2	0	0	0	1	0	0	1	0	0	2	0	0	0	2	0	0	0	0	0	0	0	0	0	-9	-9	0	0	0	0	0	-9	0	0	0
6660_3	deltap	2	2	2	-9	2	2	-9	2	2	-9	2	-9	-9	2	2	2	-9	0	2	2	2	2	2	2	-9	-9	2	2	2	2	2	2	2	-9	2	2	2	2	-9	2	1	-9	2	2	2	-9	-9	2	0	2	0	1	1	2	2	2	0	2	-9	2	0	0	0	2	1	2	2	2	0	0	2	2	0	-9	-9	2	0	0	-9	-9	2	0	0
6660_33	deltap	2	2	2	-9	2	2	-9	2	2	-9	2	-9	-9	2	2	2	-9	0	2	2	2	2	2	2	-9	-9	2	2	2	2	2	2	2	-9	2	2	2	2	-9	2	1	-9	2	2	2	-9	-9	2	0	2	0	1	1	2	2	2	0	2	-9	2	0	0	0	2	1	2	2	2	0	0	2	2	0	-9	-9	2	0	0	-9	-9	2	0	0
6684_22	deltap	2	2	0	2	2	2	2	2	2	2	2	2	0	0	2	0	2	0	0	2	2	2	2	0	2	2	0	0	2	1	0	0	2	0	1	0	0	2	2	0	0	0	1	2	1	0	0	0	0	0	2	0	0	0	2	1	1	1	0	0	2	0	2	0	1	1	1	1	0	0	2	1	0	0	0	0	0	0	0	0	2	0	0
669_27	deltap	2	0	2	0	2	2	0	1	2	0	2	2	2	0	0	0	1	2	-9	0	0	1	0	2	2	2	2	2	2	2	0	0	2	2	2	2	0	2	0	-9	0	0	2	0	0	1	0	0	0	2	0	0	1	-9	0	1	1	0	0	0	0	0	0	1	0	1	0	0	0	0	0	0	2	0	0	0	0	0	0	0	0	0	0
6835_24	deltap	2	2	0	2	-9	2	1	0	2	2	2	2	0	2	2	2	2	2	2	2	-9	2	2	2	0	2	2	2	2	2	2	2	2	2	2	2	2	1	2	2	2	2	2	0	1	2	2	0	2	2	0	1	0	0	0	1	1	-9	2	2	0	-9	0	1	2	2	1	2	2	2	2	2	-9	0	-9	0	0	0	0	0	2	0	0
6836_25	deltap	2	2	2	2	2	2	-9	2	2	-9	2	-9	2	2	-9	2	-9	2	1	2	2	2	0	2	2	2	2	2	2	1	2	-9	2	0	2	2	2	0	2	2	0	2	0	0	2	0	0	0	0	0	2	1	1	2	0	1	0	0	2	0	0	-9	0	1	2	0	0	1	2	0	2	0	0	0	1	0	0	2	-9	2	0	0	0
6856_71	deltap	2	2	2	0	0	0	2	2	2	2	2	0	2	0	-9	-9	1	2	2	0	0	0	0	-9	0	0	2	1	-9	1	0	-9	1	-9	-9	0	0	1	-9	0	1	0	-9	0	0	0	0	0	0	2	0	0	0	0	0	0	-9	0	0	0	-9	0	0	0	0	0	0	0	0	0	0	0	0	0	0	-9	0	0	-9	0	0	0	0
6879_11	deltap	2	2	2	-9	2	2	0	2	2	2	0	-9	2	0	2	0	1	2	0	0	-9	1	-9	-9	2	0	2	-9	0	1	2	2	0	0	-9	2	0	0	-9	2	2	1	-9	-9	0	0	-9	2	0	0	0	0	-9	0	0	-9	-9	1	0	0	0	0	-9	-9	0	1	0	1	0	0	0	1	0	0	0	0	0	0	0	-9	0	0	0
6994_3	deltap	0	2	2	2	2	1	2	2	2	2	2	0	0	2	0	2	2	2	2	0	2	1	2	2	0	2	0	0	2	1	2	0	2	2	0	2	2	2	2	0	0	0	2	0	0	0	0	0	2	0	0	0	1	0	0	1	0	0	2	0	0	0	2	0	0	0	0	0	0	0	2	0	0	0	1	0	2	0	0	0	0	0	-9
7194_57	deltap	2	-9	2	-9	0	2	2	2	-9	2	2	-9	-9	2	2	2	2	2	0	-9	-9	2	-9	-9	-9	2	2	-9	2	2	2	-9	-9	-9	-9	2	2	2	0	-9	-9	1	-9	-9	0	-9	-9	-9	2	0	2	-9	0	0	-9	1	1	-9	0	-9	-9	-9	0	1	-9	0	-9	-9	2	0	0	0	-9	0	-9	0	0	0	-9	0	0	0	0
7390_43	deltap	2	2	2	2	2	0	-9	2	2	2	2	2	2	2	2	2	2	2	2	2	-9	2	-9	0	2	2	2	2	2	1	0	2	2	2	2	2	2	1	2	2	2	2	2	2	2	0	2	0	0	2	0	2	0	0	2	2	1	2	0	2	2	2	0	1	2	2	1	2	2	2	2	0	2	-9	1	2	0	0	0	0	2	0	2
75_49	deltap	2	2	2	2	2	2	2	2	2	2	2	2	2	2	2	2	2	2	2	2	2	2	2	2	2	2	2	2	0	2	2	2	2	2	0	2	2	1	0	2	2	0	2	2	2	2	2	2	2	2	2	2	2	2	2	1	2	1	2	2	2	2	2	0	2	0	1	2	2	2	2	-9	2	0	1	0	2	2	0	2	0	2	0
7567_44	deltap	0	2	2	2	2	1	2	2	-9	2	2	0	0	-9	0	2	2	2	2	0	2	1	2	2	0	2	0	0	2	0	2	0	2	-9	0	2	2	2	2	0	0	0	2	0	0	0	1	0	2	0	0	0	1	0	0	1	0	0	2	0	0	0	2	0	0	0	0	0	0	0	0	0	0	0	0	0	0	0	0	0	0	0	0
7567_57	deltap	0	2	2	2	2	1	2	2	-9	2	2	0	0	-9	0	2	2	2	2	0	2	1	2	2	0	2	0	0	2	0	2	0	2	-9	0	2	2	2	2	0	0	0	2	0	0	0	1	0	2	0	0	0	1	0	0	1	0	0	2	0	0	0	2	0	0	0	0	0	0	0	0	0	0	0	0	0	0	0	0	0	0	0	0
7567_60	deltap	0	2	2	2	2	1	2	2	-9	2	2	0	0	-9	0	2	2	2	2	0	2	1	2	2	0	2	0	0	2	0	2	0	2	-9	0	2	2	2	2	0	0	0	2	0	0	0	1	0	2	0	0	0	1	0	0	1	0	0	2	0	0	0	2	0	0	0	0	0	0	0	0	0	0	0	0	0	0	0	0	0	0	0	0
7573_10	deltap	2	0	2	0	2	2	0	1	2	0	2	2	2	0	0	0	1	2	0	0	0	1	0	2	-9	2	2	2	2	2	0	0	2	2	-9	2	0	2	0	0	0	0	2	0	0	1	0	0	0	2	0	0	1	0	0	1	1	0	0	0	0	0	0	1	0	-9	0	0	0	0	0	0	2	0	0	0	0	0	0	0	0	0	0
7573_17	deltap	2	0	2	0	2	2	0	1	2	0	2	2	2	0	0	0	1	2	0	0	0	1	0	2	-9	2	2	2	2	2	0	0	2	2	-9	2	0	2	0	0	0	0	2	0	0	1	0	0	0	2	0	0	1	0	0	1	1	0	0	0	0	0	0	1	0	-9	0	0	0	0	0	0	2	0	0	0	0	0	0	0	0	0	0
7667_53	deltap	2	2	2	1	2	-9	2	2	0	0	2	2	0	2	2	-9	2	2	2	2	2	1	2	2	2	2	0	-9	2	2	0	2	2	2	2	2	2	2	0	2	0	2	2	2	-9	1	0	-9	0	2	0	-9	1	0	2	1	0	1	2	2	2	0	0	2	2	0	1	2	0	0	2	1	0	2	0	2	0	0	2	0	0	0	0
7709_55	deltap	2	2	0	-9	2	2	2	0	2	2	0	2	0	0	0	0	1	-9	2	2	-9	0	-9	2	-9	0	2	0	0	2	2	0	0	0	0	0	0	2	2	2	1	0	0	0	0	-9	0	-9	0	0	-9	-9	0	2	0	0	-9	0	0	0	0	0	0	0	1	0	0	0	0	2	0	0	0	-9	0	0	-9	0	0	0	0	0	0
7709_9	deltap	2	2	0	-9	2	2	2	0	2	2	0	2	0	0	0	0	1	-9	2	2	-9	0	-9	2	-9	0	2	0	0	2	2	0	0	0	0	0	0	2	2	2	1	0	0	0	0	-9	0	-9	0	0	-9	-9	0	2	0	0	-9	0	0	0	0	0	0	0	1	0	0	0	0	2	0	0	0	-9	0	0	-9	0	0	0	0	0	0
8167_4	deltap	2	0	2	2	2	2	2	2	2	2	2	2	2	0	0	2	2	2	2	2	2	2	2	2	2	2	2	2	2	2	2	2	2	2	2	2	2	2	0	0	2	2	2	2	0	2	2	2	2	2	0	1	1	0	2	1	2	1	0	0	2	0	2	2	0	2	1	1	2	0	2	1	2	0	0	0	0	0	0	2	0	0	2
8167_44	deltap	2	0	2	2	2	2	2	2	2	2	2	2	2	0	0	2	2	2	2	2	2	2	2	2	2	2	2	2	2	2	2	2	2	2	2	2	2	2	0	0	2	2	2	2	0	2	2	2	2	2	0	1	1	0	2	1	2	1	0	0	2	0	2	2	0	2	1	1	2	0	2	1	2	0	0	0	0	0	0	2	0	0	2
838_47	deltap	2	2	2	2	0	2	2	2	0	2	2	2	1	2	2	2	2	2	0	2	2	2	2	0	2	2	2	2	1	2	2	2	0	0	2	0	2	1	0	0	0	1	2	-9	0	2	0	0	2	0	2	-9	0	0	0	-9	2	0	0	0	0	0	0	1	1	0	-9	1	2	0	0	1	0	0	0	0	-9	0	0	0	0	-9	0
8479_28	deltap	-9	2	2	2	2	2	2	2	2	2	2	2	2	2	2	2	2	2	2	2	2	2	-9	2	2	2	2	-9	2	2	2	2	2	2	2	2	2	2	-9	2	2	-9	2	-9	2	-9	2	2	2	-9	2	0	2	2	2	-9	2	2	2	0	2	2	2	1	-9	2	1	2	0	2	0	1	-9	-9	-9	1	-9	2	-9	-9	2	0	0
8493_17	deltap	-9	2	2	-9	2	1	2	2	2	2	2	0	-9	2	0	2	2	-9	2	0	-9	1	2	-9	-9	2	0	-9	2	2	2	-9	2	-9	-9	2	2	-9	2	0	0	0	-9	0	0	-9	1	0	2	0	-9	0	1	0	0	1	0	0	-9	0	-9	-9	2	0	0	0	-9	0	0	0	0	0	0	0	-9	0	0	0	-9	-9	0	0	0
8546_29	deltap	2	2	0	-9	2	2	2	-9	2	2	2	-9	-9	2	0	0	2	2	2	2	-9	-9	-9	-9	-9	2	2	-9	2	0	0	2	2	2	1	2	2	-9	-9	-9	2	2	-9	-9	2	1	0	-9	0	2	2	-9	2	0	0	0	1	-9	2	2	2	0	0	-9	1	0	0	2	0	-9	0	1	2	0	1	-9	0	0	2	0	-9	0	0
8546_46	deltap	2	2	0	-9	2	2	2	-9	2	2	2	-9	-9	-9	0	0	2	2	2	2	-9	-9	-9	-9	-9	2	2	-9	2	0	0	2	2	2	1	2	2	-9	-9	-9	2	2	-9	-9	2	1	0	-9	0	2	2	-9	2	0	0	0	1	-9	2	2	2	0	0	-9	1	0	0	2	0	-9	0	1	2	0	1	-9	0	0	2	0	-9	0	0
8546_51	deltap	2	2	0	-9	2	2	2	-9	2	2	2	-9	-9	2	0	0	2	2	2	2	-9	-9	-9	-9	-9	2	2	-9	2	0	0	2	2	2	1	2	2	-9	-9	-9	2	2	-9	-9	2	1	0	-9	0	2	2	-9	2	0	0	0	1	-9	2	2	2	0	0	-9	-9	0	0	2	0	-9	0	1	2	0	1	-9	0	0	2	0	-9	0	0
8559_25	deltap	2	2	0	2	0	2	0	0	-9	-9	2	-9	1	2	0	2	-9	-9	0	2	-9	2	2	-9	-9	-9	2	1	0	2	0	2	-9	0	-9	2	2	0	-9	-9	-9	0	-9	-9	0	2	0	0	-9	0	0	0	0	-9	-9	-9	1	-9	0	0	2	-9	-9	-9	0	0	0	0	2	-9	0	-9	-9	0	0	0	-9	0	-9	-9	0	0	-9
8732_46	deltap	2	1	-9	2	2	-9	1	2	-9	1	-9	-9	2	2	-9	2	1	2	2	-9	2	-9	1	-9	2	2	2	2	-9	0	1	2	-9	0	-9	2	-9	1	2	2	0	1	0	0	1	0	1	1	0	0	-9	0	0	1	1	0	-9	1	-9	0	1	2	1	1	0	0	0	0	-9	1	0	1	0	0	1	0	0	2	0	-9	0	0	0
8983_3	deltap	2	-9	2	0	0	0	2	1	2	2	2	-9	-9	-9	0	0	-9	-9	-9	2	-9	0	2	-9	0	-9	2	2	2	-9	0	0	0	0	0	-9	-9	0	2	-9	-9	0	-9	-9	-9	0	0	2	-9	-9	0	0	-9	2	0	-9	0	2	0	0	0	-9	0	0	-9	0	0	-9	0	0	0	1	2	2	0	-9	-9	0	0	0	0	0	-9
91_15	deltap	2	2	2	2	2	0	0	0	2	2	2	-9	0	-9	2	0	-9	0	0	2	2	0	2	-9	-9	2	2	2	-9	1	0	-9	2	-9	-9	0	2	1	2	0	2	0	-9	2	2	-9	0	0	0	0	0	0	0	0	0	1	0	-9	0	0	0	-9	0	-9	0	0	0	-9	0	0	0	0	0	0	-9	0	-9	0	0	0	0	0	0
91_34	deltap	2	2	2	2	2	0	0	0	2	2	2	-9	0	-9	2	0	-9	0	0	2	2	0	2	-9	-9	2	2	2	-9	1	0	-9	2	-9	-9	0	2	1	2	0	2	0	-9	2	2	-9	0	0	0	0	0	0	0	0	0	1	0	-9	0	0	0	-9	0	-9	0	0	0	-9	0	0	0	0	0	0	-9	0	-9	0	0	0	0	0	0
91_38	deltap	2	2	2	2	2	0	0	0	2	2	2	-9	0	-9	2	0	-9	0	0	2	2	0	2	-9	-9	2	2	2	-9	1	0	-9	2	-9	-9	0	2	1	2	0	2	0	-9	2	2	-9	0	0	0	0	0	0	0	0	0	1	0	-9	0	0	0	-9	0	-9	0	0	0	-9	0	0	0	0	0	0	-9	0	-9	0	0	0	0	0	0
91_58	deltap	2	2	2	2	2	0	0	0	2	2	2	-9	0	-9	2	0	-9	0	0	2	2	0	2	-9	-9	2	2	2	-9	1	0	-9	2	-9	-9	0	2	1	2	0	2	0	-9	2	2	-9	0	0	0	0	0	0	0	0	0	1	0	-9	0	0	0	-9	0	-9	0	0	0	-9	0	0	0	0	0	0	-9	0	-9	0	0	0	0	0	0
9256_16	deltap	2	0	2	1	2	2	2	2	2	2	0	1	2	2	1	1	2	-9	2	2	-9	1	-9	2	1	2	2	-9	2	0	1	-9	1	-9	-9	2	2	-9	1	2	2	1	2	0	2	2	2	0	1	2	1	2	1	2	-9	-9	1	1	0	2	2	2	0	0	1	-9	2	2	2	2	0	1	2	0	0	2	0	0	0	0	-9	0	0
9256_37	deltap	2	0	2	1	2	2	2	2	2	2	0	1	2	2	1	1	2	-9	2	2	-9	1	-9	2	1	2	2	-9	2	0	1	-9	1	-9	-9	2	2	-9	1	2	2	1	2	0	2	2	2	0	1	2	1	2	1	2	-9	-9	1	1	0	2	2	2	0	0	1	-9	2	2	2	2	0	1	2	0	0	2	0	0	0	0	-9	0	0
9256_9	deltap	2	0	2	1	2	2	2	2	2	2	0	1	2	2	1	1	2	-9	2	2	-9	1	-9	2	1	2	2	-9	2	0	1	-9	1	-9	-9	2	2	-9	1	2	2	1	2	0	2	2	2	0	1	2	1	2	1	2	-9	-9	1	1	0	2	2	2	0	0	1	-9	2	2	2	2	0	1	2	0	0	2	0	0	0	0	-9	0	0
9280_24	deltap	2	2	2	2	2	2	2	2	2	2	2	2	2	2	2	2	2	2	2	2	2	2	2	2	2	2	2	2	2	2	2	2	2	2	2	2	2	2	-9	2	2	2	2	2	2	2	2	2	0	2	2	1	2	2	2	2	2	2	2	2	2	2	2	2	2	2	2	2	2	0	2	2	2	2	-9	2	2	0	0	2	2	0	0
9280_48	deltap	2	2	2	2	2	2	2	2	2	2	2	2	2	2	2	2	2	2	2	2	2	2	2	2	2	2	2	2	2	2	2	2	2	2	2	2	2	2	-9	2	2	2	2	2	2	2	2	2	0	2	2	1	2	2	2	2	2	2	2	2	2	2	2	2	2	2	2	2	2	0	2	2	2	2	-9	2	2	0	0	2	2	0	0
9280_53	deltap	2	2	2	2	2	2	2	2	2	2	2	2	2	2	2	2	2	2	2	2	2	2	2	2	2	2	2	2	2	2	2	2	2	2	2	2	2	2	-9	2	2	2	2	2	2	2	2	2	0	2	2	1	2	2	2	2	2	2	2	2	2	2	2	2	2	2	2	2	2	0	2	2	2	2	-9	2	2	0	0	2	2	0	0
9613_31	deltap	2	-9	2	1	2	1	2	2	0	0	2	2	0	2	2	2	2	2	2	2	2	1	2	2	-9	2	0	1	-9	2	0	2	2	2	2	2	2	2	0	2	1	2	2	2	2	1	0	2	0	2	0	1	1	0	2	1	0	2	2	2	2	0	0	2	2	0	1	2	0	0	2	1	0	2	0	2	0	0	2	0	0	0	0
9662_49	deltap	2	2	0	-9	2	2	2	-9	2	0	2	-9	-9	-9	2	-9	2	2	0	2	-9	1	0	-9	-9	2	0	-9	2	0	-9	-9	0	-9	2	2	2	1	2	-9	-9	0	-9	0	0	1	-9	2	2	0	0	2	-9	0	0	1	-9	1	2	0	0	-9	0	1	2	0	0	0	2	2	-9	0	0	2	0	-9	-9	0	-9	2	0	0	-9
9754_70	deltap	2	0	2	0	2	2	2	2	0	2	2	-9	0	-9	-9	2	2	2	1	0	-9	2	2	0	0	-9	2	2	0	2	0	2	2	-9	2	0	0	1	0	0	2	2	2	-9	2	-9	1	-9	0	0	0	0	1	0	2	0	0	0	0	0	0	0	2	0	-9	0	-9	0	0	0	0	1	0	0	0	0	0	0	0	-9	0	0	0
9779_8	deltap	2	2	0	2	0	2	0	0	-9	-9	2	0	1	2	0	2	-9	0	0	2	2	2	2	0	-9	0	2	1	0	2	0	2	-9	0	1	2	2	-9	-9	-9	-9	0	0	0	-9	2	0	0	-9	0	0	0	0	-9	-9	-9	0	-9	0	0	2	-9	0	-9	0	0	0	0	2	-9	0	-9	0	0	0	0	0	0	0	-9	0	0	-9
9840_4	deltap	2	2	2	2	2	2	2	2	0	2	2	2	1	2	2	2	1	2	0	2	2	2	2	0	2	0	2	2	2	2	2	2	0	0	2	2	2	1	0	0	0	1	2	1	0	2	0	2	2	0	2	2	0	0	0	1	2	0	0	0	0	2	0	2	2	1	1	1	2	0	0	1	2	2	0	0	2	0	2	0	0	0	0
993_64	deltap	2	2	2	2	2	2	2	2	2	2	2	2	2	2	2	2	2	2	1	2	2	0	0	-9	2	2	2	2	2	2	2	2	2	2	-9	2	2	2	2	2	1	2	0	2	2	0	2	2	2	2	0	2	0	2	2	1	0	1	0	2	0	0	0	1	1	0	1	0	0	2	2	1	0	2	0	0	2	0	0	0	0	0	0
