Locus	Het	Fst	P(Simul Fst<sample Fst)
SNP_1	0.090909	0.047619	0.766242
SNP_2	0.149351	-0.040258	0.142221
SNP_3	0.1	0.052632	0.794275
SNP_4	0.0	-100.0	0.5
SNP_5	0.0	-100.0	0.5
SNP_6	0.071429	0.037037	1.0
SNP_7	0.162338	0.02	0.215822
SNP_8	0.162338	0.02	0.215822
SNP_9	0.162338	0.02	0.215822
SNP_10	0.0	-100.0	0.5
SNP_11	0.0	-100.0	0.5
SNP_12	0.0	-100.0	0.5
SNP_13	0.0	-100.0	0.5
SNP_14	0.0	-100.0	0.5
SNP_15	0.2	0.157895	0.912828
SNP_16	0.285714	-0.034072	0.0
SNP_17	0.035714	0.0	0.5
SNP_18	0.0	-100.0	0.5
SNP_19	0.0	-100.0	0.5
SNP_20	0.0	-100.0	0.5
SNP_21	0.422078	0.237037	0.857107
SNP_22	0.222222	-0.063995	0.0
SNP_23	0.079861	-0.043478	0.334304
SNP_24	0.119048	-0.066667	0.0
SNP_25	0.68	0.601393	0.992207
SNP_26	0.68	0.601393	0.992207
SNP_27	0.68	0.601393	0.992207
SNP_28	0.68	0.601393	0.992207
SNP_29	0.076923	0.04	1.0
SNP_30	0.297521	-0.047619	0.047017
SNP_31	0.222222	0.176471	0.948407
SNP_32	0.416667	0.116078	0.669123
SNP_33	0.0	-100.0	0.5
SNP_34	0.077922	-0.041667	0.34853
SNP_35	0.041667	0.0	0.5
SNP_36	0.172727	-0.04973	0.0
SNP_37	0.373077	0.160174	0.69815
SNP_38	0.0	-100.0	0.5
SNP_39	0.142857	-0.039452	0.144068
SNP_40	0.035714	0.0	0.5
SNP_41	0.380952	0.057971	0.581924
SNP_42	0.0	-100.0	0.5
SNP_43	0.0	-100.0	0.5
SNP_44	0.0	-100.0	0.5
SNP_45	0.0	-100.0	0.5
SNP_46	0.0	-100.0	0.5
SNP_47	0.0	-100.0	0.5
SNP_48	0.090909	0.047619	0.766242
SNP_49	0.095	-0.052632	0.0
SNP_50	0.15	0.105263	1.0
SNP_51	0.0	-100.0	0.5
SNP_52	0.15	0.105263	1.0
SNP_53	0.269231	-0.033333	0.0
SNP_54	0.125	0.086957	1.0
SNP_55	0.182692	-0.028924	0.215208
SNP_56	0.281818	-0.035411	0.0
SNP_57	0.5	-0.046685	0.0
SNP_58	0.4	-0.000763	0.363884
SNP_59	0.272727	0.238095	0.858635
SNP_60	0.416667	-0.026087	0.213427
SNP_61	0.227273	-0.018633	0.308716
SNP_62	0.092593	-0.05	0.0
SNP_63	0.092593	-0.05	0.0
SNP_64	0.041667	0.0	0.5
SNP_65	0.083333	0.043478	1.0
SNP_66	0.083333	0.043478	1.0
SNP_67	0.083333	0.043478	1.0
SNP_68	0.318182	-0.040416	0.113446
SNP_69	0.142857	-0.039452	0.144068
SNP_70	0.61157	0.462033	0.983644
SNP_71	0.041667	0.0	0.5
SNP_72	0.041667	0.0	0.5
SNP_73	0.041667	0.0	0.5
SNP_74	0.125	0.086957	1.0
SNP_75	0.041667	0.0	0.5
SNP_76	0.791667	0.782609	0.997336
SNP_77	0.791667	0.782609	0.997336
SNP_78	0.791667	0.782609	0.997336
SNP_79	0.791667	0.782609	0.997336
SNP_80	0.0	-100.0	0.5
SNP_81	0.0	-100.0	0.5
SNP_82	0.416667	0.391304	0.99948
SNP_83	0.076923	0.04	1.0
SNP_84	0.083333	0.043478	1.0
SNP_85	0.076923	0.04	1.0
SNP_86	0.076923	0.04	1.0
SNP_87	0.08042	-0.043478	0.334304
SNP_88	0.128099	-0.030722	0.260584
SNP_89	0.378788	-0.046499	0.0
SNP_90	0.0	-100.0	0.5
SNP_91	0.125	0.066667	0.88101
SNP_92	0.0	-100.0	0.5
SNP_93	0.05	0.0	0.594449
SNP_94	0.0	-100.0	0.5
SNP_95	0.0	-100.0	0.5
SNP_96	0.05	0.0	0.594449
SNP_97	0.0	-100.0	0.5
SNP_98	0.0	-100.0	0.5
SNP_99	0.055556	0.0	0.594449
SNP_100	0.0	-100.0	0.5
SNP_101	0.0	-100.0	0.5
SNP_102	0.0	-100.0	0.5
SNP_103	0.328571	-0.064425	0.0
SNP_104	0.328571	-0.064425	0.0
SNP_105	0.328571	-0.064425	0.0
SNP_106	0.076923	0.04	1.0
SNP_107	0.076923	0.04	1.0
SNP_108	0.083333	0.043478	1.0
SNP_109	0.0	-100.0	0.5
SNP_110	0.0	-100.0	0.5
SNP_111	0.090909	0.047619	0.766242
SNP_112	0.181818	0.142857	0.879903
SNP_113	0.181818	0.142857	0.879903
SNP_114	0.181818	0.142857	0.879903
SNP_115	0.291667	0.26087	0.921361
SNP_116	0.272727	0.238095	0.858635
SNP_117	0.0	-100.0	0.5
SNP_118	0.071429	0.037037	1.0
SNP_119	0.0	-100.0	0.5
SNP_120	0.307692	0.28	0.944664
SNP_121	0.193182	-0.052101	0.010906
SNP_122	0.193182	-0.052101	0.010906
SNP_123	0.071429	0.037037	1.0
SNP_124	0.515873	0.013923	0.412471
SNP_125	0.515873	0.013923	0.412471
SNP_126	0.515873	0.013923	0.412471
SNP_127	0.515873	0.013923	0.412471
SNP_128	0.0	-100.0	0.5
SNP_129	0.131818	-0.036125	0.159602
SNP_130	0.0	-100.0	0.5
SNP_131	0.0	-100.0	0.5
SNP_132	0.533333	0.079173	0.540191
SNP_133	0.533333	0.079173	0.540191
SNP_134	0.533333	0.079173	0.540191
SNP_135	0.533333	0.079173	0.540191
SNP_136	0.166667	0.117647	1.0
SNP_137	0.0	-100.0	0.5
SNP_138	0.5	0.139348	0.66233
SNP_139	0.090909	0.047619	0.766242
SNP_140	0.090909	0.047619	0.766242
SNP_141	0.0	-100.0	0.5
SNP_142	0.0	-100.0	0.5
SNP_143	0.400826	0.087383	0.657849
SNP_144	0.400826	0.087383	0.657849
SNP_145	0.400826	0.087383	0.657849
SNP_146	0.142857	0.111111	1.0
SNP_147	0.208333	0.173913	0.943879
SNP_148	0.090909	0.047619	0.766242
SNP_149	0.090909	0.047619	0.766242
SNP_150	0.090909	0.047619	0.766242
SNP_151	0.277778	0.235294	0.84899
SNP_152	0.083333	0.043478	1.0
SNP_153	0.208333	-0.061961	0.0
SNP_154	0.375	0.333333	0.934648
SNP_155	0.0	-100.0	0.5
SNP_156	0.17094	-0.043765	0.0
SNP_157	0.041667	0.0	0.5
SNP_158	0.041667	0.0	0.5
SNP_159	0.0	-100.0	0.5
SNP_160	0.62987	0.549828	0.975089
SNP_161	0.424242	0.295031	0.924948
SNP_162	0.076923	0.04	1.0
SNP_163	0.118056	-0.028133	0.296839
SNP_164	0.0	-100.0	0.5
SNP_165	0.041667	0.0	0.5
SNP_166	0.481481	-0.031674	0.244057
SNP_167	0.363636	-0.048715	0.0
SNP_168	0.0	-100.0	0.5
SNP_169	0.136364	0.095238	1.0
SNP_170	0.0	-100.0	0.5
SNP_171	0.3	-0.066454	0.0
SNP_172	0.035714	0.0	0.5
SNP_173	0.041667	0.0	0.5
SNP_174	0.409091	0.05314	0.534007
SNP_175	0.3875	-0.026033	0.190199
SNP_176	0.487654	-0.052122	0.039531
SNP_177	0.448718	0.106555	0.713079
SNP_178	0.526786	0.219466	0.823447
SNP_179	0.526786	0.219466	0.823447
SNP_180	0.75	0.657745	0.993577
SNP_181	0.041667	0.0	0.5
SNP_182	0.291667	0.040994	0.463638
SNP_183	0.257576	-0.049926	0.0
SNP_184	0.402778	-0.011465	0.299259
SNP_185	0.203704	0.01581	0.479752
SNP_186	0.402778	-0.011465	0.299259
SNP_187	0.203704	0.01581	0.479752
SNP_188	0.0	-100.0	0.5
SNP_189	0.0	-100.0	0.5
SNP_190	0.375	0.347826	0.963138
SNP_191	0.045455	0.0	0.594449
SNP_192	0.0	-100.0	0.5
SNP_193	0.210744	0.044818	0.589478
SNP_194	0.115385	-0.033939	0.205942
SNP_195	0.041667	0.0	0.5
SNP_196	0.0	-100.0	0.5
SNP_197	0.0	-100.0	0.5
SNP_198	0.090909	0.047619	0.766242
SNP_199	0.0	-100.0	0.5
SNP_200	0.0	-100.0	0.5
SNP_201	0.055556	0.0	0.594449
SNP_202	0.233333	0.0401	0.482715
SNP_203	0.473214	0.131103	0.711576
SNP_204	0.619048	0.486622	0.99142
SNP_205	0.619048	0.486622	0.99142
SNP_206	0.287879	-0.044786	0.063492
SNP_207	0.25	0.217391	1.0
SNP_208	0.25	0.217391	1.0
SNP_209	0.0	-100.0	0.5
SNP_210	0.154321	-0.037647	0.147924
SNP_211	0.0	-100.0	0.5
SNP_212	0.0	-100.0	0.5
SNP_213	0.418367	-0.02439	0.225813
SNP_214	0.107143	0.074074	0.935391
SNP_215	0.107143	0.074074	0.935391
SNP_216	0.142857	0.111111	1.0
SNP_217	0.660256	0.512714	0.981634
SNP_218	0.090909	0.047619	0.766242
SNP_219	0.041667	0.0	0.5
SNP_220	0.435185	0.176906	0.803089
SNP_221	0.404762	0.053708	0.569752
SNP_222	0.404762	0.053708	0.569752
SNP_223	0.0	-100.0	0.5
SNP_224	0.0	-100.0	0.5
SNP_225	0.386364	0.16624	0.805039
SNP_226	0.136364	0.095238	1.0
SNP_227	0.392857	0.37037	0.975136
SNP_228	0.107143	0.074074	0.935391
SNP_229	0.25	0.097403	0.584665
SNP_230	0.575	0.272311	0.853377
SNP_231	0.575	0.272311	0.853377
SNP_232	0.11039	-0.058823	0.0
SNP_233	0.11039	-0.058823	0.0
SNP_234	0.35119	0.024564	0.442659
SNP_235	0.3	0.263158	0.924309
SNP_236	0.214286	0.153846	0.904302
SNP_237	0.045455	0.0	0.594449
SNP_238	0.045455	0.0	0.594449
SNP_239	0.559524	0.319766	0.887525
SNP_240	0.038462	0.0	0.5
SNP_241	0.038462	0.0	0.5
SNP_242	0.0	-100.0	0.5
SNP_243	0.423077	0.4	1.0
SNP_244	0.045455	0.0	0.594449
SNP_245	0.083333	0.043478	1.0
SNP_246	0.125	0.066667	0.88101
SNP_247	0.125	0.066667	0.88101
SNP_248	0.125	0.066667	0.88101
SNP_249	0.0	-100.0	0.5
SNP_250	0.0	-100.0	0.5
SNP_251	0.422078	0.237037	0.857107
SNP_252	0.363636	0.333333	0.934648
SNP_253	0.1	0.052632	0.794275
SNP_254	0.261364	0.056936	0.521178
SNP_255	0.0	-100.0	0.5
SNP_256	0.0	-100.0	0.5
SNP_257	0.0	-100.0	0.5
SNP_258	0.626984	0.51704	0.962278
SNP_259	0.166667	0.117647	1.0
SNP_260	0.0	-100.0	0.5
SNP_261	0.0	-100.0	0.5
SNP_262	0.142857	-0.012626	0.183496
SNP_263	0.2	0.157895	0.912828
SNP_264	0.0	-100.0	0.5
SNP_265	0.404762	-0.046894	0.008571
SNP_266	0.125	0.066667	0.88101
SNP_267	0.071429	0.037037	1.0
SNP_268	0.071429	0.037037	1.0
SNP_269	0.071429	0.037037	1.0
SNP_270	0.071429	0.037037	1.0
SNP_271	0.0	-100.0	0.5
SNP_272	0.214286	0.002684	0.419626
SNP_273	0.0	-100.0	0.5
SNP_274	0.0	-100.0	0.5
SNP_275	0.083333	0.043478	1.0
SNP_276	0.0	-100.0	0.5
SNP_277	0.083333	0.043478	1.0
SNP_278	0.0	-100.0	0.5
SNP_279	0.071429	0.037037	1.0
SNP_280	0.111111	0.058824	0.830694
SNP_281	0.0	-100.0	0.5
SNP_282	0.0	-100.0	0.5
SNP_283	0.0	-100.0	0.5
SNP_284	0.0	-100.0	0.5
SNP_285	0.166667	0.130435	1.0
SNP_286	0.0	-100.0	0.5
SNP_287	0.0	-100.0	0.5
SNP_288	0.0	-100.0	0.5
SNP_289	0.181818	-0.022321	0.266377
SNP_290	0.5	-0.058333	0.0
SNP_291	0.5	-0.058333	0.0
SNP_292	0.472028	-0.019259	0.263543
SNP_293	0.472028	-0.019259	0.263543
SNP_294	0.472028	-0.019259	0.263543
SNP_295	0.083333	0.043478	1.0
SNP_296	0.142857	0.111111	1.0
SNP_297	0.090909	0.047619	0.766242
SNP_298	0.292208	-0.019753	0.210912
SNP_299	0.090909	0.047619	0.766242
SNP_300	0.181818	0.142857	0.879903
SNP_301	0.142857	0.111111	1.0
SNP_302	0.166667	0.130435	1.0
SNP_303	0.0	-100.0	0.5
SNP_304	0.111111	0.058824	0.830694
SNP_305	0.272727	0.238095	0.858635
SNP_306	0.135417	-0.050167	0.0
SNP_307	0.25	-0.036232	0.152144
SNP_308	0.496528	-0.043478	0.127256
SNP_309	0.0	-100.0	0.5
SNP_310	0.285714	0.074477	0.550436
SNP_311	0.142857	-0.039452	0.144068
SNP_312	0.253205	0.028663	0.459604
SNP_313	0.293388	0.136821	0.703995
SNP_314	0.293388	0.136821	0.703995
SNP_315	0.293388	0.136821	0.703995
SNP_316	0.520661	0.102041	0.736282
SNP_317	0.403846	-0.033044	0.128401
SNP_318	0.0	-100.0	0.5
SNP_319	0.585714	0.415942	0.916443
SNP_320	0.15	0.105263	1.0
SNP_321	0.0	-100.0	0.5
SNP_322	0.0	-100.0	0.5
SNP_323	0.157143	-0.057416	0.0
SNP_324	0.071429	0.037037	1.0
SNP_325	0.355769	0.056498	0.542665
SNP_326	0.468254	-0.065419	0.0
SNP_327	0.468254	-0.065419	0.0
SNP_328	0.272727	0.238095	0.858635
SNP_329	0.035714	0.0	0.5
SNP_330	0.45	0.421053	0.968171
SNP_331	0.45	0.421053	0.968171
SNP_332	0.45	0.421053	0.968171
SNP_333	0.0	-100.0	0.5
SNP_334	0.0	-100.0	0.5
SNP_335	0.125	0.086957	1.0
SNP_336	0.045455	0.0	0.594449
SNP_337	0.045455	0.0	0.594449
SNP_338	0.272727	0.115942	0.615553
SNP_339	0.245455	-0.049429	0.0
SNP_340	0.098958	-0.052631	0.0
SNP_341	0.055556	0.0	0.594449
SNP_342	0.090909	-0.05	0.0
SNP_343	0.3	0.026316	0.415578
SNP_344	0.0	-100.0	0.5
SNP_345	0.0	-100.0	0.5
SNP_346	0.642857	0.451012	0.963145
SNP_347	0.642857	0.451012	0.963145
SNP_348	0.0	-100.0	0.5
SNP_349	0.361538	0.01411	0.44865
SNP_350	0.041667	0.0	0.5
SNP_351	0.041667	0.0	0.5
SNP_352	0.0	-100.0	0.5
SNP_353	0.0	-100.0	0.5
SNP_354	0.0	-100.0	0.5
SNP_355	0.083333	0.043478	1.0
SNP_356	0.209091	-0.043151	0.088486
SNP_357	0.125	0.066667	0.88101
SNP_358	0.641414	0.425859	0.951219
SNP_359	0.641414	0.425859	0.951219
SNP_360	0.641414	0.425859	0.951219
SNP_361	0.641414	0.425859	0.951219
SNP_362	0.410714	0.095358	0.628322
SNP_363	0.0	-100.0	0.5
SNP_364	0.083333	0.043478	1.0
SNP_365	0.083333	0.043478	1.0
SNP_366	0.083333	0.043478	1.0
SNP_367	0.4375	0.041244	0.58082
SNP_368	0.4	-0.052632	0.0
SNP_369	0.575	0.362153	0.945566
SNP_370	0.575	0.362153	0.945566
SNP_371	0.0	-100.0	0.5
SNP_372	0.530303	0.068347	0.510577
SNP_373	0.409091	-0.038012	0.111544
SNP_374	0.384615	-0.045158	0.019712
SNP_375	0.384615	0.091261	0.666871
SNP_376	0.384615	0.091261	0.666871
SNP_377	0.041667	0.0	0.5
SNP_378	0.0	-100.0	0.5
SNP_379	0.045455	0.0	0.594449
SNP_380	0.045455	0.0	0.594449
SNP_381	0.0	-100.0	0.5
SNP_382	0.257576	-0.049926	0.0
SNP_383	0.045455	0.0	0.594449
SNP_384	0.0	-100.0	0.5
SNP_385	0.114286	-0.0625	0.0
SNP_386	0.157143	-0.057416	0.0
SNP_387	0.222222	0.176471	0.948407
SNP_388	0.222222	0.176471	0.948407
SNP_389	0.222222	0.176471	0.948407
SNP_390	0.35	0.315789	0.998448
SNP_391	0.642857	0.424047	0.950297
SNP_392	0.642857	0.424047	0.950297
SNP_393	0.090909	0.047619	0.766242
SNP_394	0.182692	-0.028924	0.215208
SNP_395	0.0	-100.0	0.5
SNP_396	0.0	-100.0	0.5
SNP_397	0.0	-100.0	0.5
SNP_398	0.0	-100.0	0.5
SNP_399	0.469388	-0.0301	0.194907
SNP_400	0.408163	-0.076923	0.0
SNP_401	0.0625	0.0	0.594449
SNP_402	0.496795	-0.041717	0.145627
SNP_403	0.181818	0.142857	0.879903
SNP_404	0.0	-100.0	0.5
SNP_405	0.038462	0.0	0.5
SNP_406	0.0	-100.0	0.5
SNP_407	0.653846	0.468066	0.970323
SNP_408	0.653846	0.468066	0.970323
SNP_409	0.045455	0.0	0.594449
SNP_410	0.413462	-0.049147	0.001188
SNP_411	0.628571	0.541667	0.97208
SNP_412	0.551282	0.276643	0.846272
SNP_413	0.551282	0.276643	0.846272
SNP_414	0.074405	-0.04	0.359225
SNP_415	0.708333	0.611253	0.992281
SNP_416	0.05	0.0	0.594449
SNP_417	0.0	-100.0	0.5
SNP_418	0.36014	0.074175	0.573601
SNP_419	0.0	-100.0	0.5
SNP_420	0.090909	0.047619	0.766242
SNP_421	0.0	-100.0	0.5
SNP_422	0.05	0.0	0.594449
SNP_423	0.0	-100.0	0.5
SNP_424	0.142857	-0.039452	0.144068
SNP_425	0.083333	0.043478	1.0
SNP_426	0.166667	0.130435	1.0
SNP_427	0.041667	0.0	0.5
SNP_428	0.605	0.38234	0.943419
SNP_429	0.1	0.052632	0.794275
SNP_430	0.083333	0.043478	1.0
SNP_431	0.041667	0.0	0.5
SNP_432	0.230769	0.004675	0.399552
SNP_433	0.230769	0.004675	0.399552
SNP_434	0.511905	0.028817	0.486156
SNP_435	0.0	-100.0	0.5
SNP_436	0.041667	0.0	0.5
SNP_437	0.166667	0.130435	1.0
SNP_438	0.392857	0.202386	0.85244
SNP_439	0.071429	0.037037	1.0
SNP_440	0.590909	0.340875	0.85004
SNP_441	0.035714	0.0	0.5
SNP_442	0.045455	0.0	0.594449
SNP_443	0.041667	0.0	0.5
SNP_444	0.041667	0.0	0.5
SNP_445	0.055556	0.0	0.594449
SNP_446	0.166667	0.130435	1.0
SNP_447	0.166667	0.130435	1.0
SNP_448	0.0	-100.0	0.5
SNP_449	0.0	-100.0	0.5
SNP_450	0.464286	-0.039576	0.125317
SNP_451	0.139881	-0.007092	0.189412
SNP_452	0.035714	0.0	0.5
SNP_453	0.041667	0.0	0.5
SNP_454	0.0625	0.0	0.594449
SNP_455	0.17033	-0.042581	0.0
SNP_456	0.17033	-0.042581	0.0
SNP_457	0.0	-100.0	0.5
SNP_458	0.0	-100.0	0.5
SNP_459	0.172619	-0.036482	0.0
SNP_460	0.0	-100.0	0.5
SNP_461	0.0	-100.0	0.5
SNP_462	0.561538	0.187167	0.725022
SNP_463	0.222222	0.176471	0.948407
SNP_464	0.15	0.105263	1.0
SNP_465	0.0	-100.0	0.5
SNP_466	0.0	-100.0	0.5
SNP_467	0.0	-100.0	0.5
SNP_468	0.0	-100.0	0.5
SNP_469	0.090909	0.047619	0.766242
SNP_470	0.090909	0.047619	0.766242
SNP_471	0.090909	0.047619	0.766242
SNP_472	0.090909	0.047619	0.766242
SNP_473	0.0	-100.0	0.5
SNP_474	0.25	0.2	0.933943
SNP_475	0.11039	-0.034858	0.187609
SNP_476	0.227273	-0.05619	0.0
SNP_477	0.227273	-0.05619	0.0
SNP_478	0.0	-100.0	0.5
SNP_479	0.369048	0.241935	0.801865
SNP_480	0.369048	0.241935	0.801865
SNP_481	0.142857	0.111111	1.0
SNP_482	0.410714	0.095358	0.628322
SNP_483	0.05	0.0	0.594449
SNP_484	0.111111	0.058824	0.830694
SNP_485	0.1	0.052632	0.794275
SNP_486	0.142857	0.111111	1.0
SNP_487	0.458333	0.016018	0.503969
SNP_488	0.326923	0.025013	0.444199
SNP_489	0.326923	0.025013	0.444199
SNP_490	0.2	0.157895	0.912828
SNP_491	0.461111	0.208214	0.843524
SNP_492	0.0	-100.0	0.5
SNP_493	0.0	-100.0	0.5
SNP_494	0.0	-100.0	0.5
SNP_495	0.340909	-0.04381	0.089587
SNP_496	0.52381	0.033694	0.506624
SNP_497	0.535714	0.160708	0.727607
SNP_498	0.142857	0.111111	1.0
SNP_499	0.090909	0.047619	0.766242
SNP_500	0.270833	-0.001752	0.376945
SNP_501	0.045455	0.0	0.594449
SNP_502	0.045455	0.0	0.594449
SNP_503	0.125	0.086957	1.0
SNP_504	0.266667	-0.05476	0.0
SNP_505	0.233333	-0.036267	0.151528
SNP_506	0.05	0.0	0.594449
SNP_507	0.35124	0.106443	0.624172
SNP_508	0.5	-0.04329	0.025973
SNP_509	0.333333	-0.033282	0.161929
SNP_510	0.333333	-0.033282	0.161929
SNP_511	0.05	0.0	0.594449
SNP_512	0.0	-100.0	0.5
SNP_513	0.166667	0.130435	1.0
SNP_514	0.355769	0.013506	0.446851
SNP_515	0.355769	0.013506	0.446851
SNP_516	0.473214	0.213745	0.851631
SNP_517	0.473214	0.213745	0.851631
SNP_518	0.0	-100.0	0.5
SNP_519	0.2	-0.057017	0.0
SNP_520	0.261905	-0.038208	0.0
SNP_521	0.261905	-0.038208	0.0
SNP_522	0.261905	-0.038208	0.0
SNP_523	0.403846	-0.033044	0.128401
SNP_524	0.142857	0.076923	0.291947
SNP_525	0.202381	-0.045446	0.066843
SNP_526	0.202381	-0.045446	0.066843
SNP_527	0.530303	0.232893	0.841403
SNP_528	0.5	0.32058	0.856178
SNP_529	0.22028	0.060317	0.643863
SNP_530	0.090909	0.047619	0.766242
SNP_531	0.521368	0.073636	0.65416
SNP_532	0.3125	0.00058	0.312472
SNP_533	0.076923	0.04	1.0
SNP_534	0.551282	0.276643	0.846272
SNP_535	0.551282	0.276643	0.846272
SNP_536	0.551282	0.276643	0.846272
SNP_537	0.0	-100.0	0.5
SNP_538	0.05	0.0	0.594449
SNP_539	0.05	0.0	0.594449
SNP_540	0.083333	0.043478	1.0
SNP_541	0.45	0.421053	0.968171
SNP_542	0.045455	0.0	0.594449
SNP_543	0.0	-100.0	0.5
SNP_544	0.4	0.368421	0.974383
SNP_545	0.4	0.368421	0.974383
SNP_546	0.4	0.368421	0.974383
SNP_547	0.40625	-0.05641	0.0
SNP_548	0.40625	-0.05641	0.0
SNP_549	0.305195	0.130933	0.690995
SNP_550	0.305195	0.130933	0.690995
SNP_551	0.305195	0.130933	0.690995
SNP_552	0.288462	0.059789	0.516092
SNP_553	0.355769	0.056498	0.542665
SNP_554	0.355769	0.056498	0.542665
SNP_555	0.166667	-0.018116	0.177227
SNP_556	0.1	0.052632	0.794275
SNP_557	0.0	-100.0	0.5
SNP_558	0.166667	-0.018116	0.177227
SNP_559	0.630952	0.556604	0.977495
SNP_560	0.541667	0.521739	0.984887
SNP_561	0.541667	0.521739	0.984887
SNP_562	0.425	-0.05934	0.0
SNP_563	0.0	-100.0	0.5
SNP_564	0.159091	-0.045253	0.128205
SNP_565	0.0	-100.0	0.5
SNP_566	0.240741	-0.045249	0.0
SNP_567	0.238095	0.091667	0.57426
SNP_568	0.208333	0.173913	0.943879
SNP_569	0.208333	0.173913	0.943879
SNP_570	0.041667	0.0	0.5
SNP_571	0.1	0.052632	0.794275
SNP_572	0.1	0.052632	0.794275
SNP_573	0.1	0.052632	0.794275
SNP_574	0.1	0.052632	0.794275
SNP_575	0.527778	0.313136	0.92367
SNP_576	0.527778	0.313136	0.92367
SNP_577	0.166667	0.130435	1.0
SNP_578	0.0	-100.0	0.5
SNP_579	0.0	-100.0	0.5
SNP_580	0.5	-0.027002	0.223817
SNP_581	0.192308	-0.044632	0.074496
SNP_582	0.35119	0.128961	0.718612
SNP_583	0.413462	0.128615	0.692318
SNP_584	0.375	-0.052632	0.0
SNP_585	0.0	-100.0	0.5
SNP_586	0.3875	-0.026033	0.190199
SNP_587	0.0	-100.0	0.5
SNP_588	0.045455	0.0	0.594449
SNP_589	0.0	-100.0	0.5
SNP_590	0.035714	0.0	0.5
SNP_591	0.045455	0.0	0.594449
SNP_592	0.333333	0.304348	0.99332
SNP_593	0.0	-100.0	0.5
SNP_594	0.0	-100.0	0.5
SNP_595	0.035714	0.0	0.5
SNP_596	0.371429	-0.045157	0.0
SNP_597	0.0	-100.0	0.5
SNP_598	0.0	-100.0	0.5
SNP_599	0.21875	-0.055072	2e-05
SNP_600	0.357143	-0.027149	0.222698
SNP_601	0.0	-100.0	0.5
SNP_602	0.115385	-0.024155	0.343577
SNP_603	0.1	0.052632	0.794275
SNP_604	0.15	0.105263	1.0
SNP_605	0.05	0.0	0.594449
SNP_606	0.055556	0.0	0.594449
SNP_607	0.045455	0.0	0.594449
SNP_608	0.589286	0.275021	0.778027
SNP_609	0.107143	0.074074	0.935391
SNP_610	0.0	-100.0	0.5
SNP_611	0.0	-100.0	0.5
SNP_612	0.125	0.086957	1.0
SNP_613	0.125	0.086957	1.0
SNP_614	0.0	-100.0	0.5
SNP_615	0.0	-100.0	0.5
SNP_616	0.071429	0.037037	1.0
SNP_617	0.0	-100.0	0.5
SNP_618	0.0	-100.0	0.5
SNP_619	0.0	-100.0	0.5
SNP_620	0.035714	0.0	0.5
SNP_621	0.0	-100.0	0.5
SNP_622	0.045455	0.0	0.594449
SNP_623	0.0	-100.0	0.5
SNP_624	0.53869	0.452798	0.990478
SNP_625	0.53869	0.452798	0.990478
SNP_626	0.53869	0.452798	0.990478
SNP_627	0.076923	0.04	1.0
SNP_628	0.0	-100.0	0.5
SNP_629	0.446429	-0.06718	0.0
SNP_630	0.35	-0.052632	0.029085
SNP_631	0.35	-0.052632	0.029085
SNP_632	0.35	-0.052632	0.029085
SNP_633	0.1	0.052632	0.794275
SNP_634	0.1	0.052632	0.794275
SNP_635	0.1	0.052632	0.794275
SNP_636	0.045455	0.0	0.594449
SNP_637	0.214286	0.185185	0.962829
SNP_638	0.083333	0.043478	1.0
SNP_639	0.083333	0.043478	1.0
SNP_640	0.083333	0.043478	1.0
SNP_641	0.0	-100.0	0.5
SNP_642	0.125	0.066667	0.88101
SNP_643	0.125	0.066667	0.88101
SNP_644	0.125	0.066667	0.88101
SNP_645	0.125	0.066667	0.88101
SNP_646	0.035714	0.0	0.5
SNP_647	0.0	-100.0	0.5
SNP_648	0.5	-0.029073	0.206141
SNP_649	0.0	-100.0	0.5
SNP_650	0.074405	-0.04	0.359225
SNP_651	0.074405	-0.04	0.359225
SNP_652	0.5	0.155184	0.683142
SNP_653	0.309524	-0.054026	0.014497
SNP_654	0.309524	-0.054026	0.014497
SNP_655	0.288462	0.065739	0.531809
SNP_656	0.288462	0.065739	0.531809
SNP_657	0.0	-100.0	0.5
SNP_658	0.285714	0.259259	0.980548
SNP_659	0.526786	0.066186	0.50457
SNP_660	0.392857	-0.068532	0.0
SNP_661	0.392857	-0.068532	0.0
SNP_662	0.366071	-0.004438	0.381238
SNP_663	0.366071	-0.004438	0.381238
SNP_664	0.142857	0.111111	1.0
SNP_665	0.357143	0.00161	0.406462
SNP_666	0.142857	0.111111	1.0
SNP_667	0.483333	-0.047424	0.085916
SNP_668	0.136364	-0.042328	0.137038
SNP_669	0.275	-0.02746	0.184159
SNP_670	0.0625	0.0	0.594449
SNP_671	0.0625	0.0	0.594449
SNP_672	0.181818	0.142857	0.879903
SNP_673	0.090909	0.047619	0.766242
SNP_674	0.090909	0.047619	0.766242
SNP_675	0.045455	0.0	0.594449
SNP_676	0.0	-100.0	0.5
SNP_677	0.076923	0.04	1.0
SNP_678	0.487179	-0.041648	0.146342
SNP_679	0.487179	-0.041648	0.146342
SNP_680	0.361111	-0.053346	0.0
SNP_681	0.361111	-0.053346	0.0
SNP_682	0.361111	-0.053346	0.0
SNP_683	0.48	-0.003289	0.446122
SNP_684	0.361111	-0.053346	0.0
SNP_685	0.192308	-0.025558	0.241925
SNP_686	0.192308	-0.025558	0.241925
SNP_687	0.169421	0.003484	0.375944
SNP_688	0.169421	0.003484	0.375944
SNP_689	0.5	0.045031	0.506433
SNP_690	0.0	-100.0	0.5
SNP_691	0.0	-100.0	0.5
SNP_692	0.571429	0.555556	1.0
SNP_693	0.083333	0.043478	1.0
SNP_694	0.136364	0.095238	1.0
SNP_695	0.136364	0.095238	1.0
SNP_696	0.083333	0.043478	1.0
SNP_697	0.083333	0.043478	1.0
SNP_698	0.041667	0.0	0.5
SNP_699	0.041667	0.0	0.5
SNP_700	0.326389	0.095282	0.638981
SNP_701	0.055556	0.0	0.594449
SNP_702	0.055556	0.0	0.594449
SNP_703	0.055556	0.0	0.594449
SNP_704	0.055556	0.0	0.594449
SNP_705	0.227273	-0.018633	0.308716
SNP_706	0.083333	0.043478	1.0
SNP_707	0.2	0.157895	0.912828
SNP_708	0.477564	0.070966	0.719907
SNP_709	0.1	0.052632	0.794275
SNP_710	0.1	0.052632	0.794275
SNP_711	0.1	0.052632	0.794275
SNP_712	0.1	0.052632	0.794275
SNP_713	0.227273	0.190476	0.846443
SNP_714	0.090909	0.047619	0.766242
SNP_715	0.0	-100.0	0.5
SNP_716	0.203704	-0.016529	0.307231
SNP_717	0.444444	0.411765	0.96414
SNP_718	0.203704	-0.016529	0.307231
SNP_719	0.233333	-0.027133	0.254487
SNP_720	0.0	-100.0	0.5
SNP_721	0.038462	0.0	0.5
SNP_722	0.537879	0.368909	0.960038
SNP_723	0.470238	0.17905	0.7979
SNP_724	0.318182	-0.033718	0.159051
SNP_725	0.318182	-0.033718	0.159051
SNP_726	0.318182	-0.033718	0.159051
SNP_727	0.0	-100.0	0.5
SNP_728	0.276859	0.022743	0.453456
SNP_729	0.038462	0.0	0.5
SNP_730	0.045455	0.0	0.594449
SNP_731	0.0	-100.0	0.5
SNP_732	0.3	0.263158	0.924309
SNP_733	0.0	-100.0	0.5
SNP_734	0.0	-100.0	0.5
SNP_735	0.041667	0.0	0.5
SNP_736	0.487179	-0.041648	0.146342
SNP_737	0.487179	-0.041648	0.146342
SNP_738	0.401786	0.280658	0.92597
SNP_739	0.12963	-0.043478	0.0
SNP_740	0.041667	0.0	0.5
SNP_741	0.791667	0.782609	0.997336
SNP_742	0.465035	0.007304	0.392636
SNP_743	0.465035	0.007304	0.392636
SNP_744	0.0	-100.0	0.5
SNP_745	0.05	0.0	0.594449
SNP_746	0.0	-100.0	0.5
SNP_747	0.466667	-0.045555	0.077131
SNP_748	0.0	-100.0	0.5
SNP_749	0.05	0.0	0.594449
SNP_750	0.05	0.0	0.594449
SNP_751	0.0	-100.0	0.5
SNP_752	0.0	-100.0	0.5
SNP_753	0.0	-100.0	0.5
SNP_754	0.0	-100.0	0.5
SNP_755	0.428571	0.02194	0.449014
SNP_756	0.451049	0.091694	0.688604
SNP_757	0.444444	0.103261	0.707866
SNP_758	0.444444	0.103261	0.707866
SNP_759	0.416667	0.065217	0.562676
SNP_760	0.0	-100.0	0.5
SNP_761	0.111111	0.058824	0.830694
SNP_762	0.111111	0.058824	0.830694
SNP_763	0.642857	0.424047	0.950297
SNP_764	0.291667	0.26087	0.921361
SNP_765	0.055556	0.0	0.594449
SNP_766	0.125	0.086957	1.0
SNP_767	0.547619	0.125055	0.605831
SNP_768	0.0	-100.0	0.5
SNP_769	0.392857	-0.036744	0.09398
SNP_770	0.354167	-0.034953	0.089604
SNP_771	0.625	0.504396	0.956839
SNP_772	0.625	0.504396	0.956839
SNP_773	0.0	-100.0	0.5
SNP_774	0.0	-100.0	0.5
SNP_775	0.0	-100.0	0.5
SNP_776	0.035714	0.0	0.5
SNP_777	0.714286	0.584139	0.98311
SNP_778	0.484848	-0.039216	0.171294
SNP_779	0.43007	-0.030476	0.179143
SNP_780	0.470238	0.281967	0.937662
SNP_781	0.333333	0.272727	0.965913
SNP_782	0.378788	0.017391	0.458073
SNP_783	0.378788	0.017391	0.458073
SNP_784	0.378788	0.017391	0.458073
SNP_785	0.111111	0.058824	0.830694
SNP_786	0.477273	0.045844	0.644782
SNP_787	0.1	0.052632	0.794275
SNP_788	0.112179	-0.029714	0.275369
SNP_789	0.0	-100.0	0.5
SNP_790	0.0	-100.0	0.5
SNP_791	0.041667	0.0	0.5
SNP_792	0.0	-100.0	0.5
SNP_793	0.125	0.086957	1.0
SNP_794	0.276786	-0.063524	0.0
SNP_795	0.125	0.086957	1.0
SNP_796	0.0	-100.0	0.5
SNP_797	0.383117	-0.032643	0.132076
SNP_798	0.383117	-0.032643	0.132076
SNP_799	0.277778	-0.074866	0.0
SNP_800	0.277778	-0.074866	0.0
SNP_801	0.666667	0.472727	0.972445
SNP_802	0.111111	0.058824	0.830694
SNP_803	0.357143	-0.036715	0.029676
SNP_804	0.324675	-0.035185	0.149279
SNP_805	0.324675	-0.035185	0.149279
SNP_806	0.324675	-0.035185	0.149279
SNP_807	0.0	-100.0	0.5
SNP_808	0.15	0.105263	1.0
SNP_809	0.3	0.263158	0.924309
SNP_810	0.14	-0.033835	0.155092
SNP_811	0.14	-0.033835	0.155092
SNP_812	0.118056	-0.028133	0.296839
SNP_813	0.439394	-0.052738	0.0
SNP_814	0.071429	0.0	0.594449
SNP_815	0.071429	0.037037	1.0
SNP_816	0.0	-100.0	0.5
SNP_817	0.131818	-0.036125	0.159602
SNP_818	0.181818	0.011842	0.462799
SNP_819	0.045455	0.0	0.594449
SNP_820	0.045455	0.0	0.594449
SNP_821	0.045455	0.0	0.594449
SNP_822	0.166667	-0.046682	0.122906
SNP_823	0.166667	-0.046682	0.122906
SNP_824	0.172727	-0.04973	0.0
SNP_825	0.386364	-0.041083	0.053676
SNP_826	0.357143	0.333333	0.934648
SNP_827	0.357143	0.333333	0.934648
SNP_828	0.5	0.129055	0.648178
SNP_829	0.52381	0.172101	0.87136
SNP_830	0.25	0.036462	0.47564
SNP_831	0.038462	0.0	0.5
SNP_832	0.397436	0.043086	0.538085
SNP_833	0.071429	0.037037	1.0
SNP_834	0.428571	0.247719	0.870549
SNP_835	0.090909	0.047619	0.766242
SNP_836	0.378788	0.213333	0.7657
SNP_837	0.090909	0.047619	0.766242
SNP_838	0.071429	0.037037	1.0
SNP_839	0.071429	0.037037	1.0
SNP_840	0.071429	0.037037	1.0
SNP_841	0.083333	0.043478	1.0
SNP_842	0.275	-0.036682	0.0
SNP_843	0.275	-0.036682	0.0
SNP_844	0.275	-0.036682	0.0
SNP_845	0.142857	-0.039452	0.144068
SNP_846	0.714286	0.629791	0.988372
SNP_847	0.714286	0.629791	0.988372
SNP_848	0.041667	0.0	0.5
SNP_849	0.496212	-0.045517	0.105849
SNP_850	0.090909	0.047619	0.766242
SNP_851	0.05	0.0	0.594449
SNP_852	0.05	0.0	0.594449
SNP_853	0.05	0.0	0.594449
SNP_854	0.045455	0.0	0.594449
SNP_855	0.045455	0.0	0.594449
SNP_856	0.045455	0.0	0.594449
SNP_857	0.0	-100.0	0.5
SNP_858	0.25	0.007475	0.407696
SNP_859	0.041667	0.0	0.5
SNP_860	0.291667	-0.025436	0.179114
SNP_861	0.291667	-0.025436	0.179114
SNP_862	0.291667	-0.025436	0.179114
SNP_863	0.142857	-0.012626	0.183496
SNP_864	0.175325	0.016461	0.422422
SNP_865	0.175325	0.016461	0.422422
SNP_866	0.119048	-0.066667	0.0
SNP_867	0.133333	-0.023026	0.355329
SNP_868	0.133333	-0.023026	0.355329
SNP_869	0.119048	-0.066667	0.0
SNP_870	0.133333	-0.023026	0.355329
SNP_871	0.0	-100.0	0.5
SNP_872	0.0	-100.0	0.5
SNP_873	0.2	0.157895	0.912828
SNP_874	0.0	-100.0	0.5
SNP_875	0.090909	0.047619	0.766242
SNP_876	0.111111	0.058824	0.830694
SNP_877	0.111111	0.058824	0.830694
SNP_878	0.076923	0.04	1.0
SNP_879	0.0	-100.0	0.5
SNP_880	0.0	-100.0	0.5
SNP_881	0.579545	0.309098	0.896202
SNP_882	0.579545	0.309098	0.896202
SNP_883	0.354167	-0.038363	0.0
SNP_884	0.354167	-0.038363	0.0
SNP_885	0.354167	-0.038363	0.0
SNP_886	0.153846	0.12	1.0
SNP_887	0.291667	0.26087	0.921361
SNP_888	0.291667	0.26087	0.921361
SNP_889	0.285714	0.074477	0.550436
SNP_890	0.111111	0.058824	0.830694
SNP_891	0.083333	0.043478	1.0
SNP_892	0.1875	-0.033816	0.173993
SNP_893	0.25	0.222222	1.0
SNP_894	0.0	-100.0	0.5
SNP_895	0.453704	-0.029777	0.12727
SNP_896	0.453704	-0.029777	0.12727
SNP_897	0.458333	-0.021552	0.261934
SNP_898	0.153846	0.12	1.0
SNP_899	0.153846	0.12	1.0
SNP_900	0.305556	-0.038165	0.103499
SNP_901	0.305556	-0.038165	0.103499
SNP_902	0.305556	-0.038165	0.103499
SNP_903	0.269231	-0.041159	0.0
SNP_904	0.0	-100.0	0.5
SNP_905	0.363636	0.095238	0.607316
SNP_906	0.621212	0.41115	0.960537
SNP_907	0.621212	0.41115	0.960537
SNP_908	0.071429	0.037037	1.0
SNP_909	0.05	0.0	0.594449
SNP_910	0.0	-100.0	0.5
SNP_911	0.0	-100.0	0.5
SNP_912	0.0	-100.0	0.5
SNP_913	0.485119	0.023917	0.565793
SNP_914	0.5	-0.037999	0.10944
SNP_915	0.5	-0.037999	0.10944
SNP_916	0.5	-0.037999	0.10944
SNP_917	0.213636	0.036474	0.558965
SNP_918	0.213636	0.036474	0.558965
SNP_919	0.213636	0.036474	0.558965
SNP_920	0.0	-100.0	0.5
SNP_921	0.05	0.0	0.594449
SNP_922	0.222222	0.176471	0.948407
SNP_923	0.445455	0.053399	0.611261
SNP_924	0.071429	0.037037	1.0
SNP_925	0.090909	0.047619	0.766242
SNP_926	0.227273	0.190476	0.846443
SNP_927	0.227273	0.190476	0.846443
SNP_928	0.125	0.086957	1.0
SNP_929	0.076923	0.04	1.0
SNP_930	0.083333	0.0	0.594449
SNP_931	0.285714	0.230769	0.834592
SNP_932	0.285714	0.230769	0.834592
SNP_933	0.285714	0.230769	0.834592
SNP_934	0.285714	0.230769	0.834592
SNP_935	0.285714	0.230769	0.834592
SNP_936	0.0	-100.0	0.5
SNP_937	0.090909	0.047619	0.766242
SNP_938	0.090909	0.047619	0.766242
SNP_939	0.090909	0.047619	0.766242
SNP_940	0.266667	-0.000643	0.381412
SNP_941	0.441667	0.03834	0.572996
SNP_942	0.288961	0.157303	0.747345
SNP_943	0.115385	0.08	0.986239
SNP_944	0.115385	0.08	0.986239
SNP_945	0.071429	0.037037	1.0
SNP_946	0.318182	0.162406	0.789749
SNP_947	0.172619	0.022988	0.439179
SNP_948	0.045455	0.0	0.594449
SNP_949	0.045455	0.0	0.594449
SNP_950	0.045455	0.0	0.594449
SNP_951	0.55	0.526316	0.985821
SNP_952	0.125	0.066667	0.88101
SNP_953	0.467262	0.358811	0.996643
SNP_954	0.136364	0.095238	1.0
SNP_955	0.041667	0.0	0.5
SNP_956	0.0	-100.0	0.5
SNP_957	0.277778	-0.043478	0.0
SNP_958	0.5	-0.043478	0.022556
SNP_959	0.5	-0.043478	0.022556
SNP_960	0.5	-0.043478	0.022556
SNP_961	0.041667	0.0	0.5
SNP_962	0.041667	0.0	0.5
SNP_963	0.045455	0.0	0.594449
SNP_964	0.111111	0.058824	0.830694
SNP_965	0.142857	-0.083333	0.0
SNP_966	0.142857	-0.083333	0.0
SNP_967	0.083333	0.043478	1.0
SNP_968	0.194444	0.040373	0.573325
SNP_969	0.05	0.0	0.594449
SNP_970	0.265625	-0.05098	0.0
SNP_971	0.0	-100.0	0.5
SNP_972	0.083333	0.043478	1.0
SNP_973	0.035714	0.0	0.5
SNP_974	0.211538	-0.033939	0.172921
SNP_975	0.666667	0.652174	0.997523
SNP_976	0.041667	0.0	0.5
SNP_977	0.115385	0.08	0.986239
SNP_978	0.0	-100.0	0.5
SNP_979	0.038462	0.0	0.5
SNP_980	0.05	0.0	0.594449
SNP_981	0.041667	0.0	0.5
SNP_982	0.038462	0.0	0.5
SNP_983	0.0	-100.0	0.5
SNP_984	0.0	-100.0	0.5
SNP_985	0.038462	0.0	0.5
SNP_986	0.125	0.086957	1.0
SNP_987	0.5375	0.103631	0.603388
SNP_988	0.0	-100.0	0.5
SNP_989	0.05	0.0	0.594449
SNP_990	0.166667	0.117647	1.0
SNP_991	0.464286	-0.044468	0.086058
SNP_992	0.571429	0.223833	0.785774
SNP_993	0.142857	0.076923	0.291947
SNP_994	0.0	-100.0	0.5
SNP_995	0.083333	0.043478	1.0
SNP_996	0.255102	0.009231	0.416142
SNP_997	0.483516	-0.054546	0.019514
SNP_998	0.076923	0.04	1.0
SNP_999	0.483516	-0.054546	0.019514
SNP_1000	0.076923	0.04	1.0
SNP_1001	0.483516	-0.054546	0.019514
SNP_1002	0.5	0.345588	0.878035
SNP_1003	0.5	0.345588	0.878035
SNP_1004	0.5	0.345588	0.878035
SNP_1005	0.333333	-0.018116	0.25421
SNP_1006	0.111111	-0.0625	0.0
SNP_1007	0.410714	0.002341	0.37509
SNP_1008	0.0	-100.0	0.5
SNP_1009	0.0	-100.0	0.5
SNP_1010	0.0625	0.0	0.594449
SNP_1011	0.410714	0.002341	0.37509
SNP_1012	0.0	-100.0	0.5
SNP_1013	0.0	-100.0	0.5
SNP_1014	0.410714	0.002341	0.37509
SNP_1015	0.5	0.045954	0.508332
SNP_1016	0.6125	0.519077	0.997974
SNP_1017	0.6125	0.519077	0.997974
SNP_1018	0.5875	0.355275	0.864034
SNP_1019	0.1	0.052632	0.794275
SNP_1020	0.6125	0.519077	0.997974
SNP_1021	0.2	0.157895	0.912828
SNP_1022	0.1	0.052632	0.794275
SNP_1023	0.487013	-0.061538	0.0
SNP_1024	0.0625	0.0	0.594449
SNP_1025	0.0	-100.0	0.5
SNP_1026	0.25	-0.046377	0.0
SNP_1027	0.5	-0.052288	0.0
SNP_1028	0.444444	0.411765	0.96414
SNP_1029	0.5	-0.052288	0.0
SNP_1030	0.441667	0.121886	0.735928
SNP_1031	0.441667	0.121886	0.735928
SNP_1032	0.531469	0.080702	0.5443
SNP_1033	0.531469	0.080702	0.5443
SNP_1034	0.05	0.0	0.594449
SNP_1035	0.5	-0.071795	0.0
SNP_1036	0.0	-100.0	0.5
SNP_1037	0.0	-100.0	0.5
SNP_1038	0.071429	0.0	0.594449
SNP_1039	0.230769	0.2	0.933943
SNP_1040	0.208333	-0.026819	0.232072
SNP_1041	0.458333	-0.021552	0.261934
SNP_1042	0.458333	-0.021552	0.261934
SNP_1043	0.227778	-0.048327	0.0
SNP_1044	0.083333	0.043478	1.0
SNP_1045	0.398148	0.263338	0.912567
SNP_1046	0.398148	0.263338	0.912567
SNP_1047	0.398148	0.263338	0.912567
SNP_1048	0.090909	0.047619	0.766242
SNP_1049	0.0	-100.0	0.5
SNP_1050	0.1	0.052632	0.794275
SNP_1051	0.1	0.052632	0.794275
SNP_1052	0.0	-100.0	0.5
SNP_1053	0.0	-100.0	0.5
SNP_1054	0.181818	0.142857	0.879903
SNP_1055	0.0	-100.0	0.5
SNP_1056	0.471154	-0.053061	0.017787
SNP_1057	0.453125	-0.057471	0.0
SNP_1058	0.045455	0.0	0.594449
SNP_1059	0.230769	0.004675	0.399552
SNP_1060	0.4	0.033669	0.508436
SNP_1061	0.0	-100.0	0.5
SNP_1062	0.083333	0.0	0.594449
SNP_1063	0.368132	-0.048358	0.0
SNP_1064	0.25	0.222222	1.0
SNP_1065	0.0	-100.0	0.5
SNP_1066	0.479021	-0.042544	0.137022
SNP_1067	0.0	-100.0	0.5
SNP_1068	0.0	-100.0	0.5
SNP_1069	0.0	-100.0	0.5
SNP_1070	0.0	-100.0	0.5
SNP_1071	0.0	-100.0	0.5
SNP_1072	0.0	-100.0	0.5
SNP_1073	0.1	0.052632	0.794275
SNP_1074	0.0	-100.0	0.5
SNP_1075	0.392857	-0.044872	0.021813
SNP_1076	0.293388	0.136821	0.703995
SNP_1077	0.495455	-0.050079	0.058931
SNP_1078	0.495455	-0.050079	0.058931
SNP_1079	0.495455	-0.050079	0.058931
SNP_1080	0.458042	0.044129	0.588372
SNP_1081	0.458042	0.044129	0.588372
SNP_1082	0.125	0.086957	1.0
SNP_1083	0.513889	0.00477	0.357847
SNP_1084	0.142857	-0.039452	0.144068
SNP_1085	0.420455	0.249035	0.872175
SNP_1086	0.083333	0.043478	1.0
SNP_1087	0.136364	0.095238	1.0
SNP_1088	0.363636	-0.048715	0.0
SNP_1089	0.0	-100.0	0.5
SNP_1090	0.410714	0.203669	0.812223
SNP_1091	0.410714	0.203669	0.812223
SNP_1092	0.5	-0.018623	0.284003
SNP_1093	0.0	-100.0	0.5
SNP_1094	0.205357	0.056361	0.630277
SNP_1095	0.142857	0.111111	1.0
SNP_1096	0.0	-100.0	0.5
SNP_1097	0.0	-100.0	0.5
SNP_1098	0.076923	0.04	1.0
SNP_1099	0.076923	0.04	1.0
SNP_1100	0.071429	0.037037	1.0
SNP_1101	0.071429	0.037037	1.0
SNP_1102	0.083333	0.043478	1.0
SNP_1103	0.268519	0.021607	0.45065
SNP_1104	0.083333	0.043478	1.0
SNP_1105	0.083333	0.043478	1.0
SNP_1106	0.0	-100.0	0.5
SNP_1107	0.083333	0.043478	1.0
SNP_1108	0.083333	0.043478	1.0
SNP_1109	0.083333	0.043478	1.0
SNP_1110	0.0	-100.0	0.5
SNP_1111	0.0	-100.0	0.5
SNP_1112	0.083333	-0.045455	0.312969
SNP_1113	0.15035	-0.008372	0.188072
SNP_1114	0.15035	-0.008372	0.188072
SNP_1115	0.143519	-0.018975	0.1762
SNP_1116	0.090909	0.047619	0.766242
SNP_1117	0.5	0.224293	0.763307
SNP_1118	0.0	-100.0	0.5
SNP_1119	0.090909	0.047619	0.766242
SNP_1120	0.429293	0.166485	0.75649
SNP_1121	0.429293	0.166485	0.75649
SNP_1122	0.446429	0.091143	0.687647
SNP_1123	0.5	-0.029073	0.206141
SNP_1124	0.511111	-0.002053	0.312231
SNP_1125	0.5	-0.029073	0.206141
SNP_1126	0.111111	0.058824	0.830694
SNP_1127	0.111111	0.058824	0.830694
SNP_1128	0.0	-100.0	0.5
SNP_1129	0.0	-100.0	0.5
SNP_1130	0.0	-100.0	0.5
SNP_1131	0.5	-0.028233	0.213474
SNP_1132	0.5	-0.028233	0.213474
SNP_1133	0.409091	0.271345	0.898761
SNP_1134	0.375	0.347826	0.963138
SNP_1135	0.0	-100.0	0.5
SNP_1136	0.0	-100.0	0.5
SNP_1137	0.0	-100.0	0.5
SNP_1138	0.0	-100.0	0.5
SNP_1139	0.0	-100.0	0.5
SNP_1140	0.194444	0.040373	0.573325
SNP_1141	0.371429	0.199704	0.748572
SNP_1142	0.225	0.066277	0.663943
SNP_1143	0.575758	0.261094	0.838888
SNP_1144	0.090909	0.047619	0.766242
SNP_1145	0.227273	-0.045031	0.0
SNP_1146	0.227273	0.190476	0.846443
SNP_1147	0.115385	0.08	0.986239
SNP_1148	0.0	-100.0	0.5
SNP_1149	0.038462	0.0	0.5
SNP_1150	0.117188	-0.066667	0.0
SNP_1151	0.447917	-0.039434	0.0
SNP_1152	0.511905	0.043141	0.544632
SNP_1153	0.0	-100.0	0.5
SNP_1154	0.0	-100.0	0.5
SNP_1155	0.357143	-0.036715	0.029676
SNP_1156	0.357143	-0.036715	0.029676
SNP_1157	0.357143	-0.036715	0.029676
SNP_1158	0.357143	-0.036715	0.029676
SNP_1159	0.357143	-0.036715	0.029676
SNP_1160	0.149351	-0.040258	0.142221
SNP_1161	0.465909	-0.045246	0.079673
SNP_1162	0.465909	-0.045246	0.079673
SNP_1163	0.375	0.347826	0.963138
SNP_1164	0.375	0.347826	0.963138
SNP_1165	0.0	-100.0	0.5
SNP_1166	0.25	-0.062582	0.0
SNP_1167	0.25	-0.062582	0.0
SNP_1168	0.409091	-0.055556	0.0
SNP_1169	0.14	-0.033835	0.155092
SNP_1170	0.076923	0.04	1.0
SNP_1171	0.05	0.0	0.594449
SNP_1172	0.05	0.0	0.594449
SNP_1173	0.26	-0.012146	0.326606
SNP_1174	0.1	0.052632	0.794275
SNP_1175	0.1	0.052632	0.794275
SNP_1176	0.0	-100.0	0.5
SNP_1177	0.1	0.052632	0.794275
SNP_1178	0.285714	0.259259	0.980548
SNP_1179	0.5	0.012255	0.422543
SNP_1180	0.321429	0.093577	0.634735
SNP_1181	0.470238	0.17905	0.7979
SNP_1182	0.306548	0.180245	0.792443
SNP_1183	0.0	-100.0	0.5
SNP_1184	0.05	0.0	0.594449
SNP_1185	0.05	0.0	0.594449
SNP_1186	0.0	-100.0	0.5
SNP_1187	0.416667	0.391304	0.99948
SNP_1188	0.0	-100.0	0.5
SNP_1189	0.181818	0.142857	0.879903
SNP_1190	0.0	-100.0	0.5
SNP_1191	0.0	-100.0	0.5
SNP_1192	0.307143	-0.04361	0.070501
SNP_1193	0.307143	-0.04361	0.070501
SNP_1194	0.307143	-0.04361	0.070501
SNP_1195	0.0	-100.0	0.5
SNP_1196	0.0	-100.0	0.5
SNP_1197	0.0	-100.0	0.5
SNP_1198	0.178571	-0.024316	0.0
SNP_1199	0.0	-100.0	0.5
SNP_1200	0.272727	0.238095	0.858635
SNP_1201	0.272727	0.238095	0.858635
SNP_1202	0.272727	0.238095	0.858635
SNP_1203	0.355769	0.013506	0.446851
SNP_1204	0.0	-100.0	0.5
SNP_1205	0.446429	0.175459	0.801558
SNP_1206	0.0	-100.0	0.5
SNP_1207	0.0	-100.0	0.5
SNP_1208	0.514881	0.080338	0.675236
SNP_1209	0.0	-100.0	0.5
SNP_1210	0.0	-100.0	0.5
SNP_1211	0.0	-100.0	0.5
SNP_1212	0.0	-100.0	0.5
SNP_1213	0.0	-100.0	0.5
SNP_1214	0.384298	0.003072	0.384326
SNP_1215	0.384298	0.003072	0.384326
SNP_1216	0.384298	0.003072	0.384326
SNP_1217	0.090909	0.047619	0.766242
SNP_1218	0.207792	-0.027778	0.224454
SNP_1219	0.197802	-0.04	0.118116
SNP_1220	0.0	-100.0	0.5
SNP_1221	0.0	-100.0	0.5
SNP_1222	0.388889	0.352941	0.967948
SNP_1223	0.071429	0.037037	1.0
SNP_1224	0.190476	0.05163	0.613761
SNP_1225	0.0	-100.0	0.5
SNP_1226	0.107143	-0.030864	0.258424
SNP_1227	0.0	-100.0	0.5
SNP_1228	0.136364	0.095238	1.0
SNP_1229	0.136364	0.095238	1.0
SNP_1230	0.136364	0.095238	1.0
SNP_1231	0.125	-0.071429	0.0
SNP_1232	0.2	0.157895	0.912828
SNP_1233	0.111111	0.058824	0.830694
SNP_1234	0.294872	0.117681	0.660862
SNP_1235	0.294872	0.117681	0.660862
SNP_1236	0.294872	0.117681	0.660862
SNP_1237	0.0	-100.0	0.5
SNP_1238	0.0	-100.0	0.5
SNP_1239	0.045455	0.0	0.594449
SNP_1240	0.045455	0.0	0.594449
SNP_1241	0.0	-100.0	0.5
SNP_1242	0.0	-100.0	0.5
SNP_1243	0.428571	-0.03489	0.140997
SNP_1244	0.041667	0.0	0.5
SNP_1245	0.125	0.086957	1.0
SNP_1246	0.083333	0.043478	1.0
SNP_1247	0.0	-100.0	0.5
SNP_1248	0.0	-100.0	0.5
SNP_1249	0.192308	0.16	0.917158
SNP_1250	0.192308	0.16	0.917158
SNP_1251	0.192308	0.16	0.917158
SNP_1252	0.125	0.086957	1.0
SNP_1253	0.390909	0.071778	0.619274
SNP_1254	0.125	0.086957	1.0
SNP_1255	0.166667	0.130435	1.0
SNP_1256	0.3	0.017544	0.383325
SNP_1257	0.197531	-0.058824	0.0
SNP_1258	0.480519	0.019019	0.546355
SNP_1259	0.0	-100.0	0.5
SNP_1260	0.475524	0.065546	0.704982
SNP_1261	0.0	-100.0	0.5
SNP_1262	0.0	-100.0	0.5
SNP_1263	0.0	-100.0	0.5
SNP_1264	0.545455	0.173872	0.702126
SNP_1265	0.520202	0.092355	0.71036
SNP_1266	0.470238	-0.020363	0.257049
SNP_1267	0.470238	-0.020363	0.257049
SNP_1268	0.0	-100.0	0.5
SNP_1269	0.166667	0.130435	1.0
SNP_1270	0.214286	0.185185	0.962829
SNP_1271	0.12013	-0.018018	0.401444
SNP_1272	0.25	0.222222	1.0
SNP_1273	0.166667	0.130435	1.0
SNP_1274	0.0	-100.0	0.5
SNP_1275	0.5	-0.040733	0.069654
SNP_1276	0.0	-100.0	0.5
SNP_1277	0.0	-100.0	0.5
SNP_1278	0.348485	0.119093	0.696119
SNP_1279	0.348485	0.119093	0.696119
SNP_1280	0.24537	0.084351	0.561187
SNP_1281	0.295455	-0.017582	0.222672
SNP_1282	0.0	-100.0	0.5
SNP_1283	0.0	-100.0	0.5
SNP_1284	0.172619	0.022988	0.439179
SNP_1285	0.0	-100.0	0.5
SNP_1286	0.0	-100.0	0.5
SNP_1287	0.035714	0.0	0.5
SNP_1288	0.041667	0.0	0.5
SNP_1289	0.035714	0.0	0.5
SNP_1290	0.0	-100.0	0.5
SNP_1291	0.0	-100.0	0.5
SNP_1292	0.214286	0.002684	0.419626
SNP_1293	0.214286	0.002684	0.419626
SNP_1294	0.111111	0.058824	0.830694
SNP_1295	0.045455	0.0	0.594449
SNP_1296	0.0	-100.0	0.5
SNP_1297	0.0	-100.0	0.5
SNP_1298	0.045455	0.0	0.594449
SNP_1299	0.15	0.105263	1.0
SNP_1300	0.15	0.105263	1.0
SNP_1301	0.444444	-0.051151	0.0
SNP_1302	0.444444	-0.051151	0.0
SNP_1303	0.444444	-0.051151	0.0
SNP_1304	0.444444	-0.051151	0.0
SNP_1305	0.125	0.066667	0.88101
SNP_1306	0.0	-100.0	0.5
SNP_1307	0.0	-100.0	0.5
SNP_1308	0.545455	0.29256	0.862627
SNP_1309	0.545455	0.29256	0.862627
SNP_1310	0.035714	0.0	0.5
SNP_1311	0.222222	-0.01087	0.343801
SNP_1312	0.083333	0.043478	1.0
SNP_1313	0.041667	0.0	0.5
SNP_1314	0.041667	0.0	0.5
SNP_1315	0.64	0.444901	0.927602
SNP_1316	0.64	0.444901	0.927602
SNP_1317	0.181818	0.142857	0.879903
SNP_1318	0.181818	0.142857	0.879903
SNP_1319	0.0	-100.0	0.5
SNP_1320	0.5	-0.04173	0.053385
SNP_1321	0.147436	-0.041512	0.139165
SNP_1322	0.320513	-0.040956	0.109673
SNP_1323	0.125	0.066667	0.88101
SNP_1324	0.115385	0.08	0.986239
SNP_1325	0.0625	0.0	0.594449
SNP_1326	0.435897	0.234783	0.85677
SNP_1327	0.435897	0.234783	0.85677
SNP_1328	0.604167	0.463268	0.984089
SNP_1329	0.572917	0.272727	0.853901
SNP_1330	0.090909	0.047619	0.766242
SNP_1331	0.090909	0.047619	0.766242
SNP_1332	0.090909	0.047619	0.766242
SNP_1333	0.0	-100.0	0.5
SNP_1334	0.485714	-0.043	0.13226
SNP_1335	0.485714	-0.043	0.13226
SNP_1336	0.083333	0.043478	1.0
SNP_1337	0.0	-100.0	0.5
SNP_1338	0.179167	0.01836	0.427595
SNP_1339	0.041667	0.0	0.5
SNP_1340	0.261905	0.028986	0.468021
SNP_1341	0.261905	-0.038208	0.0
SNP_1342	0.4	0.368421	0.974383
SNP_1343	0.4	0.368421	0.974383
SNP_1344	0.0	-100.0	0.5
SNP_1345	0.0	-100.0	0.5
SNP_1346	0.147436	-0.002609	0.193993
SNP_1347	0.122378	-0.021769	0.367767
SNP_1348	0.139881	-0.007092	0.189412
SNP_1349	0.166667	0.130435	1.0
SNP_1350	0.071429	0.037037	1.0
SNP_1351	0.208333	-0.061961	0.0
SNP_1352	0.208333	-0.061961	0.0
SNP_1353	0.208333	-0.061961	0.0
SNP_1354	0.208333	-0.061961	0.0
SNP_1355	0.208333	-0.061961	0.0
SNP_1356	0.208333	-0.061961	0.0
SNP_1357	0.107143	-0.030864	0.258424
SNP_1358	0.142857	0.076923	0.291947
SNP_1359	0.142857	0.076923	0.291947
SNP_1360	0.457143	-0.064714	0.0
SNP_1361	0.444444	-0.040441	0.0
SNP_1362	0.0	-100.0	0.5
SNP_1363	0.0	-100.0	0.5
SNP_1364	0.159722	-0.046036	0.125406
SNP_1365	0.166667	0.130435	1.0
SNP_1366	0.166667	0.130435	1.0
SNP_1367	0.215909	0.036842	0.560328
SNP_1368	0.65	0.631579	1.0
SNP_1369	0.4375	-0.05383	0.0
SNP_1370	0.4375	-0.05383	0.0
SNP_1371	0.4375	-0.05383	0.0
SNP_1372	0.75	0.648366	0.992964
SNP_1373	0.554688	0.414085	0.949015
SNP_1374	0.0	-100.0	0.5
SNP_1375	0.261905	-0.038208	0.0
SNP_1376	0.261905	-0.038208	0.0
SNP_1377	0.261905	-0.038208	0.0
SNP_1378	0.153846	0.12	1.0
SNP_1379	0.153846	0.12	1.0
SNP_1380	0.153846	0.12	1.0
SNP_1381	0.363636	-0.055952	0.0
SNP_1382	0.071429	0.037037	1.0
SNP_1383	0.452381	-0.042073	0.0
SNP_1384	0.035714	0.0	0.5
SNP_1385	0.194444	-0.048019	0.043198
SNP_1386	0.166667	0.130435	1.0
SNP_1387	0.418182	0.017544	0.434246
SNP_1388	0.188312	-0.020434	0.280086
SNP_1389	0.188312	-0.020434	0.280086
SNP_1390	0.1	0.052632	0.794275
SNP_1391	0.1	0.052632	0.794275
SNP_1392	0.05	0.0	0.594449
SNP_1393	0.111111	0.058824	0.830694
SNP_1394	0.045455	0.0	0.594449
SNP_1395	0.329545	0.023131	0.437693
SNP_1396	0.35	0.315789	0.998448
SNP_1397	0.5	-0.016117	0.299274
SNP_1398	0.10625	-0.058823	0.0
SNP_1399	0.10625	-0.058823	0.0
SNP_1400	0.0	-100.0	0.5
SNP_1401	0.045455	0.0	0.594449
SNP_1402	0.166667	0.130435	1.0
SNP_1403	0.446429	0.007665	0.471862
SNP_1404	0.0	-100.0	0.5
SNP_1405	0.0	-100.0	0.5
SNP_1406	0.035714	0.0	0.5
SNP_1407	0.5	0.048841	0.514209
SNP_1408	0.202479	-0.036929	0.146341
SNP_1409	0.111111	0.058824	0.830694
SNP_1410	0.111111	0.058824	0.830694
SNP_1411	0.111111	0.058824	0.830694
SNP_1412	0.111111	0.058824	0.830694
SNP_1413	0.111111	0.058824	0.830694
SNP_1414	0.111111	0.058824	0.830694
SNP_1415	0.111111	0.058824	0.830694
SNP_1416	0.512821	0.035837	0.515377
SNP_1417	0.512821	0.035837	0.515377
SNP_1418	0.512821	0.035837	0.515377
SNP_1419	0.0	-100.0	0.5
SNP_1420	0.0	-100.0	0.5
SNP_1421	0.1	0.052632	0.794275
SNP_1422	0.0	-100.0	0.5
SNP_1423	0.115385	0.08	0.986239
SNP_1424	0.208333	0.173913	0.943879
SNP_1425	0.112179	-0.029714	0.275369
SNP_1426	0.207792	-0.051282	0.016428
SNP_1427	0.354167	0.168798	0.70932
SNP_1428	0.05	0.0	0.594449
SNP_1429	0.041667	0.0	0.5
SNP_1430	0.05	0.0	0.594449
SNP_1431	0.05	0.0	0.594449
SNP_1432	0.136364	0.095238	1.0
SNP_1433	0.05	0.0	0.594449
SNP_1434	0.045455	0.0	0.594449
SNP_1435	0.45	0.421053	0.968171
SNP_1436	0.45	0.421053	0.968171
SNP_1437	0.0	-100.0	0.5
SNP_1438	0.245455	-0.020885	0.296231
SNP_1439	0.0	-100.0	0.5
SNP_1440	0.477778	-0.009864	0.408514
SNP_1441	0.239669	-0.011494	0.342517
SNP_1442	0.395833	-0.035851	0.102348
SNP_1443	0.185	0.004267	0.427516
SNP_1444	0.185	0.004267	0.427516
SNP_1445	0.185	0.004267	0.427516
SNP_1446	0.185	0.004267	0.427516
SNP_1447	0.185	0.004267	0.427516
SNP_1448	0.0	-100.0	0.5
SNP_1449	0.038462	0.0	0.5
SNP_1450	0.431818	0.149232	0.728279
SNP_1451	0.038462	0.0	0.5
SNP_1452	0.038462	0.0	0.5
SNP_1453	0.0	-100.0	0.5
SNP_1454	0.0	-100.0	0.5
SNP_1455	0.071429	0.037037	1.0
SNP_1456	0.603896	0.401434	0.955088
SNP_1457	0.0	-100.0	0.5
SNP_1458	0.34	0.071207	0.577131
SNP_1459	0.125	0.086957	1.0
SNP_1460	0.275	0.090909	0.57665
SNP_1461	0.275	0.090909	0.57665
SNP_1462	0.25	-0.036232	0.152144
SNP_1463	0.303571	0.023048	0.403889
SNP_1464	0.623457	0.365754	0.878764
SNP_1465	0.47619	0.153986	0.881076
SNP_1466	0.435897	-0.034565	0.001104
SNP_1467	0.0	-100.0	0.5
SNP_1468	0.0	-100.0	0.5
SNP_1469	0.0	-100.0	0.5
SNP_1470	0.035714	0.0	0.5
SNP_1471	0.166667	0.130435	1.0
SNP_1472	0.035714	0.0	0.5
SNP_1473	0.386364	-0.048651	0.001435
SNP_1474	0.386364	-0.048651	0.001435
SNP_1475	0.386364	-0.048651	0.001435
SNP_1476	0.0	-100.0	0.5
SNP_1477	0.0	-100.0	0.5
SNP_1478	0.090909	0.047619	0.766242
SNP_1479	0.090909	0.047619	0.766242
SNP_1480	0.416667	-0.013953	0.293096
SNP_1481	0.1	0.052632	0.794275
SNP_1482	0.0	-100.0	0.5
SNP_1483	0.446429	0.175459	0.801558
SNP_1484	0.1	0.052632	0.794275
SNP_1485	0.1	0.052632	0.794275
SNP_1486	0.107143	0.074074	0.935391
SNP_1487	0.589286	0.275021	0.778027
SNP_1488	0.307692	0.01913	0.389366
SNP_1489	0.178571	-0.024316	0.0
SNP_1490	0.041667	0.0	0.5
SNP_1491	0.558442	0.186908	0.724589
SNP_1492	0.0	-100.0	0.5
SNP_1493	0.562937	0.309636	0.896776
SNP_1494	0.041667	0.0	0.5
SNP_1495	0.172619	-0.036482	0.0
SNP_1496	0.079861	-0.043478	0.334304
SNP_1497	0.423077	0.4	1.0
SNP_1498	0.285714	0.008838	0.414904
SNP_1499	0.0	-100.0	0.5
SNP_1500	0.041667	0.0	0.5
SNP_1501	0.0	-100.0	0.5
SNP_1502	0.351852	-0.015615	0.321159
SNP_1503	0.57438	0.408359	0.976435
SNP_1504	0.107143	0.074074	0.935391
SNP_1505	0.0	-100.0	0.5
SNP_1506	0.321429	0.044893	0.505304
SNP_1507	0.321429	0.044893	0.505304
SNP_1508	0.071429	0.037037	1.0
SNP_1509	0.416667	0.391304	0.99948
SNP_1510	0.205357	-0.038857	0.128717
SNP_1511	0.071429	0.037037	1.0
SNP_1512	0.172619	-0.036482	0.0
SNP_1513	0.506993	-0.013005	0.230619
SNP_1514	0.1875	0.133333	0.857341
SNP_1515	0.1875	0.133333	0.857341
SNP_1516	0.5	0.003205	0.390619
SNP_1517	0.384615	0.177697	0.821175
SNP_1518	0.083333	0.043478	1.0
SNP_1519	0.595238	0.356522	0.865217
SNP_1520	0.0	-100.0	0.5
SNP_1521	0.291667	-0.025436	0.179114
SNP_1522	0.152778	-0.043478	0.133819
SNP_1523	0.152778	-0.043478	0.133819
SNP_1524	0.152778	-0.043478	0.133819
SNP_1525	0.153846	-0.042771	0.135831
SNP_1526	0.090909	0.047619	0.766242
SNP_1527	0.0	-100.0	0.5
SNP_1528	0.0	-100.0	0.5
SNP_1529	0.0	-100.0	0.5
SNP_1530	0.515873	0.01991	0.444258
SNP_1531	0.531746	0.079017	0.53977
SNP_1532	0.071429	0.037037	1.0
SNP_1533	0.0	-100.0	0.5
SNP_1534	0.113095	-0.020595	0.378827
SNP_1535	0.388112	-0.001802	0.358113
SNP_1536	0.388112	-0.001802	0.358113
SNP_1537	0.5	-0.011164	0.326664
SNP_1538	0.05	0.0	0.594449
SNP_1539	0.05	0.0	0.594449
SNP_1540	0.37013	-0.033138	0.132165
SNP_1541	0.5	0.174028	0.706564
SNP_1542	0.5	0.174028	0.706564
SNP_1543	0.0	-100.0	0.5
SNP_1544	0.0	-100.0	0.5
SNP_1545	0.0	-100.0	0.5
SNP_1546	0.041667	0.0	0.5
SNP_1547	0.041667	0.0	0.5
SNP_1548	0.041667	0.0	0.5
SNP_1549	0.041667	0.0	0.5
SNP_1550	0.071429	0.037037	1.0
SNP_1551	0.245455	-0.020885	0.296231
SNP_1552	0.0	-100.0	0.5
SNP_1553	0.0	-100.0	0.5
SNP_1554	0.447917	-0.0273	0.176277
SNP_1555	0.447917	-0.0273	0.176277
SNP_1556	0.111111	0.058824	0.830694
SNP_1557	0.111111	0.058824	0.830694
SNP_1558	0.111111	0.058824	0.830694
SNP_1559	0.464286	-0.008607	0.321123
SNP_1560	0.464286	-0.008607	0.321123
SNP_1561	0.071429	0.037037	1.0
SNP_1562	0.0	-100.0	0.5
SNP_1563	0.0	-100.0	0.5
SNP_1564	0.366071	-0.004438	0.381238
SNP_1565	0.366071	-0.004438	0.381238
SNP_1566	0.0	-100.0	0.5
SNP_1567	0.46875	0.013333	0.416012
SNP_1568	0.9375	0.933333	1.0
SNP_1569	0.0	-100.0	0.5
SNP_1570	0.202381	-0.021313	0.273749
SNP_1571	0.423077	-0.018814	0.263516
SNP_1572	0.05	0.0	0.594449
SNP_1573	0.05	0.0	0.594449
SNP_1574	0.05	0.0	0.594449
SNP_1575	0.05	0.0	0.594449
SNP_1576	0.1625	-0.010033	0.18631
SNP_1577	0.071429	0.037037	1.0
SNP_1578	0.0	-100.0	0.5
SNP_1579	0.420455	0.047675	0.520557
SNP_1580	0.526786	0.219466	0.823447
SNP_1581	0.526786	0.219466	0.823447
SNP_1582	0.526786	0.219466	0.823447
SNP_1583	0.0	-100.0	0.5
SNP_1584	0.202381	-0.021313	0.273749
SNP_1585	0.0	-100.0	0.5
SNP_1586	0.436364	0.06391	0.634973
SNP_1587	0.238095	0.091667	0.57426
SNP_1588	0.107143	0.074074	0.935391
SNP_1589	0.107143	0.074074	0.935391
SNP_1590	0.107143	0.074074	0.935391
SNP_1591	0.15035	-0.008372	0.188072
SNP_1592	0.0	-100.0	0.5
SNP_1593	0.0	-100.0	0.5
SNP_1594	0.0	-100.0	0.5
SNP_1595	0.0	-100.0	0.5
SNP_1596	0.0	-100.0	0.5
SNP_1597	0.4875	-0.05668	0.006519
SNP_1598	0.071429	0.037037	1.0
SNP_1599	0.636364	0.619048	0.99505
SNP_1600	0.15625	-0.013333	0.182714
SNP_1601	0.0	-100.0	0.5
SNP_1602	0.0	-100.0	0.5
SNP_1603	0.32	-0.052632	0.029085
SNP_1604	0.416667	-0.023188	0.234317
SNP_1605	0.125	0.066667	0.88101
SNP_1606	0.0	-100.0	0.5
SNP_1607	0.0	-100.0	0.5
SNP_1608	0.485119	0.023917	0.565793
SNP_1609	0.041667	0.0	0.5
SNP_1610	0.041667	0.0	0.5
SNP_1611	0.041667	0.0	0.5
SNP_1612	0.0	-100.0	0.5
SNP_1613	0.266667	-0.046768	0.0
SNP_1614	0.0	-100.0	0.5
SNP_1615	0.0	-100.0	0.5
SNP_1616	0.0	-100.0	0.5
SNP_1617	0.0	-100.0	0.5
SNP_1618	0.0	-100.0	0.5
SNP_1619	0.409091	0.271345	0.898761
SNP_1620	0.0	-100.0	0.5
SNP_1621	0.0	-100.0	0.5
SNP_1622	0.0	-100.0	0.5
SNP_1623	0.0	-100.0	0.5
SNP_1624	0.0	-100.0	0.5
SNP_1625	0.0	-100.0	0.5
SNP_1626	0.055556	0.0	0.594449
SNP_1627	0.40625	0.010526	0.420487
SNP_1628	0.414286	-0.015706	0.28275
SNP_1629	0.2	0.157895	0.912828
SNP_1630	0.083333	0.043478	1.0
SNP_1631	0.363636	0.333333	0.934648
SNP_1632	0.586538	0.385745	0.891669
SNP_1633	0.586538	0.385745	0.891669
SNP_1634	0.586538	0.385745	0.891669
SNP_1635	0.240385	-0.037983	0.116092
SNP_1636	0.182692	-0.028924	0.215208
SNP_1637	0.576389	0.48769	0.999811
SNP_1638	0.576389	0.48769	0.999811
SNP_1639	0.0	-100.0	0.5
SNP_1640	0.0	-100.0	0.5
SNP_1641	0.0	-100.0	0.5
SNP_1642	0.5	0.240351	0.780015
SNP_1643	0.625	0.6	0.990686
SNP_1644	0.472727	-0.042293	0.103737
SNP_1645	0.35	-0.045113	0.080375
SNP_1646	0.0	-100.0	0.5
SNP_1647	0.0	-100.0	0.5
SNP_1648	0.083333	0.043478	1.0
SNP_1649	0.083333	0.043478	1.0
SNP_1650	0.363636	-0.043996	0.0
SNP_1651	0.363636	-0.043996	0.0
SNP_1652	0.363636	-0.043996	0.0
SNP_1653	0.363636	-0.043996	0.0
SNP_1654	0.479167	0.102529	0.794639
SNP_1655	0.0	-100.0	0.5
SNP_1656	0.471154	0.162816	0.770323
SNP_1657	0.041667	0.0	0.5
SNP_1658	0.329545	0.015435	0.409625
SNP_1659	0.090909	0.047619	0.766242
SNP_1660	0.476852	0.072952	0.72521
SNP_1661	0.50463	-0.031441	0.184127
SNP_1662	0.50463	-0.031441	0.184127
SNP_1663	0.071429	0.037037	1.0
SNP_1664	0.340909	0.15	0.764274
SNP_1665	0.159091	-0.045253	0.128205
SNP_1666	0.159091	-0.045253	0.128205
SNP_1667	0.214286	0.185185	0.962829
SNP_1668	0.125	0.066667	0.88101
SNP_1669	0.568182	0.228985	0.793585
SNP_1670	0.447552	-0.036667	0.0
SNP_1671	0.25	0.217391	1.0
SNP_1672	0.055556	0.0	0.594449
SNP_1673	0.041667	0.0	0.5
SNP_1674	0.041667	0.0	0.5
SNP_1675	0.15	0.105263	1.0
SNP_1676	0.15	0.105263	1.0
SNP_1677	0.535714	0.08194	0.547614
SNP_1678	0.395833	0.167048	0.806213
SNP_1679	0.25	-0.046377	0.0
SNP_1680	0.0	-100.0	0.5
SNP_1681	0.3	0.263158	0.924309
SNP_1682	0.3	0.263158	0.924309
SNP_1683	0.336364	0.085416	0.614122
SNP_1684	0.3	0.263158	0.924309
SNP_1685	0.3	0.263158	0.924309
SNP_1686	0.071429	0.0	0.594449
SNP_1687	0.071429	0.0	0.594449
SNP_1688	0.071429	0.0	0.594449
SNP_1689	0.203704	0.005348	0.432798
SNP_1690	0.0	-100.0	0.5
SNP_1691	0.0	-100.0	0.5
SNP_1692	0.44697	0.083904	0.674708
SNP_1693	0.0	-100.0	0.5
SNP_1694	0.0	-100.0	0.5
SNP_1695	0.159091	-0.045253	0.128205
SNP_1696	0.090909	0.047619	0.766242
SNP_1697	0.0	-100.0	0.5
SNP_1698	0.471154	-0.041526	0.109892
SNP_1699	0.754545	0.658619	0.993632
SNP_1700	0.337963	0.052692	0.526983
SNP_1701	0.422078	-0.021696	0.244575
SNP_1702	0.230769	0.2	0.933943
SNP_1703	0.448052	0.15781	0.78198
SNP_1704	0.0	-100.0	0.5
SNP_1705	0.0	-100.0	0.5
SNP_1706	0.428571	-0.00641	0.333961
SNP_1707	0.363636	0.333333	0.934648
SNP_1708	0.0625	0.0	0.594449
SNP_1709	0.194444	0.040373	0.573325
SNP_1710	0.194444	0.040373	0.573325
SNP_1711	0.0	-100.0	0.5
SNP_1712	0.0	-100.0	0.5
SNP_1713	0.166667	0.130435	1.0
SNP_1714	0.0625	0.0	0.594449
SNP_1715	0.045455	0.0	0.594449
SNP_1716	0.045455	0.0	0.594449
SNP_1717	0.045455	0.0	0.594449
SNP_1718	0.045455	0.0	0.594449
SNP_1719	0.178571	0.148148	0.876904
SNP_1720	0.153846	0.12	1.0
SNP_1721	0.416667	0.015528	0.427155
SNP_1722	0.25	-0.028947	0.239566
SNP_1723	0.322222	0.04676	0.510519
SNP_1724	0.111111	0.058824	0.830694
SNP_1725	0.25	-0.028947	0.239566
SNP_1726	0.25	-0.028947	0.239566
SNP_1727	0.045455	0.0	0.594449
SNP_1728	0.05	0.0	0.594449
SNP_1729	0.041667	0.0	0.5
SNP_1730	0.041667	0.0	0.5
SNP_1731	0.041667	0.0	0.5
SNP_1732	0.0	-100.0	0.5
SNP_1733	0.0	-100.0	0.5
SNP_1734	0.15	0.105263	1.0
SNP_1735	0.15	0.105263	1.0
SNP_1736	0.15	0.105263	1.0
SNP_1737	0.0	-100.0	0.5
SNP_1738	0.475	-0.018006	0.270787
SNP_1739	0.0	-100.0	0.5
SNP_1740	0.05	0.0	0.594449
SNP_1741	0.05	0.0	0.594449
SNP_1742	0.05	0.0	0.594449
SNP_1743	0.272727	0.033126	0.476972
SNP_1744	0.405303	-0.044581	0.024012
SNP_1745	0.361111	-0.053346	0.0
SNP_1746	0.113095	-0.020595	0.378827
SNP_1747	0.0	-100.0	0.5
SNP_1748	0.324675	0.081481	0.604016
SNP_1749	0.166667	0.117647	1.0
SNP_1750	0.111111	0.058824	0.830694
SNP_1751	0.055556	0.0	0.594449
SNP_1752	0.166667	0.117647	1.0
SNP_1753	0.166667	0.117647	1.0
SNP_1754	0.055556	0.0	0.594449
SNP_1755	0.055556	0.0	0.594449
SNP_1756	0.090909	0.047619	0.766242
SNP_1757	0.076923	0.04	1.0
SNP_1758	0.115385	-0.033939	0.205942
SNP_1759	0.076923	0.04	1.0
SNP_1760	0.785714	0.728005	0.995844
SNP_1761	0.785714	0.728005	0.995844
SNP_1762	0.35119	0.024564	0.442659
SNP_1763	0.261364	-0.032946	0.0
SNP_1764	0.261364	-0.032946	0.0
SNP_1765	0.417355	-0.042433	0.066302
SNP_1766	0.0	-100.0	0.5
SNP_1767	0.111111	0.058824	0.830694
SNP_1768	0.153846	0.12	1.0
SNP_1769	0.153846	0.12	1.0
SNP_1770	0.045455	0.0	0.594449
SNP_1771	0.725	0.662835	0.99129
SNP_1772	0.071429	0.037037	1.0
SNP_1773	0.21875	-0.043478	0.085394
SNP_1774	0.0	-100.0	0.5
SNP_1775	0.0	-100.0	0.5
SNP_1776	0.0	-100.0	0.5
SNP_1777	0.21875	-0.043478	0.085394
SNP_1778	0.153846	-0.042771	0.135831
SNP_1779	0.153846	-0.042771	0.135831
SNP_1780	0.153846	-0.042771	0.135831
SNP_1781	0.661616	0.492463	0.977316
SNP_1782	0.257576	-0.049926	0.0
SNP_1783	0.257576	-0.049926	0.0
SNP_1784	0.22	-0.04067	0.111857
SNP_1785	0.090909	0.047619	0.766242
SNP_1786	0.041667	0.0	0.5
SNP_1787	0.142857	0.111111	1.0
SNP_1788	0.142857	0.111111	1.0
SNP_1789	0.375	-0.040258	0.0
SNP_1790	0.0	-100.0	0.5
SNP_1791	0.35	0.315789	0.998448
SNP_1792	0.125	0.066667	0.88101
SNP_1793	0.125	0.066667	0.88101
SNP_1794	0.125	0.066667	0.88101
SNP_1795	0.125	0.066667	0.88101
SNP_1796	0.125	0.066667	0.88101
SNP_1797	0.125	0.066667	0.88101
SNP_1798	0.0	-100.0	0.5
SNP_1799	0.0	-100.0	0.5
SNP_1800	0.390625	-0.027246	0.179917
SNP_1801	0.390625	-0.027246	0.179917
SNP_1802	0.390625	-0.027246	0.179917
SNP_1803	0.25	0.2	0.933943
SNP_1804	0.303571	0.165577	0.764031
SNP_1805	0.303571	0.165577	0.764031
SNP_1806	0.527273	0.06553	0.502741
SNP_1807	0.143519	-0.018975	0.1762
SNP_1808	0.041667	0.0	0.5
SNP_1809	0.613636	0.342535	0.914914
SNP_1810	0.0	-100.0	0.5
SNP_1811	0.0	-100.0	0.5
SNP_1812	0.3125	0.266667	0.928747
SNP_1813	0.038462	0.0	0.5
SNP_1814	0.038462	0.0	0.5
SNP_1815	0.85	0.815015	0.999984
SNP_1816	0.111111	0.058824	0.830694
SNP_1817	0.0	-100.0	0.5
SNP_1818	0.181818	0.142857	0.879903
SNP_1819	0.166667	0.130435	1.0
SNP_1820	0.0	-100.0	0.5
SNP_1821	0.590909	0.340875	0.85004
SNP_1822	0.585227	0.308091	0.815878
SNP_1823	0.590909	0.340875	0.85004
SNP_1824	0.142857	0.111111	1.0
SNP_1825	0.0	-100.0	0.5
SNP_1826	0.213636	-0.033488	0.176844
SNP_1827	0.666667	0.647059	0.997259
SNP_1828	0.261905	-0.056856	0.0
SNP_1829	0.045455	0.0	0.594449
SNP_1830	0.045455	0.0	0.594449
SNP_1831	0.090909	0.047619	0.766242
SNP_1832	0.454545	-0.05098	0.0
SNP_1833	0.045455	0.0	0.594449
SNP_1834	0.227273	0.058947	0.516612
SNP_1835	0.05	0.0	0.594449
SNP_1836	0.045455	0.0	0.594449
SNP_1837	0.0	-100.0	0.5
SNP_1838	0.217949	-0.003785	0.385364
SNP_1839	0.261364	-0.032946	0.0
SNP_1840	0.261364	-0.032946	0.0
SNP_1841	0.357143	0.158132	0.695485
SNP_1842	0.428571	0.384615	0.997601
SNP_1843	0.0	-100.0	0.5
SNP_1844	0.0	-100.0	0.5
SNP_1845	0.0	-100.0	0.5
SNP_1846	0.207792	-0.051282	0.016428
SNP_1847	0.166667	0.090909	0.357542
SNP_1848	0.166667	0.090909	0.357542
SNP_1849	0.166667	0.090909	0.357542
SNP_1850	0.5	0.233247	0.772697
SNP_1851	0.0	-100.0	0.5
SNP_1852	0.0	-100.0	0.5
SNP_1853	0.0	-100.0	0.5
SNP_1854	0.0	-100.0	0.5
SNP_1855	0.071429	0.037037	1.0
SNP_1856	0.071429	0.037037	1.0
SNP_1857	0.663636	0.468981	0.971441
SNP_1858	0.090909	-0.05	0.0
SNP_1859	0.291667	-0.061345	0.0
SNP_1860	0.277778	0.235294	0.84899
SNP_1861	0.166667	0.117647	1.0
SNP_1862	0.277778	0.235294	0.84899
SNP_1863	0.0	-100.0	0.5
SNP_1864	0.0	-100.0	0.5
SNP_1865	0.428571	-0.012077	0.303793
SNP_1866	0.0	-100.0	0.5
SNP_1867	0.0	-100.0	0.5
SNP_1868	0.270833	-0.001752	0.376945
SNP_1869	0.0	-100.0	0.5
SNP_1870	0.076923	0.04	1.0
SNP_1871	0.076923	0.04	1.0
SNP_1872	0.32	-0.052632	0.029085
SNP_1873	0.318182	0.162406	0.789749
SNP_1874	0.0	-100.0	0.5
SNP_1875	0.0	-100.0	0.5
SNP_1876	0.0	-100.0	0.5
SNP_1877	0.0	-100.0	0.5
SNP_1878	0.125	-0.025974	0.323335
SNP_1879	0.125	-0.025974	0.323335
SNP_1880	0.139881	-0.007092	0.189412
SNP_1881	0.25	0.217391	1.0
SNP_1882	0.172727	-0.04973	0.0
SNP_1883	0.0	-100.0	0.5
SNP_1884	0.142857	0.076923	0.291947
SNP_1885	0.0	-100.0	0.5
SNP_1886	0.0	-100.0	0.5
SNP_1887	0.0	-100.0	0.5
SNP_1888	0.0	-100.0	0.5
SNP_1889	0.551282	0.276643	0.846272
SNP_1890	0.551282	0.276643	0.846272
SNP_1891	0.551282	0.276643	0.846272
SNP_1892	0.0	-100.0	0.5
SNP_1893	0.239583	-0.010964	0.34475
SNP_1894	0.502976	-0.027871	0.216564
SNP_1895	0.502976	-0.027871	0.216564
SNP_1896	0.502976	-0.027871	0.216564
SNP_1897	0.502976	-0.027871	0.216564
SNP_1898	0.502976	-0.027871	0.216564
SNP_1899	0.409091	0.380952	0.996131
SNP_1900	0.176768	-0.012245	0.0
SNP_1901	0.1	0.052632	0.794275
SNP_1902	0.361111	-0.045249	0.0
SNP_1903	0.125	0.086957	1.0
SNP_1904	0.435714	0.07107	0.649942
SNP_1905	0.563492	0.184246	0.720533
SNP_1906	0.272727	0.115942	0.615553
SNP_1907	0.041667	0.0	0.5
SNP_1908	0.0	-100.0	0.5
SNP_1909	0.166667	0.00974	0.206038
SNP_1910	0.0	-100.0	0.5
SNP_1911	0.0	-100.0	0.5
SNP_1912	0.423077	-0.022871	0.236523
SNP_1913	0.041667	0.0	0.5
SNP_1914	0.287879	-0.026398	0.173592
SNP_1915	0.563492	0.231661	0.797582
SNP_1916	0.041667	0.0	0.5
SNP_1917	0.542208	0.45509	0.966178
SNP_1918	0.074405	-0.04	0.359225
SNP_1919	0.0	-100.0	0.5
SNP_1920	0.444444	-0.016176	0.320564
SNP_1921	0.444444	-0.016176	0.320564
SNP_1922	0.444444	-0.016176	0.320564
SNP_1923	0.4	-0.041762	0.047586
SNP_1924	0.409091	-0.048287	0.006517
SNP_1925	0.409091	-0.048287	0.006517
SNP_1926	0.15	0.105263	1.0
SNP_1927	0.15	0.105263	1.0
SNP_1928	0.15	0.105263	1.0
SNP_1929	0.863636	0.857143	0.999387
SNP_1930	0.863636	0.857143	0.999387
SNP_1931	0.0	-100.0	0.5
SNP_1932	0.34375	-0.067769	0.0
SNP_1933	0.6125	0.422687	0.966578
SNP_1934	0.0	-100.0	0.5
SNP_1935	0.211538	-0.016812	0.305318
SNP_1936	0.211538	-0.016812	0.305318
SNP_1937	0.211538	-0.016812	0.305318
SNP_1938	0.211538	-0.016812	0.305318
SNP_1939	0.239583	-0.026087	0.262402
SNP_1940	0.239583	-0.026087	0.262402
SNP_1941	0.12963	-0.071429	0.0
SNP_1942	0.239583	-0.026087	0.262402
SNP_1943	0.459091	-0.049679	0.043359
SNP_1944	0.277778	0.235294	0.84899
SNP_1945	0.413223	0.036191	0.491175
SNP_1946	0.5	0.05291	0.522335
SNP_1947	0.5	0.05291	0.522335
SNP_1948	0.0	-100.0	0.5
SNP_1949	0.0	-100.0	0.5
SNP_1950	0.0	-100.0	0.5
SNP_1951	0.0	-100.0	0.5
SNP_1952	0.0	-100.0	0.5
SNP_1953	0.566116	0.334724	0.921867
SNP_1954	0.566116	0.334724	0.921867
SNP_1955	0.566116	0.334724	0.921867
SNP_1956	0.05	0.0	0.594449
SNP_1957	0.05	0.0	0.594449
SNP_1958	0.142857	0.076923	0.291947
SNP_1959	0.071429	0.0	0.594449
SNP_1960	0.357143	-0.067692	0.0
SNP_1961	0.272727	0.238095	0.858635
SNP_1962	0.272727	0.238095	0.858635
SNP_1963	0.272727	0.238095	0.858635
SNP_1964	0.25	0.217391	1.0
SNP_1965	0.0	-100.0	0.5
SNP_1966	0.0	-100.0	0.5
SNP_1967	0.125	0.066667	0.88101
SNP_1968	0.416667	0.391304	0.99948
SNP_1969	0.181818	0.142857	0.879903
SNP_1970	0.181818	0.142857	0.879903
SNP_1971	0.181818	0.142857	0.879903
SNP_1972	0.208333	0.173913	0.943879
SNP_1973	0.142857	0.111111	1.0
SNP_1974	0.0	-100.0	0.5
SNP_1975	0.433333	0.082556	0.601415
SNP_1976	0.469697	-0.023843	0.235868
SNP_1977	0.457792	0.35461	0.936213
SNP_1978	0.457792	0.35461	0.936213
SNP_1979	0.035714	0.0	0.5
SNP_1980	0.0	-100.0	0.5
SNP_1981	0.0	-100.0	0.5
SNP_1982	0.0	-100.0	0.5
SNP_1983	0.21875	-0.043478	0.085394
SNP_1984	0.21875	-0.043478	0.085394
SNP_1985	0.0	-100.0	0.5
SNP_1986	0.5	-0.04329	0.025973
SNP_1987	0.0	-100.0	0.5
SNP_1988	0.25	0.217391	1.0
SNP_1989	0.25	0.217391	1.0
SNP_1990	0.25	0.217391	1.0
SNP_1991	0.25	0.217391	1.0
SNP_1992	0.25	0.217391	1.0
SNP_1993	0.454545	-0.05098	0.0
SNP_1994	0.035714	0.0	0.5
SNP_1995	0.035714	0.0	0.5
SNP_1996	0.380952	0.057971	0.581924
SNP_1997	0.0	-100.0	0.5
SNP_1998	0.45	0.003814	0.454518
SNP_1999	0.15	0.105263	1.0
SNP_2000	0.0	-100.0	0.5
SNP_2001	0.05	0.0	0.594449
SNP_2002	0.0	-100.0	0.5
SNP_2003	0.0	-100.0	0.5
SNP_2004	0.0	-100.0	0.5
SNP_2005	0.041667	0.0	0.5
SNP_2006	0.0	-100.0	0.5
SNP_2007	0.0	-100.0	0.5
SNP_2008	0.0	-100.0	0.5
SNP_2009	0.0	-100.0	0.5
SNP_2010	0.245455	-0.049429	0.0
SNP_2011	0.05	0.0	0.594449
SNP_2012	0.46	-0.029748	0.197315
SNP_2013	0.46	-0.029748	0.197315
SNP_2014	0.46	-0.029748	0.197315
SNP_2015	0.0	-100.0	0.5
SNP_2016	0.0	-100.0	0.5
SNP_2017	0.0	-100.0	0.5
SNP_2018	0.0	-100.0	0.5
SNP_2019	0.172619	0.022988	0.439179
SNP_2020	0.232143	0.001363	0.389384
SNP_2021	0.0	-100.0	0.5
SNP_2022	0.0	-100.0	0.5
SNP_2023	0.0	-100.0	0.5
SNP_2024	0.0	-100.0	0.5
SNP_2025	0.0	-100.0	0.5
SNP_2026	0.488889	-0.047601	0.08408
SNP_2027	0.3	0.125272	0.67827
SNP_2028	0.1	0.052632	0.794275
SNP_2029	0.21875	-0.043478	0.085394
SNP_2030	0.0	-100.0	0.5
SNP_2031	0.5	-0.027246	0.221804
SNP_2032	0.0	-100.0	0.5
SNP_2033	0.1	0.052632	0.794275
SNP_2034	0.708333	0.611253	0.992281
SNP_2035	0.708333	0.611253	0.992281
SNP_2036	0.708333	0.611253	0.992281
SNP_2037	0.471154	0.162816	0.770323
SNP_2038	0.071429	0.037037	1.0
SNP_2039	0.152778	-0.043478	0.133819
SNP_2040	0.076923	0.04	1.0
SNP_2041	0.076923	0.04	1.0
SNP_2042	0.076923	0.04	1.0
SNP_2043	0.076923	0.04	1.0
SNP_2044	0.076923	0.04	1.0
SNP_2045	0.0	-100.0	0.5
SNP_2046	0.346939	0.000503	0.347744
SNP_2047	0.346939	0.000503	0.347744
SNP_2048	0.566667	0.2007	0.748792
SNP_2049	0.166667	-0.046682	0.122906
SNP_2050	0.566667	0.2007	0.748792
SNP_2051	0.625	0.36421	0.877685
SNP_2052	0.041667	0.0	0.5
SNP_2053	0.166667	0.117647	1.0
SNP_2054	0.136364	0.095238	1.0
SNP_2055	0.0	-100.0	0.5
SNP_2056	0.295455	0.04884	0.486568
SNP_2057	0.0	-100.0	0.5
SNP_2058	0.0	-100.0	0.5
SNP_2059	0.462121	0.265452	0.919247
SNP_2060	0.0	-100.0	0.5
SNP_2061	0.378788	-0.046499	0.0
SNP_2062	0.397727	-0.038776	0.074939
SNP_2063	0.378788	-0.046499	0.0
SNP_2064	0.05	0.0	0.594449
SNP_2065	0.0	-100.0	0.5
SNP_2066	0.607143	0.470588	0.98661
SNP_2067	0.607143	0.470588	0.98661
SNP_2068	0.607143	0.470588	0.98661
SNP_2069	0.607143	0.470588	0.98661
SNP_2070	0.202381	-0.021313	0.273749
SNP_2071	0.202381	-0.021313	0.273749
SNP_2072	0.651515	0.574317	0.998086
SNP_2073	0.479167	0.102529	0.794639
SNP_2074	0.489583	-0.028677	0.270697
SNP_2075	0.489583	-0.028677	0.270697
SNP_2076	0.375	0.347826	0.963138
SNP_2077	0.590909	0.571429	0.997301
SNP_2078	0.0	-100.0	0.5
SNP_2079	0.178571	0.148148	0.876904
SNP_2080	0.467949	-0.015414	0.285357
SNP_2081	0.083333	0.043478	1.0
SNP_2082	0.5	0.253221	0.792997
SNP_2083	0.5	0.219913	0.758644
SNP_2084	0.0	-100.0	0.5
SNP_2085	0.454545	-0.038043	0.0
SNP_2086	0.041667	0.0	0.5
SNP_2087	0.0	-100.0	0.5
SNP_2088	0.111111	0.058824	0.830694
SNP_2089	0.111111	0.058824	0.830694
SNP_2090	0.111111	0.058824	0.830694
SNP_2091	0.595238	0.317101	0.825592
SNP_2092	0.142857	-0.039452	0.144068
SNP_2093	0.05	0.0	0.594449
SNP_2094	0.076923	0.04	1.0
SNP_2095	0.076923	0.04	1.0
SNP_2096	0.076923	0.04	1.0
SNP_2097	0.166667	0.130435	1.0
SNP_2098	0.295455	0.038943	0.457339
SNP_2099	0.090909	0.047619	0.766242
SNP_2100	0.104938	-0.058824	0.0
SNP_2101	0.045455	0.0	0.594449
SNP_2102	0.074405	-0.04	0.359225
SNP_2103	0.283654	-0.050169	0.0
SNP_2104	0.314394	-0.043104	0.073538
SNP_2105	0.314394	-0.043104	0.073538
SNP_2106	0.314394	-0.043104	0.073538
SNP_2107	0.314394	-0.043104	0.073538
SNP_2108	0.565934	0.466019	0.99747
SNP_2109	0.0	-100.0	0.5
SNP_2110	0.0	-100.0	0.5
SNP_2111	0.0	-100.0	0.5
SNP_2112	0.045455	0.0	0.594449
SNP_2113	0.0	-100.0	0.5
SNP_2114	0.0	-100.0	0.5
SNP_2115	0.0625	0.0	0.594449
SNP_2116	0.0625	0.0	0.594449
SNP_2117	0.0625	0.0	0.594449
SNP_2118	0.318182	0.285714	0.979075
SNP_2119	0.083333	0.0	0.594449
SNP_2120	0.083333	0.0	0.594449
SNP_2121	0.0625	0.0	0.594449
SNP_2122	0.083333	0.0	0.594449
SNP_2123	0.083333	0.0	0.594449
SNP_2124	0.469697	0.138449	0.725786
SNP_2125	0.469697	0.138449	0.725786
SNP_2126	0.0	-100.0	0.5
SNP_2127	0.261905	-0.082009	0.0
SNP_2128	0.0	-100.0	0.5
SNP_2129	0.178571	0.148148	0.876904
SNP_2130	0.0	-100.0	0.5
SNP_2131	0.0	-100.0	0.5
SNP_2132	0.090909	0.047619	0.766242
SNP_2133	0.090909	0.047619	0.766242
SNP_2134	0.090909	0.047619	0.766242
SNP_2135	0.27972	-0.041143	0.0
SNP_2136	0.290598	0.004844	0.331402
SNP_2137	0.290598	0.004844	0.331402
SNP_2138	0.0	-100.0	0.5
SNP_2139	0.153846	0.008152	0.204517
SNP_2140	0.0	-100.0	0.5
SNP_2141	0.0	-100.0	0.5
SNP_2142	0.291667	0.055901	0.505754
SNP_2143	0.33631	0.20354	0.866527
SNP_2144	0.0	-100.0	0.5
SNP_2145	0.0	-100.0	0.5
SNP_2146	0.0	-100.0	0.5
SNP_2147	0.055556	0.0	0.594449
SNP_2148	0.0	-100.0	0.5
SNP_2149	0.0	-100.0	0.5
SNP_2150	0.25	0.217391	1.0
SNP_2151	0.071429	0.0	0.594449
SNP_2152	0.454545	-0.05	0.0
SNP_2153	0.255102	0.009231	0.416142
SNP_2154	0.0	-100.0	0.5
SNP_2155	0.0	-100.0	0.5
SNP_2156	0.0	-100.0	0.5
SNP_2157	0.0	-100.0	0.5
SNP_2158	0.253205	0.106329	0.601221
SNP_2159	0.0	-100.0	0.5
SNP_2160	0.1875	-0.033816	0.173993
SNP_2161	0.22028	-0.041995	0.099403
SNP_2162	0.083333	0.043478	1.0
SNP_2163	0.285714	0.259259	0.980548
SNP_2164	0.285714	0.259259	0.980548
SNP_2165	0.0	-100.0	0.5
SNP_2166	0.0	-100.0	0.5
SNP_2167	0.0	-100.0	0.5
SNP_2168	0.304196	-0.01248	0.249442
SNP_2169	0.304196	-0.01248	0.249442
SNP_2170	0.565476	0.376049	0.956066
SNP_2171	0.565476	0.376049	0.956066
SNP_2172	0.367424	-0.033937	0.114928
SNP_2173	0.367424	-0.033937	0.114928
SNP_2174	0.38	0.120499	0.644478
SNP_2175	0.445455	-0.040458	0.0
SNP_2176	0.445455	-0.040458	0.0
SNP_2177	0.0	-100.0	0.5
SNP_2178	0.25	0.217391	1.0
SNP_2179	0.0	-100.0	0.5
SNP_2180	0.0	-100.0	0.5
SNP_2181	0.0	-100.0	0.5
SNP_2182	0.05	0.0	0.594449
SNP_2183	0.05	0.0	0.594449
SNP_2184	0.0	-100.0	0.5
SNP_2185	0.0	-100.0	0.5
SNP_2186	0.404545	0.02281	0.471177
SNP_2187	0.3125	0.266667	0.928747
SNP_2188	0.0	-100.0	0.5
SNP_2189	0.045455	0.0	0.594449
SNP_2190	0.038462	0.0	0.5
SNP_2191	0.125	0.066667	0.88101
SNP_2192	0.0625	0.0	0.594449
SNP_2193	0.1875	0.133333	0.857341
SNP_2194	0.0	-100.0	0.5
SNP_2195	0.125	0.066667	0.88101
SNP_2196	0.413462	0.128615	0.692318
SNP_2197	0.107143	0.074074	0.935391
SNP_2198	0.47619	0.089312	0.765719
SNP_2199	0.47619	0.089312	0.765719
SNP_2200	0.47619	0.089312	0.765719
SNP_2201	0.125	0.066667	0.88101
SNP_2202	0.375	0.347826	0.963138
SNP_2203	0.375	0.347826	0.963138
SNP_2204	0.0	-100.0	0.5
SNP_2205	0.0	-100.0	0.5
SNP_2206	0.0	-100.0	0.5
SNP_2207	0.741071	0.640727	0.994371
SNP_2208	0.3125	0.266667	0.928747
SNP_2209	0.045455	0.0	0.594449
SNP_2210	0.1875	-0.066667	0.0
SNP_2211	0.113095	-0.020595	0.378827
SNP_2212	0.214286	0.185185	0.962829
SNP_2213	0.192308	0.16	0.917158
SNP_2214	0.718182	0.593699	0.984346
SNP_2215	0.488889	-0.051506	0.045198
SNP_2216	0.045455	0.0	0.594449
SNP_2217	0.045455	0.0	0.594449
SNP_2218	0.35124	0.106443	0.624172
SNP_2219	0.375	0.333333	0.934648
SNP_2220	0.410714	0.002341	0.37509
SNP_2221	0.071429	0.0	0.594449
SNP_2222	0.071429	0.0	0.594449
SNP_2223	0.083333	0.043478	1.0
SNP_2224	0.0	-100.0	0.5
SNP_2225	0.0	-100.0	0.5
SNP_2226	0.3	0.263158	0.924309
SNP_2227	0.3	0.263158	0.924309
SNP_2228	0.1	0.052632	0.794275
SNP_2229	0.459091	-0.049679	0.043359
SNP_2230	0.459091	-0.049679	0.043359
SNP_2231	0.541667	0.170569	0.696221
SNP_2232	0.041667	0.0	0.5
SNP_2233	0.240741	-0.045249	0.0
SNP_2234	0.197531	-0.058824	0.0
SNP_2235	0.240741	-0.045249	0.0
SNP_2236	0.428571	0.02194	0.449014
SNP_2237	0.428571	0.02194	0.449014
SNP_2238	0.0	-100.0	0.5
SNP_2239	0.083333	0.043478	1.0
SNP_2240	0.5	-0.028233	0.213474
SNP_2241	0.0	-100.0	0.5
SNP_2242	0.554545	0.212663	0.765157
SNP_2243	0.090909	0.047619	0.766242
SNP_2244	0.3125	-0.037497	0.107562
SNP_2245	0.045455	0.0	0.594449
SNP_2246	0.045455	0.0	0.594449
SNP_2247	0.321429	-0.024292	0.218486
SNP_2248	0.041667	0.0	0.5
SNP_2249	0.041667	0.0	0.5
SNP_2250	0.090909	0.047619	0.766242
SNP_2251	0.090909	0.047619	0.766242
SNP_2252	0.083333	0.0	0.594449
SNP_2253	0.083333	0.0	0.594449
SNP_2254	0.407407	-0.044239	0.026667
SNP_2255	0.0	-100.0	0.5
SNP_2256	0.489899	-0.050593	0.0539
SNP_2257	0.0	-100.0	0.5
SNP_2258	0.489899	-0.050593	0.0539
SNP_2259	0.214286	0.153846	0.904302
SNP_2260	0.0	-100.0	0.5
SNP_2261	0.045455	0.0	0.594449
SNP_2262	0.0	-100.0	0.5
SNP_2263	0.295833	-0.035421	0.120158
SNP_2264	0.179167	0.01836	0.427595
SNP_2265	0.25	0.217391	1.0
SNP_2266	0.0	-100.0	0.5
SNP_2267	0.0	-100.0	0.5
SNP_2268	0.384615	-0.013895	0.282865
SNP_2269	0.107143	0.074074	0.935391
SNP_2270	0.111111	0.058824	0.830694
SNP_2271	0.27972	0.030476	0.471302
SNP_2272	0.0625	0.0	0.594449
SNP_2273	0.0	-100.0	0.5
SNP_2274	0.35119	0.128961	0.718612
SNP_2275	0.35119	0.128961	0.718612
SNP_2276	0.35119	0.128961	0.718612
SNP_2277	0.188889	-0.055181	3e-06
SNP_2278	0.111111	0.058824	0.830694
SNP_2279	0.142857	0.076923	0.291947
SNP_2280	0.071429	0.037037	1.0
SNP_2281	0.333333	0.304348	0.99332
SNP_2282	0.328571	0.117891	0.693332
SNP_2283	0.328571	0.117891	0.693332
SNP_2284	0.328571	0.117891	0.693332
SNP_2285	0.25	0.2	0.933943
SNP_2286	0.181818	0.142857	0.879903
SNP_2287	0.0	-100.0	0.5
SNP_2288	0.166667	0.130435	1.0
SNP_2289	0.0	-100.0	0.5
SNP_2290	0.045455	0.0	0.594449
SNP_2291	0.0	-100.0	0.5
SNP_2292	0.0	-100.0	0.5
SNP_2293	0.0	-100.0	0.5
SNP_2294	0.402098	0.027031	0.486387
SNP_2295	0.083333	0.043478	1.0
SNP_2296	0.111111	0.058824	0.830694
SNP_2297	0.111111	0.058824	0.830694
SNP_2298	0.111111	0.058824	0.830694
SNP_2299	0.111111	0.058824	0.830694
SNP_2300	0.041667	0.0	0.5
SNP_2301	0.041667	0.0	0.5
SNP_2302	0.153846	0.12	1.0
SNP_2303	0.0	-100.0	0.5
SNP_2304	0.242857	0.047511	0.496447
SNP_2305	0.071429	0.037037	1.0
SNP_2306	0.0	-100.0	0.5
SNP_2307	0.0	-100.0	0.5
SNP_2308	0.0	-100.0	0.5
SNP_2309	0.479167	-0.02387	0.310622
SNP_2310	0.0	-100.0	0.5
SNP_2311	0.0	-100.0	0.5
SNP_2312	0.045455	0.0	0.594449
SNP_2313	0.409091	-0.044444	0.044735
SNP_2314	0.0	-100.0	0.5
SNP_2315	0.0	-100.0	0.5
SNP_2316	0.090909	0.047619	0.766242
SNP_2317	0.083333	-0.045455	0.312969
SNP_2318	0.090909	0.047619	0.766242
SNP_2319	0.090909	0.047619	0.766242
SNP_2320	0.090909	0.047619	0.766242
SNP_2321	0.090909	0.047619	0.766242
SNP_2322	0.166667	0.130435	1.0
SNP_2323	0.0	-100.0	0.5
SNP_2324	0.328571	0.067548	0.567386
SNP_2325	0.0	-100.0	0.5
SNP_2326	0.166667	0.117647	1.0
SNP_2327	0.15	0.105263	1.0
SNP_2328	0.181818	0.142857	0.879903
SNP_2329	0.0	-100.0	0.5
SNP_2330	0.0	-100.0	0.5
SNP_2331	0.181818	0.142857	0.879903
SNP_2332	0.4375	0.041244	0.58082
SNP_2333	0.182692	0.030877	0.538061
SNP_2334	0.182692	0.030877	0.538061
SNP_2335	0.0	-100.0	0.5
SNP_2336	0.0	-100.0	0.5
SNP_2337	0.0	-100.0	0.5
SNP_2338	0.203704	0.005348	0.432798
SNP_2339	0.4	-0.009288	0.313379
SNP_2340	0.333333	-0.054283	0.01923
SNP_2341	0.454545	0.151071	0.774025
SNP_2342	0.0	-100.0	0.5
SNP_2343	0.0	-100.0	0.5
SNP_2344	0.0	-100.0	0.5
SNP_2345	0.125	0.066667	0.88101
SNP_2346	0.125	0.066667	0.88101
SNP_2347	0.0	-100.0	0.5
SNP_2348	0.0	-100.0	0.5
SNP_2349	0.44697	0.083904	0.674708
SNP_2350	0.0	-100.0	0.5
SNP_2351	0.142857	0.076923	0.291947
SNP_2352	0.486111	-0.052101	0.039721
SNP_2353	0.083333	0.043478	1.0
SNP_2354	0.083333	0.043478	1.0
SNP_2355	0.071429	0.0	0.594449
SNP_2356	0.305195	0.085106	0.581814
SNP_2357	0.305195	0.085106	0.581814
SNP_2358	0.337662	-0.005917	0.317733
SNP_2359	0.071429	0.0	0.594449
SNP_2360	0.4375	-0.010134	0.371592
SNP_2361	0.1	0.052632	0.794275
SNP_2362	0.15	0.105263	1.0
SNP_2363	0.083333	0.043478	1.0
SNP_2364	0.045455	0.0	0.594449
SNP_2365	0.05	0.0	0.594449
SNP_2366	0.0	-100.0	0.5
SNP_2367	0.791667	0.782609	0.997336
SNP_2368	0.791667	0.782609	0.997336
SNP_2369	0.791667	0.782609	0.997336
SNP_2370	0.0	-100.0	0.5
SNP_2371	0.083333	0.043478	1.0
SNP_2372	0.083333	0.043478	1.0
SNP_2373	0.217949	-0.003785	0.385364
SNP_2374	0.217949	-0.003785	0.385364
SNP_2375	0.0	-100.0	0.5
SNP_2376	0.0	-100.0	0.5
SNP_2377	0.2	0.157895	0.912828
SNP_2378	0.2	0.157895	0.912828
SNP_2379	0.287879	-0.044786	0.063492
SNP_2380	0.083333	0.043478	1.0
SNP_2381	0.0	-100.0	0.5
SNP_2382	0.287879	-0.044786	0.063492
SNP_2383	0.386364	-0.044209	0.026903
SNP_2384	0.287879	-0.044786	0.063492
SNP_2385	0.15	0.105263	1.0
SNP_2386	0.409091	0.380952	0.996131
SNP_2387	0.0	-100.0	0.5
SNP_2388	0.119048	-0.066667	0.0
SNP_2389	0.247475	0.076831	0.547913
SNP_2390	0.125	0.066667	0.88101
SNP_2391	0.0	-100.0	0.5
SNP_2392	0.1	0.052632	0.794275
SNP_2393	0.440476	-0.039953	0.0
SNP_2394	0.5	-0.003788	0.361923
SNP_2395	0.414286	-0.00335	0.349037
SNP_2396	0.038462	0.0	0.5
SNP_2397	0.172727	-0.04973	0.0
SNP_2398	0.172727	-0.04973	0.0
SNP_2399	0.599174	0.389491	0.894883
SNP_2400	0.125	-0.037681	0.119471
SNP_2401	0.125	-0.037681	0.119471
SNP_2402	0.125	-0.037681	0.119471
SNP_2403	0.125	-0.037681	0.119471
SNP_2404	0.125	-0.037681	0.119471
SNP_2405	0.416667	0.065217	0.562676
SNP_2406	0.142857	0.076923	0.291947
SNP_2407	0.35119	0.128961	0.718612
SNP_2408	0.465278	0.042493	0.50722
SNP_2409	0.0	-100.0	0.5
SNP_2410	0.139881	-0.007092	0.189412
SNP_2411	0.142857	0.111111	1.0
SNP_2412	0.705128	0.565376	0.987332
SNP_2413	0.705128	0.565376	0.987332
SNP_2414	0.22	-0.04067	0.111857
SNP_2415	0.22	-0.04067	0.111857
SNP_2416	0.22	-0.04067	0.111857
SNP_2417	0.22	-0.04067	0.111857
SNP_2418	0.197531	-0.058824	0.0
SNP_2419	0.0	-100.0	0.5
SNP_2420	0.0625	0.0	0.594449
SNP_2421	0.227273	0.190476	0.846443
SNP_2422	0.357143	0.011822	0.441724
SNP_2423	0.1	0.052632	0.794275
SNP_2424	0.0	-100.0	0.5
SNP_2425	0.0	-100.0	0.5
SNP_2426	0.365	0.206921	0.757644
SNP_2427	0.142857	0.076923	0.291947
SNP_2428	0.15	0.105263	1.0
SNP_2429	0.0	-100.0	0.5
SNP_2430	0.1	0.052632	0.794275
SNP_2431	0.285714	0.008838	0.414904
SNP_2432	0.035714	0.0	0.5
SNP_2433	0.035714	0.0	0.5
SNP_2434	0.035714	0.0	0.5
SNP_2435	0.090909	-0.05	0.0
SNP_2436	0.0	-100.0	0.5
SNP_2437	0.0	-100.0	0.5
SNP_2438	0.0	-100.0	0.5
SNP_2439	0.457143	-0.064714	0.0
SNP_2440	0.457143	-0.064714	0.0
SNP_2441	0.53125	0.203715	0.800617
SNP_2442	0.318182	-0.016327	0.264096
SNP_2443	0.513889	0.00477	0.357847
SNP_2444	0.395833	-0.006211	0.33246
SNP_2445	0.107143	0.074074	0.935391
SNP_2446	0.0625	0.0	0.594449
SNP_2447	0.0625	0.0	0.594449
SNP_2448	0.0625	0.0	0.594449
SNP_2449	0.255102	0.009231	0.416142
SNP_2450	0.12963	-0.071429	0.0
SNP_2451	0.0	-100.0	0.5
SNP_2452	0.055556	0.0	0.594449
SNP_2453	0.041667	0.0	0.5
SNP_2454	0.25	0.181818	0.800012
SNP_2455	0.125	0.086957	1.0
SNP_2456	0.125	0.086957	1.0
SNP_2457	0.125	0.086957	1.0
SNP_2458	0.375	0.347826	0.963138
SNP_2459	0.0	-100.0	0.5
SNP_2460	0.0	-100.0	0.5
SNP_2461	0.535714	0.134359	0.674353
SNP_2462	0.05	0.0	0.594449
SNP_2463	0.05	0.0	0.594449
SNP_2464	0.427273	0.18557	0.785907
SNP_2465	0.090909	0.047619	0.766242
SNP_2466	0.427273	0.18557	0.785907
SNP_2467	0.354545	0.091768	0.601957
SNP_2468	0.427273	0.18557	0.785907
SNP_2469	0.107143	0.074074	0.935391
SNP_2470	0.107143	0.074074	0.935391
SNP_2471	0.446429	0.153579	0.777019
SNP_2472	0.446429	0.153579	0.777019
SNP_2473	0.446429	0.153579	0.777019
SNP_2474	0.446429	0.153579	0.777019
SNP_2475	0.505952	-0.013981	0.311508
SNP_2476	0.181818	0.142857	0.879903
SNP_2477	0.0	-100.0	0.5
SNP_2478	0.331731	0.143768	0.751072
SNP_2479	0.348485	-0.012152	0.286385
SNP_2480	0.318182	-0.002662	0.333225
SNP_2481	0.318182	-0.002662	0.333225
SNP_2482	0.318182	-0.002662	0.333225
SNP_2483	0.318182	-0.002662	0.333225
SNP_2484	0.534091	0.096758	0.586203
SNP_2485	0.464646	0.101936	0.651283
SNP_2486	0.611111	0.588235	1.0
SNP_2487	0.253205	0.106329	0.601221
SNP_2488	0.166667	0.130435	1.0
SNP_2489	0.166667	0.130435	1.0
SNP_2490	0.142857	0.076923	0.291947
SNP_2491	0.041667	0.0	0.5
SNP_2492	0.125	0.086957	1.0
SNP_2493	0.4375	0.4	0.958832
SNP_2494	0.4375	0.4	0.958832
SNP_2495	0.4375	0.4	0.958832
SNP_2496	0.083333	0.043478	1.0
SNP_2497	0.0	-100.0	0.5
SNP_2498	0.275	-0.02746	0.184159
SNP_2499	0.435897	-0.040205	0.0
SNP_2500	0.1	0.052632	0.794275
SNP_2501	0.277778	0.235294	0.84899
SNP_2502	0.277778	0.235294	0.84899
SNP_2503	0.125	0.086957	1.0
SNP_2504	0.079861	-0.043478	0.334304
SNP_2505	0.0	-100.0	0.5
SNP_2506	0.0	-100.0	0.5
SNP_2507	0.43007	0.164321	0.75304
SNP_2508	0.071429	0.037037	1.0
SNP_2509	0.227273	0.190476	0.846443
SNP_2510	0.227273	0.190476	0.846443
SNP_2511	0.227273	0.190476	0.846443
SNP_2512	0.166667	0.130435	1.0
SNP_2513	0.166667	0.130435	1.0
SNP_2514	0.166667	0.130435	1.0
SNP_2515	0.0	-100.0	0.5
SNP_2516	0.0	-100.0	0.5
SNP_2517	0.0	-100.0	0.5
SNP_2518	0.272727	0.238095	0.858635
SNP_2519	0.172619	-0.036482	0.0
SNP_2520	0.172619	-0.036482	0.0
SNP_2521	0.0	-100.0	0.5
SNP_2522	0.431818	-0.011696	0.305921
SNP_2523	0.431818	-0.011696	0.305921
SNP_2524	0.431818	-0.011696	0.305921
SNP_2525	0.5	-0.023917	0.247865
SNP_2526	0.114286	-0.039352	0.065737
SNP_2527	0.0	-100.0	0.5
SNP_2528	0.0	-100.0	0.5
SNP_2529	0.0	-100.0	0.5
SNP_2530	0.0	-100.0	0.5
SNP_2531	0.0	-100.0	0.5
SNP_2532	0.285714	0.230769	0.834592
SNP_2533	0.392857	0.080116	0.640347
SNP_2534	0.642857	0.432677	0.954611
SNP_2535	0.083333	0.043478	1.0
SNP_2536	0.0	-100.0	0.5
SNP_2537	0.0	-100.0	0.5
SNP_2538	0.0	-100.0	0.5
SNP_2539	0.0	-100.0	0.5
SNP_2540	0.0	-100.0	0.5
SNP_2541	0.0	-100.0	0.5
SNP_2542	0.0	-100.0	0.5
SNP_2543	0.05	0.0	0.594449
SNP_2544	0.526786	0.066186	0.50457
SNP_2545	0.229167	0.093168	0.576968
SNP_2546	0.041667	0.0	0.5
SNP_2547	0.041667	0.0	0.5
SNP_2548	0.375	0.347826	0.963138
SNP_2549	0.045455	0.0	0.594449
SNP_2550	0.071429	0.037037	1.0
SNP_2551	0.071429	0.037037	1.0
SNP_2552	0.071429	0.037037	1.0
SNP_2553	0.071429	0.037037	1.0
SNP_2554	0.071429	0.037037	1.0
SNP_2555	0.511364	0.003175	0.347559
SNP_2556	0.386364	-0.055462	0.0
SNP_2557	0.076923	0.04	1.0
SNP_2558	0.076923	0.04	1.0
SNP_2559	0.045455	0.0	0.594449
SNP_2560	0.076923	0.04	1.0
SNP_2561	0.451923	-0.021708	0.25998
SNP_2562	0.307692	0.28	0.944664
SNP_2563	0.307692	0.28	0.944664
SNP_2564	0.0	-100.0	0.5
SNP_2565	0.0	-100.0	0.5
SNP_2566	0.076923	0.04	1.0
SNP_2567	0.083333	0.043478	1.0
SNP_2568	0.083333	0.043478	1.0
