Locus	Het	Fst	P(Simul Fst<sample Fst)
SNP_1	0.204885	0.038325	0.512806
SNP_2	0.356838	0.021236	0.386763
SNP_3	0.05	0.052632	0.979233
SNP_4	0.113839	0.057067	0.636133
SNP_5	0.035714	0.037037	0.70799
SNP_6	0.035714	0.037037	0.70799
SNP_7	0.189851	0.006022	0.327737
SNP_8	0.189851	0.006022	0.327737
SNP_9	0.189851	0.006022	0.327737
SNP_10	0.014706	0.0	0.5
SNP_11	0.014706	0.0	0.5
SNP_12	0.014706	0.0	0.5
SNP_13	0.038194	-0.012987	0.0
SNP_14	0.038194	-0.012987	0.0
SNP_15	0.0	-100.0	0.5
SNP_16	0.249026	-0.012495	0.117952
SNP_17	0.034455	-0.011628	0.530663
SNP_18	0.188214	0.01888	0.430934
SNP_19	0.188214	0.01888	0.430934
SNP_20	0.188214	0.01888	0.430934
SNP_21	0.377025	0.029661	0.446365
SNP_22	0.207341	-0.038265	0.008064
SNP_23	0.105177	-0.031017	0.0
SNP_24	0.130548	-0.036324	0.0
SNP_25	0.105556	0.076659	0.709157
SNP_26	0.105556	0.076659	0.709157
SNP_27	0.105556	0.076659	0.709157
SNP_28	0.105556	0.076659	0.709157
SNP_29	0.020833	0.0	0.611403
SNP_30	0.162405	0.032736	0.515814
SNP_31	0.161905	0.087719	0.755244
SNP_32	0.370514	0.002379	0.238822
SNP_33	0.019231	0.0	0.5
SNP_34	0.134326	0.052264	0.61642
SNP_35	0.115264	0.009542	0.394805
SNP_36	0.282008	0.093948	0.775561
SNP_37	0.415791	-0.031475	0.036018
SNP_38	0.041667	0.043478	0.829772
SNP_39	0.234598	0.033886	0.465611
SNP_40	0.014706	0.0	0.5
SNP_41	0.374767	0.203808	0.966791
SNP_42	0.071429	0.111111	1.0
SNP_43	0.035714	0.037037	0.70799
SNP_44	0.071429	0.111111	1.0
SNP_45	0.045455	0.047619	0.904531
SNP_46	0.040104	-0.012987	0.0
SNP_47	0.040104	-0.012987	0.0
SNP_48	0.055556	0.005952	0.317289
SNP_49	0.04697	-0.016129	0.115366
SNP_50	0.115556	0.022647	0.477945
SNP_51	0.067901	0.003953	0.274435
SNP_52	0.068939	0.009419	0.312686
SNP_53	0.220076	0.142857	0.904858
SNP_54	0.105469	0.043167	0.577034
SNP_55	0.116422	0.05051	0.609035
SNP_56	0.234996	-0.032889	0.024643
SNP_57	0.496686	0.00116	0.270236
SNP_58	0.49416	0.121915	0.863255
SNP_59	0.212944	0.087576	0.755144
SNP_60	0.406764	0.019271	0.343813
SNP_61	0.192262	0.01607	0.410506
SNP_62	0.082702	-0.044929	0.0
SNP_63	0.020833	0.0	0.611403
SNP_64	0.020833	0.0	0.611403
SNP_65	0.154645	0.082658	0.760845
SNP_66	0.154645	0.082658	0.760845
SNP_67	0.154645	0.082658	0.760845
SNP_68	0.202612	0.023409	0.420202
SNP_69	0.248479	0.005732	0.25274
SNP_70	0.478352	0.137102	0.895407
SNP_71	0.022727	0.0	0.611403
SNP_72	0.022727	0.0	0.611403
SNP_73	0.022727	0.0	0.611403
SNP_74	0.0	-100.0	0.5
SNP_75	0.020833	0.0	0.611403
SNP_76	0.509601	0.088228	0.688622
SNP_77	0.509601	0.088228	0.688622
SNP_78	0.509601	0.088228	0.688622
SNP_79	0.509601	0.088228	0.688622
SNP_80	0.200415	0.096525	0.787819
SNP_81	0.0	-100.0	0.5
SNP_82	0.468487	0.065181	0.643459
SNP_83	0.0	-100.0	0.5
SNP_84	0.083333	0.024413	0.448463
SNP_85	0.044766	-0.015385	0.120824
SNP_86	0.044766	-0.015385	0.120824
SNP_87	0.161079	0.037514	0.541628
SNP_88	0.022727	0.0	0.611403
SNP_89	0.427452	-0.043888	0.006448
SNP_90	0.025	0.0	0.611403
SNP_91	0.05303	-0.017857	0.103107
SNP_92	0.231481	0.251839	0.988952
SNP_93	0.020833	0.0	0.611403
SNP_94	0.025	0.0	0.611403
SNP_95	0.025	0.0	0.611403
SNP_96	0.0	-100.0	0.5
SNP_97	0.025	0.0	0.611403
SNP_98	0.025	0.0	0.611403
SNP_99	0.159954	0.022241	0.41447
SNP_100	0.0625	0.066667	0.655855
SNP_101	0.0625	0.066667	0.655855
SNP_102	0.0625	0.066667	0.655855
SNP_103	0.36242	-0.034474	0.02349
SNP_104	0.36242	-0.034474	0.02349
SNP_105	0.354968	-0.035961	0.019837
SNP_106	0.0	-100.0	0.5
SNP_107	0.0	-100.0	0.5
SNP_108	0.058532	0.014001	0.406689
SNP_109	0.035714	0.037037	0.70799
SNP_110	0.0	-100.0	0.5
SNP_111	0.119925	-0.031725	0.0
SNP_112	0.252597	-0.03424	0.021262
SNP_113	0.236915	-0.026864	0.043928
SNP_114	0.236915	-0.026864	0.043928
SNP_115	0.4423	0.120443	0.86053
SNP_116	0.0	-100.0	0.5
SNP_117	0.1	0.157895	0.999091
SNP_118	0.017857	0.0	0.5
SNP_119	0.0	-100.0	0.5
SNP_120	0.081585	0.016816	0.36095
SNP_121	0.177178	0.032886	0.516635
SNP_122	0.177178	0.032886	0.516635
SNP_123	0.133013	0.062064	0.655866
SNP_124	0.512441	0.089991	0.696907
SNP_125	0.512441	0.089991	0.696907
SNP_126	0.512441	0.089991	0.696907
SNP_127	0.512441	0.089991	0.696907
SNP_128	0.020833	0.0	0.611403
SNP_129	0.413361	0.207165	0.961258
SNP_130	0.134615	0.24	0.995571
SNP_131	0.091146	0.042116	0.540599
SNP_132	0.457295	0.003183	0.250563
SNP_133	0.457295	0.003183	0.250563
SNP_134	0.457295	0.003183	0.250563
SNP_135	0.448541	-0.009034	0.156621
SNP_136	0.0	-100.0	0.5
SNP_137	0.0	-100.0	0.5
SNP_138	0.467758	0.033455	0.468983
SNP_139	0.136586	-0.000253	0.314366
SNP_140	0.136586	-0.000253	0.314366
SNP_141	0.134615	0.24	0.995571
SNP_142	0.134615	0.24	0.995571
SNP_143	0.441839	0.070173	0.672715
SNP_144	0.441839	0.070173	0.672715
SNP_145	0.441839	0.070173	0.672715
SNP_146	0.0	-100.0	0.5
SNP_147	0.413555	0.333144	0.993968
SNP_148	0.114528	0.05781	0.639117
SNP_149	0.114528	0.05781	0.639117
SNP_150	0.114528	0.05781	0.639117
SNP_151	0.073333	0.024295	0.406466
SNP_152	0.142857	0.109903	0.852903
SNP_153	0.162005	-0.047183	0.0
SNP_154	0.106996	0.022624	0.477819
SNP_155	0.053571	0.074074	1.0
SNP_156	0.130561	-0.034333	0.0
SNP_157	0.063725	0.022727	0.397162
SNP_158	0.063725	0.022727	0.397162
SNP_159	0.115385	0.2	0.9676
SNP_160	0.261072	0.053062	0.581378
SNP_161	0.249777	0.031654	0.450758
SNP_162	0.038462	0.04	0.72345
SNP_163	0.23872	-0.000944	0.200214
SNP_164	0.125	0.061636	0.654207
SNP_165	0.074672	-0.012611	0.138611
SNP_166	0.369042	0.107153	0.821563
SNP_167	0.260119	0.018814	0.356895
SNP_168	0.117622	0.135569	0.869051
SNP_169	0.490688	0.104993	0.817968
SNP_170	0.123397	0.100377	0.783216
SNP_171	0.277778	0.254773	0.983098
SNP_172	0.038462	0.04	0.72345
SNP_173	0.206288	0.145794	0.90985
SNP_174	0.398893	0.045034	0.509836
SNP_175	0.50552	0.067118	0.715753
SNP_176	0.507522	0.043791	0.585061
SNP_177	0.253579	-0.046586	0.0036
SNP_178	0.499138	-0.01494	0.136334
SNP_179	0.499138	-0.01494	0.136334
SNP_180	0.329429	0.020428	0.369646
SNP_181	0.065025	0.01387	0.342158
SNP_182	0.366489	0.116703	0.848289
SNP_183	0.275126	-3.4e-05	0.232377
SNP_184	0.399091	0.023126	0.371578
SNP_185	0.207942	-0.017803	0.098791
SNP_186	0.399091	0.023126	0.371578
SNP_187	0.207942	-0.017803	0.098791
SNP_188	0.104167	0.173913	0.935879
SNP_189	0.104167	0.173913	0.935879
SNP_190	0.321355	0.066823	0.679805
SNP_191	0.170609	0.011672	0.376157
SNP_192	0.03356	-0.011236	0.539283
SNP_193	0.389387	0.026809	0.397345
SNP_194	0.153069	0.031366	0.481415
SNP_195	0.03953	-0.013514	0.0
SNP_196	0.076923	0.12	1.0
SNP_197	0.076923	0.12	1.0
SNP_198	0.046875	0.064516	1.0
SNP_199	0.035714	0.0	0.611403
SNP_200	0.035714	0.0	0.611403
SNP_201	0.081111	0.019218	0.375893
SNP_202	0.439048	0.383222	0.998948
SNP_203	0.476222	0.003699	0.254605
SNP_204	0.382057	0.075081	0.669741
SNP_205	0.382057	0.075081	0.669741
SNP_206	0.357706	-0.025794	0.053519
SNP_207	0.17402	0.130546	0.861943
SNP_208	0.17402	0.130546	0.861943
SNP_209	0.046296	-0.015385	0.120824
SNP_210	0.327979	0.025245	0.405213
SNP_211	0.166667	0.193956	0.944159
SNP_212	0.090121	0.08569	0.744707
SNP_213	0.423229	0.025892	0.435039
SNP_214	0.132732	0.05515	0.628354
SNP_215	0.132732	0.05515	0.628354
SNP_216	0.0	-100.0	0.5
SNP_217	0.496247	0.019694	0.425098
SNP_218	0.022727	0.0	0.611403
SNP_219	0.03125	0.032258	0.69069
SNP_220	0.170368	-0.038375	0.0
SNP_221	0.321004	-0.012542	0.13821
SNP_222	0.321004	-0.012542	0.13821
SNP_223	0.0	-100.0	0.5
SNP_224	0.0	-100.0	0.5
SNP_225	0.437664	-0.011126	0.142611
SNP_226	0.100649	0.0454	0.556742
SNP_227	0.369694	0.142559	0.903023
SNP_228	0.0	-100.0	0.5
SNP_229	0.458352	0.07239	0.678915
SNP_230	0.47785	-0.052332	6.3e-05
SNP_231	0.47785	-0.052332	6.3e-05
SNP_232	0.13931	0.030606	0.47628
SNP_233	0.13931	0.030606	0.47628
SNP_234	0.378463	-0.02353	0.063859
SNP_235	0.216288	0.120067	0.857169
SNP_236	0.143308	0.097464	0.815479
SNP_237	0.13931	0.030606	0.47628
SNP_238	0.13931	0.030606	0.47628
SNP_239	0.506358	0.013232	0.373693
SNP_240	0.054823	-0.025293	0.05742
SNP_241	0.137037	0.001478	0.329924
SNP_242	0.059829	0.012422	0.388745
SNP_243	0.28125	0.380318	0.997367
SNP_244	0.015625	0.0	0.5
SNP_245	0.03125	0.0	0.611403
SNP_246	0.141534	0.1105	0.854522
SNP_247	0.141534	0.1105	0.854522
SNP_248	0.141534	0.1105	0.854522
SNP_249	0.212121	0.011014	0.327485
SNP_250	0.206019	0.008213	0.30503
SNP_251	0.386221	0.064079	0.613971
SNP_252	0.396515	-0.017239	0.089497
SNP_253	0.111032	-9.3e-05	0.31583
SNP_254	0.193649	-0.043962	0.0
SNP_255	0.029412	0.030303	0.684941
SNP_256	0.014706	0.0	0.5
SNP_257	0.057692	0.08	1.0
SNP_258	0.485462	0.188131	0.960642
SNP_259	0.083333	0.117647	0.877965
SNP_260	0.090909	0.142857	0.966889
SNP_261	0.168803	0.09224	0.769308
SNP_262	0.063131	0.008696	0.307765
SNP_263	0.275	-0.0066	0.180621
SNP_264	0.019231	0.0	0.5
SNP_265	0.360905	-0.01149	0.134641
SNP_266	0.079365	0.025	0.41061
SNP_267	0.016667	0.0	0.5
SNP_268	0.016667	0.0	0.5
SNP_269	0.016667	0.0	0.5
SNP_270	0.016667	0.0	0.5
SNP_271	0.0	-100.0	0.5
SNP_272	0.313313	0.01728	0.380989
SNP_273	0.071429	0.111111	1.0
SNP_274	0.071429	0.111111	1.0
SNP_275	0.079157	-0.016761	0.097709
SNP_276	0.141369	0.015549	0.358383
SNP_277	0.147185	0.005276	0.263207
SNP_278	0.083333	0.130435	0.925846
SNP_279	0.038462	0.04	0.72345
SNP_280	0.017857	0.0	0.5
SNP_281	0.055556	0.058824	1.0
SNP_282	0.035714	0.037037	0.70799
SNP_283	0.291667	0.565217	0.999764
SNP_284	0.291667	0.565217	0.999764
SNP_285	0.253949	0.009293	0.281303
SNP_286	0.291667	0.565217	0.999764
SNP_287	0.291667	0.565217	0.999764
SNP_288	0.291667	0.565217	0.999764
SNP_289	0.106872	-0.031646	0.0
SNP_290	0.49881	-0.056603	0.000324
SNP_291	0.49881	-0.056603	0.000324
SNP_292	0.34567	-0.020557	0.06899
SNP_293	0.34567	-0.020557	0.06899
SNP_294	0.352874	-0.026388	0.042429
SNP_295	0.07207	-0.004823	0.206991
SNP_296	0.212535	0.159956	0.930819
SNP_297	0.143867	0.018366	0.382664
SNP_298	0.25328	-0.037875	0.013748
SNP_299	0.079768	0.044693	0.518667
SNP_300	0.152032	0.048578	0.588623
SNP_301	0.017857	0.0	0.5
SNP_302	0.150132	0.022792	0.418835
SNP_303	0.0625	0.066667	0.655855
SNP_304	0.03125	0.032258	0.69069
SNP_305	0.355195	0.06547	0.652478
SNP_306	0.088889	0.018736	0.413244
SNP_307	0.40744	0.041587	0.490642
SNP_308	0.502381	-0.019785	0.102039
SNP_309	0.029412	0.030303	0.684941
SNP_310	0.42441	0.026115	0.436526
SNP_311	0.335686	0.048852	0.551927
SNP_312	0.290937	0.1811	0.945278
SNP_313	0.093551	0.011545	0.363054
SNP_314	0.093551	0.011545	0.363054
SNP_315	0.093551	0.011545	0.363054
SNP_316	0.498278	0.129737	0.912116
SNP_317	0.305336	0.00377	0.270605
SNP_318	0.090946	0.083877	0.736697
SNP_319	0.219643	0.055658	0.608375
SNP_320	0.268981	0.038564	0.509969
SNP_321	0.154762	0.140126	0.917766
SNP_322	0.154762	0.140126	0.917766
SNP_323	0.179339	-0.014428	0.121462
SNP_324	0.137255	0.184524	0.967729
SNP_325	0.179144	-0.032887	0.000177
SNP_326	0.475869	0.13785	0.894606
SNP_327	0.475869	0.13785	0.894606
SNP_328	0.260078	0.086245	0.751024
SNP_329	0.048363	0.005459	0.312014
SNP_330	0.112554	0.051282	0.612297
SNP_331	0.112554	0.051282	0.612297
SNP_332	0.112554	0.051282	0.612297
SNP_333	0.053571	0.074074	1.0
SNP_334	0.053571	0.074074	1.0
SNP_335	0.0625	0.086957	0.835112
SNP_336	0.19311	0.02264	0.456463
SNP_337	0.193878	0.021139	0.40419
SNP_338	0.210227	0.057303	0.617015
SNP_339	0.178965	0.027732	0.48787
SNP_340	0.05303	-0.017857	0.103107
SNP_341	0.098333	-0.018436	0.059918
SNP_342	0.083907	-0.016713	0.081692
SNP_343	0.172083	0.003164	0.301448
SNP_344	0.068182	0.095238	0.939156
SNP_345	0.022727	0.0	0.611403
SNP_346	0.533368	0.239707	0.963653
SNP_347	0.533368	0.239707	0.963653
SNP_348	0.019231	0.0	0.5
SNP_349	0.35122	0.007309	0.266323
SNP_350	0.098485	0.046836	0.563771
SNP_351	0.098485	0.046836	0.563771
SNP_352	0.051215	0.002734	0.283375
SNP_353	0.051215	0.002734	0.283375
SNP_354	0.051215	0.002734	0.283375
SNP_355	0.03125	0.032258	0.69069
SNP_356	0.438447	0.075154	0.697103
SNP_357	0.0	-100.0	0.5
SNP_358	0.317975	0.006578	0.294188
SNP_359	0.317975	0.006578	0.294188
SNP_360	0.317975	0.006578	0.294188
SNP_361	0.317975	0.006578	0.294188
SNP_362	0.450959	-0.007317	0.168465
SNP_363	0.090909	0.142857	0.966889
SNP_364	0.093941	-0.007393	0.192056
SNP_365	0.093941	-0.007393	0.192056
SNP_366	0.093941	-0.007393	0.192056
SNP_367	0.398818	-0.01389	0.108415
SNP_368	0.432284	0.047598	0.562114
SNP_369	0.488258	0.042643	0.547647
SNP_370	0.488258	0.042643	0.547647
SNP_371	0.083333	0.130435	0.925846
SNP_372	0.347884	0.455826	0.999255
SNP_373	0.342524	-0.016933	0.088939
SNP_374	0.342524	-0.016933	0.088939
SNP_375	0.35016	0.188594	0.95265
SNP_376	0.35016	0.188594	0.95265
SNP_377	0.020833	0.0	0.611403
SNP_378	0.049663	-0.016949	0.109475
SNP_379	0.063131	0.008696	0.307765
SNP_380	0.063131	0.008696	0.307765
SNP_381	0.05303	0.001152	0.267177
SNP_382	0.202232	-0.038949	0.006919
SNP_383	0.045139	-0.015385	0.120824
SNP_384	0.051709	0.0057	0.314589
SNP_385	0.096154	-0.021645	0.021273
SNP_386	0.243552	0.176481	0.9533
SNP_387	0.05	0.052632	0.979233
SNP_388	0.05	0.052632	0.979233
SNP_389	0.05	0.052632	0.979233
SNP_390	0.202904	0.127327	0.874214
SNP_391	0.461253	0.032652	0.464056
SNP_392	0.461253	0.032652	0.464056
SNP_393	0.363601	0.09192	0.770149
SNP_394	0.372633	0.227253	0.977864
SNP_395	0.160714	0.296296	0.990074
SNP_396	0.160714	0.296296	0.990074
SNP_397	0.160714	0.296296	0.990074
SNP_398	0.079167	0.006925	0.295539
SNP_399	0.49452	-0.008706	0.188352
SNP_400	0.35445	-0.026765	0.049401
SNP_401	0.121693	0.028526	0.508121
SNP_402	0.500496	-0.026004	0.064838
SNP_403	0.13961	0.046296	0.574941
SNP_404	0.0	-100.0	0.5
SNP_405	0.0625	0.086957	0.835112
SNP_406	0.0625	0.086957	0.835112
SNP_407	0.480285	0.005263	0.30171
SNP_408	0.480285	0.005263	0.30171
SNP_409	0.165994	0.084558	0.744953
SNP_410	0.261863	0.129526	0.873028
SNP_411	0.199167	0.086231	0.749911
SNP_412	0.388611	-0.017362	0.088834
SNP_413	0.388611	-0.017362	0.088834
SNP_414	0.020833	0.0	0.611403
SNP_415	0.522436	0.188098	0.957614
SNP_416	0.080411	-0.037685	0.0
SNP_417	0.0	-100.0	0.5
SNP_418	0.469171	0.029593	0.444738
SNP_419	0.038462	0.04	0.72345
SNP_420	0.038462	0.04	0.72345
SNP_421	0.038462	0.04	0.72345
SNP_422	0.03125	0.0	0.611403
SNP_423	0.035714	0.037037	0.70799
SNP_424	0.092643	-0.009001	0.174303
SNP_425	0.174451	0.019553	0.435653
SNP_426	0.072344	0.014234	0.344509
SNP_427	0.038462	0.04	0.72345
SNP_428	0.455429	0.19341	0.964599
SNP_429	0.186275	0.123332	0.847677
SNP_430	0.139749	0.051297	0.604638
SNP_431	0.063725	0.012765	0.334968
SNP_432	0.278564	0.00563	0.278014
SNP_433	0.264338	-0.010054	0.154593
SNP_434	0.504213	0.094297	0.826302
SNP_435	0.058824	0.090909	1.0
SNP_436	0.258195	0.08802	0.758449
SNP_437	0.369296	0.000305	0.222408
SNP_438	0.291599	0.097299	0.787045
SNP_439	0.017857	0.0	0.5
SNP_440	0.477273	-0.022148	0.088615
SNP_441	0.0	-100.0	0.5
SNP_442	0.020833	0.0	0.611403
SNP_443	0.035131	-0.011628	0.530663
SNP_444	0.074672	-0.012611	0.138611
SNP_445	0.102802	-0.017066	0.1283
SNP_446	0.361953	-0.006717	0.16863
SNP_447	0.0	-100.0	0.5
SNP_448	0.106227	0.054713	0.626564
SNP_449	0.075	0.105263	1.0
SNP_450	0.434059	-0.023245	0.073035
SNP_451	0.063725	0.022727	0.397162
SNP_452	0.035714	0.037037	0.70799
SNP_453	0.10311	-0.012255	0.188131
SNP_454	0.0	-100.0	0.5
SNP_455	0.122364	0.013789	0.424479
SNP_456	0.131416	-0.002876	0.289586
SNP_457	0.071429	0.111111	1.0
SNP_458	0.071429	0.111111	1.0
SNP_459	0.166934	0.01758	0.421629
SNP_460	0.038462	0.04	0.72345
SNP_461	0.057692	0.08	1.0
SNP_462	0.48877	0.02905	0.471195
SNP_463	0.227881	0.035245	0.474408
SNP_464	0.136894	0.010947	0.40494
SNP_465	0.232143	0.444444	0.999642
SNP_466	0.232143	0.444444	0.999642
SNP_467	0.232143	0.444444	0.999642
SNP_468	0.232143	0.444444	0.999642
SNP_469	0.033333	0.034483	0.698014
SNP_470	0.033333	0.034483	0.698014
SNP_471	0.033333	0.034483	0.698014
SNP_472	0.033333	0.034483	0.698014
SNP_473	0.056706	0.009739	0.358657
SNP_474	0.327797	0.146728	0.90362
SNP_475	0.169287	0.013987	0.394602
SNP_476	0.36447	-0.000909	0.212884
SNP_477	0.36447	-0.000909	0.212884
SNP_478	0.060422	-0.028116	0.043289
SNP_479	0.187623	0.001774	0.288247
SNP_480	0.187623	0.001774	0.288247
SNP_481	0.014706	0.0	0.5
SNP_482	0.457465	-0.010925	0.143677
SNP_483	0.025	0.0	0.611403
SNP_484	0.025	0.0	0.611403
SNP_485	0.0	-100.0	0.5
SNP_486	0.14951	0.158967	0.944019
SNP_487	0.522268	0.141743	0.880097
SNP_488	0.232143	-0.023487	0.057846
SNP_489	0.232143	-0.023487	0.057846
SNP_490	0.235641	0.049883	0.562677
SNP_491	0.352881	-0.01061	0.129213
SNP_492	0.0	-100.0	0.5
SNP_493	0.0	-100.0	0.5
SNP_494	0.0	-100.0	0.5
SNP_495	0.229167	0.133014	0.893015
SNP_496	0.516827	0.087825	0.686711
SNP_497	0.375115	-0.022838	0.067222
SNP_498	0.022727	0.0	0.611403
SNP_499	0.022727	0.0	0.611403
SNP_500	0.27609	-0.00728	0.175413
SNP_501	0.243113	0.372319	0.998773
SNP_502	0.240909	0.364945	0.998603
SNP_503	0.238782	0.245579	0.987563
SNP_504	0.267877	-0.052184	0.00079
SNP_505	0.254843	-0.048648	0.002421
SNP_506	0.179167	0.097883	0.785826
SNP_507	0.415342	0.128418	0.866687
SNP_508	0.501894	-0.027014	0.059615
SNP_509	0.228716	-0.037868	0.013761
SNP_510	0.225191	-0.0364	0.016528
SNP_511	0.056706	0.009739	0.358657
SNP_512	0.118778	0.030791	0.5192
SNP_513	0.273875	-0.03747	0.016286
SNP_514	0.307092	0.044026	0.556255
SNP_515	0.307092	0.044026	0.556255
SNP_516	0.47619	0.13344	0.885532
SNP_517	0.47619	0.13344	0.885532
SNP_518	0.072344	0.014234	0.344509
SNP_519	0.233018	0.013422	0.314393
SNP_520	0.417421	0.004391	0.273986
SNP_521	0.417421	0.004391	0.273986
SNP_522	0.417421	0.004391	0.273986
SNP_523	0.297996	0.002633	0.26103
SNP_524	0.228716	-0.048545	0.002471
SNP_525	0.360029	0.004242	0.253672
SNP_526	0.360029	0.004242	0.253672
SNP_527	0.504861	0.010334	0.349503
SNP_528	0.169511	-0.037487	0.0
SNP_529	0.344315	0.044658	0.527888
SNP_530	0.104167	0.03659	0.546891
SNP_531	0.31713	0.409798	0.99864
SNP_532	0.375482	0.007446	0.279316
SNP_533	0.176848	0.253731	0.978463
SNP_534	0.353179	0.086777	0.740666
SNP_535	0.353179	0.086777	0.740666
SNP_536	0.353179	0.086777	0.740666
SNP_537	0.052413	0.014964	0.417699
SNP_538	0.099765	-0.038338	0.0
SNP_539	0.099765	-0.038338	0.0
SNP_540	0.298589	0.102886	0.820702
SNP_541	0.225	0.421053	0.99994
SNP_542	0.064977	-0.030493	0.0
SNP_543	0.052413	0.014964	0.417699
SNP_544	0.2	0.368421	0.999583
SNP_545	0.245833	0.254043	0.989402
SNP_546	0.245833	0.254043	0.989402
SNP_547	0.500904	0.060139	0.679902
SNP_548	0.505495	0.064539	0.70286
SNP_549	0.166588	-0.000764	0.263488
SNP_550	0.166588	-0.000764	0.263488
SNP_551	0.166588	-0.000764	0.263488
SNP_552	0.311298	0.045561	0.565209
SNP_553	0.309904	0.015385	0.366151
SNP_554	0.309904	0.015385	0.366151
SNP_555	0.051852	-0.017857	0.103107
SNP_556	0.073333	0.013158	0.337534
SNP_557	0.051852	-0.017857	0.103107
SNP_558	0.051852	-0.017857	0.103107
SNP_559	0.285757	0.351482	0.996032
SNP_560	0.458829	0.171083	0.945098
SNP_561	0.458829	0.171083	0.945098
SNP_562	0.405	0.045214	0.510834
SNP_563	0.015625	0.0	0.5
SNP_564	0.041667	0.043478	0.829772
SNP_565	0.038462	0.04	0.72345
SNP_566	0.204157	-0.038788	0.007178
SNP_567	0.091117	-0.011312	0.14779
SNP_568	0.153472	0.022141	0.413674
SNP_569	0.153472	0.022141	0.413674
SNP_570	0.155065	0.055316	0.627675
SNP_571	0.161919	0.027451	0.486229
SNP_572	0.161919	0.027451	0.486229
SNP_573	0.161919	0.027451	0.486229
SNP_574	0.161919	0.027451	0.486229
SNP_575	0.25923	-0.012202	0.119833
SNP_576	0.25923	-0.012202	0.119833
SNP_577	0.083333	0.130435	0.925846
SNP_578	0.125	0.217391	0.982871
SNP_579	0.125	0.217391	0.982871
SNP_580	0.507448	0.059478	0.67635
SNP_581	0.283642	-0.016628	0.108842
SNP_582	0.386243	0.063393	0.61035
SNP_583	0.418403	0.085591	0.741948
SNP_584	0.440144	-0.021323	0.082563
SNP_585	0.025	0.0	0.611403
SNP_586	0.333667	-0.00825	0.145741
SNP_587	0.280417	0.214549	0.968104
SNP_588	0.022727	0.0	0.611403
SNP_589	0.090946	0.083877	0.736697
SNP_590	0.0	-100.0	0.5
SNP_591	0.042929	-0.014706	0.125899
SNP_592	0.35616	0.033135	0.469032
SNP_593	0.035714	0.037037	0.70799
SNP_594	0.0	-100.0	0.5
SNP_595	0.063725	0.012765	0.334968
SNP_596	0.297884	-0.018021	0.099861
SNP_597	0.109207	-0.006243	0.255537
SNP_598	0.109207	-0.006243	0.255537
SNP_599	0.245177	-0.034911	0.019704
SNP_600	0.292619	-0.014382	0.12381
SNP_601	0.109207	-0.006243	0.255537
SNP_602	0.153523	-0.009465	0.122804
SNP_603	0.295833	0.328553	0.995551
SNP_604	0.464352	0.613603	1.0
SNP_605	0.065278	0.006476	0.292399
SNP_606	0.067901	0.003953	0.274435
SNP_607	0.07533	-0.0131	0.133973
SNP_608	0.520365	0.167212	0.930595
SNP_609	0.0	-100.0	0.5
SNP_610	0.071429	0.111111	1.0
SNP_611	0.041667	0.043478	0.829772
SNP_612	0.2097	0.00254	0.25856
SNP_613	0.2097	0.00254	0.25856
SNP_614	0.139028	0.06462	0.677761
SNP_615	0.038462	0.04	0.72345
SNP_616	0.038462	0.04	0.72345
SNP_617	0.016667	0.0	0.5
SNP_618	0.05	0.052632	0.979233
SNP_619	0.050397	0.00706	0.329241
SNP_620	0.0	-100.0	0.5
SNP_621	0.050397	0.00706	0.329241
SNP_622	0.130366	0.037841	0.55273
SNP_623	0.090774	-0.029144	0.0
SNP_624	0.454438	0.197823	0.96746
SNP_625	0.454438	0.197823	0.96746
SNP_626	0.454438	0.197823	0.96746
SNP_627	0.041667	0.043478	0.829772
SNP_628	0.0625	0.086957	0.835112
SNP_629	0.200231	0.16661	0.93908
SNP_630	0.290415	-0.006516	0.181267
SNP_631	0.290415	-0.006516	0.181267
SNP_632	0.290415	-0.006516	0.181267
SNP_633	0.055556	0.058824	1.0
SNP_634	0.055556	0.058824	1.0
SNP_635	0.055556	0.058824	1.0
SNP_636	0.28276	0.023101	0.41211
SNP_637	0.0	-100.0	0.5
SNP_638	0.139744	0.088896	0.785287
SNP_639	0.157692	0.119428	0.876966
SNP_640	0.157692	0.119428	0.876966
SNP_641	0.019231	0.0	0.5
SNP_642	0.074846	0.023044	0.399053
SNP_643	0.074846	0.023044	0.399053
SNP_644	0.074846	0.023044	0.399053
SNP_645	0.074846	0.023044	0.399053
SNP_646	0.029412	0.030303	0.684941
SNP_647	0.035714	0.0	0.611403
SNP_648	0.484917	0.124891	0.870145
SNP_649	0.148315	0.041948	0.548349
SNP_650	0.126728	0.082222	0.727854
SNP_651	0.126728	0.082222	0.727854
SNP_652	0.497106	8.6e-05	0.260859
SNP_653	0.130952	0.095571	0.769366
SNP_654	0.149591	0.056332	0.633371
SNP_655	0.365196	0.030832	0.45414
SNP_656	0.365196	0.030832	0.45414
SNP_657	0.130471	0.124478	0.844772
SNP_658	0.258578	0.085414	0.747487
SNP_659	0.476955	0.009657	0.336296
SNP_660	0.205929	0.057987	0.620577
SNP_661	0.205929	0.057987	0.620577
SNP_662	0.50497	0.091638	0.817439
SNP_663	0.505287	0.087839	0.804081
SNP_664	0.151042	0.152101	0.935467
SNP_665	0.19213	-0.017444	0.090888
SNP_666	0.151042	0.152101	0.935467
SNP_667	0.461032	0.008438	0.291666
SNP_668	0.027778	0.0	0.611403
SNP_669	0.252448	0.033647	0.464044
SNP_670	0.081019	0.016149	0.356742
SNP_671	0.081019	0.016149	0.356742
SNP_672	0.208522	0.04022	0.523506
SNP_673	0.129196	-0.005931	0.258801
SNP_674	0.129196	-0.005931	0.258801
SNP_675	0.046224	-0.014085	0.130617
SNP_676	0.017857	0.0	0.5
SNP_677	0.072344	0.014234	0.344509
SNP_678	0.474874	-0.030184	0.035636
SNP_679	0.474874	-0.030184	0.035636
SNP_680	0.308532	-0.027142	0.048859
SNP_681	0.299309	-0.030403	0.035242
SNP_682	0.308532	-0.027142	0.048859
SNP_683	0.413786	0.036579	0.500728
SNP_684	0.308532	-0.027142	0.048859
SNP_685	0.396452	0.005312	0.239908
SNP_686	0.396452	0.005312	0.239908
SNP_687	0.164018	-0.023611	0.036496
SNP_688	0.164018	-0.023611	0.036496
SNP_689	0.511784	0.065865	0.574761
SNP_690	0.019231	0.0	0.5
SNP_691	0.019231	0.0	0.5
SNP_692	0.369634	0.152829	0.918966
SNP_693	0.12037	0.06689	0.67419
SNP_694	0.252755	0.060657	0.624797
SNP_695	0.096591	0.048252	0.570681
SNP_696	0.1886	0.0328	0.516165
SNP_697	0.1886	0.0328	0.516165
SNP_698	0.140453	0.047266	0.580782
SNP_699	0.140453	0.047266	0.580782
SNP_700	0.364996	0.329581	0.995967
SNP_701	0.1	0.05117	0.584858
SNP_702	0.1	0.05117	0.584858
SNP_703	0.1	0.05117	0.584858
SNP_704	0.1	0.05117	0.584858
SNP_705	0.357826	0.076407	0.705569
SNP_706	0.125992	0.079995	0.720472
SNP_707	0.221154	0.130435	0.880955
SNP_708	0.443643	0.01248	0.31716
SNP_709	0.210254	-0.021415	0.075429
SNP_710	0.210254	-0.021415	0.075429
SNP_711	0.210254	-0.021415	0.075429
SNP_712	0.210254	-0.021415	0.075429
SNP_713	0.309401	-0.035027	0.020312
SNP_714	0.071212	0.015677	0.353748
SNP_715	0.045455	0.047619	0.904531
SNP_716	0.300794	-0.035964	0.017896
SNP_717	0.246393	0.021702	0.379072
SNP_718	0.293074	-0.043344	0.006436
SNP_719	0.282323	0.032758	0.475999
SNP_720	0.071429	0.076923	0.737088
SNP_721	0.036988	-0.012048	0.517949
SNP_722	0.364005	0.082896	0.734131
SNP_723	0.410172	0.069474	0.673603
SNP_724	0.371048	-0.03183	0.031034
SNP_725	0.371048	-0.03183	0.031034
SNP_726	0.371048	-0.03183	0.031034
SNP_727	0.014706	0.0	0.5
SNP_728	0.333396	0.00084	0.214614
SNP_729	0.074185	-0.007083	0.188115
SNP_730	0.025	0.0	0.611403
SNP_731	0.055556	0.005952	0.317289
SNP_732	0.199567	0.13977	0.899349
SNP_733	0.055556	0.005952	0.317289
SNP_734	0.076923	0.12	1.0
SNP_735	0.088303	-0.010255	0.160062
SNP_736	0.479336	-0.037813	0.015035
SNP_737	0.479336	-0.037813	0.015035
SNP_738	0.262847	0.123903	0.860888
SNP_739	0.07086	-0.033477	0.0
SNP_740	0.042929	-0.014706	0.125899
SNP_741	0.520728	0.123345	0.828404
SNP_742	0.510281	0.215066	0.978969
SNP_743	0.510281	0.215066	0.978969
SNP_744	0.038462	0.04	0.72345
SNP_745	0.371013	0.115653	0.845542
SNP_746	0.038462	0.04	0.72345
SNP_747	0.447738	0.013471	0.324726
SNP_748	0.038462	0.04	0.72345
SNP_749	0.045139	-0.015385	0.120824
SNP_750	0.045139	-0.015385	0.120824
SNP_751	0.038462	0.04	0.72345
SNP_752	0.083333	0.117647	0.877965
SNP_753	0.083333	0.117647	0.877965
SNP_754	0.083333	0.117647	0.877965
SNP_755	0.4899	-0.03185	0.035639
SNP_756	0.349596	-0.030396	0.028348
SNP_757	0.455052	0.262919	0.990556
SNP_758	0.455052	0.262919	0.990556
SNP_759	0.437538	0.239394	0.985268
SNP_760	0.177579	0.018768	0.430142
SNP_761	0.055556	0.058824	1.0
SNP_762	0.055556	0.058824	1.0
SNP_763	0.520833	0.213017	0.977759
SNP_764	0.387754	-0.022991	0.061094
SNP_765	0.05787	-0.002581	0.23032
SNP_766	0.093232	0.023915	0.445515
SNP_767	0.406092	0.010315	0.277331
SNP_768	0.092949	0.079606	0.717653
SNP_769	0.463558	0.059415	0.613627
SNP_770	0.45849	0.074701	0.689809
SNP_771	0.30211	0.023433	0.426998
SNP_772	0.334943	0.017455	0.346887
SNP_773	0.025	0.0	0.611403
SNP_774	0.042262	-0.014084	0.130625
SNP_775	0.042262	-0.014084	0.130625
SNP_776	0.0	-100.0	0.5
SNP_777	0.340516	-0.004466	0.173569
SNP_778	0.510842	0.058957	0.537585
SNP_779	0.364802	0.04555	0.542612
SNP_780	0.27058	-0.014437	0.123435
SNP_781	0.490741	0.125872	0.87235
SNP_782	0.298032	-0.001212	0.228726
SNP_783	0.298032	-0.001212	0.228726
SNP_784	0.298032	-0.001212	0.228726
SNP_785	0.203515	-0.004015	0.204422
SNP_786	0.460938	0.043142	0.524489
SNP_787	0.094599	-0.014596	0.108184
SNP_788	0.107176	-0.008219	0.23433
SNP_789	0.0	-100.0	0.5
SNP_790	0.020833	0.0	0.611403
SNP_791	0.049428	0.001503	0.270743
SNP_792	0.035714	0.037037	0.70799
SNP_793	0.158838	0.014273	0.347086
SNP_794	0.306534	0.013311	0.349605
SNP_795	0.158838	0.014273	0.347086
SNP_796	0.125	0.217391	0.982871
SNP_797	0.414611	-0.02926	0.04477
SNP_798	0.414611	-0.02926	0.04477
SNP_799	0.388692	0.095784	0.760444
SNP_800	0.319097	0.004899	0.280103
SNP_801	0.364548	0.062399	0.63652
SNP_802	0.020833	0.0	0.611403
SNP_803	0.437576	-0.027269	0.055144
SNP_804	0.181946	0.065022	0.67231
SNP_805	0.181946	0.065022	0.67231
SNP_806	0.181946	0.065022	0.67231
SNP_807	0.020833	0.0	0.611403
SNP_808	0.423118	0.034866	0.490989
SNP_809	0.457521	-0.031102	0.032288
SNP_810	0.263302	0.019817	0.388414
SNP_811	0.263302	0.019817	0.388414
SNP_812	0.333667	0.253364	0.983923
SNP_813	0.418981	-0.007706	0.178244
SNP_814	0.085897	0.018696	0.412983
SNP_815	0.0	-100.0	0.5
SNP_816	0.21499	0.169908	0.942838
SNP_817	0.071549	0.006723	0.294128
SNP_818	0.069094	-0.032487	0.0
SNP_819	0.074846	0.023044	0.399053
SNP_820	0.074846	0.023044	0.399053
SNP_821	0.074846	0.023044	0.399053
SNP_822	0.473056	0.159257	0.930346
SNP_823	0.473056	0.159257	0.930346
SNP_824	0.315227	0.066944	0.680395
SNP_825	0.328817	0.138048	0.888364
SNP_826	0.0	-100.0	0.5
SNP_827	0.0	-100.0	0.5
SNP_828	0.419828	0.101952	0.798645
SNP_829	0.472822	0.055202	0.591124
SNP_830	0.184007	0.04324	0.571504
SNP_831	0.046569	0.004101	0.29763
SNP_832	0.405588	0.058756	0.585522
SNP_833	0.071429	0.036325	0.474239
SNP_834	0.4255	0.065012	0.652477
SNP_835	0.140826	-0.021942	0.032029
SNP_836	0.411138	-0.009642	0.163601
SNP_837	0.140826	-0.021942	0.032029
SNP_838	0.014706	0.0	0.5
SNP_839	0.014706	0.0	0.5
SNP_840	0.078566	0.000436	0.248409
SNP_841	0.109127	0.052964	0.619339
SNP_842	0.302143	-0.046345	0.002679
SNP_843	0.334062	-0.017982	0.08291
SNP_844	0.334062	-0.017982	0.08291
SNP_845	0.223098	0.064961	0.655841
SNP_846	0.520776	0.19331	0.962767
SNP_847	0.520776	0.19331	0.962767
SNP_848	0.05345	-0.024691	0.060671
SNP_849	0.41365	0.118641	0.844591
SNP_850	0.325881	-0.000706	0.202469
SNP_851	0.035714	0.037037	0.70799
SNP_852	0.035714	0.037037	0.70799
SNP_853	0.035714	0.037037	0.70799
SNP_854	0.016667	0.0	0.5
SNP_855	0.016667	0.0	0.5
SNP_856	0.016667	0.0	0.5
SNP_857	0.199301	0.139048	0.898021
SNP_858	0.285833	-0.008955	0.162753
SNP_859	0.020833	0.0	0.611403
SNP_860	0.28714	0.002882	0.25585
SNP_861	0.28714	0.002882	0.25585
SNP_862	0.28714	0.002882	0.25585
SNP_863	0.205465	0.076636	0.710099
SNP_864	0.205465	0.076636	0.710099
SNP_865	0.205465	0.076636	0.710099
SNP_866	0.191568	-0.037036	0.0
SNP_867	0.241621	-0.034526	0.020588
SNP_868	0.241621	-0.034526	0.020588
SNP_869	0.191568	-0.037036	0.0
SNP_870	0.241621	-0.034526	0.020588
SNP_871	0.041667	0.043478	0.829772
SNP_872	0.0	-100.0	0.5
SNP_873	0.166296	-0.002796	0.243107
SNP_874	0.176667	0.192206	0.942678
SNP_875	0.0	-100.0	0.5
SNP_876	0.333238	0.000449	0.211531
SNP_877	0.333238	0.000449	0.211531
SNP_878	0.142743	0.023705	0.425978
SNP_879	0.115385	0.2	0.9676
SNP_880	0.115385	0.2	0.9676
SNP_881	0.528883	0.209429	0.938814
SNP_882	0.528883	0.209429	0.938814
SNP_883	0.458677	0.040742	0.511054
SNP_884	0.458677	0.040742	0.511054
SNP_885	0.458677	0.040742	0.511054
SNP_886	0.18099	0.015488	0.406128
SNP_887	0.46201	0.180203	0.954506
SNP_888	0.46201	0.180203	0.954506
SNP_889	0.300767	0.00029	0.241315
SNP_890	0.353897	0.258484	0.985213
SNP_891	0.035714	0.037037	0.70799
SNP_892	0.273728	0.031049	0.46537
SNP_893	0.0	-100.0	0.5
SNP_894	0.036988	-0.012048	0.517949
SNP_895	0.437202	-0.018065	0.10009
SNP_896	0.437202	-0.018065	0.10009
SNP_897	0.439477	-0.013929	0.124652
SNP_898	0.157986	0.094123	0.804157
SNP_899	0.157986	0.094123	0.804157
SNP_900	0.436847	-0.024203	0.06852
SNP_901	0.436847	-0.024203	0.06852
SNP_902	0.436847	-0.024203	0.06852
SNP_903	0.264347	-0.01723	0.104963
SNP_904	0.027778	0.0	0.611403
SNP_905	0.322391	0.076983	0.726543
SNP_906	0.485901	0.306169	0.997692
SNP_907	0.485901	0.306169	0.997692
SNP_908	0.088828	0.068729	0.668068
SNP_909	0.041111	-0.013514	0.0
SNP_910	0.083333	0.130435	0.925846
SNP_911	0.083333	0.130435	0.925846
SNP_912	0.083333	0.130435	0.925846
SNP_913	0.500498	0.143528	0.932913
SNP_914	0.476263	0.125389	0.867236
SNP_915	0.476263	0.125389	0.867236
SNP_916	0.476263	0.125389	0.867236
SNP_917	0.101331	-0.039424	0.0
SNP_918	0.085311	-0.046015	0.0
SNP_919	0.101331	-0.039424	0.0
SNP_920	0.029412	0.030303	0.684941
SNP_921	0.0	-100.0	0.5
SNP_922	0.25463	0.042455	0.518354
SNP_923	0.378367	0.126982	0.872871
SNP_924	0.03356	-0.011236	0.539283
SNP_925	0.114284	-0.00459	0.272576
SNP_926	0.231685	0.066767	0.658021
SNP_927	0.231685	0.066767	0.658021
SNP_928	0.09282	0.024484	0.448881
SNP_929	0.0625	0.086957	0.835112
SNP_930	0.177399	0.080727	0.731957
SNP_931	0.142857	0.230769	0.989246
SNP_932	0.142857	0.230769	0.989246
SNP_933	0.142857	0.230769	0.989246
SNP_934	0.142857	0.230769	0.989246
SNP_935	0.142857	0.230769	0.989246
SNP_936	0.014706	0.0	0.5
SNP_937	0.157818	0.079333	0.746934
SNP_938	0.079004	0.016743	0.360491
SNP_939	0.157818	0.079333	0.746934
SNP_940	0.119697	-0.018476	0.110003
SNP_941	0.498021	0.177226	0.965367
SNP_942	0.392523	0.04088	0.486603
SNP_943	0.185062	0.073106	0.704329
SNP_944	0.185062	0.073106	0.704329
SNP_945	0.170406	0.097784	0.785546
SNP_946	0.447478	0.208834	0.973632
SNP_947	0.31784	0.052659	0.605647
SNP_948	0.063131	0.008696	0.307765
SNP_949	0.063131	0.008696	0.307765
SNP_950	0.044766	-0.015385	0.120824
SNP_951	0.44791	0.07809	0.710892
SNP_952	0.0	-100.0	0.5
SNP_953	0.270885	0.07111	0.68257
SNP_954	0.425832	0.199628	0.956459
SNP_955	0.0	-100.0	0.5
SNP_956	0.045455	0.047619	0.904531
SNP_957	0.403276	-0.011207	0.124687
SNP_958	0.450521	0.109462	0.830158
SNP_959	0.450521	0.109462	0.830158
SNP_960	0.450521	0.109462	0.830158
SNP_961	0.239025	0.037117	0.48621
SNP_962	0.239025	0.037117	0.48621
SNP_963	0.022727	0.0	0.611403
SNP_964	0.188968	-0.032588	0.000299
SNP_965	0.175892	-0.06091	0.0
SNP_966	0.175892	-0.06091	0.0
SNP_967	0.104261	-0.009953	0.214955
SNP_968	0.020833	0.0	0.611403
SNP_969	0.041667	0.043478	0.829772
SNP_970	0.197392	-0.019093	0.090163
SNP_971	0.045455	0.047619	0.904531
SNP_972	0.166934	0.013905	0.393962
SNP_973	0.079004	0.016743	0.360491
SNP_974	0.136203	-0.04739	0.0
SNP_975	0.506429	0.014242	0.381975
SNP_976	0.107741	0.01227	0.414192
SNP_977	0.0	-100.0	0.5
SNP_978	0.097643	0.021153	0.428681
SNP_979	0.019231	0.0	0.5
SNP_980	0.100964	-0.035626	0.0
SNP_981	0.014706	0.0	0.5
SNP_982	0.014706	0.0	0.5
SNP_983	0.014706	0.0	0.5
SNP_984	0.019231	0.0	0.5
SNP_985	0.019231	0.0	0.5
SNP_986	0.0625	0.086957	0.835112
SNP_987	0.506803	0.002595	0.28277
SNP_988	0.104167	0.173913	0.935879
SNP_989	0.045139	-0.015385	0.120824
SNP_990	0.299265	-0.040614	0.00869
SNP_991	0.446507	-0.034589	0.029927
SNP_992	0.503035	0.003511	0.290763
SNP_993	0.255682	0.172073	0.949171
SNP_994	0.014706	0.0	0.5
SNP_995	0.206825	0.028178	0.452217
SNP_996	0.123626	0.111111	0.812201
SNP_997	0.514912	0.083761	0.667101
SNP_998	0.144587	0.079745	0.748691
SNP_999	0.510341	0.063826	0.563823
SNP_1000	0.144587	0.079745	0.748691
SNP_1001	0.510341	0.063826	0.563823
SNP_1002	0.49053	-0.006478	0.206344
SNP_1003	0.49053	-0.006478	0.206344
SNP_1004	0.484147	-0.016373	0.128898
SNP_1005	0.356981	-0.017494	0.096255
SNP_1006	0.100823	-0.012738	0.130855
SNP_1007	0.352059	-0.048639	0.001267
SNP_1008	0.051852	-0.017857	0.103107
SNP_1009	0.051852	-0.017857	0.103107
SNP_1010	0.10842	-0.05959	0.0
SNP_1011	0.352059	-0.048639	0.001267
SNP_1012	0.051852	-0.017857	0.103107
SNP_1013	0.051852	-0.017857	0.103107
SNP_1014	0.352059	-0.048639	0.001267
SNP_1015	0.474441	0.006353	0.275392
SNP_1016	0.230331	0.044256	0.529138
SNP_1017	0.230331	0.044256	0.529138
SNP_1018	0.421485	0.084628	0.738219
SNP_1019	0.267692	0.01052	0.317138
SNP_1020	0.230331	0.044256	0.529138
SNP_1021	0.130527	-0.008032	0.236376
SNP_1022	0.03125	0.0	0.611403
SNP_1023	0.42876	-0.009736	0.162898
SNP_1024	0.161359	-0.025623	0.022846
SNP_1025	0.136111	0.01372	0.424019
SNP_1026	0.494411	0.135308	0.891983
SNP_1027	0.511574	0.04143	0.439606
SNP_1028	0.0	-100.0	0.5
SNP_1029	0.511574	0.04143	0.439606
SNP_1030	0.336568	-0.023739	0.053616
SNP_1031	0.336568	-0.023739	0.053616
SNP_1032	0.397642	-0.00673	0.153742
SNP_1033	0.397642	-0.00673	0.153742
SNP_1034	0.0	-100.0	0.5
SNP_1035	0.521605	0.14923	0.897274
SNP_1036	0.038462	0.04	0.72345
SNP_1037	0.077991	0.015557	0.352984
SNP_1038	0.24375	0.223024	0.980894
SNP_1039	0.110483	0.016188	0.440024
SNP_1040	0.30625	0.181907	0.953092
SNP_1041	0.450967	0.090281	0.763309
SNP_1042	0.450967	0.090281	0.763309
SNP_1043	0.325	0.200529	0.961295
SNP_1044	0.277127	-0.013641	0.12891
SNP_1045	0.272017	0.116229	0.842513
SNP_1046	0.272017	0.116229	0.842513
SNP_1047	0.266354	0.102978	0.805317
SNP_1048	0.019231	0.0	0.5
SNP_1049	0.058824	0.090909	1.0
SNP_1050	0.0	-100.0	0.5
SNP_1051	0.091737	0.042178	0.540905
SNP_1052	0.058824	0.090909	1.0
SNP_1053	0.029412	0.030303	0.684941
SNP_1054	0.187791	0.063951	0.667852
SNP_1055	0.178571	0.333333	0.995424
SNP_1056	0.487416	-0.050243	0.000284
SNP_1057	0.406487	-0.027107	0.044253
SNP_1058	0.094599	-0.005963	0.207366
SNP_1059	0.17054	0.051429	0.611886
SNP_1060	0.3525	0.058769	0.607165
SNP_1061	0.017857	0.0	0.5
SNP_1062	0.16958	0.022729	0.457042
SNP_1063	0.377771	-0.028187	0.043717
SNP_1064	0.0	-100.0	0.5
SNP_1065	0.05	0.052632	0.979233
SNP_1066	0.474353	-0.034543	0.021401
SNP_1067	0.057692	0.08	1.0
SNP_1068	0.041667	0.043478	0.829772
SNP_1069	0.041667	0.043478	0.829772
SNP_1070	0.041667	0.043478	0.829772
SNP_1071	0.038462	0.04	0.72345
SNP_1072	0.075444	0.041569	0.502014
SNP_1073	0.0	-100.0	0.5
SNP_1074	0.044118	0.060606	1.0
SNP_1075	0.520886	0.130864	0.851237
SNP_1076	0.175365	0.130343	0.861559
SNP_1077	0.423997	0.004403	0.274083
SNP_1078	0.423997	0.004403	0.274083
SNP_1079	0.423997	0.004403	0.274083
SNP_1080	0.394399	-0.033202	0.024912
SNP_1081	0.394399	-0.033202	0.024912
SNP_1082	0.467868	0.452503	0.999989
SNP_1083	0.536806	0.238617	0.962927
SNP_1084	0.130777	-0.000954	0.307888
SNP_1085	0.34071	0.040794	0.505618
SNP_1086	0.076236	-0.00927	0.169135
SNP_1087	0.03356	-0.011236	0.539283
SNP_1088	0.352156	0.002546	0.228144
SNP_1089	0.127083	0.09939	0.780417
SNP_1090	0.278595	0.132173	0.878382
SNP_1091	0.278595	0.132173	0.878382
SNP_1092	0.501374	-0.003377	0.230773
SNP_1093	0.035714	0.037037	0.70799
SNP_1094	0.194557	0.091624	0.770382
SNP_1095	0.107143	0.185185	0.950892
SNP_1096	0.115385	0.2	0.9676
SNP_1097	0.071212	0.015677	0.353748
SNP_1098	0.0	-100.0	0.5
SNP_1099	0.0	-100.0	0.5
SNP_1100	0.053571	0.074074	1.0
SNP_1101	0.053571	0.074074	1.0
SNP_1102	0.135913	-0.006725	0.250449
SNP_1103	0.170062	0.0609	0.654869
SNP_1104	0.135913	-0.006725	0.250449
SNP_1105	0.138889	0.052925	0.614064
SNP_1106	0.063725	0.012765	0.334968
SNP_1107	0.059829	0.012422	0.388745
SNP_1108	0.059829	0.012422	0.388745
SNP_1109	0.059829	0.012422	0.388745
SNP_1110	0.057692	0.08	1.0
SNP_1111	0.035714	0.037037	0.70799
SNP_1112	0.078971	-0.012009	0.144258
SNP_1113	0.137544	-0.01524	0.075004
SNP_1114	0.135518	-0.014129	0.165392
SNP_1115	0.149087	-0.03225	0.001876
SNP_1116	0.045455	0.047619	0.904531
SNP_1117	0.472474	0.008662	0.293409
SNP_1118	0.035714	0.037037	0.70799
SNP_1119	0.163961	0.068983	0.688356
SNP_1120	0.324344	0.030268	0.440233
SNP_1121	0.324344	0.030268	0.440233
SNP_1122	0.497351	0.021698	0.440192
SNP_1123	0.471465	-0.045399	0.003024
SNP_1124	0.476659	-0.039057	0.011021
SNP_1125	0.471465	-0.045399	0.003024
SNP_1126	0.104902	0.03868	0.556619
SNP_1127	0.104902	0.03868	0.556619
SNP_1128	0.085596	-0.004962	0.217822
SNP_1129	0.038462	0.04	0.72345
SNP_1130	0.041667	0.043478	0.829772
SNP_1131	0.425471	0.102122	0.79917
SNP_1132	0.425471	0.102122	0.79917
SNP_1133	0.39393	0.115235	0.827323
SNP_1134	0.349588	0.10783	0.815108
SNP_1135	0.086508	0.045166	0.555595
SNP_1136	0.086508	0.045166	0.555595
SNP_1137	0.086508	0.045166	0.555595
SNP_1138	0.086508	0.045166	0.555595
SNP_1139	0.086508	0.045166	0.555595
SNP_1140	0.109477	0.077577	0.712301
SNP_1141	0.336242	0.01177	0.302109
SNP_1142	0.220648	-0.012267	0.138799
SNP_1143	0.351937	0.010775	0.294155
SNP_1144	0.0	-100.0	0.5
SNP_1145	0.16015	0.020032	0.438972
SNP_1146	0.23411	0.016542	0.33913
SNP_1147	0.12037	0.072079	0.693109
SNP_1148	0.208333	0.391304	0.99981
SNP_1149	0.28869	0.117448	0.845578
SNP_1150	0.068109	-0.000941	0.237873
SNP_1151	0.512569	0.083769	0.66714
SNP_1152	0.51629	0.095771	0.723189
SNP_1153	0.0	-100.0	0.5
SNP_1154	0.0	-100.0	0.5
SNP_1155	0.448137	-0.011901	0.137548
SNP_1156	0.448137	-0.011901	0.137548
SNP_1157	0.448137	-0.011901	0.137548
SNP_1158	0.448137	-0.011901	0.137548
SNP_1159	0.448137	-0.011901	0.137548
SNP_1160	0.17634	0.03249	0.514467
SNP_1161	0.506842	0.0355	0.532837
SNP_1162	0.506842	0.0355	0.532837
SNP_1163	0.374694	0.012067	0.316157
SNP_1164	0.374694	0.012067	0.316157
SNP_1165	0.038462	0.04	0.72345
SNP_1166	0.279409	-0.052894	0.000631
SNP_1167	0.279409	-0.052894	0.000631
SNP_1168	0.390572	-0.048256	0.00268
SNP_1169	0.064583	0.024618	0.408367
SNP_1170	0.0	-100.0	0.5
SNP_1171	0.13931	0.030606	0.47628
SNP_1172	0.13931	0.030606	0.47628
SNP_1173	0.25362	-0.011924	0.12163
SNP_1174	0.077451	0.020168	0.381715
SNP_1175	0.077451	0.020168	0.381715
SNP_1176	0.151853	0.037353	0.51969
SNP_1177	0.077451	0.020168	0.381715
SNP_1178	0.052413	0.014964	0.417699
SNP_1179	0.463173	0.085132	0.735931
SNP_1180	0.307387	0.194474	0.962042
SNP_1181	0.400511	0.125825	0.85672
SNP_1182	0.545841	0.420508	0.999806
SNP_1183	0.173077	0.32	0.993872
SNP_1184	0.019231	0.0	0.5
SNP_1185	0.019231	0.0	0.5
SNP_1186	0.0	-100.0	0.5
SNP_1187	0.327546	0.207958	0.965844
SNP_1188	0.0	-100.0	0.5
SNP_1189	0.059269	0.021482	0.49273
SNP_1190	0.125	0.2	0.9676
SNP_1191	0.049167	-0.016949	0.109475
SNP_1192	0.413551	0.134625	0.879098
SNP_1193	0.413551	0.134625	0.879098
SNP_1194	0.413551	0.134625	0.879098
SNP_1195	0.035714	0.037037	0.70799
SNP_1196	0.083333	0.018881	0.414189
SNP_1197	0.048363	0.005459	0.312014
SNP_1198	0.224359	0.046218	0.557122
SNP_1199	0.054274	0.012598	0.390738
SNP_1200	0.259065	0.02529	0.405851
SNP_1201	0.259065	0.02529	0.405851
SNP_1202	0.259065	0.02529	0.405851
SNP_1203	0.413147	0.022349	0.410789
SNP_1204	0.03356	-0.011236	0.539283
SNP_1205	0.387587	0.298009	0.995803
SNP_1206	0.045455	0.047619	0.904531
SNP_1207	0.055556	0.058824	1.0
SNP_1208	0.470635	0.030181	0.448518
SNP_1209	0.019231	0.0	0.5
SNP_1210	0.05378	-0.025061	0.058664
SNP_1211	0.052792	-0.024518	0.061621
SNP_1212	0.034455	-0.011628	0.530663
SNP_1213	0.034455	-0.011628	0.530663
SNP_1214	0.418553	-0.008412	0.172867
SNP_1215	0.418553	-0.008412	0.172867
SNP_1216	0.418553	-0.008412	0.172867
SNP_1217	0.155425	-0.020223	0.041459
SNP_1218	0.185606	0.089293	0.760227
SNP_1219	0.246032	0.042319	0.51754
SNP_1220	0.0	-100.0	0.5
SNP_1221	0.0	-100.0	0.5
SNP_1222	0.291937	0.103123	0.805764
SNP_1223	0.019231	0.0	0.5
SNP_1224	0.216853	0.027813	0.449847
SNP_1225	0.035714	0.0	0.611403
SNP_1226	0.217673	0.056385	0.612205
SNP_1227	0.035714	0.037037	0.70799
SNP_1228	0.387044	0.247327	0.987187
SNP_1229	0.387044	0.247327	0.987187
SNP_1230	0.387044	0.247327	0.987187
SNP_1231	0.03125	0.0	0.611403
SNP_1232	0.282778	-0.008201	0.168421
SNP_1233	0.286389	0.24059	0.978898
SNP_1234	0.367901	0.135607	0.890533
SNP_1235	0.367901	0.135607	0.890533
SNP_1236	0.367901	0.135607	0.890533
SNP_1237	0.111991	0.048558	0.6007
SNP_1238	0.107143	0.185185	0.950892
SNP_1239	0.044766	-0.015385	0.120824
SNP_1240	0.044766	-0.015385	0.120824
SNP_1241	0.017857	0.0	0.5
SNP_1242	0.0	-100.0	0.5
SNP_1243	0.373572	0.031665	0.459588
SNP_1244	0.038194	-0.012987	0.0
SNP_1245	0.0625	0.086957	0.835112
SNP_1246	0.092262	0.030388	0.481856
SNP_1247	0.053571	0.074074	1.0
SNP_1248	0.123168	0.08271	0.729454
SNP_1249	0.0	-100.0	0.5
SNP_1250	0.0	-100.0	0.5
SNP_1251	0.0	-100.0	0.5
SNP_1252	0.277035	0.071101	0.682528
SNP_1253	0.445833	0.095426	0.783075
SNP_1254	0.277035	0.071101	0.682528
SNP_1255	0.196195	-0.021605	0.074272
SNP_1256	0.125991	-0.012627	0.18368
SNP_1257	0.170885	-0.004656	0.224073
SNP_1258	0.440265	0.014789	0.334747
SNP_1259	0.180975	0.057217	0.638637
SNP_1260	0.488071	-0.029855	0.044694
SNP_1261	0.063725	0.012765	0.334968
SNP_1262	0.063725	0.012765	0.334968
SNP_1263	0.063725	0.012765	0.334968
SNP_1264	0.51297	0.18138	0.950102
SNP_1265	0.506173	0.020983	0.434857
SNP_1266	0.510724	0.059328	0.539587
SNP_1267	0.510724	0.059328	0.539587
SNP_1268	0.102241	0.112253	0.856649
SNP_1269	0.14488	0.027891	0.457278
SNP_1270	0.151853	0.037353	0.51969
SNP_1271	0.120806	-0.006011	0.257966
SNP_1272	0.071267	0.048889	0.542
SNP_1273	0.130952	0.067852	0.677758
SNP_1274	0.088585	-0.004143	0.226218
SNP_1275	0.527902	0.186874	0.912736
SNP_1276	0.113636	0.190476	0.95725
SNP_1277	0.119792	0.047259	0.595084
SNP_1278	0.264031	0.10774	0.81953
SNP_1279	0.264031	0.10774	0.81953
SNP_1280	0.163889	0.063839	0.667383
SNP_1281	0.381029	-0.016334	0.10323
SNP_1282	0.075	0.105263	1.0
SNP_1283	0.041667	0.043478	0.829772
SNP_1284	0.184269	0.00742	0.340164
SNP_1285	0.038462	0.04	0.72345
SNP_1286	0.038462	0.04	0.72345
SNP_1287	0.055556	0.005952	0.317289
SNP_1288	0.03953	-0.013514	0.0
SNP_1289	0.0	-100.0	0.5
SNP_1290	0.019231	0.0	0.5
SNP_1291	0.019231	0.0	0.5
SNP_1292	0.291094	0.041776	0.528271
SNP_1293	0.291094	0.041776	0.528271
SNP_1294	0.209207	0.303064	0.99715
SNP_1295	0.025	0.0	0.611403
SNP_1296	0.168367	0.06993	0.69209
SNP_1297	0.103741	0.020177	0.464088
SNP_1298	0.025	0.0	0.611403
SNP_1299	0.197727	0.135166	0.890614
SNP_1300	0.197727	0.135166	0.890614
SNP_1301	0.454179	-0.02326	0.072963
SNP_1302	0.454179	-0.02326	0.072963
SNP_1303	0.454179	-0.02326	0.072963
SNP_1304	0.454179	-0.02326	0.072963
SNP_1305	0.0	-100.0	0.5
SNP_1306	0.035714	0.037037	0.70799
SNP_1307	0.065476	-0.002525	0.225492
SNP_1308	0.492421	-0.006703	0.204519
SNP_1309	0.492421	-0.006703	0.204519
SNP_1310	0.164781	0.120207	0.841087
SNP_1311	0.417302	0.006997	0.294791
SNP_1312	0.178594	0.058982	0.646493
SNP_1313	0.038194	-0.012987	0.0
SNP_1314	0.038194	-0.012987	0.0
SNP_1315	0.396772	0.047338	0.522625
SNP_1316	0.396772	0.047338	0.522625
SNP_1317	0.090909	0.142857	0.966889
SNP_1318	0.090909	0.142857	0.966889
SNP_1319	0.115385	0.2	0.9676
SNP_1320	0.502814	-0.033032	0.033564
SNP_1321	0.202674	-0.033682	0.018847
SNP_1322	0.406411	0.016851	0.326055
SNP_1323	0.181818	0.333333	0.995424
SNP_1324	0.126225	0.030869	0.519579
SNP_1325	0.326944	0.093309	0.766105
SNP_1326	0.400488	0.050255	0.538822
SNP_1327	0.400488	0.050255	0.538822
SNP_1328	0.214928	0.155666	0.92498
SNP_1329	0.280608	0.099734	0.79506
SNP_1330	0.065025	0.01387	0.342158
SNP_1331	0.065025	0.01387	0.342158
SNP_1332	0.065025	0.01387	0.342158
SNP_1333	0.0	-100.0	0.5
SNP_1334	0.473452	0.222478	0.981918
SNP_1335	0.473452	0.222478	0.981918
SNP_1336	0.100694	0.037481	0.517677
SNP_1337	0.041667	0.043478	0.829772
SNP_1338	0.101852	0.083992	0.737206
SNP_1339	0.056829	-0.026477	0.051268
SNP_1340	0.149879	-0.037805	1.3e-05
SNP_1341	0.200759	0.013771	0.349134
SNP_1342	0.106922	-0.005519	0.263077
SNP_1343	0.106922	-0.005519	0.263077
SNP_1344	0.017857	0.0	0.5
SNP_1345	0.017857	0.0	0.5
SNP_1346	0.020833	0.0	0.611403
SNP_1347	0.132527	-0.030711	0.0
SNP_1348	0.055556	0.005952	0.317289
SNP_1349	0.017857	0.0	0.5
SNP_1350	0.035714	0.037037	0.70799
SNP_1351	0.190744	-0.0397	0.0
SNP_1352	0.190744	-0.0397	0.0
SNP_1353	0.190744	-0.0397	0.0
SNP_1354	0.190744	-0.0397	0.0
SNP_1355	0.190744	-0.0397	0.0
SNP_1356	0.190744	-0.0397	0.0
SNP_1357	0.072917	0.034014	0.461677
SNP_1358	0.045455	0.047619	0.904531
SNP_1359	0.045455	0.047619	0.904531
SNP_1360	0.494129	-0.018415	0.114085
SNP_1361	0.513756	0.10369	0.756885
SNP_1362	0.071429	0.111111	1.0
SNP_1363	0.042262	-0.014084	0.130625
SNP_1364	0.03125	0.0	0.611403
SNP_1365	0.146042	0.014593	0.349936
SNP_1366	0.146042	0.014593	0.349936
SNP_1367	0.220975	-0.038238	0.008111
SNP_1368	0.467829	0.276496	0.995147
SNP_1369	0.39387	-0.038137	0.014011
SNP_1370	0.39387	-0.038137	0.014011
SNP_1371	0.39387	-0.038137	0.014011
SNP_1372	0.234112	0.012548	0.307411
SNP_1373	0.343467	0.126484	0.864363
SNP_1374	0.115196	0.092168	0.759216
SNP_1375	0.149737	0.022887	0.419584
SNP_1376	0.149737	0.022887	0.419584
SNP_1377	0.149737	0.022887	0.419584
SNP_1378	0.213141	0.02318	0.418608
SNP_1379	0.208829	0.023125	0.418225
SNP_1380	0.208829	0.023125	0.418225
SNP_1381	0.439423	-0.014737	0.119664
SNP_1382	0.063725	0.012765	0.334968
SNP_1383	0.498032	-0.01455	0.139266
SNP_1384	0.0	-100.0	0.5
SNP_1385	0.069172	0.031496	0.447753
SNP_1386	0.083333	0.130435	0.925846
SNP_1387	0.491864	0.317106	0.998326
SNP_1388	0.241122	0.074792	0.698851
SNP_1389	0.241122	0.074792	0.698851
SNP_1390	0.027778	0.0	0.611403
SNP_1391	0.027778	0.0	0.611403
SNP_1392	0.076599	0.020685	0.384863
SNP_1393	0.055556	0.058824	1.0
SNP_1394	0.0	-100.0	0.5
SNP_1395	0.186865	-0.024475	0.030311
SNP_1396	0.235674	0.059513	0.618394
SNP_1397	0.456865	0.016435	0.352772
SNP_1398	0.139962	-0.002462	0.188179
SNP_1399	0.139962	-0.002462	0.188179
SNP_1400	0.0	-100.0	0.5
SNP_1401	0.020833	0.0	0.611403
SNP_1402	0.035714	0.037037	0.70799
SNP_1403	0.417943	-0.018017	0.105039
SNP_1404	0.0	-100.0	0.5
SNP_1405	0.057692	0.08	1.0
SNP_1406	0.077731	0.024388	0.407014
SNP_1407	0.367969	-0.024112	0.061103
SNP_1408	0.283667	-0.0255	0.058322
SNP_1409	0.15368	0.063922	0.67417
SNP_1410	0.022727	0.0	0.611403
SNP_1411	0.15368	0.063922	0.67417
SNP_1412	0.022727	0.0	0.611403
SNP_1413	0.022727	0.0	0.611403
SNP_1414	0.15368	0.063922	0.67417
SNP_1415	0.19573	0.02608	0.438411
SNP_1416	0.513737	0.092937	0.710475
SNP_1417	0.513737	0.092937	0.710475
SNP_1418	0.513737	0.092937	0.710475
SNP_1419	0.057359	0.004193	0.298597
SNP_1420	0.03125	0.0	0.611403
SNP_1421	0.231838	0.043138	0.522444
SNP_1422	0.168498	0.059596	0.649192
SNP_1423	0.0625	0.086957	0.835112
SNP_1424	0.284144	0.050031	0.574655
SNP_1425	0.18718	0.011783	0.37706
SNP_1426	0.071429	0.076923	0.737088
SNP_1427	0.262297	0.001097	0.241465
SNP_1428	0.103241	-0.014233	0.164107
SNP_1429	0.025	0.0	0.611403
SNP_1430	0.103241	-0.014233	0.164107
SNP_1431	0.103241	-0.014233	0.164107
SNP_1432	0.103147	0.043971	0.580624
SNP_1433	0.103241	-0.014233	0.164107
SNP_1434	0.041667	0.043478	0.829772
SNP_1435	0.423921	0.028316	0.450948
SNP_1436	0.423921	0.028316	0.450948
SNP_1437	0.080128	0.032	0.45056
SNP_1438	0.385769	0.109107	0.808122
SNP_1439	0.084596	0.01715	0.40274
SNP_1440	0.457749	0.049826	0.561722
SNP_1441	0.412005	0.562554	0.999676
SNP_1442	0.428676	0.01643	0.367884
SNP_1443	0.17375	0.043017	0.570364
SNP_1444	0.17375	0.043017	0.570364
SNP_1445	0.17375	0.043017	0.570364
SNP_1446	0.17375	0.043017	0.570364
SNP_1447	0.17375	0.043017	0.570364
SNP_1448	0.227364	0.042254	0.517151
SNP_1449	0.071212	0.015677	0.353748
SNP_1450	0.476168	-0.001538	0.213749
SNP_1451	0.038462	0.04	0.72345
SNP_1452	0.038462	0.04	0.72345
SNP_1453	0.089286	0.148148	0.981522
SNP_1454	0.076768	0.016852	0.361177
SNP_1455	0.191554	0.083342	0.740891
SNP_1456	0.517832	0.500016	1.0
SNP_1457	0.100694	0.037481	0.517677
SNP_1458	0.325866	0.013323	0.314468
SNP_1459	0.0625	0.086957	0.835112
SNP_1460	0.484343	0.007109	0.316368
SNP_1461	0.484343	0.007109	0.316368
SNP_1462	0.513235	0.112825	0.792286
SNP_1463	0.341387	-0.021448	0.064477
SNP_1464	0.504321	0.176586	0.964931
SNP_1465	0.370664	0.050094	0.568763
SNP_1466	0.468821	-0.017341	0.100752
SNP_1467	0.037037	-0.0125	0.494144
SNP_1468	0.121615	0.029292	0.511883
SNP_1469	0.0	-100.0	0.5
SNP_1470	0.0	-100.0	0.5
SNP_1471	0.222727	0.153905	0.922458
SNP_1472	0.0	-100.0	0.5
SNP_1473	0.4125	-0.037271	0.018272
SNP_1474	0.4125	-0.037271	0.018272
SNP_1475	0.4125	-0.037271	0.018272
SNP_1476	0.090909	0.142857	0.966889
SNP_1477	0.090909	0.142857	0.966889
SNP_1478	0.019231	0.0	0.5
SNP_1479	0.019231	0.0	0.5
SNP_1480	0.419272	0.004857	0.277716
SNP_1481	0.092424	0.019105	0.415645
SNP_1482	0.019231	0.0	0.5
SNP_1483	0.385116	0.293216	0.995325
SNP_1484	0.020833	0.0	0.611403
SNP_1485	0.020833	0.0	0.611403
SNP_1486	0.017857	0.0	0.5
SNP_1487	0.508756	0.288795	0.998045
SNP_1488	0.378162	0.00716	0.277026
SNP_1489	0.245915	0.127946	0.882358
SNP_1490	0.150735	0.074872	0.72728
SNP_1491	0.507035	0.139512	0.927416
SNP_1492	0.073876	-0.006812	0.190416
SNP_1493	0.462505	0.03761	0.49349
SNP_1494	0.0	-100.0	0.5
SNP_1495	0.041667	0.043478	0.829772
SNP_1496	0.085359	-0.001859	0.248905
SNP_1497	0.163636	0.1684	0.918771
SNP_1498	0.457781	0.148692	0.914317
SNP_1499	0.055556	0.058824	1.0
SNP_1500	0.138889	0.235294	0.990424
SNP_1501	0.111111	0.176471	0.939463
SNP_1502	0.315897	0.02038	0.40461
SNP_1503	0.346419	0.209225	0.966563
SNP_1504	0.265783	0.09503	0.779327
SNP_1505	0.015625	0.0	0.5
SNP_1506	0.292384	0.096605	0.78471
SNP_1507	0.292384	0.096605	0.78471
SNP_1508	0.104902	0.03868	0.556619
SNP_1509	0.342172	0.134094	0.880658
SNP_1510	0.11826	0.016012	0.438912
SNP_1511	0.0	-100.0	0.5
SNP_1512	0.137924	-0.022936	0.027135
SNP_1513	0.38165	0.06313	0.640357
SNP_1514	0.382241	-0.032169	0.027722
SNP_1515	0.382241	-0.032169	0.027722
SNP_1516	0.37819	-0.044948	0.005648
SNP_1517	0.352818	0.061105	0.619697
SNP_1518	0.075142	-0.008119	0.179216
SNP_1519	0.500773	0.392099	0.99932
SNP_1520	0.0625	0.086957	0.835112
SNP_1521	0.338857	-0.028874	0.033292
SNP_1522	0.187157	-0.032228	0.00051
SNP_1523	0.175892	-0.029206	0.0061
SNP_1524	0.175892	-0.029206	0.0061
SNP_1525	0.186445	-0.031323	0.001413
SNP_1526	0.18125	0.087114	0.753304
SNP_1527	0.15	0.079815	0.748989
SNP_1528	0.066667	0.021617	0.390503
SNP_1529	0.066667	0.021617	0.390503
SNP_1530	0.480432	-0.025918	0.065485
SNP_1531	0.499907	0.010601	0.351756
SNP_1532	0.088889	0.027924	0.468515
SNP_1533	0.072344	0.014234	0.344509
SNP_1534	0.125839	-0.004306	0.27544
SNP_1535	0.480511	-0.02861	0.050864
SNP_1536	0.480511	-0.02861	0.050864
SNP_1537	0.513393	0.06968	0.595075
SNP_1538	0.260463	0.014648	0.324152
SNP_1539	0.260463	0.014648	0.324152
SNP_1540	0.411344	-0.012434	0.143112
SNP_1541	0.504579	0.004806	0.302039
SNP_1542	0.504579	0.004806	0.302039
SNP_1543	0.038462	0.04	0.72345
SNP_1544	0.040043	-0.013513	0.0
SNP_1545	0.038194	-0.012987	0.0
SNP_1546	0.020833	0.0	0.611403
SNP_1547	0.038194	-0.012987	0.0
SNP_1548	0.038194	-0.012987	0.0
SNP_1549	0.1125	0.049241	0.60363
SNP_1550	0.103992	0.108356	0.805011
SNP_1551	0.1631	0.011179	0.372124
SNP_1552	0.142857	0.259259	0.994975
SNP_1553	0.142857	0.259259	0.994975
SNP_1554	0.444406	-0.007346	0.168263
SNP_1555	0.444406	-0.007346	0.168263
SNP_1556	0.041667	0.043478	0.829772
SNP_1557	0.041667	0.043478	0.829772
SNP_1558	0.041667	0.043478	0.829772
SNP_1559	0.202976	0.048131	0.567707
SNP_1560	0.202976	0.048131	0.567707
SNP_1561	0.0	-100.0	0.5
SNP_1562	0.017857	0.0	0.5
SNP_1563	0.017857	0.0	0.5
SNP_1564	0.409081	-0.014902	0.125749
SNP_1565	0.409081	-0.014902	0.125749
SNP_1566	0.033333	0.034483	0.698014
SNP_1567	0.362847	0.052881	0.584563
SNP_1568	0.27908	0.063361	0.645132
SNP_1569	0.020833	0.0	0.611403
SNP_1570	0.210744	-0.006558	0.183706
SNP_1571	0.385329	-0.026911	0.044986
SNP_1572	0.118587	-0.035035	0.0
SNP_1573	0.118587	-0.035035	0.0
SNP_1574	0.301217	0.002426	0.259287
SNP_1575	0.301217	0.002426	0.259287
SNP_1576	0.30457	0.057377	0.631423
SNP_1577	0.03311	-0.011236	0.539283
SNP_1578	0.053285	0.013835	0.404795
SNP_1579	0.496838	-0.007997	0.191515
SNP_1580	0.503365	0.199637	0.977624
SNP_1581	0.503365	0.199637	0.977624
SNP_1582	0.503365	0.199637	0.977624
SNP_1583	0.111345	0.057557	0.638103
SNP_1584	0.300169	0.066955	0.680448
SNP_1585	0.170799	0.087558	0.754729
SNP_1586	0.344632	0.074264	0.685792
SNP_1587	0.188229	0.210355	0.956485
SNP_1588	0.019231	0.0	0.5
SNP_1589	0.019231	0.0	0.5
SNP_1590	0.019231	0.0	0.5
SNP_1591	0.131818	-0.019622	0.095001
SNP_1592	0.017857	0.0	0.5
SNP_1593	0.038462	0.04	0.72345
SNP_1594	0.038462	0.04	0.72345
SNP_1595	0.132353	0.1249	0.84574
SNP_1596	0.115196	0.092168	0.759216
SNP_1597	0.48663	-0.030159	0.043248
SNP_1598	0.019231	0.0	0.5
SNP_1599	0.477633	0.184018	0.957223
SNP_1600	0.303486	0.064276	0.667211
SNP_1601	0.1	0.157895	0.999091
SNP_1602	0.1	0.157895	0.999091
SNP_1603	0.323963	-0.045339	0.002801
SNP_1604	0.230314	0.132979	0.892945
SNP_1605	0.045455	0.047619	0.904531
SNP_1606	0.038194	-0.012987	0.0
SNP_1607	0.038194	-0.012987	0.0
SNP_1608	0.441779	-0.006778	0.172242
SNP_1609	0.041667	0.043478	0.829772
SNP_1610	0.041667	0.043478	0.829772
SNP_1611	0.041667	0.043478	0.829772
SNP_1612	0.107143	0.185185	0.950892
SNP_1613	0.209105	0.027377	0.446998
SNP_1614	0.125	0.222222	0.986273
SNP_1615	0.125	0.222222	0.986273
SNP_1616	0.134615	0.24	0.995571
SNP_1617	0.115385	0.2	0.9676
SNP_1618	0.115385	0.2	0.9676
SNP_1619	0.470227	0.272037	0.994555
SNP_1620	0.124709	0.079092	0.717439
SNP_1621	0.124709	0.079092	0.717439
SNP_1622	0.124709	0.079092	0.717439
SNP_1623	0.124709	0.079092	0.717439
SNP_1624	0.124709	0.079092	0.717439
SNP_1625	0.0	-100.0	0.5
SNP_1626	0.0	-100.0	0.5
SNP_1627	0.352367	-0.04448	0.003365
SNP_1628	0.359307	-0.050494	0.002
SNP_1629	0.12	0.046053	0.589821
SNP_1630	0.075397	0.015256	0.351066
SNP_1631	0.350396	0.11524	0.836381
SNP_1632	0.45527	0.45751	0.999706
SNP_1633	0.45527	0.45751	0.999706
SNP_1634	0.45527	0.45751	0.999706
SNP_1635	0.246573	-0.009849	0.135393
SNP_1636	0.153761	-0.021517	0.034248
SNP_1637	0.24069	0.041967	0.515433
SNP_1638	0.24069	0.041967	0.515433
SNP_1639	0.119748	0.087601	0.745136
SNP_1640	0.107143	0.185185	0.950892
SNP_1641	0.053571	0.074074	1.0
SNP_1642	0.514029	0.067458	0.583271
SNP_1643	0.344949	0.076021	0.693983
SNP_1644	0.473045	-0.049965	0.000764
SNP_1645	0.352685	-0.034546	0.017307
SNP_1646	0.094108	-0.020828	0.030545
SNP_1647	0.115385	0.2	0.9676
SNP_1648	0.0	-100.0	0.5
SNP_1649	0.0	-100.0	0.5
SNP_1650	0.35744	0.140539	0.899544
SNP_1651	0.35744	0.140539	0.899544
SNP_1652	0.35744	0.140539	0.899544
SNP_1653	0.35744	0.140539	0.899544
SNP_1654	0.528395	0.21264	0.941952
SNP_1655	0.121693	0.028526	0.508121
SNP_1656	0.506944	0.021548	0.439078
SNP_1657	0.091698	-0.023273	0.005816
SNP_1658	0.34959	-0.024385	0.050751
SNP_1659	0.0	-100.0	0.5
SNP_1660	0.437059	-0.020442	0.087135
SNP_1661	0.498843	-0.046489	0.004705
SNP_1662	0.498843	-0.046489	0.004705
SNP_1663	0.035714	0.037037	0.70799
SNP_1664	0.229152	-0.005034	0.169441
SNP_1665	0.104167	0.03659	0.546891
SNP_1666	0.104167	0.03659	0.546891
SNP_1667	0.147035	0.076843	0.736104
SNP_1668	0.135817	-0.00059	0.311265
SNP_1669	0.464489	0.006425	0.275955
SNP_1670	0.468493	0.087236	0.744616
SNP_1671	0.386921	0.002648	0.220186
SNP_1672	0.049663	-0.016949	0.109475
SNP_1673	0.087006	-0.011407	0.146675
SNP_1674	0.087006	-0.011407	0.146675
SNP_1675	0.125	0.217391	0.982871
SNP_1676	0.125	0.217391	0.982871
SNP_1677	0.505233	-0.018878	0.108137
SNP_1678	0.285381	0.100129	0.796334
SNP_1679	0.131944	-0.011634	0.19549
SNP_1680	0.045139	-0.015385	0.120824
SNP_1681	0.21619	0.11057	0.831922
SNP_1682	0.21619	0.11057	0.831922
SNP_1683	0.21619	0.11057	0.831922
SNP_1684	0.21619	0.11057	0.831922
SNP_1685	0.21619	0.11057	0.831922
SNP_1686	0.111389	0.014533	0.42939
SNP_1687	0.111389	0.014533	0.42939
SNP_1688	0.111389	0.014533	0.42939
SNP_1689	0.350374	-0.020039	0.071687
SNP_1690	0.182507	0.05645	0.635179
SNP_1691	0.045455	0.047619	0.904531
SNP_1692	0.336886	-0.010347	0.131019
SNP_1693	0.113426	0.03591	0.543697
SNP_1694	0.113426	0.03591	0.543697
SNP_1695	0.045455	0.047619	0.904531
SNP_1696	0.079004	0.016743	0.360491
SNP_1697	0.06808	0.041894	0.503719
SNP_1698	0.497052	0.140867	0.929319
SNP_1699	0.487052	0.146457	0.911783
SNP_1700	0.191447	-0.032458	0.000367
SNP_1701	0.378324	0.082393	0.731997
SNP_1702	0.244444	0.290786	0.994667
SNP_1703	0.405724	0.244424	0.986365
SNP_1704	0.125	0.2	0.9676
SNP_1705	0.125	0.2	0.9676
SNP_1706	0.271259	0.050298	0.576129
SNP_1707	0.383917	0.028831	0.41112
SNP_1708	0.0	-100.0	0.5
SNP_1709	0.171209	-0.001238	0.258776
SNP_1710	0.171209	-0.001238	0.258776
SNP_1711	0.0	-100.0	0.5
SNP_1712	0.0	-100.0	0.5
SNP_1713	0.207462	-0.024117	0.05972
SNP_1714	0.195833	0.040387	0.524448
SNP_1715	0.277141	0.091603	0.767206
SNP_1716	0.277141	0.091603	0.767206
SNP_1717	0.277141	0.091603	0.767206
SNP_1718	0.277141	0.091603	0.767206
SNP_1719	0.157186	0.044659	0.565003
SNP_1720	0.0	-100.0	0.5
SNP_1721	0.443138	-0.015966	0.112249
SNP_1722	0.213677	0.02294	0.416933
SNP_1723	0.311632	0.062224	0.656817
SNP_1724	0.148534	-0.000406	0.208082
SNP_1725	0.213677	0.02294	0.416933
SNP_1726	0.213677	0.02294	0.416933
SNP_1727	0.078367	-0.011255	0.151237
SNP_1728	0.114861	0.005328	0.362393
SNP_1729	0.055845	-0.025907	0.05419
SNP_1730	0.055845	-0.025907	0.05419
SNP_1731	0.055845	-0.025907	0.05419
SNP_1732	0.041667	0.043478	0.829772
SNP_1733	0.041667	0.043478	0.829772
SNP_1734	0.092424	0.019105	0.415645
SNP_1735	0.092424	0.019105	0.415645
SNP_1736	0.092424	0.019105	0.415645
SNP_1737	0.017857	0.0	0.5
SNP_1738	0.46088	-0.021889	0.074064
SNP_1739	0.035714	0.037037	0.70799
SNP_1740	0.025	0.0	0.611403
SNP_1741	0.025	0.0	0.611403
SNP_1742	0.216288	0.005123	0.279841
SNP_1743	0.166667	0.105661	0.80682
SNP_1744	0.487216	0.103631	0.813841
SNP_1745	0.432591	-0.035189	0.023799
SNP_1746	0.132421	-0.030983	0.0
SNP_1747	0.035714	0.0	0.611403
SNP_1748	0.3	0.025703	0.443034
SNP_1749	0.083333	0.117647	0.877965
SNP_1750	0.055556	0.058824	1.0
SNP_1751	0.027778	0.0	0.611403
SNP_1752	0.083333	0.117647	0.877965
SNP_1753	0.083333	0.117647	0.877965
SNP_1754	0.027778	0.0	0.611403
SNP_1755	0.027778	0.0	0.611403
SNP_1756	0.019231	0.0	0.5
SNP_1757	0.162879	0.128344	0.857724
SNP_1758	0.215242	0.031079	0.470565
SNP_1759	0.162879	0.128344	0.857724
SNP_1760	0.533227	0.251699	0.970926
SNP_1761	0.533227	0.251699	0.970926
SNP_1762	0.272993	0.063102	0.643832
SNP_1763	0.276712	-0.012113	0.139659
SNP_1764	0.276712	-0.012113	0.139659
SNP_1765	0.451001	-0.013405	0.127934
SNP_1766	0.020833	0.0	0.611403
SNP_1767	0.139731	0.068138	0.695438
SNP_1768	0.072344	0.014234	0.344509
SNP_1769	0.072344	0.014234	0.344509
SNP_1770	0.15184	0.042826	0.553768
SNP_1771	0.555423	0.497592	0.999995
SNP_1772	0.0	-100.0	0.5
SNP_1773	0.217179	-0.004094	0.203774
SNP_1774	0.035131	-0.011628	0.530663
SNP_1775	0.05	0.052632	0.979233
SNP_1776	0.05	0.052632	0.979233
SNP_1777	0.304874	-0.017593	0.102675
SNP_1778	0.045455	0.047619	0.904531
SNP_1779	0.045455	0.047619	0.904531
SNP_1780	0.045455	0.047619	0.904531
SNP_1781	0.413352	0.022433	0.411377
SNP_1782	0.311185	-0.004529	0.201221
SNP_1783	0.311185	-0.004529	0.201221
SNP_1784	0.264999	0.052843	0.590068
SNP_1785	0.081019	0.016149	0.356742
SNP_1786	0.162516	0.038756	0.548213
SNP_1787	0.161765	0.142792	0.883387
SNP_1788	0.161765	0.142792	0.883387
SNP_1789	0.203993	0.06198	0.641012
SNP_1790	0.067227	0.043403	0.511718
SNP_1791	0.477261	0.14137	0.903178
SNP_1792	0.229762	0.079387	0.720666
SNP_1793	0.229762	0.079387	0.720666
SNP_1794	0.229762	0.079387	0.720666
SNP_1795	0.229762	0.079387	0.720666
SNP_1796	0.229762	0.079387	0.720666
SNP_1797	0.229762	0.079387	0.720666
SNP_1798	0.014706	0.0	0.5
SNP_1799	0.014706	0.0	0.5
SNP_1800	0.416489	-0.0275	0.052498
SNP_1801	0.416489	-0.0275	0.052498
SNP_1802	0.416489	-0.0275	0.052498
SNP_1803	0.41859	0.076472	0.704831
SNP_1804	0.289467	0.188858	0.951754
SNP_1805	0.289467	0.188858	0.951754
SNP_1806	0.508387	0.031708	0.377255
SNP_1807	0.222776	-0.008391	0.168997
SNP_1808	0.025	0.0	0.611403
SNP_1809	0.513968	0.087225	0.683855
SNP_1810	0.0918	0.014055	0.381338
SNP_1811	0.0918	0.014055	0.381338
SNP_1812	0.368056	0.135211	0.889776
SNP_1813	0.0	-100.0	0.5
SNP_1814	0.0	-100.0	0.5
SNP_1815	0.409989	0.415839	0.99803
SNP_1816	0.288951	-0.017801	0.101338
SNP_1817	0.050595	0.011438	0.377646
SNP_1818	0.277906	0.002991	0.256729
SNP_1819	0.449732	0.425682	0.999497
SNP_1820	0.044118	0.060606	1.0
SNP_1821	0.461328	0.126149	0.869063
SNP_1822	0.461328	0.126149	0.869063
SNP_1823	0.462682	0.127723	0.87278
SNP_1824	0.055556	0.017903	0.451505
SNP_1825	0.150595	0.057588	0.640338
SNP_1826	0.199001	0.051045	0.583654
SNP_1827	0.284722	0.043933	0.540513
SNP_1828	0.226441	-0.009896	0.135074
SNP_1829	0.157674	-0.017709	0.057313
SNP_1830	0.157674	-0.017709	0.057313
SNP_1831	0.066804	0.011782	0.328503
SNP_1832	0.449165	-0.015792	0.113286
SNP_1833	0.09899	-0.010354	0.158923
SNP_1834	0.101799	-0.00093	0.257835
SNP_1835	0.0	-100.0	0.5
SNP_1836	0.12138	-0.008262	0.233858
SNP_1837	0.133523	0.086904	0.74294
SNP_1838	0.434389	0.077993	0.710443
SNP_1839	0.204954	-0.017394	0.101588
SNP_1840	0.206485	-0.019255	0.089101
SNP_1841	0.307064	0.029992	0.471817
SNP_1842	0.343052	0.102797	0.799261
SNP_1843	0.075	0.105263	1.0
SNP_1844	0.0	-100.0	0.5
SNP_1845	0.0	-100.0	0.5
SNP_1846	0.136054	0.048718	0.601387
SNP_1847	0.162037	-0.005826	0.211943
SNP_1848	0.162037	-0.005826	0.211943
SNP_1849	0.162037	-0.005826	0.211943
SNP_1850	0.374955	0.036905	0.492229
SNP_1851	0.025	0.0	0.611403
SNP_1852	0.025	0.0	0.611403
SNP_1853	0.025	0.0	0.611403
SNP_1854	0.025	0.0	0.611403
SNP_1855	0.054029	0.007533	0.334383
SNP_1856	0.170168	0.107245	0.810856
SNP_1857	0.372279	-0.025662	0.054093
SNP_1858	0.038889	-0.012987	0.0
SNP_1859	0.281025	-0.03795	0.015241
SNP_1860	0.303666	-0.010218	0.155799
SNP_1861	0.15631	-0.018772	0.050325
SNP_1862	0.303666	-0.010218	0.155799
SNP_1863	0.050595	0.011438	0.377646
SNP_1864	0.050595	0.011438	0.377646
SNP_1865	0.385989	-0.011258	0.124369
SNP_1866	0.053571	0.074074	1.0
SNP_1867	0.129329	0.077173	0.71092
SNP_1868	0.243371	0.066583	0.657046
SNP_1869	0.053571	0.074074	1.0
SNP_1870	0.147321	0.109753	0.852494
SNP_1871	0.147321	0.109753	0.852494
SNP_1872	0.442674	0.183401	0.957145
SNP_1873	0.15	0.263158	0.9955
SNP_1874	0.062229	0.017391	0.364557
SNP_1875	0.0	-100.0	0.5
SNP_1876	0.0	-100.0	0.5
SNP_1877	0.0	-100.0	0.5
SNP_1878	0.114914	-0.030341	0.0
SNP_1879	0.114914	-0.030341	0.0
SNP_1880	0.072917	0.034014	0.461677
SNP_1881	0.324356	0.009479	0.283764
SNP_1882	0.118333	-0.011861	0.192811
SNP_1883	0.05	0.052632	0.979233
SNP_1884	0.041667	0.043478	0.829772
SNP_1885	0.0	-100.0	0.5
SNP_1886	0.0	-100.0	0.5
SNP_1887	0.074675	0.031401	0.447222
SNP_1888	0.020833	0.0	0.611403
SNP_1889	0.424259	0.098651	0.788188
SNP_1890	0.424259	0.098651	0.788188
SNP_1891	0.424259	0.098651	0.788188
SNP_1892	0.051215	-0.016949	0.109475
SNP_1893	0.351867	0.096505	0.777766
SNP_1894	0.483855	0.081887	0.737208
SNP_1895	0.483855	0.081887	0.737208
SNP_1896	0.483855	0.081887	0.737208
SNP_1897	0.483855	0.081887	0.737208
SNP_1898	0.483855	0.081887	0.737208
SNP_1899	0.381914	0.080617	0.724354
SNP_1900	0.314541	-0.022218	0.07416
SNP_1901	0.113636	0.040301	0.564069
SNP_1902	0.391361	-0.013383	0.111418
SNP_1903	0.422289	0.212247	0.964181
SNP_1904	0.455329	-0.003891	0.192899
SNP_1905	0.328938	-0.014299	0.104936
SNP_1906	0.324336	0.137383	0.887102
SNP_1907	0.036024	-0.012048	0.517949
SNP_1908	0.017857	0.0	0.5
SNP_1909	0.091898	-0.0106	0.156084
SNP_1910	0.027778	0.0	0.611403
SNP_1911	0.04784	-0.016129	0.115366
SNP_1912	0.431548	0.038102	0.509272
SNP_1913	0.059749	-0.027925	0.044186
SNP_1914	0.276494	-0.042965	0.006892
SNP_1915	0.503601	0.026293	0.473073
SNP_1916	0.0	-100.0	0.5
SNP_1917	0.445671	0.078469	0.712639
SNP_1918	0.296073	0.116421	0.857159
SNP_1919	0.041111	-0.013514	0.0
SNP_1920	0.32536	0.102121	0.797042
SNP_1921	0.32536	0.102121	0.797042
SNP_1922	0.32536	0.102121	0.797042
SNP_1923	0.375833	-0.039406	0.012903
SNP_1924	0.371667	-0.03843	0.01466
SNP_1925	0.371667	-0.03843	0.01466
SNP_1926	0.075	0.105263	1.0
SNP_1927	0.075	0.105263	1.0
SNP_1928	0.075	0.105263	1.0
SNP_1929	0.492975	0.233022	0.985042
SNP_1930	0.492975	0.233022	0.985042
SNP_1931	0.035714	0.037037	0.70799
SNP_1932	0.392262	-0.04867	0.002457
SNP_1933	0.505016	0.009949	0.346247
SNP_1934	0.12465	0.061628	0.654176
SNP_1935	0.133441	-0.030067	0.0
SNP_1936	0.133441	-0.030067	0.0
SNP_1937	0.133441	-0.030067	0.0
SNP_1938	0.133441	-0.030067	0.0
SNP_1939	0.306122	0.058191	0.635768
SNP_1940	0.332341	0.034581	0.468387
SNP_1941	0.107426	-0.040457	0.0
SNP_1942	0.306122	0.058191	0.635768
SNP_1943	0.337638	0.022587	0.385806
SNP_1944	0.401235	0.104328	0.791973
SNP_1945	0.380427	0.007814	0.282262
SNP_1946	0.505128	0.002363	0.280744
SNP_1947	0.505128	0.002363	0.280744
SNP_1948	0.303788	0.428703	0.998956
SNP_1949	0.256818	0.324218	0.997108
SNP_1950	0.035714	0.037037	0.70799
SNP_1951	0.115385	0.2	0.9676
SNP_1952	0.057692	0.08	1.0
SNP_1953	0.50538	0.007363	0.324163
SNP_1954	0.50538	0.007363	0.324163
SNP_1955	0.50538	0.007363	0.324163
SNP_1956	0.0	-100.0	0.5
SNP_1957	0.04359	-0.014706	0.125899
SNP_1958	0.121693	0.028526	0.508121
SNP_1959	0.272998	0.19632	0.957242
SNP_1960	0.27466	-0.014568	0.122542
SNP_1961	0.249947	0.030359	0.441917
SNP_1962	0.249947	0.030359	0.441917
SNP_1963	0.249947	0.030359	0.441917
SNP_1964	0.238984	0.02187	0.380346
SNP_1965	0.078809	-0.037383	0.0
SNP_1966	0.053571	0.074074	1.0
SNP_1967	0.295084	-0.026625	0.051252
SNP_1968	0.414863	0.032384	0.476335
SNP_1969	0.40283	-0.002693	0.181603
SNP_1970	0.40283	-0.002693	0.181603
SNP_1971	0.40283	-0.002693	0.181603
SNP_1972	0.206731	0.083319	0.738289
SNP_1973	0.035714	0.037037	0.70799
SNP_1974	0.121795	0.102674	0.789642
SNP_1975	0.297095	-0.042029	0.006724
SNP_1976	0.507845	0.024792	0.462607
SNP_1977	0.379849	0.070925	0.679715
SNP_1978	0.379849	0.070925	0.679715
SNP_1979	0.133929	0.122342	0.839817
SNP_1980	0.0	-100.0	0.5
SNP_1981	0.0	-100.0	0.5
SNP_1982	0.0	-100.0	0.5
SNP_1983	0.184295	0.040956	0.559738
SNP_1984	0.13953	0.024825	0.434588
SNP_1985	0.317424	0.157494	0.929001
SNP_1986	0.500466	-0.028565	0.052065
SNP_1987	0.025	0.0	0.611403
SNP_1988	0.151042	0.152101	0.935467
SNP_1989	0.151042	0.152101	0.935467
SNP_1990	0.151042	0.152101	0.935467
SNP_1991	0.151042	0.152101	0.935467
SNP_1992	0.151042	0.152101	0.935467
SNP_1993	0.337059	0.019225	0.360503
SNP_1994	0.0	-100.0	0.5
SNP_1995	0.0	-100.0	0.5
SNP_1996	0.39537	-0.029984	0.03429
SNP_1997	0.0	-100.0	0.5
SNP_1998	0.456495	-0.016295	0.110301
SNP_1999	0.0	-100.0	0.5
SNP_2000	0.0	-100.0	0.5
SNP_2001	0.045139	-0.015385	0.120824
SNP_2002	0.062229	0.017391	0.364557
SNP_2003	0.062229	0.017391	0.364557
SNP_2004	0.062229	0.017391	0.364557
SNP_2005	0.052142	-0.024063	0.06415
SNP_2006	0.035714	0.037037	0.70799
SNP_2007	0.069048	0.04023	0.495012
SNP_2008	0.089286	0.148148	0.981522
SNP_2009	0.089286	0.148148	0.981522
SNP_2010	0.291035	-0.034263	0.02449
SNP_2011	0.0825	-0.022928	0.008589
SNP_2012	0.383333	-0.005381	0.162898
SNP_2013	0.383333	-0.005381	0.162898
SNP_2014	0.383333	-0.005381	0.162898
SNP_2015	0.05	0.052632	0.979233
SNP_2016	0.035714	0.037037	0.70799
SNP_2017	0.0	-100.0	0.5
SNP_2018	0.0	-100.0	0.5
SNP_2019	0.276303	0.022576	0.408384
SNP_2020	0.389957	0.10305	0.787475
SNP_2021	0.0	-100.0	0.5
SNP_2022	0.0	-100.0	0.5
SNP_2023	0.019231	0.0	0.5
SNP_2024	0.019231	0.0	0.5
SNP_2025	0.076823	0.053795	0.570805
SNP_2026	0.516521	0.095886	0.723698
SNP_2027	0.398699	0.064648	0.616962
SNP_2028	0.185625	-0.034796	0.0
SNP_2029	0.134491	0.001026	0.325921
SNP_2030	0.017857	0.0	0.5
SNP_2031	0.453402	0.031502	0.453617
SNP_2032	0.053571	0.074074	1.0
SNP_2033	0.108009	-0.004694	0.271522
SNP_2034	0.516562	0.210186	0.97599
SNP_2035	0.516562	0.210186	0.97599
SNP_2036	0.516562	0.210186	0.97599
SNP_2037	0.499671	0.006278	0.314803
SNP_2038	0.019231	0.0	0.5
SNP_2039	0.146412	0.026304	0.445695
SNP_2040	0.029412	0.030303	0.684941
SNP_2041	0.029412	0.030303	0.684941
SNP_2042	0.029412	0.030303	0.684941
SNP_2043	0.029412	0.030303	0.684941
SNP_2044	0.029412	0.030303	0.684941
SNP_2045	0.035714	0.037037	0.70799
SNP_2046	0.361607	0.006779	0.273975
SNP_2047	0.361607	0.006779	0.273975
SNP_2048	0.443333	0.048791	0.556267
SNP_2049	0.279722	-0.02109	0.08157
SNP_2050	0.443333	0.048791	0.556267
SNP_2051	0.476928	-0.00114	0.249885
SNP_2052	0.035131	-0.011628	0.530663
SNP_2053	0.191815	0.106352	0.80859
SNP_2054	0.038462	0.04	0.72345
SNP_2055	0.044118	0.060606	1.0
SNP_2056	0.26437	0.013781	0.342729
SNP_2057	0.145833	0.26087	0.995198
SNP_2058	0.145833	0.26087	0.995198
SNP_2059	0.286878	-0.013861	0.127388
SNP_2060	0.088843	0.049834	0.578378
SNP_2061	0.381133	-0.043756	0.006854
SNP_2062	0.396034	-0.043763	0.00616
SNP_2063	0.387613	-0.044834	0.005135
SNP_2064	0.04359	-0.014706	0.125899
SNP_2065	0.06352	0.015727	0.354065
SNP_2066	0.491815	0.183459	0.956739
SNP_2067	0.500744	0.199395	0.977518
SNP_2068	0.491815	0.183459	0.956739
SNP_2069	0.491815	0.183459	0.956739
SNP_2070	0.327435	0.120413	0.849868
SNP_2071	0.327435	0.120413	0.849868
SNP_2072	0.299815	0.018935	0.393705
SNP_2073	0.516842	0.100719	0.744565
SNP_2074	0.467324	0.000439	0.229108
SNP_2075	0.467324	0.000439	0.229108
SNP_2076	0.038462	0.04	0.72345
SNP_2077	0.179697	0.026867	0.482783
SNP_2078	0.0	-100.0	0.5
SNP_2079	0.019231	0.0	0.5
SNP_2080	0.51918	0.117146	0.80772
SNP_2081	0.019231	0.0	0.5
SNP_2082	0.502976	0.173579	0.962804
SNP_2083	0.312665	0.054639	0.616584
SNP_2084	0.328835	0.101008	0.793343
SNP_2085	0.354643	0.049296	0.564201
SNP_2086	0.078023	0.047596	0.534688
SNP_2087	0.041667	0.043478	0.829772
SNP_2088	0.088462	0.036182	0.51123
SNP_2089	0.088462	0.036182	0.51123
SNP_2090	0.088462	0.036182	0.51123
SNP_2091	0.491148	0.002945	0.283091
SNP_2092	0.092262	0.030388	0.481856
SNP_2093	0.080769	0.033333	0.457935
SNP_2094	0.019231	0.0	0.5
SNP_2095	0.019231	0.0	0.5
SNP_2096	0.019231	0.0	0.5
SNP_2097	0.0	-100.0	0.5
SNP_2098	0.086364	-0.013399	0.122864
SNP_2099	0.112259	-0.010037	0.213999
SNP_2100	0.090586	-0.022591	0.01161
SNP_2101	0.0	-100.0	0.5
SNP_2102	0.199789	0.086825	0.752233
SNP_2103	0.306726	-0.019383	0.091136
SNP_2104	0.251623	0.049213	0.558707
SNP_2105	0.251623	0.049213	0.558707
SNP_2106	0.251623	0.049213	0.558707
SNP_2107	0.251623	0.049213	0.558707
SNP_2108	0.497762	-0.039819	0.014451
SNP_2109	0.035714	0.037037	0.70799
SNP_2110	0.153846	0.28	0.997259
SNP_2111	0.153846	0.28	0.997259
SNP_2112	0.112103	-0.000735	0.309923
SNP_2113	0.038462	0.04	0.72345
SNP_2114	0.038462	0.04	0.72345
SNP_2115	0.069111	-0.031884	0.0
SNP_2116	0.069111	-0.031884	0.0
SNP_2117	0.069111	-0.031884	0.0
SNP_2118	0.39431	0.045967	0.515012
SNP_2119	0.041667	0.0	0.255593
SNP_2120	0.041667	0.0	0.255593
SNP_2121	0.076231	-0.036025	0.0
SNP_2122	0.041667	0.0	0.255593
SNP_2123	0.041667	0.0	0.255593
SNP_2124	0.469602	-0.018085	0.096149
SNP_2125	0.469602	-0.018085	0.096149
SNP_2126	0.0625	0.086957	0.835112
SNP_2127	0.103535	0.04878	0.601654
SNP_2128	0.046875	0.064516	1.0
SNP_2129	0.127741	0.00328	0.345478
SNP_2130	0.092621	0.012867	0.372791
SNP_2131	0.121693	0.028526	0.508121
SNP_2132	0.095779	0.030132	0.480497
SNP_2133	0.095779	0.030132	0.480497
SNP_2134	0.095779	0.030132	0.480497
SNP_2135	0.523363	0.149869	0.851089
SNP_2136	0.283287	0.081922	0.729853
SNP_2137	0.283287	0.081922	0.729853
SNP_2138	0.189394	0.205046	0.952786
SNP_2139	0.29136	0.008875	0.304054
SNP_2140	0.035714	0.0	0.611403
SNP_2141	0.035714	0.0	0.611403
SNP_2142	0.205357	0.068549	0.673177
SNP_2143	0.144702	-0.002059	0.192068
SNP_2144	0.055556	0.058824	1.0
SNP_2145	0.055556	0.058824	1.0
SNP_2146	0.055556	0.058824	1.0
SNP_2147	0.019231	0.0	0.5
SNP_2148	0.044766	-0.015385	0.120824
SNP_2149	0.044766	-0.015385	0.120824
SNP_2150	0.226584	0.027382	0.421006
SNP_2151	0.022727	0.0	0.611403
SNP_2152	0.450126	0.229959	0.982374
SNP_2153	0.163765	-0.054353	0.0
SNP_2154	0.115625	0.081081	0.724089
SNP_2155	0.115625	0.081081	0.724089
SNP_2156	0.115625	0.081081	0.724089
SNP_2157	0.115625	0.081081	0.724089
SNP_2158	0.300776	0.0295	0.468619
SNP_2159	0.027778	0.0	0.611403
SNP_2160	0.123209	0.005682	0.365237
SNP_2161	0.285813	0.056183	0.608029
SNP_2162	0.022727	0.0	0.611403
SNP_2163	0.056706	0.009739	0.358657
SNP_2164	0.056706	0.009739	0.358657
SNP_2165	0.0	-100.0	0.5
SNP_2166	0.083333	0.130435	0.925846
SNP_2167	0.083333	0.130435	0.925846
SNP_2168	0.32138	0.130291	0.887109
SNP_2169	0.32138	0.130291	0.887109
SNP_2170	0.523168	0.193504	0.921182
SNP_2171	0.554447	0.372602	0.999115
SNP_2172	0.307679	0.021442	0.4125
SNP_2173	0.307679	0.021442	0.4125
SNP_2174	0.502116	-0.017241	0.119532
SNP_2175	0.490729	0.189166	0.961464
SNP_2176	0.490729	0.189166	0.961464
SNP_2177	0.022727	0.0	0.611403
SNP_2178	0.132643	0.032237	0.526198
SNP_2179	0.065278	0.006476	0.292399
SNP_2180	0.065278	0.006476	0.292399
SNP_2181	0.065278	0.006476	0.292399
SNP_2182	0.121816	-0.040733	0.0
SNP_2183	0.136752	0.067931	0.678049
SNP_2184	0.038462	0.04	0.72345
SNP_2185	0.041667	0.043478	0.829772
SNP_2186	0.38283	0.088357	0.730215
SNP_2187	0.116667	0.11336	0.817946
SNP_2188	0.029412	0.030303	0.684941
SNP_2189	0.042929	-0.014706	0.125899
SNP_2190	0.195976	0.164251	0.936258
SNP_2191	0.232037	-0.065637	9e-06
SNP_2192	0.17905	0.003311	0.302828
SNP_2193	0.35941	-0.023898	0.062108
SNP_2194	0.081009	-0.007818	0.181818
SNP_2195	0.097756	0.025574	0.455233
SNP_2196	0.405166	0.281923	0.993982
SNP_2197	0.0	-100.0	0.5
SNP_2198	0.514178	0.106067	0.766458
SNP_2199	0.514331	0.105786	0.76534
SNP_2200	0.514331	0.105786	0.76534
SNP_2201	0.0625	0.066667	0.655855
SNP_2202	0.372596	0.019675	0.375092
SNP_2203	0.388393	0.067406	0.631309
SNP_2204	0.035714	0.037037	0.70799
SNP_2205	0.035714	0.037037	0.70799
SNP_2206	0.035714	0.037037	0.70799
SNP_2207	0.283088	0.008864	0.303966
SNP_2208	0.045455	0.047619	0.904531
SNP_2209	0.152392	-0.006168	0.152923
SNP_2210	0.330794	0.020586	0.37084
SNP_2211	0.143665	0.015803	0.36061
SNP_2212	0.0	-100.0	0.5
SNP_2213	0.134615	0.067412	0.676129
SNP_2214	0.452862	0.174768	0.949482
SNP_2215	0.437847	0.057063	0.603165
SNP_2216	0.04697	-0.016129	0.115366
SNP_2217	0.04697	-0.016129	0.115366
SNP_2218	0.272294	0.045897	0.551597
SNP_2219	0.380056	0.00925	0.293745
SNP_2220	0.508571	0.023207	0.319147
SNP_2221	0.035714	0.0	0.611403
SNP_2222	0.035714	0.0	0.611403
SNP_2223	0.162407	0.031092	0.506778
SNP_2224	0.054527	-0.018868	0.096211
SNP_2225	0.054527	-0.018868	0.096211
SNP_2226	0.297576	0.026328	0.447354
SNP_2227	0.297576	0.026328	0.447354
SNP_2228	0.096667	0.019964	0.421171
SNP_2229	0.465534	0.228409	0.984226
SNP_2230	0.47112	0.193479	0.965634
SNP_2231	0.483885	0.034407	0.502142
SNP_2232	0.035131	-0.011628	0.530663
SNP_2233	0.410256	0.081189	0.724537
SNP_2234	0.402066	0.091169	0.74197
SNP_2235	0.410256	0.081189	0.724537
SNP_2236	0.48985	-0.026448	0.062473
SNP_2237	0.48985	-0.026448	0.062473
SNP_2238	0.244048	0.296354	0.995188
SNP_2239	0.207404	0.031528	0.473327
SNP_2240	0.50601	0.014596	0.384858
SNP_2241	0.035714	0.037037	0.70799
SNP_2242	0.402178	-0.039436	0.011797
SNP_2243	0.062229	0.017391	0.364557
SNP_2244	0.297137	-0.027945	0.045269
SNP_2245	0.115909	0.04757	0.596433
SNP_2246	0.0975	0.055331	0.604911
SNP_2247	0.202083	0.063745	0.649838
SNP_2248	0.139103	0.023066	0.420991
SNP_2249	0.139103	0.023066	0.420991
SNP_2250	0.041667	0.043478	0.829772
SNP_2251	0.041667	0.043478	0.829772
SNP_2252	0.041667	0.0	0.255593
SNP_2253	0.082176	-0.037132	0.0
SNP_2254	0.39903	-0.004993	0.165561
SNP_2255	0.160714	0.296296	0.990074
SNP_2256	0.514154	0.074553	0.620613
SNP_2257	0.063131	0.008696	0.307765
SNP_2258	0.514154	0.074553	0.620613
SNP_2259	0.412689	0.00565	0.284055
SNP_2260	0.056706	0.009739	0.358657
SNP_2261	0.016667	0.0	0.5
SNP_2262	0.055556	0.058824	1.0
SNP_2263	0.425616	0.0097	0.316172
SNP_2264	0.178328	0.012899	0.386034
SNP_2265	0.216912	0.067372	0.667553
SNP_2266	0.0	-100.0	0.5
SNP_2267	0.0	-100.0	0.5
SNP_2268	0.319796	-0.02313	0.06906
SNP_2269	0.128151	0.083099	0.730725
SNP_2270	0.165867	-0.044138	0.0
SNP_2271	0.287533	-0.008336	0.167402
SNP_2272	0.051215	-0.016949	0.109475
SNP_2273	0.058824	0.090909	1.0
SNP_2274	0.246216	0.070945	0.679699
SNP_2275	0.246216	0.070945	0.679699
SNP_2276	0.246216	0.070945	0.679699
SNP_2277	0.222308	-0.008833	0.165486
SNP_2278	0.061343	0.010664	0.368966
SNP_2279	0.0	-100.0	0.5
SNP_2280	0.0	-100.0	0.5
SNP_2281	0.300863	0.061025	0.650644
SNP_2282	0.313782	-0.011266	0.147784
SNP_2283	0.313782	-0.011266	0.147784
SNP_2284	0.313782	-0.011266	0.147784
SNP_2285	0.378788	0.174901	0.944969
SNP_2286	0.342308	0.114193	0.833519
SNP_2287	0.075397	0.015256	0.351066
SNP_2288	0.238636	0.159096	0.934805
SNP_2289	0.038462	0.04	0.72345
SNP_2290	0.083038	-0.010071	0.162174
SNP_2291	0.033333	0.034483	0.698014
SNP_2292	0.0	-100.0	0.5
SNP_2293	0.053571	0.074074	1.0
SNP_2294	0.328316	-0.018913	0.07773
SNP_2295	0.101774	-0.009758	0.165748
SNP_2296	0.113426	0.02473	0.489051
SNP_2297	0.113426	0.02473	0.489051
SNP_2298	0.113426	0.02473	0.489051
SNP_2299	0.113426	0.02473	0.489051
SNP_2300	0.127348	-0.016036	0.141488
SNP_2301	0.127348	-0.016036	0.141488
SNP_2302	0.082933	0.026031	0.45786
SNP_2303	0.029412	0.030303	0.684941
SNP_2304	0.098333	-0.018436	0.059918
SNP_2305	0.071267	0.048889	0.542
SNP_2306	0.158748	0.175876	0.960961
SNP_2307	0.132479	0.089481	0.750997
SNP_2308	0.103147	0.043971	0.580624
SNP_2309	0.438156	0.00639	0.270355
SNP_2310	0.18254	0.146419	0.889127
SNP_2311	0.18254	0.146419	0.889127
SNP_2312	0.055556	0.058824	1.0
SNP_2313	0.44429	-0.038726	0.019748
SNP_2314	0.054029	0.007533	0.334383
SNP_2315	0.054029	0.007533	0.334383
SNP_2316	0.320443	0.034137	0.497655
SNP_2317	0.074122	-0.021243	0.049384
SNP_2318	0.110606	-0.000624	0.310951
SNP_2319	0.110606	-0.000624	0.310951
SNP_2320	0.110606	-0.000624	0.310951
SNP_2321	0.110606	-0.000624	0.310951
SNP_2322	0.096154	0.033507	0.497926
SNP_2323	0.111111	0.176471	0.939463
SNP_2324	0.324265	-0.009192	0.139059
SNP_2325	0.019231	0.0	0.5
SNP_2326	0.166667	0.071324	0.697515
SNP_2327	0.095455	0.058897	0.621937
SNP_2328	0.13931	0.03509	0.505454
SNP_2329	0.218903	0.08831	0.757964
SNP_2330	0.223155	0.086856	0.752353
SNP_2331	0.297865	0.05829	0.636294
SNP_2332	0.341188	0.025873	0.409714
SNP_2333	0.075937	-0.013831	0.126953
SNP_2334	0.075937	-0.013831	0.126953
SNP_2335	0.079004	0.016743	0.360491
SNP_2336	0.079004	0.016743	0.360491
SNP_2337	0.079004	0.016743	0.360491
SNP_2338	0.103535	0.070301	0.686716
SNP_2339	0.471061	0.013926	0.333902
SNP_2340	0.462778	0.049219	0.558364
SNP_2341	0.480159	-0.021361	0.093791
SNP_2342	0.035714	0.037037	0.70799
SNP_2343	0.035714	0.037037	0.70799
SNP_2344	0.035714	0.037037	0.70799
SNP_2345	0.041667	0.043478	0.829772
SNP_2346	0.041667	0.043478	0.829772
SNP_2347	0.125	0.222222	0.986273
SNP_2348	0.107809	0.098842	0.778853
SNP_2349	0.245978	-0.011558	0.124013
SNP_2350	0.166667	0.304348	0.991534
SNP_2351	0.0	-100.0	0.5
SNP_2352	0.518819	0.17165	0.937284
SNP_2353	0.125992	0.079995	0.720472
SNP_2354	0.125992	0.079995	0.720472
SNP_2355	0.035714	0.0	0.611403
SNP_2356	0.163787	-0.04836	0.0
SNP_2357	0.163787	-0.04836	0.0
SNP_2358	0.239554	-0.044245	0.005419
SNP_2359	0.069153	-0.03038	0.0
SNP_2360	0.403904	-0.014822	0.102988
SNP_2361	0.116241	-0.024999	0.02754
SNP_2362	0.192591	-0.016996	0.095325
SNP_2363	0.041667	0.043478	0.829772
SNP_2364	0.236991	0.022929	0.388334
SNP_2365	0.201646	0.0738	0.697497
SNP_2366	0.014706	0.0	0.5
SNP_2367	0.504922	0.085814	0.796616
SNP_2368	0.504922	0.085814	0.796616
SNP_2369	0.504922	0.085814	0.796616
SNP_2370	0.145833	0.26087	0.995198
SNP_2371	0.277233	0.073771	0.694752
SNP_2372	0.277233	0.073771	0.694752
SNP_2373	0.348269	0.045434	0.532352
SNP_2374	0.344261	0.047519	0.544314
SNP_2375	0.0	-100.0	0.5
SNP_2376	0.0	-100.0	0.5
SNP_2377	0.137372	0.040815	0.541326
SNP_2378	0.137372	0.040815	0.541326
SNP_2379	0.166667	0.077717	0.721333
SNP_2380	0.071181	0.015222	0.350848
SNP_2381	0.1375	0.083655	0.764896
SNP_2382	0.166667	0.077717	0.721333
SNP_2383	0.32526	0.016652	0.340651
SNP_2384	0.166667	0.077717	0.721333
SNP_2385	0.25205	-0.038031	0.013475
SNP_2386	0.363518	0.041558	0.519401
SNP_2387	0.055556	0.058824	1.0
SNP_2388	0.090774	-0.043716	0.0
SNP_2389	0.181818	0.057873	0.641573
SNP_2390	0.11045	0.001432	0.329519
SNP_2391	0.016667	0.0	0.5
SNP_2392	0.121284	-0.03328	0.0
SNP_2393	0.442703	-0.035693	0.026934
SNP_2394	0.496599	-0.065384	4e-06
SNP_2395	0.465561	-0.025847	0.053947
SNP_2396	0.057647	-0.026694	0.050175
SNP_2397	0.343917	0.076449	0.695955
SNP_2398	0.343917	0.076449	0.695955
SNP_2399	0.446485	0.324932	0.997009
SNP_2400	0.259834	0.026147	0.412103
SNP_2401	0.259834	0.026147	0.412103
SNP_2402	0.259834	0.026147	0.412103
SNP_2403	0.259834	0.026147	0.412103
SNP_2404	0.259834	0.026147	0.412103
SNP_2405	0.492521	-0.024382	0.074558
SNP_2406	0.35119	0.208192	0.965978
SNP_2407	0.092262	0.030388	0.481856
SNP_2408	0.422278	0.002887	0.261935
SNP_2409	0.035714	0.037037	0.70799
SNP_2410	0.091117	-0.011312	0.14779
SNP_2411	0.0	-100.0	0.5
SNP_2412	0.461574	0.113455	0.83562
SNP_2413	0.461574	0.113455	0.83562
SNP_2414	0.279722	-0.019673	0.089848
SNP_2415	0.279722	-0.019673	0.089848
SNP_2416	0.279722	-0.019673	0.089848
SNP_2417	0.279722	-0.019673	0.089848
SNP_2418	0.073362	0.025128	0.41136
SNP_2419	0.062229	0.017391	0.364557
SNP_2420	0.03125	0.0	0.611403
SNP_2421	0.31959	0.042938	0.549874
SNP_2422	0.366667	0.010571	0.304279
SNP_2423	0.0	-100.0	0.5
SNP_2424	0.046875	0.064516	1.0
SNP_2425	0.0625	0.086957	0.835112
SNP_2426	0.475152	-0.038402	0.012264
SNP_2427	0.202533	0.047527	0.564374
SNP_2428	0.075	0.105263	1.0
SNP_2429	0.0	-100.0	0.5
SNP_2430	0.110022	0.038704	0.55673
SNP_2431	0.311106	-0.029409	0.039121
SNP_2432	0.178956	0.01918	0.433046
SNP_2433	0.0	-100.0	0.5
SNP_2434	0.0	-100.0	0.5
SNP_2435	0.022727	0.0	0.611403
SNP_2436	0.015625	0.0	0.5
SNP_2437	0.025	0.0	0.611403
SNP_2438	0.025	0.0	0.611403
SNP_2439	0.467121	-0.051327	0.000451
SNP_2440	0.467121	-0.051327	0.000451
SNP_2441	0.487242	0.002995	0.283494
SNP_2442	0.128788	0.008403	0.386349
SNP_2443	0.501029	-0.035896	0.024222
SNP_2444	0.426738	0.033127	0.480789
SNP_2445	0.145279	0.047795	0.583952
SNP_2446	0.093936	-0.045545	0.0
SNP_2447	0.093936	-0.045545	0.0
SNP_2448	0.03125	0.0	0.611403
SNP_2449	0.131416	-0.012941	0.179899
SNP_2450	0.139912	-0.054414	0.0
SNP_2451	0.078869	0.033962	0.461391
SNP_2452	0.05787	-0.02	0.088738
SNP_2453	0.052142	-0.024063	0.06415
SNP_2454	0.176587	0.061287	0.656539
SNP_2455	0.438095	0.254329	0.988896
SNP_2456	0.438095	0.254329	0.988896
SNP_2457	0.438095	0.254329	0.988896
SNP_2458	0.372596	0.019675	0.375092
SNP_2459	0.0	-100.0	0.5
SNP_2460	0.096154	0.16	0.999983
SNP_2461	0.448937	-0.018834	0.095802
SNP_2462	0.017857	0.0	0.5
SNP_2463	0.017857	0.0	0.5
SNP_2464	0.400275	0.103246	0.78817
SNP_2465	0.068939	0.009419	0.312686
SNP_2466	0.400275	0.103246	0.78817
SNP_2467	0.36324	0.109149	0.82748
SNP_2468	0.400275	0.103246	0.78817
SNP_2469	0.128151	0.083099	0.730725
SNP_2470	0.128151	0.083099	0.730725
SNP_2471	0.421192	-0.005304	0.196804
SNP_2472	0.421192	-0.005304	0.196804
SNP_2473	0.421192	-0.005304	0.196804
SNP_2474	0.421192	-0.005304	0.196804
SNP_2475	0.499648	-0.032868	0.034158
SNP_2476	0.019231	0.0	0.5
SNP_2477	0.0	-100.0	0.5
SNP_2478	0.343699	0.104395	0.804419
SNP_2479	0.387852	-0.032499	0.026804
SNP_2480	0.3294	-0.008222	0.145941
SNP_2481	0.3294	-0.008222	0.145941
SNP_2482	0.322367	-0.009456	0.161707
SNP_2483	0.3294	-0.008222	0.145941
SNP_2484	0.374488	0.10597	0.81797
SNP_2485	0.535889	0.234182	0.959856
SNP_2486	0.503199	0.002145	0.27884
SNP_2487	0.246145	0.038313	0.493555
SNP_2488	0.159433	0.020468	0.400156
SNP_2489	0.159433	0.020468	0.400156
SNP_2490	0.0	-100.0	0.5
SNP_2491	0.05432	-0.0252	0.057917
SNP_2492	0.234185	-0.035299	0.01884
SNP_2493	0.035714	0.037037	0.70799
SNP_2494	0.035714	0.037037	0.70799
SNP_2495	0.035714	0.037037	0.70799
SNP_2496	0.081019	0.016149	0.356742
SNP_2497	0.116756	0.088331	0.747423
SNP_2498	0.175	0.007008	0.336532
SNP_2499	0.20098	0.216909	0.978036
SNP_2500	0.135062	-0.042444	0.0
SNP_2501	0.308449	-0.021188	0.080135
SNP_2502	0.090884	-0.001034	0.256844
SNP_2503	0.096039	0.01964	0.419097
SNP_2504	0.020833	0.0	0.611403
SNP_2505	0.0	-100.0	0.5
SNP_2506	0.0	-100.0	0.5
SNP_2507	0.506875	0.026747	0.476184
SNP_2508	0.035714	0.037037	0.70799
SNP_2509	0.288108	0.148281	0.9065
SNP_2510	0.309428	0.188867	0.958289
SNP_2511	0.290404	0.246557	0.980784
SNP_2512	0.178956	0.01918	0.433046
SNP_2513	0.178956	0.01918	0.433046
SNP_2514	0.178956	0.01918	0.433046
SNP_2515	0.123168	0.08271	0.729454
SNP_2516	0.053571	0.074074	1.0
SNP_2517	0.123168	0.08271	0.729454
SNP_2518	0.124331	-0.000489	0.312197
SNP_2519	0.041667	0.043478	0.829772
SNP_2520	0.041667	0.043478	0.829772
SNP_2521	0.0	-100.0	0.5
SNP_2522	0.354019	0.027519	0.421349
SNP_2523	0.354019	0.027519	0.421349
SNP_2524	0.354019	0.027519	0.421349
SNP_2525	0.432071	0.069942	0.675765
SNP_2526	0.112546	0.000687	0.322891
SNP_2527	0.076923	0.12	1.0
SNP_2528	0.076923	0.12	1.0
SNP_2529	0.076923	0.12	1.0
SNP_2530	0.076923	0.12	1.0
SNP_2531	0.076923	0.12	1.0
SNP_2532	0.227994	0.072637	0.68822
SNP_2533	0.406656	-0.042731	0.007278
SNP_2534	0.515212	0.097623	0.731314
SNP_2535	0.192708	0.083679	0.742023
SNP_2536	0.074951	0.014737	0.347744
SNP_2537	0.074951	0.014737	0.347744
SNP_2538	0.074951	0.014737	0.347744
SNP_2539	0.074951	0.014737	0.347744
SNP_2540	0.074951	0.014737	0.347744
SNP_2541	0.074951	0.014737	0.347744
SNP_2542	0.153846	0.28	0.997259
SNP_2543	0.017857	0.0	0.5
SNP_2544	0.346814	0.493219	0.999555
SNP_2545	0.308954	-0.016113	0.112657
SNP_2546	0.068182	0.095238	0.939156
SNP_2547	0.068182	0.095238	0.939156
SNP_2548	0.273223	0.132329	0.87869
SNP_2549	0.124074	0.013876	0.425057
SNP_2550	0.104968	0.067008	0.674629
SNP_2551	0.104968	0.067008	0.674629
SNP_2552	0.104968	0.067008	0.674629
SNP_2553	0.104968	0.067008	0.674629
SNP_2554	0.104968	0.067008	0.674629
SNP_2555	0.497713	0.018091	0.412718
SNP_2556	0.439542	-0.022809	0.075142
SNP_2557	0.0	-100.0	0.5
SNP_2558	0.0	-100.0	0.5
SNP_2559	0.066116	-0.03125	0.0
SNP_2560	0.216063	0.122167	0.862292
SNP_2561	0.484239	0.022278	0.427951
SNP_2562	0.227376	0.153053	0.926823
SNP_2563	0.227376	0.153053	0.926823
SNP_2564	0.115385	0.2	0.9676
SNP_2565	0.115385	0.2	0.9676
SNP_2566	0.017857	0.0	0.5
SNP_2567	0.150374	0.002505	0.236383
SNP_2568	0.150374	0.002505	0.236383
