1470627683
1470627683
1470627683
1470627683
1470627683
1470627683
1470627683
1470627683
1470627683
1470627683
1470631322
1470631322
1470631322
1470631322
1470631322
1470631322
1470631322
1470631322
1470631322
1470631322
1470635078
1470635078
1470635078
1470635078
1470635078
1470635078
1470635078
1470635078
1470635078
1470635078
1470639326
1470639326
1470639326
1470639326
1470639326
1470639326
1470639326
1470639326
1470639326
1470639326
1470644120
1470644120
1470644120
1470644120
1470644120
1470644120
1470644120
1470644120
1470644120
1470644120
1470648604
1470648604
1470648604
1470648604
1470648604
1470648604
1470648604
1470648604
1470648604
1470648604
