  1        1  (18)      1 :  0.0050  0.0030  0.0160  0.0040  0.0020  0.0060  0.9630  0.0010  
  2        2   (9)      1 :  0.0020  0.0080  0.0110  0.0060  0.0020  0.0030  0.9650  0.0030  
  3        3  (20)      1 :  0.0040  0.0040  0.0040  0.0030  0.0110  0.0260  0.9451  0.0030  
  4        4  (12)      1 :  0.0040  0.0020  0.0020  0.0090  0.0190  0.0270  0.9340  0.0030  
  5        5  (74)      1 :  0.0030  0.0080  0.0050  0.0040  0.0080  0.0040  0.9600  0.0080  
  6        6  (23)      1 :  0.0070  0.0090  0.0080  0.0190  0.0060  0.0150  0.9290  0.0070  
  7        7  (22)      1 :  0.0030  0.0060  0.0010  0.0030  0.0020  0.0020  0.9790  0.0040  
  8        8  (33)      1 :  0.0030  0.0040  0.0280  0.0070  0.0030  0.0150  0.9370  0.0030  
  9        9  (24)      1 :  0.0190  0.0090  0.0080  0.0120  0.0180  0.1099  0.8142  0.0100  
 10       10  (31)      1 :  0.0080  0.0060  0.0060  0.0020  0.0060  0.0050  0.9580  0.0090  
 11       11  (28)      1 :  0.0130  0.0240  0.0180  0.0729  0.0519  0.0330  0.7592  0.0280  
 12       12  (24)      1 :  0.0010  0.0020  0.0010  0.0020  0.0020  0.9840  0.0070  0.0010  
 13       13  (10)      1 :  0.0050  0.0130  0.0470  0.0050  0.0040  0.0480  0.8701  0.0080  
 14       14  (53)      1 :  0.0090  0.0140  0.0060  0.0370  0.0050  0.0460  0.8539  0.0290  
 15       15  (16)      1 :  0.0010  0.0020  0.0030  0.0020  0.0010  0.0010  0.9760  0.0140  
 16       16  (15)      2 :  0.8780  0.0910  0.0030  0.0030  0.0070  0.0030  0.0020  0.0130  
 17       17  (14)      2 :  0.9370  0.0120  0.0040  0.0020  0.0100  0.0020  0.0120  0.0210  
 18       18  (12)      2 :  0.9210  0.0120  0.0150  0.0060  0.0120  0.0090  0.0020  0.0230  
 19       19  (13)      2 :  0.8120  0.0640  0.0080  0.0560  0.0030  0.0080  0.0070  0.0420  
 20       20  (10)      2 :  0.9710  0.0030  0.0060  0.0020  0.0100  0.0030  0.0030  0.0020  
 21       21  (30)      2 :  0.9660  0.0030  0.0140  0.0030  0.0040  0.0020  0.0030  0.0050  
 22       22  (12)      2 :  0.8861  0.0320  0.0170  0.0050  0.0250  0.0020  0.0270  0.0060  
 23       23  (11)      2 :  0.9089  0.0020  0.0751  0.0040  0.0020  0.0010  0.0030  0.0040  
 24       24  (16)      2 :  0.8450  0.0030  0.0260  0.0140  0.0030  0.0820  0.0160  0.0110  
 25       25  (46)      2 :  0.6184  0.2318  0.0070  0.1149  0.0060  0.0070  0.0020  0.0130  
 26       26  (15)      2 :  0.8519  0.0030  0.0160  0.0070  0.0090  0.0170  0.0911  0.0050  
 27       27  (33)      2 :  0.8800  0.0040  0.0040  0.0780  0.0050  0.0230  0.0050  0.0010  
 28       28  (17)      2 :  0.9660  0.0030  0.0050  0.0020  0.0150  0.0020  0.0030  0.0040  
 29       29  (31)      2 :  0.9369  0.0060  0.0060  0.0360  0.0040  0.0030  0.0040  0.0040  
 30       30  (17)      2 :  0.9800  0.0040  0.0010  0.0020  0.0020  0.0070  0.0020  0.0020  
 31       31   (9)      2 :  0.9510  0.0040  0.0020  0.0020  0.0020  0.0170  0.0130  0.0090  
 32       32  (33)      3 :  0.0070  0.0060  0.0100  0.0140  0.0090  0.0090  0.0050  0.9401  
 33       33  (12)      3 :  0.0962  0.0200  0.0050  0.0020  0.0110  0.1904  0.0261  0.6493  
 34       34  (30)      3 :  0.0070  0.0190  0.0130  0.0180  0.0280  0.0080  0.0050  0.9020  
 35       35  (12)      3 :  0.0280  0.0070  0.0210  0.0040  0.0050  0.0090  0.0170  0.9091  
 36       36  (22)      3 :  0.0080  0.0180  0.0450  0.0130  0.0070  0.0040  0.0120  0.8930  
 37       37  (52)      3 :  0.0030  0.0010  0.0010  0.0020  0.0010  0.0040  0.0030  0.9850  
 38       38  (45)      3 :  0.0030  0.0510  0.0160  0.0190  0.0270  0.0030  0.0030  0.8780  
 39       39  (28)      3 :  0.0060  0.0110  0.0190  0.0350  0.0090  0.0040  0.0060  0.9100  
 40       40  (14)      3 :  0.0060  0.0130  0.0570  0.0030  0.0050  0.0060  0.2200  0.6900  
 41       41  (20)      3 :  0.0030  0.0020  0.0010  0.0010  0.0030  0.0030  0.0040  0.9830  
 42       42  (63)      3 :  0.0280  0.0100  0.0080  0.0719  0.0060  0.0040  0.0110  0.8611  
 43       43  (13)      3 :  0.0110  0.0040  0.0030  0.0080  0.0020  0.2800  0.0030  0.6890  
 44       44  (26)      3 :  0.0090  0.0070  0.0040  0.0040  0.0020  0.0040  0.0050  0.9650  
 45       45  (19)      3 :  0.0270  0.0040  0.0180  0.0040  0.0749  0.0060  0.0050  0.8611  
 46       46  (22)      3 :  0.0010  0.0010  0.0020  0.0020  0.0010  0.0020  0.0010  0.9900  
 47       47  (13)      4 :  0.0030  0.0220  0.9570  0.0030  0.0090  0.0010  0.0030  0.0020  
 48       48  (12)      4 :  0.0030  0.0040  0.9649  0.0040  0.0050  0.0010  0.0040  0.0140  
 49       49  (10)      4 :  0.0539  0.0050  0.8591  0.0030  0.0030  0.0100  0.0140  0.0519  
 50       50  (25)      4 :  0.0020  0.0100  0.9711  0.0030  0.0080  0.0010  0.0020  0.0030  
 51       51   (9)      4 :  0.0100  0.0040  0.8739  0.0040  0.0430  0.0070  0.0561  0.0020  
 52       52   (9)      4 :  0.0030  0.0070  0.9790  0.0030  0.0020  0.0010  0.0030  0.0020  
 53       53  (41)      4 :  0.0010  0.0020  0.9910  0.0010  0.0010  0.0010  0.0010  0.0020  
 54       54  (15)      4 :  0.0300  0.0120  0.8700  0.0190  0.0050  0.0120  0.0430  0.0090  
 55       55  (18)      4 :  0.0010  0.0570  0.8700  0.0490  0.0030  0.0020  0.0060  0.0120  
 56       56   (8)      4 :  0.0080  0.0100  0.8110  0.0130  0.0530  0.0070  0.0030  0.0950  
 57       57  (14)      4 :  0.0280  0.0080  0.8941  0.0070  0.0050  0.0210  0.0050  0.0320  
 58       58  (10)      4 :  0.0230  0.0150  0.8244  0.0060  0.0190  0.0080  0.0110  0.0938  
 59       59  (16)      4 :  0.0040  0.0120  0.6727  0.0140  0.0140  0.0030  0.2675  0.0130  
 60       60  (11)      4 :  0.0050  0.0420  0.6386  0.1652  0.0160  0.0360  0.0941  0.0030  
 61       61  (35)      5 :  0.0020  0.0020  0.0030  0.0040  0.9810  0.0040  0.0020  0.0020  
 62       62  (15)      5 :  0.0060  0.0090  0.0130  0.0160  0.9031  0.0210  0.0280  0.0040  
 63       63  (51)      5 :  0.0030  0.0050  0.0030  0.0040  0.9340  0.0120  0.0350  0.0040  
 64       64  (20)      5 :  0.0040  0.0040  0.0070  0.1918  0.7872  0.0020  0.0020  0.0020  
 65       65  (26)      5 :  0.0020  0.0060  0.0010  0.0030  0.9830  0.0010  0.0010  0.0030  
 66       66  (16)      5 :  0.1379  0.0080  0.0240  0.0070  0.7732  0.0150  0.0280  0.0070  
 67       67  (10)      5 :  0.0210  0.0100  0.0030  0.1782  0.7317  0.0450  0.0080  0.0030  
 68       68   (9)      5 :  0.0130  0.0280  0.0040  0.0060  0.8959  0.0020  0.0490  0.0020  
 69       69  (39)      5 :  0.0070  0.0150  0.0110  0.0030  0.9359  0.0120  0.0140  0.0020  
 70       70  (17)      5 :  0.0040  0.0040  0.0020  0.0620  0.9210  0.0010  0.0020  0.0040  
 71       71  (28)      5 :  0.0690  0.0090  0.0060  0.0110  0.8910  0.0020  0.0030  0.0090  
 72       72  (53)      5 :  0.0130  0.0200  0.0620  0.0110  0.8270  0.0230  0.0130  0.0310  
 73       73  (21)      5 :  0.0020  0.0030  0.0030  0.0020  0.9760  0.0020  0.0050  0.0070  
 74       74  (11)      5 :  0.0040  0.0080  0.0040  0.0030  0.9610  0.0140  0.0020  0.0040  
 75       75  (16)      5 :  0.0040  0.0451  0.1383  0.0020  0.7966  0.0010  0.0100  0.0030  
 76       76  (23)      6 :  0.0120  0.7477  0.0450  0.0420  0.0370  0.0030  0.0340  0.0791  
 77       77  (13)      6 :  0.0150  0.7317  0.0851  0.0090  0.0050  0.0340  0.0621  0.0581  
 78       78  (22)      6 :  0.0100  0.9680  0.0030  0.0030  0.0040  0.0040  0.0040  0.0040  
 79       79  (16)      6 :  0.0090  0.9680  0.0080  0.0020  0.0010  0.0030  0.0040  0.0050  
 80       80  (20)      6 :  0.0150  0.9470  0.0040  0.0050  0.0150  0.0040  0.0060  0.0040  
 81       81  (10)      6 :  0.0040  0.8871  0.0759  0.0130  0.0070  0.0040  0.0060  0.0030  
 82       82  (28)      6 :  0.0030  0.9420  0.0050  0.0320  0.0070  0.0030  0.0050  0.0030  
 83       83  (15)      6 :  0.2308  0.7443  0.0060  0.0060  0.0030  0.0010  0.0030  0.0060  
 84       84  (19)      6 :  0.0130  0.9500  0.0040  0.0040  0.0160  0.0050  0.0040  0.0040  
 85       85  (10)      6 :  0.0040  0.9421  0.0240  0.0050  0.0050  0.0020  0.0100  0.0080  
 86       86  (26)      6 :  0.0020  0.9540  0.0040  0.0040  0.0190  0.0030  0.0050  0.0090  
 87       87  (47)      6 :  0.0040  0.9481  0.0070  0.0030  0.0030  0.0100  0.0150  0.0100  
 88       88  (26)      6 :  0.0130  0.9460  0.0060  0.0050  0.0070  0.0090  0.0110  0.0030  
 89       89  (13)      6 :  0.0020  0.9690  0.0080  0.0030  0.0040  0.0080  0.0050  0.0010  
 90       90  (26)      6 :  0.0030  0.8570  0.0030  0.0230  0.0110  0.0220  0.0060  0.0750  
 91       91  (19)      6 :  0.0200  0.8679  0.0040  0.0040  0.0651  0.0030  0.0050  0.0310  
 92       92  (11)      7 :  0.0080  0.0050  0.0010  0.9710  0.0030  0.0020  0.0030  0.0070  
 93       93  (20)      7 :  0.0050  0.0070  0.0040  0.9390  0.0140  0.0140  0.0070  0.0100  
 94       94  (29)      7 :  0.0060  0.0020  0.0020  0.1982  0.0030  0.7848  0.0030  0.0010  
 95       95   (7)      7 :  0.0020  0.0140  0.0040  0.9120  0.0030  0.0570  0.0040  0.0040  
 96       96  (41)      7 :  0.0030  0.0020  0.0020  0.9810  0.0020  0.0060  0.0020  0.0020  
 97       97  (25)      7 :  0.0030  0.5331  0.0100  0.0561  0.0040  0.3888  0.0030  0.0020  
 98       98  (13)      7 :  0.0050  0.0060  0.0150  0.9420  0.0030  0.0080  0.0200  0.0010  
 99       99  (21)      7 :  0.0030  0.0020  0.0050  0.9800  0.0040  0.0030  0.0010  0.0020  
100      100  (16)      7 :  0.0210  0.0130  0.0160  0.8290  0.0040  0.0270  0.0680  0.0220  
101      101  (62)      7 :  0.0060  0.0330  0.0080  0.8420  0.0050  0.0080  0.0050  0.0930  
102      102  (15)      7 :  0.0130  0.0060  0.0090  0.8870  0.0120  0.0100  0.0540  0.0090  
103      103  (18)      7 :  0.0140  0.0080  0.1190  0.8110  0.0140  0.0200  0.0050  0.0090  
104      104  (21)      7 :  0.0040  0.0050  0.0020  0.7680  0.0120  0.1970  0.0040  0.0080  
105      105  (18)      7 :  0.0090  0.0040  0.0050  0.6763  0.0040  0.2517  0.0220  0.0280  
