  1        1  (18)      1 :  0.0020  0.0050  0.0150  0.0040  0.0030  0.0090  0.9600  0.0020  
  2        2   (9)      1 :  0.0020  0.0100  0.0080  0.0060  0.0020  0.0010  0.9690  0.0020  
  3        3  (20)      1 :  0.0090  0.0060  0.0040  0.0030  0.0090  0.0030  0.9640  0.0020  
  4        4  (12)      1 :  0.0050  0.0030  0.0010  0.0090  0.0090  0.0030  0.9680  0.0020  
  5        5  (74)      1 :  0.0030  0.0070  0.0410  0.0140  0.0090  0.0060  0.9090  0.0110  
  6        6  (23)      1 :  0.0060  0.0070  0.0090  0.0280  0.0060  0.0040  0.9341  0.0060  
  7        7  (22)      1 :  0.0040  0.0080  0.0010  0.0030  0.0020  0.0270  0.9510  0.0040  
  8        8  (33)      1 :  0.0030  0.0050  0.0261  0.0040  0.0030  0.0030  0.9539  0.0020  
  9        9  (24)      1 :  0.0280  0.0080  0.0140  0.0140  0.0250  0.0190  0.8840  0.0080  
 10       10  (31)      1 :  0.0070  0.0140  0.0150  0.0020  0.0070  0.0030  0.9420  0.0100  
 11       11  (28)      1 :  0.0210  0.0090  0.0130  0.0260  0.0320  0.0180  0.8570  0.0240  
 12       12  (24)      1 :  0.0100  0.0100  0.0040  0.2220  0.0060  0.0060  0.7380  0.0040  
 13       13  (10)      1 :  0.0040  0.0160  0.0561  0.0090  0.0050  0.0020  0.8919  0.0160  
 14       14  (53)      1 :  0.0060  0.0420  0.0040  0.0090  0.0030  0.0040  0.8981  0.0340  
 15       15  (16)      1 :  0.0010  0.0030  0.0060  0.0020  0.0010  0.0010  0.9510  0.0350  
 16       16  (15)      2 :  0.9091  0.0190  0.0040  0.0030  0.0100  0.0420  0.0030  0.0100  
 17       17  (14)      2 :  0.9130  0.0160  0.0150  0.0020  0.0090  0.0020  0.0020  0.0410  
 18       18  (12)      2 :  0.9361  0.0060  0.0090  0.0060  0.0130  0.0180  0.0020  0.0100  
 19       19  (13)      2 :  0.7874  0.0589  0.0060  0.0419  0.0050  0.0649  0.0190  0.0170  
 20       20  (10)      2 :  0.9531  0.0030  0.0030  0.0020  0.0289  0.0030  0.0050  0.0020  
 21       21  (30)      2 :  0.9760  0.0030  0.0050  0.0020  0.0020  0.0060  0.0030  0.0030  
 22       22  (12)      2 :  0.8270  0.0510  0.0320  0.0100  0.0500  0.0020  0.0200  0.0080  
 23       23  (11)      2 :  0.8691  0.0020  0.1059  0.0050  0.0010  0.0030  0.0020  0.0120  
 24       24  (16)      2 :  0.7377  0.0070  0.0240  0.1301  0.0050  0.0350  0.0360  0.0250  
 25       25  (46)      2 :  0.0030  0.0040  0.0020  0.0020  0.0020  0.9840  0.0010  0.0020  
 26       26  (15)      2 :  0.7443  0.0040  0.0669  0.0280  0.0140  0.0070  0.1299  0.0060  
 27       27  (33)      2 :  0.9130  0.0070  0.0070  0.0350  0.0040  0.0280  0.0040  0.0020  
 28       28  (17)      2 :  0.8280  0.0020  0.0030  0.0010  0.0030  0.1580  0.0030  0.0020  
 29       29  (31)      2 :  0.8390  0.0040  0.0030  0.1210  0.0060  0.0130  0.0060  0.0080  
 30       30  (17)      2 :  0.9730  0.0050  0.0030  0.0040  0.0030  0.0060  0.0030  0.0030  
 31       31   (9)      2 :  0.9421  0.0070  0.0030  0.0100  0.0070  0.0070  0.0090  0.0150  
 32       32  (33)      3 :  0.0080  0.0120  0.0090  0.0580  0.0340  0.0210  0.0080  0.8500  
 33       33  (12)      3 :  0.0760  0.0390  0.0060  0.0260  0.0070  0.0020  0.0710  0.7730  
 34       34  (30)      3 :  0.0080  0.0110  0.0170  0.0950  0.0560  0.0100  0.0040  0.7990  
 35       35  (12)      3 :  0.0390  0.0130  0.0290  0.0060  0.0090  0.0030  0.0120  0.8891  
 36       36  (22)      3 :  0.0140  0.0180  0.0060  0.0040  0.0020  0.0040  0.0070  0.9449  
 37       37  (52)      3 :  0.0030  0.0020  0.0020  0.0020  0.0010  0.0030  0.0040  0.9830  
 38       38  (45)      3 :  0.0020  0.0240  0.0240  0.0100  0.0420  0.1091  0.0090  0.7798  
 39       39  (28)      3 :  0.0100  0.0150  0.0510  0.0600  0.0130  0.0040  0.0030  0.8440  
 40       40  (14)      3 :  0.0060  0.0130  0.0070  0.0030  0.0100  0.0380  0.2240  0.6990  
 41       41  (20)      3 :  0.0030  0.0030  0.0020  0.0020  0.0040  0.0020  0.0050  0.9790  
 42       42  (63)      3 :  0.0090  0.0090  0.0140  0.0160  0.0030  0.0529  0.0060  0.8901  
 43       43  (13)      3 :  0.0290  0.0030  0.0020  0.2322  0.0020  0.0040  0.0030  0.7247  
 44       44  (26)      3 :  0.0170  0.0110  0.0070  0.0040  0.0120  0.0030  0.0030  0.9431  
 45       45  (19)      3 :  0.0040  0.0030  0.0380  0.0060  0.0890  0.0300  0.0050  0.8250  
 46       46  (22)      3 :  0.0020  0.0020  0.0020  0.0020  0.0010  0.0010  0.0010  0.9890  
 47       47  (13)      4 :  0.0050  0.0420  0.9310  0.0030  0.0080  0.0040  0.0050  0.0020  
 48       48  (12)      4 :  0.0090  0.0080  0.9600  0.0050  0.0050  0.0010  0.0040  0.0080  
 49       49  (10)      4 :  0.0160  0.0050  0.8407  0.0040  0.0040  0.0912  0.0160  0.0230  
 50       50  (25)      4 :  0.0010  0.0100  0.9420  0.0030  0.0300  0.0090  0.0020  0.0030  
 51       51   (9)      4 :  0.0030  0.0130  0.9401  0.0050  0.0200  0.0020  0.0130  0.0040  
 52       52   (9)      4 :  0.0030  0.0140  0.9600  0.0090  0.0030  0.0030  0.0050  0.0030  
 53       53  (41)      4 :  0.0020  0.0020  0.9880  0.0010  0.0030  0.0010  0.0010  0.0020  
 54       54  (15)      4 :  0.0090  0.0060  0.9040  0.0230  0.0040  0.0060  0.0350  0.0130  
 55       55  (18)      4 :  0.0020  0.3270  0.6370  0.0100  0.0040  0.0020  0.0040  0.0140  
 56       56   (8)      4 :  0.0060  0.0040  0.8891  0.0290  0.0170  0.0080  0.0050  0.0420  
 57       57  (14)      4 :  0.0080  0.0060  0.8929  0.0040  0.0040  0.0721  0.0040  0.0090  
 58       58  (10)      4 :  0.0210  0.0270  0.8629  0.0050  0.0140  0.0030  0.0050  0.0621  
 59       59  (16)      4 :  0.0020  0.0220  0.7970  0.0060  0.0150  0.0180  0.1330  0.0070  
 60       60  (11)      4 :  0.0210  0.0450  0.5050  0.2500  0.0040  0.0020  0.1620  0.0110  
 61       61  (35)      5 :  0.0010  0.0040  0.0040  0.0050  0.9750  0.0040  0.0040  0.0030  
 62       62  (15)      5 :  0.0050  0.0060  0.0170  0.0080  0.8730  0.0680  0.0140  0.0090  
 63       63  (51)      5 :  0.0040  0.0060  0.0070  0.0030  0.9099  0.0010  0.0641  0.0050  
 64       64  (20)      5 :  0.0040  0.0050  0.0040  0.0609  0.9211  0.0020  0.0010  0.0020  
 65       65  (26)      5 :  0.0020  0.0030  0.0020  0.0020  0.9860  0.0010  0.0010  0.0030  
 66       66  (16)      5 :  0.1240  0.0060  0.0200  0.0060  0.8060  0.0090  0.0260  0.0030  
 67       67  (10)      5 :  0.0090  0.0180  0.0060  0.3693  0.5579  0.0090  0.0100  0.0210  
 68       68   (9)      5 :  0.0080  0.0240  0.0070  0.0040  0.9109  0.0300  0.0130  0.0030  
 69       69  (39)      5 :  0.0070  0.0470  0.0150  0.0060  0.6710  0.1350  0.1160  0.0030  
 70       70  (17)      5 :  0.0070  0.0040  0.0010  0.0640  0.9100  0.0090  0.0030  0.0020  
 71       71  (28)      5 :  0.0420  0.0120  0.0130  0.0150  0.8799  0.0190  0.0040  0.0150  
 72       72  (53)      5 :  0.0040  0.0230  0.0510  0.0160  0.7980  0.0190  0.0320  0.0570  
 73       73  (21)      5 :  0.0030  0.0060  0.0060  0.0020  0.9640  0.0020  0.0040  0.0130  
 74       74  (11)      5 :  0.0050  0.0080  0.0050  0.0030  0.9720  0.0010  0.0040  0.0020  
 75       75  (16)      5 :  0.0030  0.0300  0.0580  0.0020  0.8700  0.0260  0.0070  0.0040  
 76       76  (23)      6 :  0.0369  0.6687  0.0798  0.0429  0.0269  0.0130  0.0419  0.0898  
 77       77  (13)      6 :  0.0140  0.8448  0.0701  0.0310  0.0050  0.0060  0.0190  0.0100  
 78       78  (22)      6 :  0.0020  0.9630  0.0050  0.0030  0.0110  0.0030  0.0100  0.0030  
 79       79  (16)      6 :  0.0110  0.9640  0.0060  0.0010  0.0020  0.0030  0.0030  0.0100  
 80       80  (20)      6 :  0.0060  0.9500  0.0030  0.0030  0.0110  0.0160  0.0080  0.0030  
 81       81  (10)      6 :  0.0100  0.9230  0.0180  0.0120  0.0060  0.0230  0.0040  0.0040  
 82       82  (28)      6 :  0.0030  0.9670  0.0040  0.0070  0.0080  0.0020  0.0050  0.0040  
 83       83  (15)      6 :  0.2240  0.7470  0.0080  0.0070  0.0020  0.0030  0.0020  0.0070  
 84       84  (19)      6 :  0.0261  0.9078  0.0030  0.0060  0.0381  0.0120  0.0030  0.0040  
 85       85  (10)      6 :  0.0090  0.9539  0.0100  0.0030  0.0030  0.0040  0.0080  0.0090  
 86       86  (26)      6 :  0.0020  0.9389  0.0040  0.0040  0.0130  0.0210  0.0080  0.0090  
 87       87  (47)      6 :  0.0040  0.9411  0.0090  0.0040  0.0040  0.0020  0.0170  0.0190  
 88       88  (26)      6 :  0.0080  0.9300  0.0090  0.0060  0.0050  0.0060  0.0320  0.0040  
 89       89  (13)      6 :  0.0030  0.9330  0.0210  0.0130  0.0080  0.0030  0.0170  0.0020  
 90       90  (26)      6 :  0.0030  0.7648  0.0080  0.0651  0.0300  0.0070  0.0120  0.1101  
 91       91  (19)      6 :  0.0070  0.8038  0.0070  0.0040  0.1211  0.0110  0.0070  0.0390  
 92       92  (11)      7 :  0.0040  0.0100  0.0020  0.9232  0.0020  0.0399  0.0030  0.0160  
 93       93  (20)      7 :  0.0060  0.0050  0.0030  0.9570  0.0150  0.0050  0.0040  0.0050  
 94       94  (29)      7 :  0.0060  0.0020  0.0010  0.9790  0.0020  0.0020  0.0070  0.0010  
 95       95   (7)      7 :  0.0020  0.0180  0.0070  0.9600  0.0030  0.0030  0.0030  0.0040  
 96       96  (41)      7 :  0.0020  0.0040  0.0030  0.9780  0.0030  0.0050  0.0020  0.0030  
 97       97  (25)      7 :  0.0040  0.5950  0.0060  0.3770  0.0050  0.0050  0.0040  0.0040  
 98       98  (13)      7 :  0.0030  0.0040  0.0350  0.9290  0.0040  0.0050  0.0180  0.0020  
 99       99  (21)      7 :  0.0030  0.0020  0.0050  0.9710  0.0070  0.0070  0.0020  0.0030  
100      100  (16)      7 :  0.0040  0.0100  0.0070  0.8929  0.0040  0.0020  0.0751  0.0050  
101      101  (62)      7 :  0.0030  0.0709  0.0310  0.7413  0.0070  0.0020  0.0090  0.1359  
102      102  (15)      7 :  0.0350  0.0070  0.0070  0.9139  0.0140  0.0010  0.0150  0.0070  
103      103  (18)      7 :  0.0070  0.0060  0.0250  0.9040  0.0440  0.0030  0.0060  0.0050  
104      104  (21)      7 :  0.0050  0.0090  0.0030  0.9600  0.0050  0.0040  0.0060  0.0080  
105      105  (18)      7 :  0.0080  0.0110  0.0120  0.8130  0.0070  0.0030  0.0560  0.0900  
