  1        1  (18)      1 :  0.0100  0.0170  0.9730  
  2        2   (9)      1 :  0.0060  0.0120  0.9820  
  3        3  (20)      1 :  0.0110  0.0260  0.9630  
  4        4  (12)      1 :  0.0040  0.0070  0.9890  
  5        5  (74)      1 :  0.0150  0.0860  0.8990  
  6        6  (23)      1 :  0.0090  0.0060  0.9850  
  7        7  (22)      1 :  0.0080  0.0070  0.9850  
  8        8  (33)      1 :  0.0090  0.0320  0.9590  
  9        9  (24)      1 :  0.0390  0.0160  0.9450  
 10       10  (31)      1 :  0.0810  0.0610  0.8580  
 11       11  (28)      1 :  0.0660  0.0390  0.8950  
 12       12  (24)      1 :  0.0090  0.0060  0.9850  
 13       13  (10)      1 :  0.0110  0.0160  0.9730  
 14       14  (53)      1 :  0.0230  0.0170  0.9600  
 15       15  (16)      1 :  0.0110  0.0100  0.9790  
 16       16  (15)      2 :  0.9650  0.0260  0.0090  
 17       17  (14)      2 :  0.9850  0.0120  0.0030  
 18       18  (12)      2 :  0.9760  0.0170  0.0070  
 19       19  (13)      2 :  0.9700  0.0120  0.0180  
 20       20  (10)      2 :  0.8940  0.0940  0.0120  
 21       21  (30)      2 :  0.9570  0.0370  0.0060  
 22       22  (12)      2 :  0.8960  0.0850  0.0190  
 23       23  (11)      2 :  0.9800  0.0120  0.0080  
 24       24  (16)      2 :  0.7270  0.0090  0.2640  
 25       25  (46)      2 :  0.9560  0.0340  0.0100  
 26       26  (15)      2 :  0.7210  0.0440  0.2350  
 27       27  (33)      2 :  0.6830  0.0090  0.3080  
 28       28  (17)      2 :  0.9810  0.0130  0.0060  
 29       29  (31)      2 :  0.9820  0.0070  0.0110  
 30       30  (17)      2 :  0.9780  0.0080  0.0140  
 31       31   (9)      2 :  0.9490  0.0100  0.0410  
 32       32  (33)      3 :  0.9460  0.0160  0.0380  
 33       33  (12)      3 :  0.9211  0.0310  0.0480  
 34       34  (30)      3 :  0.9250  0.0610  0.0140  
 35       35  (12)      3 :  0.9730  0.0130  0.0140  
 36       36  (22)      3 :  0.9361  0.0170  0.0470  
 37       37  (52)      3 :  0.9860  0.0040  0.0100  
 38       38  (45)      3 :  0.7260  0.2490  0.0250  
 39       39  (28)      3 :  0.9360  0.0540  0.0100  
 40       40  (14)      3 :  0.7110  0.0790  0.2100  
 41       41  (20)      3 :  0.9890  0.0060  0.0050  
 42       42  (63)      3 :  0.9790  0.0120  0.0090  
 43       43  (13)      3 :  0.9271  0.0050  0.0679  
 44       44  (26)      3 :  0.9830  0.0110  0.0060  
 45       45  (19)      3 :  0.9340  0.0560  0.0100  
 46       46  (22)      3 :  0.9880  0.0060  0.0060  
 47       47  (13)      4 :  0.0110  0.9820  0.0070  
 48       48  (12)      4 :  0.0320  0.9580  0.0100  
 49       49  (10)      4 :  0.4730  0.5130  0.0140  
 50       50  (25)      4 :  0.0030  0.9940  0.0030  
 51       51   (9)      4 :  0.0130  0.9620  0.0250  
 52       52   (9)      4 :  0.0080  0.9620  0.0300  
 53       53  (41)      4 :  0.0080  0.9880  0.0040  
 54       54  (15)      4 :  0.2820  0.6470  0.0710  
 55       55  (18)      4 :  0.0120  0.9301  0.0579  
 56       56   (8)      4 :  0.1702  0.7928  0.0370  
 57       57  (14)      4 :  0.5370  0.3990  0.0640  
 58       58  (10)      4 :  0.0900  0.8790  0.0310  
 59       59  (16)      4 :  0.0210  0.8020  0.1770  
 60       60  (11)      4 :  0.0100  0.6394  0.3506  
 61       61  (35)      5 :  0.0050  0.9880  0.0070  
 62       62  (15)      5 :  0.0080  0.9800  0.0120  
 63       63  (51)      5 :  0.0060  0.9580  0.0360  
 64       64  (20)      5 :  0.0080  0.9830  0.0090  
 65       65  (26)      5 :  0.0060  0.9910  0.0030  
 66       66  (16)      5 :  0.0480  0.9360  0.0160  
 67       67  (10)      5 :  0.0200  0.8721  0.1079  
 68       68   (9)      5 :  0.0140  0.9740  0.0120  
 69       69  (39)      5 :  0.0090  0.9530  0.0380  
 70       70  (17)      5 :  0.0100  0.9750  0.0150  
 71       71  (28)      5 :  0.0270  0.9670  0.0060  
 72       72  (53)      5 :  0.0380  0.9190  0.0430  
 73       73  (21)      5 :  0.0080  0.9870  0.0050  
 74       74  (11)      5 :  0.0070  0.9830  0.0100  
 75       75  (16)      5 :  0.0070  0.9860  0.0070  
 76       76  (23)      6 :  0.0470  0.8350  0.1180  
 77       77  (13)      6 :  0.2448  0.6943  0.0609  
 78       78  (22)      6 :  0.0120  0.9770  0.0110  
 79       79  (16)      6 :  0.3850  0.6070  0.0080  
 80       80  (20)      6 :  0.1151  0.8208  0.0641  
 81       81  (10)      6 :  0.0110  0.9650  0.0240  
 82       82  (28)      6 :  0.0070  0.9660  0.0270  
 83       83  (15)      6 :  0.2390  0.7550  0.0060  
 84       84  (19)      6 :  0.1780  0.8040  0.0180  
 85       85  (10)      6 :  0.1190  0.8660  0.0150  
 86       86  (26)      6 :  0.0120  0.9790  0.0090  
 87       87  (47)      6 :  0.0460  0.9290  0.0250  
 88       88  (26)      6 :  0.0270  0.9300  0.0430  
 89       89  (13)      6 :  0.0110  0.9210  0.0680  
 90       90  (26)      6 :  0.0340  0.6500  0.3160  
 91       91  (19)      6 :  0.1189  0.8631  0.0180  
 92       92  (11)      7 :  0.0790  0.0090  0.9120  
 93       93  (20)      7 :  0.0230  0.0160  0.9610  
 94       94  (29)      7 :  0.0080  0.0040  0.9880  
 95       95   (7)      7 :  0.0100  0.0240  0.9660  
 96       96  (41)      7 :  0.0090  0.0170  0.9740  
 97       97  (25)      7 :  0.0330  0.1668  0.8002  
 98       98  (13)      7 :  0.0040  0.0370  0.9590  
 99       99  (21)      7 :  0.0050  0.0230  0.9720  
100      100  (16)      7 :  0.0250  0.0190  0.9560  
101      101  (62)      7 :  0.0480  0.0719  0.8801  
102      102  (15)      7 :  0.0150  0.0530  0.9320  
103      103  (18)      7 :  0.0250  0.1400  0.8350  
104      104  (21)      7 :  0.0120  0.0210  0.9670  
105      105  (18)      7 :  0.0250  0.0110  0.9640  
