  1        1  (18)      1 :  0.0020  0.0030  0.9690  0.0040  0.0040  0.0040  0.0140  
  2        2   (9)      1 :  0.0040  0.0030  0.9770  0.0020  0.0020  0.0050  0.0070  
  3        3  (20)      1 :  0.0030  0.0040  0.9590  0.0150  0.0090  0.0060  0.0040  
  4        4  (12)      1 :  0.0020  0.0120  0.9680  0.0030  0.0110  0.0030  0.0010  
  5        5  (74)      1 :  0.0390  0.0100  0.8581  0.0040  0.0100  0.0180  0.0609  
  6        6  (23)      1 :  0.0040  0.0110  0.9620  0.0060  0.0030  0.0090  0.0050  
  7        7  (22)      1 :  0.0040  0.0020  0.9840  0.0020  0.0020  0.0050  0.0010  
  8        8  (33)      1 :  0.0030  0.0060  0.9730  0.0040  0.0030  0.0030  0.0080  
  9        9  (24)      1 :  0.0090  0.0130  0.9110  0.0420  0.0130  0.0080  0.0040  
 10       10  (31)      1 :  0.0120  0.0020  0.9590  0.0100  0.0060  0.0060  0.0050  
 11       11  (28)      1 :  0.0140  0.0281  0.8768  0.0130  0.0291  0.0210  0.0180  
 12       12  (24)      1 :  0.0030  0.0470  0.9179  0.0110  0.0060  0.0060  0.0090  
 13       13  (10)      1 :  0.0110  0.0050  0.9210  0.0050  0.0030  0.0070  0.0480  
 14       14  (53)      1 :  0.0160  0.0190  0.9200  0.0100  0.0070  0.0180  0.0100  
 15       15  (16)      1 :  0.0140  0.0010  0.9770  0.0010  0.0010  0.0020  0.0040  
 16       16  (15)      2 :  0.0030  0.0020  0.0020  0.7830  0.0110  0.1970  0.0020  
 17       17  (14)      2 :  0.0480  0.0010  0.0040  0.9270  0.0040  0.0120  0.0040  
 18       18  (12)      2 :  0.0180  0.0090  0.0040  0.9190  0.0100  0.0140  0.0260  
 19       19  (13)      2 :  0.0390  0.0330  0.0090  0.8290  0.0040  0.0800  0.0060  
 20       20  (10)      2 :  0.0010  0.0020  0.0030  0.9530  0.0340  0.0020  0.0050  
 21       21  (30)      2 :  0.0030  0.0020  0.0030  0.9750  0.0030  0.0050  0.0090  
 22       22  (12)      2 :  0.0120  0.0020  0.0200  0.9000  0.0150  0.0090  0.0420  
 23       23  (11)      2 :  0.0120  0.0180  0.0030  0.9051  0.0020  0.0020  0.0579  
 24       24  (16)      2 :  0.0090  0.0240  0.0410  0.9050  0.0030  0.0080  0.0100  
 25       25  (46)      2 :  0.0090  0.3223  0.0030  0.4084  0.0120  0.2382  0.0070  
 26       26  (15)      2 :  0.0080  0.0110  0.0781  0.8308  0.0080  0.0040  0.0601  
 27       27  (33)      2 :  0.0030  0.0709  0.0040  0.9001  0.0050  0.0110  0.0060  
 28       28  (17)      2 :  0.0040  0.0020  0.0030  0.9750  0.0080  0.0040  0.0040  
 29       29  (31)      2 :  0.0140  0.0230  0.0040  0.9429  0.0040  0.0070  0.0050  
 30       30  (17)      2 :  0.0030  0.0040  0.0030  0.9800  0.0040  0.0030  0.0030  
 31       31   (9)      2 :  0.0150  0.0040  0.0120  0.9570  0.0040  0.0050  0.0030  
 32       32  (33)      3 :  0.9510  0.0080  0.0050  0.0070  0.0110  0.0080  0.0100  
 33       33  (12)      3 :  0.7410  0.0220  0.0590  0.1490  0.0050  0.0190  0.0050  
 34       34  (30)      3 :  0.8498  0.0871  0.0030  0.0050  0.0210  0.0270  0.0070  
 35       35  (12)      3 :  0.9390  0.0050  0.0150  0.0150  0.0050  0.0060  0.0150  
 36       36  (22)      3 :  0.9149  0.0050  0.0140  0.0070  0.0070  0.0250  0.0270  
 37       37  (52)      3 :  0.9830  0.0020  0.0040  0.0050  0.0010  0.0030  0.0020  
 38       38  (45)      3 :  0.8810  0.0140  0.0050  0.0040  0.0480  0.0270  0.0210  
 39       39  (28)      3 :  0.8810  0.0220  0.0040  0.0180  0.0150  0.0080  0.0520  
 40       40  (14)      3 :  0.7562  0.0050  0.1688  0.0030  0.0030  0.0100  0.0539  
 41       41  (20)      3 :  0.9780  0.0010  0.0110  0.0020  0.0050  0.0020  0.0010  
 42       42  (63)      3 :  0.9079  0.0240  0.0070  0.0370  0.0040  0.0090  0.0110  
 43       43  (13)      3 :  0.6414  0.3107  0.0060  0.0310  0.0020  0.0050  0.0040  
 44       44  (26)      3 :  0.9720  0.0020  0.0030  0.0100  0.0030  0.0070  0.0030  
 45       45  (19)      3 :  0.7810  0.0090  0.0110  0.0350  0.1220  0.0060  0.0360  
 46       46  (22)      3 :  0.9900  0.0020  0.0010  0.0020  0.0010  0.0020  0.0020  
 47       47  (13)      4 :  0.0020  0.0040  0.0050  0.0090  0.0370  0.0440  0.8991  
 48       48  (12)      4 :  0.0130  0.0020  0.0040  0.0080  0.0070  0.0080  0.9580  
 49       49  (10)      4 :  0.0440  0.0050  0.0250  0.0610  0.0040  0.0120  0.8490  
 50       50  (25)      4 :  0.0030  0.0020  0.0020  0.0010  0.0220  0.0120  0.9580  
 51       51   (9)      4 :  0.0030  0.0030  0.0080  0.0040  0.0140  0.0040  0.9640  
 52       52   (9)      4 :  0.0020  0.0050  0.0040  0.0040  0.0020  0.0060  0.9770  
 53       53  (41)      4 :  0.0030  0.0010  0.0010  0.0010  0.0020  0.0020  0.9900  
 54       54  (15)      4 :  0.0080  0.0210  0.0770  0.0130  0.0090  0.0050  0.8670  
 55       55  (18)      4 :  0.0090  0.0160  0.0070  0.0020  0.0030  0.0290  0.9339  
 56       56   (8)      4 :  0.0810  0.0080  0.0040  0.0060  0.0190  0.0140  0.8680  
 57       57  (14)      4 :  0.0950  0.0040  0.0080  0.0240  0.0040  0.0100  0.8550  
 58       58  (10)      4 :  0.0610  0.0070  0.0060  0.0170  0.0280  0.0060  0.8750  
 59       59  (16)      4 :  0.0120  0.0050  0.2062  0.0050  0.0070  0.0110  0.7538  
 60       60  (11)      4 :  0.0050  0.1662  0.0651  0.0030  0.0110  0.0260  0.7237  
 61       61  (35)      5 :  0.0020  0.0040  0.0030  0.0010  0.9810  0.0060  0.0030  
 62       62  (15)      5 :  0.0090  0.0180  0.0470  0.0050  0.8849  0.0080  0.0280  
 63       63  (51)      5 :  0.0040  0.0030  0.0250  0.0040  0.9510  0.0060  0.0070  
 64       64  (20)      5 :  0.0030  0.0341  0.0010  0.0050  0.9459  0.0050  0.0060  
 65       65  (26)      5 :  0.0020  0.0020  0.0010  0.0010  0.9910  0.0020  0.0010  
 66       66  (16)      5 :  0.0050  0.0030  0.0350  0.1510  0.7720  0.0090  0.0250  
 67       67  (10)      5 :  0.0060  0.3390  0.0090  0.0430  0.5820  0.0180  0.0030  
 68       68   (9)      5 :  0.0030  0.0040  0.0340  0.0140  0.9009  0.0350  0.0090  
 69       69  (39)      5 :  0.0030  0.0040  0.0729  0.0160  0.8312  0.0470  0.0260  
 70       70  (17)      5 :  0.0030  0.0630  0.0020  0.0040  0.9230  0.0020  0.0030  
 71       71  (28)      5 :  0.0110  0.0190  0.0030  0.0339  0.9062  0.0180  0.0090  
 72       72  (53)      5 :  0.0690  0.0100  0.0130  0.0070  0.7610  0.0240  0.1160  
 73       73  (21)      5 :  0.0110  0.0020  0.0070  0.0010  0.9720  0.0040  0.0030  
 74       74  (11)      5 :  0.0080  0.0050  0.0050  0.0130  0.9510  0.0070  0.0110  
 75       75  (16)      5 :  0.0060  0.0020  0.0090  0.0060  0.8949  0.0280  0.0541  
 76       76  (23)      6 :  0.0810  0.0450  0.0220  0.0240  0.0430  0.6600  0.1250  
 77       77  (13)      6 :  0.0130  0.0130  0.0541  0.0090  0.0020  0.7064  0.2024  
 78       78  (22)      6 :  0.0020  0.0020  0.0040  0.0020  0.0030  0.9840  0.0030  
 79       79  (16)      6 :  0.0090  0.0010  0.0020  0.0070  0.0010  0.9760  0.0040  
 80       80  (20)      6 :  0.0040  0.0030  0.0190  0.0140  0.0180  0.9341  0.0080  
 81       81  (10)      6 :  0.0030  0.0180  0.0050  0.0130  0.0090  0.9209  0.0310  
 82       82  (28)      6 :  0.0040  0.0120  0.0030  0.0040  0.0090  0.9650  0.0030  
 83       83  (15)      6 :  0.0040  0.0040  0.0020  0.1762  0.0030  0.7888  0.0220  
 84       84  (19)      6 :  0.0070  0.0060  0.0040  0.0210  0.0190  0.9380  0.0050  
 85       85  (10)      6 :  0.0060  0.0040  0.0050  0.0060  0.0030  0.9640  0.0120  
 86       86  (26)      6 :  0.0160  0.0030  0.0060  0.0020  0.0100  0.9590  0.0040  
 87       87  (47)      6 :  0.0100  0.0040  0.0260  0.0050  0.0020  0.9461  0.0070  
 88       88  (26)      6 :  0.0030  0.0080  0.0220  0.0110  0.0050  0.9460  0.0050  
 89       89  (13)      6 :  0.0020  0.0230  0.0160  0.0040  0.0110  0.9289  0.0150  
 90       90  (26)      6 :  0.1512  0.0951  0.0060  0.0030  0.0220  0.7177  0.0050  
 91       91  (19)      6 :  0.0300  0.0030  0.0030  0.0100  0.0840  0.8670  0.0030  
 92       92  (11)      7 :  0.0080  0.9720  0.0020  0.0050  0.0020  0.0090  0.0020  
 93       93  (20)      7 :  0.0170  0.9511  0.0050  0.0070  0.0110  0.0050  0.0040  
 94       94  (29)      7 :  0.0020  0.9670  0.0130  0.0110  0.0030  0.0020  0.0020  
 95       95   (7)      7 :  0.0040  0.9770  0.0040  0.0020  0.0030  0.0060  0.0040  
 96       96  (41)      7 :  0.0040  0.9830  0.0020  0.0020  0.0030  0.0030  0.0030  
 97       97  (25)      7 :  0.0170  0.5510  0.0070  0.0040  0.0050  0.3800  0.0360  
 98       98  (13)      7 :  0.0020  0.9239  0.0140  0.0040  0.0030  0.0040  0.0490  
 99       99  (21)      7 :  0.0030  0.9780  0.0020  0.0020  0.0100  0.0020  0.0030  
100      100  (16)      7 :  0.0070  0.8970  0.0530  0.0080  0.0030  0.0190  0.0130  
101      101  (62)      7 :  0.0460  0.9121  0.0050  0.0030  0.0050  0.0220  0.0070  
102      102  (15)      7 :  0.0030  0.9359  0.0340  0.0120  0.0070  0.0030  0.0050  
103      103  (18)      7 :  0.0050  0.7690  0.0050  0.0130  0.0590  0.0060  0.1430  
104      104  (21)      7 :  0.0050  0.9651  0.0060  0.0070  0.0070  0.0070  0.0030  
105      105  (18)      7 :  0.0470  0.8920  0.0370  0.0100  0.0050  0.0040  0.0050  
