  1        1  (18)      1 :  0.0060  0.0060  0.0110  0.0060  0.0050  0.0050  0.9590  0.0020  
  2        2   (9)      1 :  0.0020  0.0050  0.0090  0.0030  0.0030  0.0080  0.9670  0.0030  
  3        3  (20)      1 :  0.0050  0.0050  0.0080  0.0030  0.0070  0.0080  0.9600  0.0040  
  4        4  (12)      1 :  0.0040  0.0050  0.0030  0.0130  0.0180  0.0050  0.9500  0.0020  
  5        5  (74)      1 :  0.0040  0.0090  0.0090  0.0080  0.0070  0.0040  0.9450  0.0140  
  6        6  (23)      1 :  0.0040  0.0090  0.0140  0.0230  0.0060  0.0010  0.9369  0.0060  
  7        7  (22)      1 :  0.0040  0.0050  0.0020  0.0040  0.0010  0.0020  0.9760  0.0060  
  8        8  (33)      1 :  0.0030  0.0040  0.0561  0.0070  0.0040  0.0030  0.9209  0.0020  
  9        9  (24)      1 :  0.0310  0.0070  0.0160  0.0110  0.0190  0.0080  0.9000  0.0080  
 10       10  (31)      1 :  0.0060  0.0070  0.0100  0.0030  0.0100  0.0050  0.9460  0.0130  
 11       11  (28)      1 :  0.0090  0.0100  0.0140  0.0420  0.0430  0.0040  0.8650  0.0130  
 12       12  (24)      1 :  0.0070  0.0110  0.0030  0.1150  0.0110  0.0020  0.8470  0.0040  
 13       13  (10)      1 :  0.0060  0.0150  0.0620  0.0070  0.0030  0.0090  0.8810  0.0170  
 14       14  (53)      1 :  0.0110  0.0200  0.0040  0.0110  0.0070  0.0650  0.8690  0.0130  
 15       15  (16)      1 :  0.0010  0.0030  0.0030  0.0020  0.0020  0.0020  0.9361  0.0509  
 16       16  (15)      2 :  0.7752  0.1758  0.0030  0.0050  0.0310  0.0020  0.0030  0.0050  
 17       17  (14)      2 :  0.8971  0.0340  0.0120  0.0020  0.0060  0.0010  0.0050  0.0430  
 18       18  (12)      2 :  0.8707  0.0200  0.0190  0.0110  0.0140  0.0030  0.0050  0.0571  
 19       19  (13)      2 :  0.8440  0.0780  0.0060  0.0380  0.0090  0.0040  0.0070  0.0140  
 20       20  (10)      2 :  0.9690  0.0040  0.0040  0.0020  0.0120  0.0040  0.0030  0.0020  
 21       21  (30)      2 :  0.9570  0.0080  0.0180  0.0040  0.0050  0.0020  0.0030  0.0030  
 22       22  (12)      2 :  0.7840  0.0760  0.0100  0.0050  0.0870  0.0060  0.0230  0.0090  
 23       23  (11)      2 :  0.7998  0.0010  0.1782  0.0100  0.0020  0.0020  0.0030  0.0040  
 24       24  (16)      2 :  0.6963  0.0200  0.0639  0.0959  0.0030  0.0220  0.0529  0.0460  
 25       25  (46)      2 :  0.5275  0.3127  0.0100  0.1069  0.0100  0.0190  0.0030  0.0110  
 26       26  (15)      2 :  0.7030  0.0030  0.0350  0.0090  0.0120  0.0320  0.2000  0.0060  
 27       27  (33)      2 :  0.7130  0.0040  0.0060  0.2600  0.0050  0.0020  0.0040  0.0060  
 28       28  (17)      2 :  0.9700  0.0030  0.0030  0.0020  0.0100  0.0050  0.0040  0.0030  
 29       29  (31)      2 :  0.9281  0.0050  0.0020  0.0420  0.0040  0.0080  0.0040  0.0070  
 30       30  (17)      2 :  0.9730  0.0040  0.0030  0.0020  0.0030  0.0070  0.0050  0.0030  
 31       31   (9)      2 :  0.9451  0.0060  0.0020  0.0030  0.0040  0.0050  0.0090  0.0260  
 32       32  (33)      3 :  0.0050  0.0110  0.0070  0.0190  0.0120  0.0140  0.0050  0.9270  
 33       33  (12)      3 :  0.1610  0.0610  0.0050  0.0360  0.0110  0.0030  0.0850  0.6380  
 34       34  (30)      3 :  0.0030  0.0110  0.0080  0.0250  0.0310  0.0280  0.0040  0.8900  
 35       35  (12)      3 :  0.0220  0.0080  0.0060  0.0050  0.0080  0.0490  0.0110  0.8910  
 36       36  (22)      3 :  0.0140  0.0220  0.0170  0.0060  0.0100  0.0260  0.0290  0.8759  
 37       37  (52)      3 :  0.0050  0.0020  0.0020  0.0020  0.0010  0.0050  0.0050  0.9780  
 38       38  (45)      3 :  0.0040  0.0541  0.0480  0.0110  0.0851  0.0030  0.0070  0.7878  
 39       39  (28)      3 :  0.0190  0.0170  0.0090  0.0350  0.0180  0.0350  0.0040  0.8630  
 40       40  (14)      3 :  0.0040  0.0060  0.0300  0.0040  0.0090  0.0290  0.1610  0.7570  
 41       41  (20)      3 :  0.0020  0.0020  0.0020  0.0010  0.0040  0.0020  0.0030  0.9840  
 42       42  (63)      3 :  0.1091  0.0130  0.0390  0.0521  0.0040  0.0080  0.0070  0.7678  
 43       43  (13)      3 :  0.0440  0.0040  0.0020  0.3240  0.0020  0.0010  0.0050  0.6180  
 44       44  (26)      3 :  0.0150  0.0140  0.0150  0.0030  0.0070  0.0200  0.0050  0.9209  
 45       45  (19)      3 :  0.0090  0.0060  0.0160  0.0030  0.0360  0.0040  0.0100  0.9160  
 46       46  (22)      3 :  0.0010  0.0010  0.0020  0.0020  0.0010  0.0040  0.0020  0.9870  
 47       47  (13)      4 :  0.0040  0.0120  0.9720  0.0020  0.0040  0.0020  0.0030  0.0010  
 48       48  (12)      4 :  0.0020  0.0060  0.9520  0.0020  0.0040  0.0210  0.0030  0.0100  
 49       49  (10)      4 :  0.0620  0.0080  0.8790  0.0030  0.0040  0.0080  0.0110  0.0250  
 50       50  (25)      4 :  0.0010  0.0090  0.9620  0.0040  0.0170  0.0030  0.0020  0.0020  
 51       51   (9)      4 :  0.0100  0.0190  0.7150  0.0060  0.0310  0.1830  0.0340  0.0020  
 52       52   (9)      4 :  0.0040  0.0130  0.9411  0.0070  0.0030  0.0230  0.0070  0.0020  
 53       53  (41)      4 :  0.0020  0.0030  0.9850  0.0010  0.0020  0.0030  0.0010  0.0030  
 54       54  (15)      4 :  0.0100  0.0070  0.9470  0.0110  0.0030  0.0050  0.0110  0.0060  
 55       55  (18)      4 :  0.0010  0.0040  0.0060  0.0030  0.0020  0.9760  0.0030  0.0050  
 56       56   (8)      4 :  0.0120  0.0210  0.8138  0.0300  0.0340  0.0170  0.0050  0.0671  
 57       57  (14)      4 :  0.0100  0.0030  0.9520  0.0080  0.0030  0.0030  0.0060  0.0150  
 58       58  (10)      4 :  0.0180  0.0150  0.8362  0.0060  0.0310  0.0040  0.0410  0.0490  
 59       59  (16)      4 :  0.0040  0.0150  0.7087  0.0040  0.0180  0.0751  0.1662  0.0090  
 60       60  (11)      4 :  0.0050  0.0290  0.4540  0.2330  0.0100  0.0080  0.2560  0.0050  
 61       61  (35)      5 :  0.0020  0.0050  0.0030  0.0120  0.9690  0.0020  0.0040  0.0030  
 62       62  (15)      5 :  0.0120  0.0100  0.0150  0.0150  0.8811  0.0100  0.0529  0.0040  
 63       63  (51)      5 :  0.0030  0.0120  0.0060  0.0040  0.9400  0.0030  0.0270  0.0050  
 64       64  (20)      5 :  0.0060  0.0030  0.0050  0.0220  0.8382  0.1229  0.0020  0.0010  
 65       65  (26)      5 :  0.0020  0.0030  0.0030  0.0030  0.9820  0.0020  0.0010  0.0040  
 66       66  (16)      5 :  0.1341  0.0110  0.0160  0.0070  0.8138  0.0030  0.0120  0.0030  
 67       67  (10)      5 :  0.0340  0.0350  0.0040  0.2540  0.6520  0.0020  0.0140  0.0050  
 68       68   (9)      5 :  0.0180  0.0160  0.0240  0.0040  0.9199  0.0020  0.0140  0.0020  
 69       69  (39)      5 :  0.0190  0.0530  0.0210  0.0070  0.8000  0.0070  0.0900  0.0030  
 70       70  (17)      5 :  0.0050  0.0040  0.0020  0.0460  0.9281  0.0100  0.0020  0.0030  
 71       71  (28)      5 :  0.0759  0.0130  0.0040  0.0060  0.8851  0.0050  0.0030  0.0080  
 72       72  (53)      5 :  0.0070  0.0511  0.0460  0.0120  0.7417  0.0070  0.0290  0.1061  
 73       73  (21)      5 :  0.0020  0.0030  0.0060  0.0010  0.9650  0.0060  0.0040  0.0130  
 74       74  (11)      5 :  0.0050  0.0090  0.0040  0.0020  0.9690  0.0020  0.0050  0.0040  
 75       75  (16)      5 :  0.0060  0.0291  0.0491  0.0020  0.8858  0.0110  0.0070  0.0100  
 76       76  (23)      6 :  0.0110  0.7257  0.0180  0.0200  0.0450  0.0661  0.0460  0.0681  
 77       77  (13)      6 :  0.0150  0.7530  0.0700  0.0300  0.0040  0.0060  0.1130  0.0090  
 78       78  (22)      6 :  0.0060  0.9590  0.0020  0.0030  0.0060  0.0110  0.0070  0.0060  
 79       79  (16)      6 :  0.0370  0.9301  0.0170  0.0020  0.0020  0.0020  0.0030  0.0070  
 80       80  (20)      6 :  0.0180  0.9369  0.0040  0.0060  0.0180  0.0030  0.0110  0.0030  
 81       81  (10)      6 :  0.0140  0.7127  0.0110  0.0180  0.0120  0.2222  0.0070  0.0030  
 82       82  (28)      6 :  0.0050  0.8761  0.0040  0.0160  0.0170  0.0739  0.0050  0.0030  
 83       83  (15)      6 :  0.2100  0.7600  0.0080  0.0080  0.0020  0.0070  0.0020  0.0030  
 84       84  (19)      6 :  0.0140  0.9369  0.0030  0.0080  0.0240  0.0020  0.0050  0.0070  
 85       85  (10)      6 :  0.0070  0.8831  0.0130  0.0030  0.0030  0.0719  0.0100  0.0090  
 86       86  (26)      6 :  0.0020  0.9450  0.0070  0.0040  0.0210  0.0030  0.0040  0.0140  
 87       87  (47)      6 :  0.0030  0.9680  0.0060  0.0020  0.0030  0.0040  0.0080  0.0060  
 88       88  (26)      6 :  0.0100  0.9339  0.0030  0.0160  0.0050  0.0130  0.0170  0.0020  
 89       89  (13)      6 :  0.0020  0.9420  0.0220  0.0060  0.0120  0.0030  0.0110  0.0020  
 90       90  (26)      6 :  0.0020  0.7207  0.0040  0.0901  0.0090  0.0020  0.0070  0.1652  
 91       91  (19)      6 :  0.0130  0.7750  0.0060  0.0030  0.1480  0.0020  0.0060  0.0470  
 92       92  (11)      7 :  0.0040  0.0040  0.0030  0.9720  0.0020  0.0020  0.0040  0.0090  
 93       93  (20)      7 :  0.0140  0.0050  0.0060  0.9430  0.0060  0.0030  0.0100  0.0130  
 94       94  (29)      7 :  0.0210  0.0040  0.0010  0.9200  0.0040  0.0030  0.0430  0.0040  
 95       95   (7)      7 :  0.0020  0.0070  0.0030  0.9400  0.0050  0.0360  0.0040  0.0030  
 96       96  (41)      7 :  0.0030  0.0040  0.0030  0.8400  0.0040  0.1400  0.0020  0.0040  
 97       97  (25)      7 :  0.0050  0.5175  0.0040  0.4496  0.0050  0.0090  0.0040  0.0060  
 98       98  (13)      7 :  0.0030  0.0040  0.0170  0.9160  0.0050  0.0180  0.0350  0.0020  
 99       99  (21)      7 :  0.0020  0.0040  0.0050  0.9760  0.0040  0.0030  0.0020  0.0040  
100      100  (16)      7 :  0.0100  0.0040  0.0020  0.2250  0.0020  0.7080  0.0450  0.0040  
101      101  (62)      7 :  0.0110  0.0490  0.0210  0.8769  0.0050  0.0110  0.0060  0.0200  
102      102  (15)      7 :  0.0150  0.0040  0.0130  0.8980  0.0220  0.0050  0.0380  0.0050  
103      103  (18)      7 :  0.0060  0.0060  0.0290  0.6200  0.1110  0.2050  0.0030  0.0200  
104      104  (21)      7 :  0.0050  0.0100  0.0050  0.9289  0.0070  0.0050  0.0130  0.0260  
105      105  (18)      7 :  0.0060  0.0080  0.0060  0.8911  0.0060  0.0020  0.0659  0.0150  
