  1        1  (18)      1 :  0.0060  0.0060  0.9800  0.0080  
  2        2   (9)      1 :  0.0020  0.0030  0.9850  0.0100  
  3        3  (20)      1 :  0.0180  0.0170  0.9540  0.0110  
  4        4  (12)      1 :  0.0080  0.0020  0.9880  0.0020  
  5        5  (74)      1 :  0.0190  0.0090  0.9490  0.0230  
  6        6  (23)      1 :  0.0050  0.0150  0.9700  0.0100  
  7        7  (22)      1 :  0.0020  0.0070  0.9850  0.0060  
  8        8  (33)      1 :  0.0050  0.0030  0.9810  0.0110  
  9        9  (24)      1 :  0.0090  0.0280  0.9520  0.0110  
 10       10  (31)      1 :  0.0180  0.0370  0.8480  0.0970  
 11       11  (28)      1 :  0.0250  0.0080  0.9510  0.0160  
 12       12  (24)      1 :  0.0060  0.0050  0.9860  0.0030  
 13       13  (10)      1 :  0.0030  0.0050  0.9550  0.0370  
 14       14  (53)      1 :  0.0070  0.0230  0.9450  0.0250  
 15       15  (16)      1 :  0.0040  0.0070  0.9650  0.0240  
 16       16  (15)      2 :  0.0160  0.9390  0.0030  0.0420  
 17       17  (14)      2 :  0.0070  0.9810  0.0030  0.0090  
 18       18  (12)      2 :  0.0120  0.9710  0.0070  0.0100  
 19       19  (13)      2 :  0.0060  0.9570  0.0130  0.0240  
 20       20  (10)      2 :  0.1810  0.8090  0.0060  0.0040  
 21       21  (30)      2 :  0.0100  0.9690  0.0030  0.0180  
 22       22  (12)      2 :  0.0990  0.8060  0.0090  0.0860  
 23       23  (11)      2 :  0.0050  0.9840  0.0050  0.0060  
 24       24  (16)      2 :  0.0040  0.8018  0.1762  0.0180  
 25       25  (46)      2 :  0.0100  0.9180  0.0090  0.0630  
 26       26  (15)      2 :  0.0580  0.7400  0.1690  0.0330  
 27       27  (33)      2 :  0.0060  0.8729  0.1111  0.0100  
 28       28  (17)      2 :  0.0090  0.9810  0.0030  0.0070  
 29       29  (31)      2 :  0.0060  0.9770  0.0100  0.0070  
 30       30  (17)      2 :  0.0050  0.9840  0.0060  0.0050  
 31       31   (9)      2 :  0.0060  0.9750  0.0140  0.0050  
 32       32  (33)      3 :  0.0240  0.9540  0.0130  0.0090  
 33       33  (12)      3 :  0.0090  0.9560  0.0260  0.0090  
 34       34  (30)      3 :  0.0240  0.9409  0.0110  0.0240  
 35       35  (12)      3 :  0.0040  0.9800  0.0070  0.0090  
 36       36  (22)      3 :  0.0050  0.9380  0.0200  0.0370  
 37       37  (52)      3 :  0.0020  0.9870  0.0090  0.0020  
 38       38  (45)      3 :  0.0830  0.6660  0.0190  0.2320  
 39       39  (28)      3 :  0.0160  0.9480  0.0090  0.0270  
 40       40  (14)      3 :  0.0060  0.7660  0.0510  0.1770  
 41       41  (20)      3 :  0.0040  0.9880  0.0040  0.0040  
 42       42  (63)      3 :  0.0050  0.9710  0.0100  0.0140  
 43       43  (13)      3 :  0.0030  0.9230  0.0690  0.0050  
 44       44  (26)      3 :  0.0090  0.9710  0.0070  0.0130  
 45       45  (19)      3 :  0.0120  0.9690  0.0050  0.0140  
 46       46  (22)      3 :  0.0020  0.9850  0.0030  0.0100  
 47       47  (13)      4 :  0.0150  0.0040  0.0050  0.9760  
 48       48  (12)      4 :  0.0080  0.0110  0.0040  0.9770  
 49       49  (10)      4 :  0.0040  0.3930  0.0050  0.5980  
 50       50  (25)      4 :  0.0370  0.0010  0.0030  0.9590  
 51       51   (9)      4 :  0.0120  0.0070  0.0070  0.9740  
 52       52   (9)      4 :  0.0020  0.0020  0.0090  0.9870  
 53       53  (41)      4 :  0.0020  0.0030  0.0020  0.9930  
 54       54  (15)      4 :  0.0060  0.1080  0.1020  0.7840  
 55       55  (18)      4 :  0.0030  0.0070  0.0050  0.9850  
 56       56   (8)      4 :  0.0630  0.0880  0.0130  0.8360  
 57       57  (14)      4 :  0.0080  0.0810  0.0180  0.8930  
 58       58  (10)      4 :  0.0200  0.0700  0.0050  0.9050  
 59       59  (16)      4 :  0.0330  0.0040  0.1220  0.8410  
 60       60  (11)      4 :  0.0060  0.0070  0.3960  0.5910  
 61       61  (35)      5 :  0.9900  0.0020  0.0040  0.0040  
 62       62  (15)      5 :  0.8470  0.0180  0.0890  0.0460  
 63       63  (51)      5 :  0.9390  0.0060  0.0410  0.0140  
 64       64  (20)      5 :  0.9590  0.0070  0.0090  0.0250  
 65       65  (26)      5 :  0.9950  0.0020  0.0010  0.0020  
 66       66  (16)      5 :  0.9200  0.0480  0.0100  0.0220  
 67       67  (10)      5 :  0.7380  0.0620  0.1810  0.0190  
 68       68   (9)      5 :  0.9580  0.0190  0.0090  0.0140  
 69       69  (39)      5 :  0.9290  0.0060  0.0250  0.0400  
 70       70  (17)      5 :  0.9790  0.0040  0.0130  0.0040  
 71       71  (28)      5 :  0.9381  0.0410  0.0060  0.0150  
 72       72  (53)      5 :  0.7912  0.0490  0.0270  0.1329  
 73       73  (21)      5 :  0.9920  0.0020  0.0020  0.0040  
 74       74  (11)      5 :  0.9910  0.0030  0.0020  0.0040  
 75       75  (16)      5 :  0.9281  0.0180  0.0030  0.0509  
 76       76  (23)      6 :  0.0280  0.0230  0.0580  0.8910  
 77       77  (13)      6 :  0.0030  0.0210  0.0250  0.9510  
 78       78  (22)      6 :  0.0230  0.0060  0.0150  0.9560  
 79       79  (16)      6 :  0.0030  0.0400  0.0040  0.9530  
 80       80  (20)      6 :  0.0420  0.0190  0.0360  0.9029  
 81       81  (10)      6 :  0.0180  0.0110  0.0250  0.9460  
 82       82  (28)      6 :  0.0120  0.0070  0.0120  0.9690  
 83       83  (15)      6 :  0.0030  0.0470  0.0050  0.9450  
 84       84  (19)      6 :  0.0250  0.0819  0.0090  0.8841  
 85       85  (10)      6 :  0.0040  0.0100  0.0080  0.9780  
 86       86  (26)      6 :  0.0120  0.0050  0.0060  0.9770  
 87       87  (47)      6 :  0.0040  0.0140  0.0130  0.9690  
 88       88  (26)      6 :  0.0130  0.0120  0.0320  0.9430  
 89       89  (13)      6 :  0.0300  0.0070  0.0230  0.9400  
 90       90  (26)      6 :  0.1369  0.0549  0.3017  0.5065  
 91       91  (19)      6 :  0.1210  0.0680  0.0050  0.8060  
 92       92  (11)      7 :  0.0040  0.0270  0.9640  0.0050  
 93       93  (20)      7 :  0.0050  0.0090  0.9810  0.0050  
 94       94  (29)      7 :  0.0030  0.0040  0.9910  0.0020  
 95       95   (7)      7 :  0.0050  0.0040  0.9810  0.0100  
 96       96  (41)      7 :  0.0070  0.0080  0.9780  0.0070  
 97       97  (25)      7 :  0.0080  0.0170  0.6354  0.3397  
 98       98  (13)      7 :  0.0050  0.0030  0.9850  0.0070  
 99       99  (21)      7 :  0.0290  0.0070  0.9560  0.0080  
100      100  (16)      7 :  0.0030  0.0060  0.9840  0.0070  
101      101  (62)      7 :  0.0060  0.0380  0.8300  0.1260  
102      102  (15)      7 :  0.0930  0.0140  0.8570  0.0360  
103      103  (18)      7 :  0.0800  0.0380  0.7450  0.1370  
104      104  (21)      7 :  0.0150  0.0100  0.9660  0.0090  
105      105  (18)      7 :  0.0050  0.0370  0.9520  0.0060  
