  1        1  (18)      1 :  0.0110  0.0130  0.9760  
  2        2   (9)      1 :  0.0080  0.0110  0.9810  
  3        3  (20)      1 :  0.0230  0.0240  0.9530  
  4        4  (12)      1 :  0.0030  0.0060  0.9910  
  5        5  (74)      1 :  0.0180  0.0390  0.9430  
  6        6  (23)      1 :  0.0340  0.0170  0.9490  
  7        7  (22)      1 :  0.0100  0.0060  0.9840  
  8        8  (33)      1 :  0.0070  0.0140  0.9790  
  9        9  (24)      1 :  0.0600  0.0220  0.9180  
 10       10  (31)      1 :  0.1019  0.0809  0.8172  
 11       11  (28)      1 :  0.0150  0.0370  0.9481  
 12       12  (24)      1 :  0.0080  0.0060  0.9860  
 13       13  (10)      1 :  0.0110  0.0170  0.9720  
 14       14  (53)      1 :  0.0470  0.0220  0.9311  
 15       15  (16)      1 :  0.0110  0.0090  0.9800  
 16       16  (15)      2 :  0.9090  0.0840  0.0070  
 17       17  (14)      2 :  0.9760  0.0190  0.0050  
 18       18  (12)      2 :  0.9720  0.0210  0.0070  
 19       19  (13)      2 :  0.9560  0.0270  0.0170  
 20       20  (10)      2 :  0.9230  0.0660  0.0110  
 21       21  (30)      2 :  0.9710  0.0240  0.0050  
 22       22  (12)      2 :  0.7822  0.2018  0.0160  
 23       23  (11)      2 :  0.9850  0.0060  0.0090  
 24       24  (16)      2 :  0.7688  0.0140  0.2172  
 25       25  (46)      2 :  0.8990  0.0890  0.0120  
 26       26  (15)      2 :  0.7518  0.0961  0.1522  
 27       27  (33)      2 :  0.8028  0.0140  0.1832  
 28       28  (17)      2 :  0.9770  0.0180  0.0050  
 29       29  (31)      2 :  0.9710  0.0120  0.0170  
 30       30  (17)      2 :  0.9810  0.0060  0.0130  
 31       31   (9)      2 :  0.9620  0.0120  0.0260  
 32       32  (33)      3 :  0.9570  0.0260  0.0170  
 33       33  (12)      3 :  0.9400  0.0170  0.0430  
 34       34  (30)      3 :  0.9181  0.0589  0.0230  
 35       35  (12)      3 :  0.9710  0.0170  0.0120  
 36       36  (22)      3 :  0.9500  0.0180  0.0320  
 37       37  (52)      3 :  0.9800  0.0040  0.0160  
 38       38  (45)      3 :  0.5510  0.4280  0.0210  
 39       39  (28)      3 :  0.9069  0.0731  0.0200  
 40       40  (14)      3 :  0.8220  0.1010  0.0770  
 41       41  (20)      3 :  0.9900  0.0050  0.0050  
 42       42  (63)      3 :  0.9690  0.0150  0.0160  
 43       43  (13)      3 :  0.9009  0.0050  0.0941  
 44       44  (26)      3 :  0.9660  0.0250  0.0090  
 45       45  (19)      3 :  0.9570  0.0330  0.0100  
 46       46  (22)      3 :  0.9870  0.0080  0.0050  
 47       47  (13)      4 :  0.0100  0.9780  0.0120  
 48       48  (12)      4 :  0.0810  0.9030  0.0160  
 49       49  (10)      4 :  0.7030  0.2630  0.0340  
 50       50  (25)      4 :  0.0060  0.9890  0.0050  
 51       51   (9)      4 :  0.0300  0.9280  0.0420  
 52       52   (9)      4 :  0.0110  0.7270  0.2620  
 53       53  (41)      4 :  0.0100  0.9850  0.0050  
 54       54  (15)      4 :  0.2923  0.2412  0.4665  
 55       55  (18)      4 :  0.0501  0.8729  0.0771  
 56       56   (8)      4 :  0.1510  0.8290  0.0200  
 57       57  (14)      4 :  0.4470  0.4930  0.0600  
 58       58  (10)      4 :  0.2900  0.6820  0.0280  
 59       59  (16)      4 :  0.0070  0.7682  0.2248  
 60       60  (11)      4 :  0.0180  0.4680  0.5140  
 61       61  (35)      5 :  0.0040  0.9880  0.0080  
 62       62  (15)      5 :  0.0100  0.9620  0.0280  
 63       63  (51)      5 :  0.0080  0.9530  0.0390  
 64       64  (20)      5 :  0.0120  0.9810  0.0070  
 65       65  (26)      5 :  0.0050  0.9920  0.0030  
 66       66  (16)      5 :  0.0340  0.9560  0.0100  
 67       67  (10)      5 :  0.1100  0.7320  0.1580  
 68       68   (9)      5 :  0.0460  0.9430  0.0110  
 69       69  (39)      5 :  0.0080  0.9740  0.0180  
 70       70  (17)      5 :  0.0060  0.9590  0.0350  
 71       71  (28)      5 :  0.0450  0.9469  0.0080  
 72       72  (53)      5 :  0.0440  0.9360  0.0200  
 73       73  (21)      5 :  0.0040  0.9910  0.0050  
 74       74  (11)      5 :  0.0060  0.9880  0.0060  
 75       75  (16)      5 :  0.0110  0.9850  0.0040  
 76       76  (23)      6 :  0.0480  0.8810  0.0710  
 77       77  (13)      6 :  0.0999  0.7463  0.1538  
 78       78  (22)      6 :  0.0090  0.9770  0.0140  
 79       79  (16)      6 :  0.2560  0.7390  0.0050  
 80       80  (20)      6 :  0.0490  0.8660  0.0850  
 81       81  (10)      6 :  0.0180  0.9130  0.0690  
 82       82  (28)      6 :  0.0170  0.9650  0.0180  
 83       83  (15)      6 :  0.2142  0.7768  0.0090  
 84       84  (19)      6 :  0.0780  0.9050  0.0170  
 85       85  (10)      6 :  0.0750  0.9130  0.0120  
 86       86  (26)      6 :  0.0250  0.9600  0.0150  
 87       87  (47)      6 :  0.0800  0.8380  0.0820  
 88       88  (26)      6 :  0.0330  0.8620  0.1050  
 89       89  (13)      6 :  0.0110  0.9070  0.0820  
 90       90  (26)      6 :  0.0470  0.8060  0.1470  
 91       91  (19)      6 :  0.0710  0.9220  0.0070  
 92       92  (11)      7 :  0.0430  0.0060  0.9510  
 93       93  (20)      7 :  0.0130  0.0150  0.9720  
 94       94  (29)      7 :  0.0060  0.0040  0.9900  
 95       95   (7)      7 :  0.0090  0.0250  0.9660  
 96       96  (41)      7 :  0.0120  0.0190  0.9690  
 97       97  (25)      7 :  0.0440  0.1838  0.7722  
 98       98  (13)      7 :  0.0050  0.0170  0.9780  
 99       99  (21)      7 :  0.0110  0.0350  0.9540  
100      100  (16)      7 :  0.0140  0.0100  0.9760  
101      101  (62)      7 :  0.0511  0.0450  0.9039  
102      102  (15)      7 :  0.0280  0.1230  0.8490  
103      103  (18)      7 :  0.0460  0.2218  0.7323  
104      104  (21)      7 :  0.0160  0.0350  0.9489  
105      105  (18)      7 :  0.0550  0.0110  0.9340  
