  1        1  (18)      1 :  0.0030  0.9700  0.0060  0.0120  0.0050  0.0040  
  2        2   (9)      1 :  0.0020  0.9790  0.0020  0.0080  0.0050  0.0040  
  3        3  (20)      1 :  0.0060  0.9750  0.0050  0.0040  0.0070  0.0030  
  4        4  (12)      1 :  0.0020  0.9680  0.0160  0.0020  0.0030  0.0090  
  5        5  (74)      1 :  0.0050  0.9650  0.0060  0.0060  0.0100  0.0080  
  6        6  (23)      1 :  0.0070  0.9510  0.0060  0.0060  0.0090  0.0210  
  7        7  (22)      1 :  0.0070  0.9810  0.0020  0.0010  0.0050  0.0040  
  8        8  (33)      1 :  0.0040  0.9451  0.0060  0.0300  0.0040  0.0110  
  9        9  (24)      1 :  0.0160  0.9339  0.0160  0.0120  0.0070  0.0150  
 10       10  (31)      1 :  0.0100  0.9660  0.0050  0.0090  0.0080  0.0020  
 11       11  (28)      1 :  0.0070  0.8800  0.0390  0.0130  0.0130  0.0480  
 12       12  (24)      1 :  0.0070  0.8791  0.0100  0.0030  0.0080  0.0929  
 13       13  (10)      1 :  0.0110  0.8931  0.0030  0.0719  0.0120  0.0090  
 14       14  (53)      1 :  0.0200  0.8980  0.0050  0.0050  0.0510  0.0210  
 15       15  (16)      1 :  0.0020  0.9900  0.0010  0.0020  0.0030  0.0020  
 16       16  (15)      2 :  0.5610  0.0040  0.0240  0.0030  0.4050  0.0030  
 17       17  (14)      2 :  0.9720  0.0020  0.0040  0.0090  0.0110  0.0020  
 18       18  (12)      2 :  0.9540  0.0030  0.0070  0.0080  0.0240  0.0040  
 19       19  (13)      2 :  0.8950  0.0060  0.0040  0.0040  0.0770  0.0140  
 20       20  (10)      2 :  0.9211  0.0030  0.0569  0.0050  0.0070  0.0070  
 21       21  (30)      2 :  0.8649  0.0040  0.0180  0.0791  0.0300  0.0040  
 22       22  (12)      2 :  0.8710  0.0140  0.0370  0.0200  0.0550  0.0030  
 23       23  (11)      2 :  0.7520  0.0030  0.0040  0.2180  0.0020  0.0210  
 24       24  (16)      2 :  0.8208  0.0541  0.0040  0.0290  0.0090  0.0831  
 25       25  (46)      2 :  0.2042  0.0030  0.0110  0.0110  0.6807  0.0901  
 26       26  (15)      2 :  0.7110  0.2170  0.0110  0.0430  0.0040  0.0140  
 27       27  (33)      2 :  0.5824  0.0040  0.0060  0.0070  0.0130  0.3876  
 28       28  (17)      2 :  0.9610  0.0040  0.0230  0.0040  0.0050  0.0030  
 29       29  (31)      2 :  0.9640  0.0030  0.0040  0.0030  0.0040  0.0220  
 30       30  (17)      2 :  0.9680  0.0060  0.0050  0.0030  0.0150  0.0030  
 31       31   (9)      2 :  0.9820  0.0040  0.0040  0.0010  0.0060  0.0030  
 32       32  (33)      3 :  0.9440  0.0090  0.0140  0.0090  0.0090  0.0150  
 33       33  (12)      3 :  0.9080  0.0460  0.0130  0.0030  0.0190  0.0110  
 34       34  (30)      3 :  0.8980  0.0040  0.0470  0.0130  0.0130  0.0250  
 35       35  (12)      3 :  0.9740  0.0060  0.0040  0.0060  0.0060  0.0040  
 36       36  (22)      3 :  0.8730  0.0400  0.0100  0.0530  0.0110  0.0130  
 37       37  (52)      3 :  0.9640  0.0250  0.0020  0.0020  0.0040  0.0030  
 38       38  (45)      3 :  0.4350  0.0190  0.2950  0.0950  0.1470  0.0090  
 39       39  (28)      3 :  0.9410  0.0050  0.0210  0.0080  0.0090  0.0160  
 40       40  (14)      3 :  0.7522  0.1538  0.0110  0.0579  0.0170  0.0080  
 41       41  (20)      3 :  0.9870  0.0050  0.0030  0.0020  0.0020  0.0010  
 42       42  (63)      3 :  0.9179  0.0040  0.0040  0.0330  0.0090  0.0320  
 43       43  (13)      3 :  0.7343  0.0050  0.0020  0.0030  0.0040  0.2517  
 44       44  (26)      3 :  0.9610  0.0040  0.0050  0.0180  0.0090  0.0030  
 45       45  (19)      3 :  0.9491  0.0050  0.0240  0.0100  0.0050  0.0070  
 46       46  (22)      3 :  0.9870  0.0020  0.0010  0.0060  0.0020  0.0020  
 47       47  (13)      4 :  0.0020  0.0030  0.0080  0.9750  0.0090  0.0030  
 48       48  (12)      4 :  0.0040  0.0020  0.0060  0.9830  0.0030  0.0020  
 49       49  (10)      4 :  0.0370  0.0130  0.0050  0.9321  0.0100  0.0030  
 50       50  (25)      4 :  0.0010  0.0020  0.0170  0.9710  0.0060  0.0030  
 51       51   (9)      4 :  0.0070  0.0140  0.0220  0.9461  0.0070  0.0040  
 52       52   (9)      4 :  0.0030  0.0040  0.0030  0.9790  0.0070  0.0040  
 53       53  (41)      4 :  0.0020  0.0010  0.0020  0.9910  0.0030  0.0010  
 54       54  (15)      4 :  0.0070  0.0070  0.0050  0.9670  0.0070  0.0070  
 55       55  (18)      4 :  0.0060  0.0050  0.0040  0.8280  0.1330  0.0240  
 56       56   (8)      4 :  0.0500  0.0060  0.0570  0.8250  0.0380  0.0240  
 57       57  (14)      4 :  0.0090  0.0170  0.0030  0.9630  0.0030  0.0050  
 58       58  (10)      4 :  0.0741  0.0380  0.0290  0.8318  0.0210  0.0060  
 59       59  (16)      4 :  0.0070  0.0920  0.0140  0.8410  0.0340  0.0120  
 60       60  (11)      4 :  0.0050  0.2498  0.0100  0.5235  0.0180  0.1938  
 61       61  (35)      5 :  0.0020  0.0050  0.9760  0.0030  0.0060  0.0080  
 62       62  (15)      5 :  0.0060  0.0441  0.9008  0.0210  0.0200  0.0080  
 63       63  (51)      5 :  0.0030  0.0280  0.9470  0.0050  0.0100  0.0070  
 64       64  (20)      5 :  0.0020  0.0020  0.9460  0.0090  0.0060  0.0350  
 65       65  (26)      5 :  0.0020  0.0010  0.9880  0.0030  0.0030  0.0030  
 66       66  (16)      5 :  0.0430  0.0100  0.9031  0.0260  0.0100  0.0080  
 67       67  (10)      5 :  0.0140  0.0110  0.7027  0.0040  0.0581  0.2102  
 68       68   (9)      5 :  0.0080  0.0100  0.9480  0.0160  0.0150  0.0030  
 69       69  (39)      5 :  0.0050  0.0800  0.8150  0.0160  0.0790  0.0050  
 70       70  (17)      5 :  0.0030  0.0020  0.9170  0.0030  0.0040  0.0710  
 71       71  (28)      5 :  0.0559  0.0030  0.9251  0.0040  0.0060  0.0060  
 72       72  (53)      5 :  0.0160  0.0470  0.8152  0.0579  0.0420  0.0220  
 73       73  (21)      5 :  0.0040  0.0040  0.9820  0.0050  0.0030  0.0020  
 74       74  (11)      5 :  0.0040  0.0040  0.9820  0.0030  0.0050  0.0020  
 75       75  (16)      5 :  0.0110  0.0050  0.9079  0.0450  0.0290  0.0020  
 76       76  (23)      6 :  0.0450  0.0240  0.0580  0.0410  0.8110  0.0210  
 77       77  (13)      6 :  0.0290  0.0701  0.0030  0.1391  0.7407  0.0180  
 78       78  (22)      6 :  0.0040  0.0060  0.0070  0.0020  0.9770  0.0040  
 79       79  (16)      6 :  0.0210  0.0030  0.0020  0.0080  0.9640  0.0020  
 80       80  (20)      6 :  0.0080  0.0100  0.0180  0.0040  0.9550  0.0050  
 81       81  (10)      6 :  0.0060  0.0100  0.0110  0.0550  0.8940  0.0240  
 82       82  (28)      6 :  0.0030  0.0040  0.0110  0.0040  0.9580  0.0200  
 83       83  (15)      6 :  0.0590  0.0020  0.0040  0.0170  0.9090  0.0090  
 84       84  (19)      6 :  0.0130  0.0050  0.0160  0.0040  0.9560  0.0060  
 85       85  (10)      6 :  0.0110  0.0100  0.0040  0.0260  0.9460  0.0030  
 86       86  (26)      6 :  0.0040  0.0050  0.0180  0.0060  0.9640  0.0030  
 87       87  (47)      6 :  0.0050  0.0140  0.0030  0.0060  0.9700  0.0020  
 88       88  (26)      6 :  0.0030  0.0200  0.0040  0.0040  0.9580  0.0110  
 89       89  (13)      6 :  0.0020  0.0130  0.0060  0.0160  0.9590  0.0040  
 90       90  (26)      6 :  0.0130  0.0080  0.0150  0.0040  0.8390  0.1210  
 91       91  (19)      6 :  0.0360  0.0040  0.0840  0.0040  0.8680  0.0040  
 92       92  (11)      7 :  0.0050  0.0030  0.0020  0.0020  0.0060  0.9820  
 93       93  (20)      7 :  0.0230  0.0070  0.0060  0.0030  0.0050  0.9560  
 94       94  (29)      7 :  0.0060  0.0330  0.0060  0.0020  0.0030  0.9500  
 95       95   (7)      7 :  0.0030  0.0040  0.0030  0.0030  0.0110  0.9760  
 96       96  (41)      7 :  0.0040  0.0020  0.0060  0.0040  0.0050  0.9790  
 97       97  (25)      7 :  0.0070  0.0050  0.0050  0.0030  0.5095  0.4705  
 98       98  (13)      7 :  0.0020  0.0240  0.0060  0.0180  0.0050  0.9449  
 99       99  (21)      7 :  0.0020  0.0020  0.0040  0.0040  0.0030  0.9850  
100      100  (16)      7 :  0.0190  0.0601  0.0050  0.0070  0.0360  0.8729  
101      101  (62)      7 :  0.0170  0.0040  0.0050  0.0130  0.0539  0.9071  
102      102  (15)      7 :  0.0060  0.0320  0.0250  0.0080  0.0080  0.9210  
103      103  (18)      7 :  0.0340  0.0060  0.0830  0.1200  0.0130  0.7440  
104      104  (21)      7 :  0.0090  0.0100  0.0100  0.0030  0.0070  0.9610  
105      105  (18)      7 :  0.0130  0.0680  0.0040  0.0050  0.0030  0.9070  
