  1        1  (18)      1 :  0.0040  0.0050  0.0040  0.0050  0.9820  
  2        2   (9)      1 :  0.0050  0.0090  0.0020  0.0060  0.9780  
  3        3  (20)      1 :  0.0050  0.0050  0.0100  0.0130  0.9670  
  4        4  (12)      1 :  0.0110  0.0020  0.0040  0.0100  0.9730  
  5        5  (74)      1 :  0.0050  0.0110  0.0030  0.0110  0.9700  
  6        6  (23)      1 :  0.0270  0.0090  0.0090  0.0110  0.9439  
  7        7  (22)      1 :  0.0040  0.0040  0.0050  0.0050  0.9820  
  8        8  (33)      1 :  0.0090  0.0100  0.0030  0.0060  0.9720  
  9        9  (24)      1 :  0.0240  0.0160  0.0521  0.0230  0.8849  
 10       10  (31)      1 :  0.0030  0.0120  0.0090  0.0080  0.9680  
 11       11  (28)      1 :  0.0720  0.0550  0.0240  0.0820  0.7670  
 12       12  (24)      1 :  0.2793  0.0040  0.0050  0.0170  0.6947  
 13       13  (10)      1 :  0.0060  0.0580  0.0070  0.0070  0.9220  
 14       14  (53)      1 :  0.0520  0.0200  0.0100  0.0100  0.9080  
 15       15  (16)      1 :  0.0020  0.0100  0.0020  0.0020  0.9840  
 16       16  (15)      2 :  0.0040  0.0060  0.8639  0.1231  0.0030  
 17       17  (14)      2 :  0.0030  0.0190  0.9460  0.0220  0.0100  
 18       18  (12)      2 :  0.0070  0.0250  0.9310  0.0340  0.0030  
 19       19  (13)      2 :  0.0981  0.0310  0.8498  0.0150  0.0060  
 20       20  (10)      2 :  0.0040  0.0030  0.9770  0.0130  0.0030  
 21       21  (30)      2 :  0.0040  0.0080  0.9800  0.0050  0.0030  
 22       22  (12)      2 :  0.0070  0.0400  0.8891  0.0300  0.0340  
 23       23  (11)      2 :  0.0050  0.0300  0.9580  0.0030  0.0040  
 24       24  (16)      2 :  0.0300  0.0509  0.8641  0.0060  0.0490  
 25       25  (46)      2 :  0.1160  0.0180  0.7780  0.0850  0.0030  
 26       26  (15)      2 :  0.0120  0.0330  0.8442  0.0070  0.1039  
 27       27  (33)      2 :  0.1000  0.0040  0.8800  0.0090  0.0070  
 28       28  (17)      2 :  0.0040  0.0070  0.9800  0.0050  0.0040  
 29       29  (31)      2 :  0.0350  0.0070  0.9490  0.0050  0.0040  
 30       30  (17)      2 :  0.0020  0.0020  0.9890  0.0030  0.0040  
 31       31   (9)      2 :  0.0040  0.0070  0.9700  0.0060  0.0130  
 32       32  (33)      3 :  0.0110  0.9620  0.0090  0.0070  0.0110  
 33       33  (12)      3 :  0.0130  0.7880  0.1070  0.0300  0.0620  
 34       34  (30)      3 :  0.0170  0.9440  0.0080  0.0280  0.0030  
 35       35  (12)      3 :  0.0080  0.9660  0.0160  0.0040  0.0060  
 36       36  (22)      3 :  0.0070  0.9760  0.0040  0.0050  0.0080  
 37       37  (52)      3 :  0.0080  0.9131  0.0270  0.0040  0.0480  
 38       38  (45)      3 :  0.0140  0.9280  0.0030  0.0500  0.0050  
 39       39  (28)      3 :  0.0210  0.9600  0.0060  0.0100  0.0030  
 40       40  (14)      3 :  0.0030  0.9049  0.0050  0.0090  0.0781  
 41       41  (20)      3 :  0.0020  0.9810  0.0050  0.0040  0.0080  
 42       42  (63)      3 :  0.0510  0.8670  0.0670  0.0080  0.0070  
 43       43  (13)      3 :  0.2587  0.7043  0.0290  0.0040  0.0040  
 44       44  (26)      3 :  0.0050  0.9620  0.0220  0.0040  0.0070  
 45       45  (19)      3 :  0.0070  0.9260  0.0460  0.0160  0.0050  
 46       46  (22)      3 :  0.0020  0.9920  0.0020  0.0020  0.0020  
 47       47  (13)      4 :  0.0130  0.8498  0.0090  0.1141  0.0140  
 48       48  (12)      4 :  0.0060  0.9810  0.0030  0.0050  0.0050  
 49       49  (10)      4 :  0.0050  0.9141  0.0509  0.0070  0.0230  
 50       50  (25)      4 :  0.0030  0.7872  0.0020  0.2048  0.0030  
 51       51   (9)      4 :  0.0060  0.8870  0.0090  0.0510  0.0470  
 52       52   (9)      4 :  0.0080  0.9660  0.0080  0.0080  0.0100  
 53       53  (41)      4 :  0.0020  0.9920  0.0020  0.0020  0.0020  
 54       54  (15)      4 :  0.0400  0.7770  0.0450  0.0200  0.1180  
 55       55  (18)      4 :  0.0290  0.9470  0.0020  0.0170  0.0050  
 56       56   (8)      4 :  0.0120  0.8760  0.0070  0.0960  0.0090  
 57       57  (14)      4 :  0.0120  0.9150  0.0320  0.0120  0.0290  
 58       58  (10)      4 :  0.0050  0.9650  0.0090  0.0120  0.0090  
 59       59  (16)      4 :  0.0080  0.6014  0.0040  0.0709  0.3157  
 60       60  (11)      4 :  0.2372  0.3744  0.0070  0.2172  0.1642  
 61       61  (35)      5 :  0.0060  0.0030  0.0020  0.9860  0.0030  
 62       62  (15)      5 :  0.0140  0.0100  0.0060  0.9500  0.0200  
 63       63  (51)      5 :  0.0060  0.0040  0.0030  0.9411  0.0460  
 64       64  (20)      5 :  0.0769  0.0060  0.0120  0.9031  0.0020  
 65       65  (26)      5 :  0.0020  0.0020  0.0020  0.9930  0.0010  
 66       66  (16)      5 :  0.0100  0.0170  0.1371  0.7948  0.0410  
 67       67  (10)      5 :  0.1772  0.0020  0.0160  0.7898  0.0150  
 68       68   (9)      5 :  0.0020  0.0050  0.0070  0.9600  0.0260  
 69       69  (39)      5 :  0.0040  0.0030  0.0040  0.9780  0.0110  
 70       70  (17)      5 :  0.0490  0.0030  0.0060  0.9400  0.0020  
 71       71  (28)      5 :  0.0070  0.0070  0.0420  0.9419  0.0020  
 72       72  (53)      5 :  0.0070  0.0270  0.0120  0.9340  0.0200  
 73       73  (21)      5 :  0.0020  0.0060  0.0030  0.9820  0.0070  
 74       74  (11)      5 :  0.0040  0.0050  0.0120  0.9750  0.0040  
 75       75  (16)      5 :  0.0020  0.0250  0.0080  0.9590  0.0060  
 76       76  (23)      6 :  0.0791  0.1071  0.0160  0.7648  0.0330  
 77       77  (13)      6 :  0.0140  0.8900  0.0190  0.0560  0.0210  
 78       78  (22)      6 :  0.0050  0.0150  0.0280  0.9440  0.0080  
 79       79  (16)      6 :  0.0040  0.6364  0.1998  0.1528  0.0070  
 80       80  (20)      6 :  0.0100  0.0340  0.1480  0.7870  0.0210  
 81       81  (10)      6 :  0.0390  0.2820  0.0240  0.6440  0.0110  
 82       82  (28)      6 :  0.1500  0.0250  0.0160  0.8020  0.0070  
 83       83  (15)      6 :  0.0180  0.1802  0.3794  0.4194  0.0030  
 84       84  (19)      6 :  0.0080  0.0130  0.0460  0.9259  0.0070  
 85       85  (10)      6 :  0.0080  0.4680  0.0140  0.5010  0.0090  
 86       86  (26)      6 :  0.0140  0.0730  0.0050  0.9010  0.0070  
 87       87  (47)      6 :  0.0120  0.8278  0.0170  0.0831  0.0601  
 88       88  (26)      6 :  0.0250  0.0470  0.0530  0.8410  0.0340  
 89       89  (13)      6 :  0.0180  0.0290  0.0070  0.9080  0.0380  
 90       90  (26)      6 :  0.1020  0.0500  0.0030  0.8380  0.0070  
 91       91  (19)      6 :  0.0050  0.0310  0.0701  0.8889  0.0050  
 92       92  (11)      7 :  0.9770  0.0060  0.0100  0.0050  0.0020  
 93       93  (20)      7 :  0.9540  0.0050  0.0030  0.0310  0.0070  
 94       94  (29)      7 :  0.9680  0.0020  0.0130  0.0040  0.0130  
 95       95   (7)      7 :  0.9790  0.0060  0.0030  0.0080  0.0040  
 96       96  (41)      7 :  0.9870  0.0030  0.0030  0.0040  0.0030  
 97       97  (25)      7 :  0.6890  0.0640  0.0270  0.1970  0.0230  
 98       98  (13)      7 :  0.9620  0.0080  0.0040  0.0060  0.0200  
 99       99  (21)      7 :  0.9840  0.0050  0.0040  0.0050  0.0020  
100      100  (16)      7 :  0.9060  0.0250  0.0160  0.0090  0.0440  
101      101  (62)      7 :  0.9250  0.0390  0.0090  0.0160  0.0110  
102      102  (15)      7 :  0.9049  0.0110  0.0160  0.0350  0.0330  
103      103  (18)      7 :  0.8550  0.1180  0.0110  0.0090  0.0070  
104      104  (21)      7 :  0.9580  0.0090  0.0060  0.0190  0.0080  
105      105  (18)      7 :  0.9079  0.0210  0.0090  0.0100  0.0521  
