  1        1  (18)      1 :  0.0040  0.0040  0.0120  0.0040  0.0030  0.0050  0.9660  0.0020  
  2        2   (9)      1 :  0.0010  0.0090  0.0080  0.0030  0.0020  0.0010  0.9730  0.0030  
  3        3  (20)      1 :  0.0160  0.0140  0.0070  0.0030  0.0100  0.0070  0.9400  0.0030  
  4        4  (12)      1 :  0.0040  0.0020  0.0020  0.0370  0.0180  0.0020  0.9330  0.0020  
  5        5  (74)      1 :  0.0030  0.0120  0.0520  0.0110  0.0140  0.0100  0.8810  0.0170  
  6        6  (23)      1 :  0.0170  0.0070  0.0100  0.0060  0.0080  0.0060  0.9429  0.0030  
  7        7  (22)      1 :  0.0060  0.0080  0.0010  0.0030  0.0010  0.0060  0.9690  0.0060  
  8        8  (33)      1 :  0.0020  0.0040  0.0150  0.0070  0.0030  0.0090  0.9570  0.0030  
  9        9  (24)      1 :  0.0230  0.0080  0.0230  0.0110  0.0260  0.0280  0.8749  0.0060  
 10       10  (31)      1 :  0.0050  0.0080  0.0090  0.0020  0.0050  0.0030  0.9620  0.0060  
 11       11  (28)      1 :  0.0060  0.0510  0.0700  0.0800  0.0280  0.0670  0.6800  0.0180  
 12       12  (24)      1 :  0.0310  0.0080  0.0020  0.0641  0.0050  0.0150  0.8709  0.0040  
 13       13  (10)      1 :  0.0050  0.0250  0.1269  0.0070  0.0040  0.0020  0.8082  0.0220  
 14       14  (53)      1 :  0.0060  0.0200  0.0070  0.0110  0.0050  0.0050  0.9221  0.0240  
 15       15  (16)      1 :  0.0010  0.0030  0.0020  0.0020  0.0010  0.0010  0.9580  0.0320  
 16       16  (15)      2 :  0.8529  0.0991  0.0020  0.0030  0.0080  0.0240  0.0020  0.0090  
 17       17  (14)      2 :  0.9350  0.0190  0.0080  0.0020  0.0080  0.0020  0.0030  0.0230  
 18       18  (12)      2 :  0.8322  0.0150  0.0220  0.0150  0.0110  0.0559  0.0030  0.0460  
 19       19  (13)      2 :  0.7220  0.1360  0.0140  0.0740  0.0050  0.0060  0.0100  0.0330  
 20       20  (10)      2 :  0.9370  0.0040  0.0040  0.0030  0.0450  0.0020  0.0030  0.0020  
 21       21  (30)      2 :  0.9660  0.0030  0.0080  0.0030  0.0020  0.0120  0.0030  0.0030  
 22       22  (12)      2 :  0.8890  0.0220  0.0160  0.0050  0.0350  0.0050  0.0200  0.0080  
 23       23  (11)      2 :  0.9469  0.0020  0.0260  0.0060  0.0030  0.0040  0.0030  0.0090  
 24       24  (16)      2 :  0.7522  0.0070  0.0070  0.1319  0.0050  0.0509  0.0340  0.0120  
 25       25  (46)      2 :  0.0020  0.0040  0.0020  0.0020  0.0020  0.9850  0.0020  0.0010  
 26       26  (15)      2 :  0.8240  0.0030  0.0450  0.0260  0.0170  0.0070  0.0720  0.0060  
 27       27  (33)      2 :  0.7447  0.0040  0.0050  0.2342  0.0020  0.0030  0.0050  0.0020  
 28       28  (17)      2 :  0.8510  0.0030  0.0040  0.0020  0.0070  0.1290  0.0020  0.0020  
 29       29  (31)      2 :  0.9309  0.0050  0.0030  0.0371  0.0070  0.0030  0.0060  0.0080  
 30       30  (17)      2 :  0.9740  0.0040  0.0040  0.0020  0.0040  0.0030  0.0060  0.0030  
 31       31   (9)      2 :  0.9620  0.0040  0.0010  0.0020  0.0020  0.0020  0.0150  0.0120  
 32       32  (33)      3 :  0.0190  0.0080  0.0250  0.0480  0.0190  0.0030  0.0070  0.8710  
 33       33  (12)      3 :  0.1828  0.0450  0.0060  0.0070  0.0110  0.0020  0.0310  0.7153  
 34       34  (30)      3 :  0.0080  0.0230  0.0120  0.1001  0.0210  0.0130  0.0080  0.8148  
 35       35  (12)      3 :  0.0240  0.0130  0.0170  0.0070  0.0080  0.0120  0.0330  0.8861  
 36       36  (22)      3 :  0.0090  0.0240  0.0140  0.0060  0.0080  0.0020  0.0110  0.9261  
 37       37  (52)      3 :  0.0020  0.0020  0.0010  0.0020  0.0010  0.0020  0.0040  0.9860  
 38       38  (45)      3 :  0.0030  0.0250  0.0060  0.0080  0.0110  0.2108  0.0090  0.7273  
 39       39  (28)      3 :  0.0070  0.0110  0.0410  0.0480  0.0150  0.0070  0.0050  0.8659  
 40       40  (14)      3 :  0.0030  0.0060  0.0100  0.0050  0.0040  0.0971  0.1572  0.7177  
 41       41  (20)      3 :  0.0030  0.0020  0.0020  0.0020  0.0040  0.0030  0.0080  0.9760  
 42       42  (63)      3 :  0.0539  0.0070  0.0140  0.0160  0.0040  0.0439  0.0070  0.8543  
 43       43  (13)      3 :  0.1101  0.0080  0.0020  0.1862  0.0020  0.0030  0.0040  0.6847  
 44       44  (26)      3 :  0.0210  0.0120  0.0180  0.0050  0.0150  0.0140  0.0020  0.9131  
 45       45  (19)      3 :  0.0230  0.0050  0.0100  0.0040  0.0779  0.0829  0.0090  0.7882  
 46       46  (22)      3 :  0.0010  0.0020  0.0020  0.0020  0.0010  0.0010  0.0010  0.9900  
 47       47  (13)      4 :  0.0030  0.0140  0.9610  0.0040  0.0060  0.0070  0.0030  0.0020  
 48       48  (12)      4 :  0.0030  0.0040  0.9750  0.0020  0.0030  0.0020  0.0030  0.0080  
 49       49  (10)      4 :  0.0370  0.0060  0.7922  0.0030  0.0030  0.1289  0.0130  0.0170  
 50       50  (25)      4 :  0.0010  0.0060  0.9520  0.0030  0.0150  0.0180  0.0020  0.0030  
 51       51   (9)      4 :  0.0060  0.0050  0.9359  0.0040  0.0240  0.0020  0.0200  0.0030  
 52       52   (9)      4 :  0.0040  0.0080  0.9700  0.0040  0.0040  0.0020  0.0060  0.0020  
 53       53  (41)      4 :  0.0010  0.0020  0.9900  0.0010  0.0020  0.0010  0.0010  0.0020  
 54       54  (15)      4 :  0.0330  0.0090  0.8581  0.0440  0.0160  0.0080  0.0250  0.0070  
 55       55  (18)      4 :  0.0020  0.2230  0.7190  0.0110  0.0020  0.0030  0.0220  0.0180  
 56       56   (8)      4 :  0.0080  0.0070  0.8739  0.0290  0.0260  0.0150  0.0050  0.0360  
 57       57  (14)      4 :  0.0110  0.0040  0.8220  0.0050  0.0040  0.0960  0.0150  0.0430  
 58       58  (10)      4 :  0.0270  0.0170  0.7650  0.0100  0.0410  0.0050  0.0150  0.1200  
 59       59  (16)      4 :  0.0020  0.0330  0.8140  0.0090  0.0270  0.0480  0.0590  0.0080  
 60       60  (11)      4 :  0.0050  0.0280  0.6336  0.2713  0.0110  0.0030  0.0400  0.0080  
 61       61  (35)      5 :  0.0020  0.0080  0.0030  0.0060  0.9730  0.0040  0.0020  0.0020  
 62       62  (15)      5 :  0.0020  0.0040  0.0160  0.0090  0.8100  0.0630  0.0850  0.0110  
 63       63  (51)      5 :  0.0050  0.0110  0.0050  0.0090  0.8970  0.0030  0.0630  0.0070  
 64       64  (20)      5 :  0.0070  0.0070  0.0150  0.0599  0.9041  0.0030  0.0020  0.0020  
 65       65  (26)      5 :  0.0020  0.0020  0.0020  0.0030  0.9860  0.0010  0.0010  0.0030  
 66       66  (16)      5 :  0.1828  0.0100  0.0150  0.0070  0.7732  0.0020  0.0050  0.0050  
 67       67  (10)      5 :  0.0210  0.0180  0.0030  0.3300  0.5810  0.0140  0.0220  0.0110  
 68       68   (9)      5 :  0.0420  0.0170  0.0070  0.0060  0.8600  0.0460  0.0190  0.0030  
 69       69  (39)      5 :  0.0080  0.0080  0.0060  0.0050  0.7353  0.1968  0.0390  0.0020  
 70       70  (17)      5 :  0.0040  0.0030  0.0020  0.0320  0.9490  0.0030  0.0030  0.0040  
 71       71  (28)      5 :  0.0591  0.0150  0.0140  0.0070  0.8769  0.0070  0.0030  0.0180  
 72       72  (53)      5 :  0.0090  0.0420  0.1470  0.0100  0.6990  0.0390  0.0180  0.0360  
 73       73  (21)      5 :  0.0030  0.0040  0.0050  0.0020  0.9580  0.0060  0.0070  0.0150  
 74       74  (11)      5 :  0.0070  0.0070  0.0100  0.0050  0.9620  0.0020  0.0030  0.0040  
 75       75  (16)      5 :  0.0060  0.0300  0.0270  0.0040  0.8400  0.0840  0.0060  0.0030  
 76       76  (23)      6 :  0.0190  0.7738  0.0430  0.0300  0.0330  0.0450  0.0140  0.0420  
 77       77  (13)      6 :  0.0190  0.7560  0.1120  0.0160  0.0040  0.0070  0.0760  0.0100  
 78       78  (22)      6 :  0.0030  0.9720  0.0030  0.0030  0.0030  0.0030  0.0080  0.0050  
 79       79  (16)      6 :  0.0190  0.9620  0.0060  0.0020  0.0010  0.0030  0.0020  0.0050  
 80       80  (20)      6 :  0.0150  0.9321  0.0040  0.0040  0.0190  0.0170  0.0060  0.0030  
 81       81  (10)      6 :  0.0060  0.9010  0.0330  0.0120  0.0060  0.0350  0.0040  0.0030  
 82       82  (28)      6 :  0.0040  0.9481  0.0070  0.0200  0.0080  0.0030  0.0060  0.0040  
 83       83  (15)      6 :  0.2270  0.7450  0.0080  0.0030  0.0030  0.0040  0.0030  0.0070  
 84       84  (19)      6 :  0.0380  0.9190  0.0040  0.0060  0.0090  0.0140  0.0060  0.0040  
 85       85  (10)      6 :  0.0050  0.9440  0.0090  0.0050  0.0050  0.0020  0.0180  0.0120  
 86       86  (26)      6 :  0.0020  0.9400  0.0050  0.0030  0.0180  0.0080  0.0060  0.0180  
 87       87  (47)      6 :  0.0070  0.9311  0.0050  0.0050  0.0030  0.0050  0.0310  0.0130  
 88       88  (26)      6 :  0.0060  0.9530  0.0040  0.0090  0.0050  0.0050  0.0150  0.0030  
 89       89  (13)      6 :  0.0030  0.9430  0.0200  0.0060  0.0040  0.0030  0.0190  0.0020  
 90       90  (26)      6 :  0.0020  0.8172  0.0080  0.0759  0.0160  0.0310  0.0080  0.0420  
 91       91  (19)      6 :  0.0180  0.8830  0.0040  0.0030  0.0620  0.0070  0.0040  0.0190  
 92       92  (11)      7 :  0.0050  0.0040  0.0030  0.9610  0.0020  0.0150  0.0020  0.0080  
 93       93  (20)      7 :  0.0090  0.0050  0.0020  0.9650  0.0040  0.0040  0.0030  0.0080  
 94       94  (29)      7 :  0.0190  0.0030  0.0020  0.9520  0.0030  0.0050  0.0140  0.0020  
 95       95   (7)      7 :  0.0020  0.0130  0.0100  0.9530  0.0060  0.0060  0.0030  0.0070  
 96       96  (41)      7 :  0.0030  0.0030  0.0030  0.9770  0.0040  0.0040  0.0020  0.0040  
 97       97  (25)      7 :  0.0100  0.5250  0.0090  0.4210  0.0090  0.0070  0.0100  0.0090  
 98       98  (13)      7 :  0.0020  0.0060  0.0430  0.9260  0.0030  0.0040  0.0140  0.0020  
 99       99  (21)      7 :  0.0030  0.0020  0.0030  0.9740  0.0070  0.0060  0.0020  0.0030  
100      100  (16)      7 :  0.0140  0.0210  0.0100  0.8809  0.0020  0.0070  0.0350  0.0300  
101      101  (62)      7 :  0.0050  0.0270  0.0080  0.8789  0.0040  0.0030  0.0040  0.0701  
102      102  (15)      7 :  0.0100  0.0110  0.0200  0.8820  0.0570  0.0010  0.0160  0.0030  
103      103  (18)      7 :  0.0110  0.0170  0.0230  0.8740  0.0350  0.0100  0.0220  0.0080  
104      104  (21)      7 :  0.0030  0.0070  0.0050  0.9590  0.0070  0.0070  0.0050  0.0070  
105      105  (18)      7 :  0.0090  0.0090  0.0200  0.8520  0.0070  0.0010  0.0850  0.0170  
