  1        1  (18)      1 :  0.0070  0.0050  0.9770  0.0110  
  2        2   (9)      1 :  0.0030  0.0070  0.9620  0.0280  
  3        3  (20)      1 :  0.0180  0.0080  0.9610  0.0130  
  4        4  (12)      1 :  0.0090  0.0030  0.9850  0.0030  
  5        5  (74)      1 :  0.0110  0.1309  0.7403  0.1179  
  6        6  (23)      1 :  0.0080  0.0110  0.9750  0.0060  
  7        7  (22)      1 :  0.0040  0.0050  0.9860  0.0050  
  8        8  (33)      1 :  0.0080  0.0040  0.9530  0.0350  
  9        9  (24)      1 :  0.0300  0.0070  0.9540  0.0090  
 10       10  (31)      1 :  0.0350  0.0830  0.8190  0.0630  
 11       11  (28)      1 :  0.0870  0.0630  0.8100  0.0400  
 12       12  (24)      1 :  0.0140  0.0040  0.9770  0.0050  
 13       13  (10)      1 :  0.0060  0.0150  0.9040  0.0750  
 14       14  (53)      1 :  0.0060  0.0360  0.9420  0.0160  
 15       15  (16)      1 :  0.0030  0.2250  0.7530  0.0190  
 16       16  (15)      2 :  0.9750  0.0110  0.0050  0.0090  
 17       17  (14)      2 :  0.6530  0.2960  0.0030  0.0480  
 18       18  (12)      2 :  0.9520  0.0310  0.0070  0.0100  
 19       19  (13)      2 :  0.8789  0.0561  0.0310  0.0340  
 20       20  (10)      2 :  0.9910  0.0020  0.0040  0.0030  
 21       21  (30)      2 :  0.9740  0.0090  0.0060  0.0110  
 22       22  (12)      2 :  0.9219  0.0100  0.0100  0.0581  
 23       23  (11)      2 :  0.9490  0.0270  0.0120  0.0120  
 24       24  (16)      2 :  0.7620  0.0330  0.1890  0.0160  
 25       25  (46)      2 :  0.9580  0.0140  0.0110  0.0170  
 26       26  (15)      2 :  0.9590  0.0070  0.0250  0.0090  
 27       27  (33)      2 :  0.8190  0.0060  0.1540  0.0210  
 28       28  (17)      2 :  0.9750  0.0140  0.0050  0.0060  
 29       29  (31)      2 :  0.8800  0.0780  0.0300  0.0120  
 30       30  (17)      2 :  0.9530  0.0320  0.0090  0.0060  
 31       31   (9)      2 :  0.9240  0.0470  0.0250  0.0040  
 32       32  (33)      3 :  0.0300  0.9300  0.0250  0.0150  
 33       33  (12)      3 :  0.1852  0.6647  0.1251  0.0250  
 34       34  (30)      3 :  0.0310  0.9280  0.0190  0.0220  
 35       35  (12)      3 :  0.0490  0.8690  0.0480  0.0340  
 36       36  (22)      3 :  0.0100  0.9540  0.0160  0.0200  
 37       37  (52)      3 :  0.0030  0.9910  0.0040  0.0020  
 38       38  (45)      3 :  0.0100  0.9640  0.0090  0.0170  
 39       39  (28)      3 :  0.0160  0.9140  0.0140  0.0560  
 40       40  (14)      3 :  0.0180  0.7832  0.1528  0.0460  
 41       41  (20)      3 :  0.0030  0.9910  0.0030  0.0030  
 42       42  (63)      3 :  0.0060  0.9680  0.0140  0.0120  
 43       43  (13)      3 :  0.0160  0.6767  0.3033  0.0040  
 44       44  (26)      3 :  0.0110  0.9750  0.0050  0.0090  
 45       45  (19)      3 :  0.0210  0.9530  0.0120  0.0140  
 46       46  (22)      3 :  0.0020  0.9930  0.0020  0.0030  
 47       47  (13)      4 :  0.0070  0.0030  0.0050  0.9850  
 48       48  (12)      4 :  0.0090  0.0120  0.0040  0.9750  
 49       49  (10)      4 :  0.0589  0.1968  0.0080  0.7363  
 50       50  (25)      4 :  0.0030  0.0060  0.0020  0.9890  
 51       51   (9)      4 :  0.0270  0.0040  0.0090  0.9600  
 52       52   (9)      4 :  0.0050  0.0050  0.0090  0.9810  
 53       53  (41)      4 :  0.0020  0.0040  0.0020  0.9920  
 54       54  (15)      4 :  0.0720  0.0210  0.1340  0.7730  
 55       55  (18)      4 :  0.0030  0.0080  0.0090  0.9800  
 56       56   (8)      4 :  0.0779  0.2218  0.0430  0.6573  
 57       57  (14)      4 :  0.0380  0.0910  0.0210  0.8500  
 58       58  (10)      4 :  0.0490  0.0640  0.0160  0.8710  
 59       59  (16)      4 :  0.0090  0.0090  0.1429  0.8392  
 60       60  (11)      4 :  0.0100  0.0060  0.4010  0.5830  
 61       61  (35)      5 :  0.9510  0.0070  0.0110  0.0310  
 62       62  (15)      5 :  0.8629  0.0070  0.1151  0.0150  
 63       63  (51)      5 :  0.8880  0.0080  0.0680  0.0360  
 64       64  (20)      5 :  0.9730  0.0030  0.0060  0.0180  
 65       65  (26)      5 :  0.9870  0.0030  0.0030  0.0070  
 66       66  (16)      5 :  0.9700  0.0050  0.0140  0.0110  
 67       67  (10)      5 :  0.8940  0.0120  0.0800  0.0140  
 68       68   (9)      5 :  0.9580  0.0030  0.0070  0.0320  
 69       69  (39)      5 :  0.9259  0.0040  0.0260  0.0440  
 70       70  (17)      5 :  0.9810  0.0030  0.0110  0.0050  
 71       71  (28)      5 :  0.9800  0.0060  0.0040  0.0100  
 72       72  (53)      5 :  0.6220  0.1240  0.0410  0.2130  
 73       73  (21)      5 :  0.9310  0.0250  0.0080  0.0360  
 74       74  (11)      5 :  0.9780  0.0040  0.0060  0.0120  
 75       75  (16)      5 :  0.8990  0.0040  0.0050  0.0920  
 76       76  (23)      6 :  0.0541  0.0731  0.0841  0.7888  
 77       77  (13)      6 :  0.0100  0.0260  0.0250  0.9391  
 78       78  (22)      6 :  0.0190  0.0070  0.0140  0.9600  
 79       79  (16)      6 :  0.0140  0.0260  0.0030  0.9570  
 80       80  (20)      6 :  0.0700  0.0090  0.0110  0.9100  
 81       81  (10)      6 :  0.0090  0.0040  0.0080  0.9790  
 82       82  (28)      6 :  0.0130  0.0040  0.0130  0.9700  
 83       83  (15)      6 :  0.0790  0.0150  0.0070  0.8990  
 84       84  (19)      6 :  0.1260  0.0310  0.0170  0.8260  
 85       85  (10)      6 :  0.0080  0.0150  0.0110  0.9660  
 86       86  (26)      6 :  0.0090  0.0190  0.0080  0.9640  
 87       87  (47)      6 :  0.0090  0.0280  0.0180  0.9450  
 88       88  (26)      6 :  0.0350  0.0050  0.0360  0.9240  
 89       89  (13)      6 :  0.0080  0.0030  0.0110  0.9780  
 90       90  (26)      6 :  0.0100  0.2262  0.1191  0.6446  
 91       91  (19)      6 :  0.2330  0.0430  0.0100  0.7140  
 92       92  (11)      7 :  0.0160  0.0630  0.9130  0.0080  
 93       93  (20)      7 :  0.0290  0.0210  0.9410  0.0090  
 94       94  (29)      7 :  0.0050  0.0020  0.9910  0.0020  
 95       95   (7)      7 :  0.0050  0.0040  0.9560  0.0350  
 96       96  (41)      7 :  0.0100  0.0080  0.9730  0.0090  
 97       97  (25)      7 :  0.0150  0.0120  0.4780  0.4950  
 98       98  (13)      7 :  0.0110  0.0030  0.9330  0.0530  
 99       99  (21)      7 :  0.0170  0.0040  0.9730  0.0060  
100      100  (16)      7 :  0.0060  0.0110  0.9730  0.0100  
101      101  (62)      7 :  0.0130  0.1079  0.6613  0.2178  
102      102  (15)      7 :  0.0230  0.0070  0.9520  0.0180  
103      103  (18)      7 :  0.0679  0.0130  0.8861  0.0330  
104      104  (21)      7 :  0.0080  0.0120  0.9720  0.0080  
105      105  (18)      7 :  0.0130  0.0300  0.9500  0.0070  
