  1        1  (18)      1 :  0.0020  0.0030  0.9720  0.0040  0.0040  0.0030  0.0120  
  2        2   (9)      1 :  0.0030  0.0030  0.9640  0.0020  0.0020  0.0100  0.0160  
  3        3  (20)      1 :  0.0040  0.0040  0.9620  0.0070  0.0100  0.0080  0.0050  
  4        4  (12)      1 :  0.0020  0.0050  0.9790  0.0020  0.0080  0.0020  0.0020  
  5        5  (74)      1 :  0.0290  0.0130  0.8940  0.0030  0.0090  0.0180  0.0340  
  6        6  (23)      1 :  0.0040  0.0070  0.9680  0.0070  0.0040  0.0060  0.0040  
  7        7  (22)      1 :  0.0050  0.0040  0.9790  0.0040  0.0020  0.0050  0.0010  
  8        8  (33)      1 :  0.0030  0.0050  0.9141  0.0040  0.0040  0.0050  0.0649  
  9        9  (24)      1 :  0.0090  0.0110  0.9069  0.0460  0.0160  0.0040  0.0070  
 10       10  (31)      1 :  0.0170  0.0030  0.9351  0.0100  0.0080  0.0170  0.0100  
 11       11  (28)      1 :  0.0631  0.0440  0.7868  0.0310  0.0310  0.0130  0.0310  
 12       12  (24)      1 :  0.0040  0.0460  0.9189  0.0120  0.0060  0.0090  0.0040  
 13       13  (10)      1 :  0.0120  0.0040  0.9240  0.0070  0.0020  0.0070  0.0440  
 14       14  (53)      1 :  0.0250  0.0090  0.9200  0.0110  0.0050  0.0240  0.0060  
 15       15  (16)      1 :  0.0230  0.0020  0.9670  0.0010  0.0020  0.0030  0.0020  
 16       16  (15)      2 :  0.0070  0.0030  0.0030  0.9560  0.0110  0.0180  0.0020  
 17       17  (14)      2 :  0.1240  0.0010  0.0030  0.8340  0.0050  0.0200  0.0130  
 18       18  (12)      2 :  0.0110  0.0080  0.0020  0.9560  0.0080  0.0070  0.0080  
 19       19  (13)      2 :  0.0260  0.0310  0.0100  0.8910  0.0050  0.0320  0.0050  
 20       20  (10)      2 :  0.0020  0.0040  0.0040  0.9221  0.0629  0.0030  0.0020  
 21       21  (30)      2 :  0.0040  0.0020  0.0030  0.9740  0.0040  0.0040  0.0090  
 22       22  (12)      2 :  0.0070  0.0050  0.0340  0.8520  0.0280  0.0220  0.0520  
 23       23  (11)      2 :  0.0060  0.0040  0.0030  0.9339  0.0020  0.0020  0.0490  
 24       24  (16)      2 :  0.0150  0.0610  0.0610  0.8350  0.0050  0.0080  0.0150  
 25       25  (46)      2 :  0.0080  0.0360  0.0040  0.9159  0.0120  0.0180  0.0060  
 26       26  (15)      2 :  0.0050  0.0180  0.0511  0.8529  0.0310  0.0040  0.0380  
 27       27  (33)      2 :  0.0030  0.1381  0.0030  0.8398  0.0040  0.0080  0.0040  
 28       28  (17)      2 :  0.0040  0.0010  0.0030  0.9790  0.0070  0.0030  0.0030  
 29       29  (31)      2 :  0.0100  0.0370  0.0040  0.9320  0.0050  0.0080  0.0040  
 30       30  (17)      2 :  0.0050  0.0020  0.0050  0.9790  0.0030  0.0040  0.0020  
 31       31   (9)      2 :  0.0070  0.0040  0.0080  0.9700  0.0030  0.0050  0.0030  
 32       32  (33)      3 :  0.8779  0.0440  0.0050  0.0070  0.0460  0.0120  0.0080  
 33       33  (12)      3 :  0.6640  0.0260  0.0380  0.2100  0.0160  0.0350  0.0110  
 34       34  (30)      3 :  0.8839  0.0380  0.0030  0.0110  0.0440  0.0130  0.0070  
 35       35  (12)      3 :  0.8422  0.0100  0.0599  0.0240  0.0130  0.0390  0.0120  
 36       36  (22)      3 :  0.9261  0.0090  0.0220  0.0090  0.0040  0.0230  0.0070  
 37       37  (52)      3 :  0.9850  0.0020  0.0040  0.0040  0.0010  0.0020  0.0020  
 38       38  (45)      3 :  0.9440  0.0140  0.0050  0.0030  0.0140  0.0120  0.0080  
 39       39  (28)      3 :  0.9060  0.0170  0.0040  0.0090  0.0080  0.0200  0.0360  
 40       40  (14)      3 :  0.7183  0.0050  0.2388  0.0050  0.0050  0.0130  0.0150  
 41       41  (20)      3 :  0.9860  0.0010  0.0050  0.0020  0.0030  0.0010  0.0020  
 42       42  (63)      3 :  0.9499  0.0130  0.0040  0.0130  0.0040  0.0070  0.0090  
 43       43  (13)      3 :  0.6430  0.3160  0.0030  0.0290  0.0020  0.0050  0.0020  
 44       44  (26)      3 :  0.9650  0.0030  0.0050  0.0080  0.0040  0.0060  0.0090  
 45       45  (19)      3 :  0.9200  0.0050  0.0050  0.0090  0.0340  0.0050  0.0220  
 46       46  (22)      3 :  0.9900  0.0020  0.0010  0.0010  0.0010  0.0020  0.0030  
 47       47  (13)      4 :  0.0020  0.0050  0.0040  0.0060  0.0100  0.0180  0.9550  
 48       48  (12)      4 :  0.0080  0.0020  0.0030  0.0030  0.0030  0.0050  0.9760  
 49       49  (10)      4 :  0.0180  0.0020  0.0070  0.0760  0.0030  0.0040  0.8900  
 50       50  (25)      4 :  0.0020  0.0010  0.0020  0.0010  0.0110  0.0090  0.9740  
 51       51   (9)      4 :  0.0040  0.0060  0.0100  0.0070  0.0630  0.0360  0.8740  
 52       52   (9)      4 :  0.0040  0.0100  0.0060  0.0050  0.0040  0.0200  0.9510  
 53       53  (41)      4 :  0.0030  0.0010  0.0010  0.0010  0.0010  0.0020  0.9910  
 54       54  (15)      4 :  0.0060  0.0200  0.0340  0.0260  0.0070  0.0080  0.8990  
 55       55  (18)      4 :  0.0050  0.0180  0.0050  0.0020  0.0040  0.2950  0.6710  
 56       56   (8)      4 :  0.0721  0.0340  0.0050  0.0070  0.0210  0.0040  0.8569  
 57       57  (14)      4 :  0.0180  0.0040  0.0190  0.1110  0.0030  0.0060  0.8390  
 58       58  (10)      4 :  0.1391  0.0060  0.0180  0.0160  0.0320  0.0190  0.7698  
 59       59  (16)      4 :  0.0050  0.0080  0.2020  0.0040  0.0140  0.0170  0.7500  
 60       60  (11)      4 :  0.0050  0.3463  0.0601  0.0110  0.0060  0.0821  0.4895  
 61       61  (35)      5 :  0.0030  0.0030  0.0030  0.0020  0.9810  0.0060  0.0020  
 62       62  (15)      5 :  0.0030  0.0110  0.0650  0.0060  0.8870  0.0060  0.0220  
 63       63  (51)      5 :  0.0040  0.0100  0.0541  0.0050  0.9029  0.0150  0.0090  
 64       64  (20)      5 :  0.0020  0.0250  0.0020  0.0040  0.9560  0.0050  0.0060  
 65       65  (26)      5 :  0.0020  0.0020  0.0010  0.0020  0.9890  0.0020  0.0020  
 66       66  (16)      5 :  0.0040  0.0050  0.0110  0.0730  0.8920  0.0050  0.0100  
 67       67  (10)      5 :  0.0200  0.1481  0.0320  0.0380  0.7257  0.0310  0.0050  
 68       68   (9)      5 :  0.0070  0.0040  0.0230  0.0330  0.8951  0.0230  0.0150  
 69       69  (39)      5 :  0.0040  0.0060  0.0920  0.0090  0.8360  0.0440  0.0090  
 70       70  (17)      5 :  0.0030  0.0380  0.0030  0.0100  0.9389  0.0050  0.0020  
 71       71  (28)      5 :  0.0060  0.0050  0.0030  0.0390  0.9330  0.0090  0.0050  
 72       72  (53)      5 :  0.0890  0.0070  0.0160  0.0070  0.7800  0.0360  0.0650  
 73       73  (21)      5 :  0.0060  0.0020  0.0030  0.0020  0.9790  0.0040  0.0040  
 74       74  (11)      5 :  0.0030  0.0040  0.0030  0.0050  0.9730  0.0060  0.0060  
 75       75  (16)      5 :  0.0040  0.0030  0.0060  0.0070  0.8821  0.0649  0.0330  
 76       76  (23)      6 :  0.0799  0.0629  0.0260  0.0270  0.0440  0.6474  0.1129  
 77       77  (13)      6 :  0.0130  0.0130  0.0360  0.0360  0.0030  0.8581  0.0410  
 78       78  (22)      6 :  0.0040  0.0040  0.0050  0.0060  0.0070  0.9680  0.0060  
 79       79  (16)      6 :  0.0070  0.0020  0.0040  0.0260  0.0010  0.9550  0.0050  
 80       80  (20)      6 :  0.0030  0.0030  0.0040  0.0200  0.0110  0.9560  0.0030  
 81       81  (10)      6 :  0.0030  0.0140  0.0030  0.0060  0.0050  0.9550  0.0140  
 82       82  (28)      6 :  0.0020  0.0110  0.0040  0.0020  0.0100  0.9680  0.0030  
 83       83  (15)      6 :  0.0070  0.0050  0.0020  0.2970  0.0020  0.6770  0.0100  
 84       84  (19)      6 :  0.0090  0.0040  0.0060  0.0330  0.0150  0.9301  0.0030  
 85       85  (10)      6 :  0.0070  0.0050  0.0100  0.0070  0.0040  0.9620  0.0050  
 86       86  (26)      6 :  0.0319  0.0030  0.0040  0.0040  0.0050  0.9411  0.0110  
 87       87  (47)      6 :  0.0100  0.0040  0.0130  0.0050  0.0040  0.9610  0.0030  
 88       88  (26)      6 :  0.0040  0.0060  0.0190  0.0090  0.0050  0.9530  0.0040  
 89       89  (13)      6 :  0.0020  0.0050  0.0070  0.0030  0.0030  0.9690  0.0110  
 90       90  (26)      6 :  0.1180  0.0540  0.0060  0.0020  0.0170  0.7980  0.0050  
 91       91  (19)      6 :  0.0190  0.0070  0.0030  0.0120  0.1150  0.8400  0.0040  
 92       92  (11)      7 :  0.0100  0.9710  0.0020  0.0060  0.0030  0.0060  0.0020  
 93       93  (20)      7 :  0.0080  0.9480  0.0070  0.0140  0.0100  0.0090  0.0040  
 94       94  (29)      7 :  0.0020  0.9660  0.0130  0.0120  0.0030  0.0020  0.0020  
 95       95   (7)      7 :  0.0030  0.9760  0.0030  0.0020  0.0020  0.0090  0.0050  
 96       96  (41)      7 :  0.0030  0.9840  0.0020  0.0030  0.0030  0.0030  0.0020  
 97       97  (25)      7 :  0.0030  0.4100  0.0100  0.0080  0.0050  0.5580  0.0060  
 98       98  (13)      7 :  0.0030  0.9460  0.0130  0.0040  0.0060  0.0080  0.0200  
 99       99  (21)      7 :  0.0020  0.9710  0.0020  0.0030  0.0130  0.0030  0.0060  
100      100  (16)      7 :  0.0100  0.9150  0.0520  0.0070  0.0020  0.0100  0.0040  
101      101  (62)      7 :  0.0789  0.7153  0.0060  0.0070  0.0080  0.1588  0.0260  
102      102  (15)      7 :  0.0060  0.9289  0.0230  0.0080  0.0150  0.0090  0.0100  
103      103  (18)      7 :  0.0080  0.8492  0.0170  0.0070  0.0739  0.0110  0.0340  
104      104  (21)      7 :  0.0080  0.9720  0.0050  0.0030  0.0040  0.0050  0.0030  
105      105  (18)      7 :  0.0440  0.9049  0.0220  0.0050  0.0100  0.0060  0.0080  
