  1        1  (18)      1 :  0.0020  0.9800  0.0030  0.0040  0.0070  0.0040  
  2        2   (9)      1 :  0.0040  0.9700  0.0030  0.0020  0.0120  0.0090  
  3        3  (20)      1 :  0.0060  0.9720  0.0070  0.0080  0.0040  0.0030  
  4        4  (12)      1 :  0.0020  0.9690  0.0140  0.0020  0.0020  0.0110  
  5        5  (74)      1 :  0.0090  0.9690  0.0070  0.0030  0.0070  0.0050  
  6        6  (23)      1 :  0.0190  0.9419  0.0070  0.0080  0.0080  0.0160  
  7        7  (22)      1 :  0.0070  0.9790  0.0010  0.0050  0.0030  0.0050  
  8        8  (33)      1 :  0.0020  0.9800  0.0030  0.0030  0.0080  0.0040  
  9        9  (24)      1 :  0.0080  0.8760  0.0230  0.0550  0.0090  0.0290  
 10       10  (31)      1 :  0.0270  0.9460  0.0070  0.0050  0.0120  0.0030  
 11       11  (28)      1 :  0.0050  0.8490  0.0180  0.0070  0.0200  0.1010  
 12       12  (24)      1 :  0.0020  0.8382  0.0070  0.0150  0.0040  0.1339  
 13       13  (10)      1 :  0.0170  0.9230  0.0030  0.0040  0.0440  0.0090  
 14       14  (53)      1 :  0.0480  0.8689  0.0060  0.0180  0.0300  0.0290  
 15       15  (16)      1 :  0.0290  0.9650  0.0010  0.0010  0.0030  0.0010  
 16       16  (15)      2 :  0.0050  0.0020  0.0130  0.9640  0.0140  0.0020  
 17       17  (14)      2 :  0.0300  0.0060  0.0070  0.9459  0.0100  0.0010  
 18       18  (12)      2 :  0.0230  0.0030  0.0120  0.9370  0.0170  0.0080  
 19       19  (13)      2 :  0.0240  0.0140  0.0100  0.8890  0.0410  0.0220  
 20       20  (10)      2 :  0.0020  0.0030  0.0150  0.9760  0.0020  0.0020  
 21       21  (30)      2 :  0.0030  0.0030  0.0040  0.9790  0.0090  0.0020  
 22       22  (12)      2 :  0.0070  0.0220  0.0890  0.7430  0.1330  0.0060  
 23       23  (11)      2 :  0.0080  0.0040  0.0020  0.9720  0.0060  0.0080  
 24       24  (16)      2 :  0.0630  0.0400  0.0070  0.7240  0.0350  0.1310  
 25       25  (46)      2 :  0.0200  0.0030  0.0100  0.8890  0.0200  0.0580  
 26       26  (15)      2 :  0.0080  0.0750  0.0360  0.8080  0.0520  0.0210  
 27       27  (33)      2 :  0.0050  0.0050  0.0040  0.9550  0.0060  0.0250  
 28       28  (17)      2 :  0.0050  0.0030  0.0060  0.9810  0.0030  0.0020  
 29       29  (31)      2 :  0.0050  0.0020  0.0040  0.9600  0.0050  0.0240  
 30       30  (17)      2 :  0.0030  0.0050  0.0020  0.9840  0.0030  0.0030  
 31       31   (9)      2 :  0.0110  0.0100  0.0040  0.9630  0.0040  0.0080  
 32       32  (33)      3 :  0.9381  0.0050  0.0220  0.0110  0.0100  0.0140  
 33       33  (12)      3 :  0.7020  0.0580  0.0120  0.1960  0.0150  0.0170  
 34       34  (30)      3 :  0.8799  0.0020  0.0090  0.0040  0.0110  0.0941  
 35       35  (12)      3 :  0.9500  0.0060  0.0070  0.0150  0.0160  0.0060  
 36       36  (22)      3 :  0.9580  0.0120  0.0030  0.0060  0.0160  0.0050  
 37       37  (52)      3 :  0.9860  0.0050  0.0010  0.0040  0.0020  0.0020  
 38       38  (45)      3 :  0.8670  0.0060  0.0660  0.0050  0.0390  0.0170  
 39       39  (28)      3 :  0.8182  0.0070  0.0200  0.0160  0.0490  0.0899  
 40       40  (14)      3 :  0.7760  0.1770  0.0050  0.0030  0.0360  0.0030  
 41       41  (20)      3 :  0.9850  0.0070  0.0030  0.0020  0.0020  0.0010  
 42       42  (63)      3 :  0.7620  0.0090  0.0060  0.1430  0.0320  0.0480  
 43       43  (13)      3 :  0.6947  0.0040  0.0020  0.0230  0.0040  0.2723  
 44       44  (26)      3 :  0.9600  0.0050  0.0160  0.0080  0.0080  0.0030  
 45       45  (19)      3 :  0.9400  0.0090  0.0240  0.0110  0.0110  0.0050  
 46       46  (22)      3 :  0.9900  0.0010  0.0010  0.0020  0.0030  0.0030  
 47       47  (13)      4 :  0.0020  0.0060  0.0110  0.0040  0.9720  0.0050  
 48       48  (12)      4 :  0.0100  0.0040  0.0080  0.0050  0.9700  0.0030  
 49       49  (10)      4 :  0.0271  0.0381  0.0030  0.2735  0.6543  0.0040  
 50       50  (25)      4 :  0.0030  0.0020  0.0470  0.0020  0.9441  0.0020  
 51       51   (9)      4 :  0.0030  0.0070  0.0150  0.0040  0.9680  0.0030  
 52       52   (9)      4 :  0.0020  0.0040  0.0010  0.0030  0.9840  0.0060  
 53       53  (41)      4 :  0.0030  0.0020  0.0020  0.0020  0.9890  0.0020  
 54       54  (15)      4 :  0.0130  0.0599  0.0060  0.0450  0.8212  0.0549  
 55       55  (18)      4 :  0.0420  0.0020  0.0040  0.0010  0.9429  0.0080  
 56       56   (8)      4 :  0.0770  0.0060  0.0410  0.0080  0.8570  0.0110  
 57       57  (14)      4 :  0.0120  0.0120  0.0040  0.0270  0.9370  0.0080  
 58       58  (10)      4 :  0.0230  0.0100  0.0200  0.0240  0.9180  0.0050  
 59       59  (16)      4 :  0.0060  0.1329  0.0330  0.0040  0.8172  0.0070  
 60       60  (11)      4 :  0.0060  0.1240  0.0050  0.0050  0.7060  0.1540  
 61       61  (35)      5 :  0.0030  0.0030  0.9840  0.0020  0.0040  0.0040  
 62       62  (15)      5 :  0.0050  0.1100  0.8240  0.0120  0.0240  0.0250  
 63       63  (51)      5 :  0.0050  0.0670  0.8960  0.0060  0.0170  0.0090  
 64       64  (20)      5 :  0.0020  0.0020  0.8909  0.0290  0.0250  0.0511  
 65       65  (26)      5 :  0.0020  0.0010  0.9920  0.0010  0.0020  0.0020  
 66       66  (16)      5 :  0.0030  0.0090  0.8318  0.1401  0.0120  0.0040  
 67       67  (10)      5 :  0.0060  0.0160  0.6260  0.0440  0.0110  0.2970  
 68       68   (9)      5 :  0.0050  0.0290  0.9130  0.0410  0.0080  0.0040  
 69       69  (39)      5 :  0.0040  0.0659  0.8862  0.0100  0.0279  0.0060  
 70       70  (17)      5 :  0.0030  0.0020  0.9100  0.0030  0.0030  0.0790  
 71       71  (28)      5 :  0.0130  0.0030  0.9040  0.0620  0.0090  0.0090  
 72       72  (53)      5 :  0.1592  0.0210  0.7277  0.0100  0.0721  0.0100  
 73       73  (21)      5 :  0.0040  0.0040  0.9860  0.0010  0.0030  0.0020  
 74       74  (11)      5 :  0.0020  0.0020  0.9880  0.0030  0.0030  0.0020  
 75       75  (16)      5 :  0.0260  0.0050  0.8931  0.0060  0.0669  0.0030  
 76       76  (23)      6 :  0.0200  0.0150  0.0260  0.0160  0.8879  0.0350  
 77       77  (13)      6 :  0.0060  0.0190  0.0030  0.0090  0.9550  0.0080  
 78       78  (22)      6 :  0.0060  0.0100  0.0320  0.0040  0.9370  0.0110  
 79       79  (16)      6 :  0.0050  0.0020  0.0020  0.0581  0.9309  0.0020  
 80       80  (20)      6 :  0.0060  0.0370  0.0500  0.0260  0.8731  0.0080  
 81       81  (10)      6 :  0.0030  0.0080  0.0150  0.0170  0.9399  0.0170  
 82       82  (28)      6 :  0.0030  0.0050  0.0130  0.0060  0.9401  0.0329  
 83       83  (15)      6 :  0.0030  0.0020  0.0030  0.1261  0.8629  0.0030  
 84       84  (19)      6 :  0.0070  0.0060  0.0190  0.0921  0.8689  0.0070  
 85       85  (10)      6 :  0.0080  0.0060  0.0030  0.0050  0.9750  0.0030  
 86       86  (26)      6 :  0.0200  0.0040  0.0110  0.0040  0.9550  0.0060  
 87       87  (47)      6 :  0.0240  0.0190  0.0020  0.0060  0.9439  0.0050  
 88       88  (26)      6 :  0.0020  0.0160  0.0070  0.0390  0.9210  0.0150  
 89       89  (13)      6 :  0.0050  0.0220  0.0610  0.0040  0.8940  0.0140  
 90       90  (26)      6 :  0.2767  0.0140  0.1928  0.0040  0.3107  0.2018  
 91       91  (19)      6 :  0.0350  0.0040  0.1730  0.0170  0.7670  0.0040  
 92       92  (11)      7 :  0.0090  0.0030  0.0020  0.0060  0.0040  0.9760  
 93       93  (20)      7 :  0.0070  0.0040  0.0050  0.0050  0.0040  0.9750  
 94       94  (29)      7 :  0.0020  0.0090  0.0030  0.0090  0.0020  0.9750  
 95       95   (7)      7 :  0.0030  0.0030  0.0050  0.0020  0.0080  0.9790  
 96       96  (41)      7 :  0.0040  0.0030  0.0040  0.0030  0.0040  0.9820  
 97       97  (25)      7 :  0.0120  0.0080  0.0160  0.0120  0.2910  0.6610  
 98       98  (13)      7 :  0.0020  0.0440  0.0040  0.0040  0.0170  0.9291  
 99       99  (21)      7 :  0.0040  0.0020  0.0040  0.0020  0.0040  0.9840  
100      100  (16)      7 :  0.0040  0.0160  0.0030  0.0060  0.0060  0.9650  
101      101  (62)      7 :  0.0260  0.0050  0.0060  0.0070  0.0300  0.9261  
102      102  (15)      7 :  0.0060  0.0190  0.0310  0.0150  0.0160  0.9130  
103      103  (18)      7 :  0.0240  0.0050  0.0290  0.0070  0.0831  0.8519  
104      104  (21)      7 :  0.0090  0.0070  0.0070  0.0070  0.0050  0.9650  
105      105  (18)      7 :  0.0370  0.0760  0.0040  0.0100  0.0070  0.8660  
