  1        1  (18)      1 :  0.0100  0.0150  0.9630  0.0120  
  2        2   (9)      1 :  0.0050  0.0120  0.9770  0.0060  
  3        3  (20)      1 :  0.0130  0.0110  0.9590  0.0170  
  4        4  (12)      1 :  0.0090  0.0030  0.9850  0.0030  
  5        5  (74)      1 :  0.0160  0.0380  0.9370  0.0090  
  6        6  (23)      1 :  0.0060  0.0110  0.9700  0.0130  
  7        7  (22)      1 :  0.0020  0.0050  0.9820  0.0110  
  8        8  (33)      1 :  0.0100  0.0120  0.9720  0.0060  
  9        9  (24)      1 :  0.0130  0.0150  0.9510  0.0210  
 10       10  (31)      1 :  0.0310  0.0480  0.8991  0.0220  
 11       11  (28)      1 :  0.0510  0.0240  0.9110  0.0140  
 12       12  (24)      1 :  0.0070  0.0040  0.9830  0.0060  
 13       13  (10)      1 :  0.0050  0.0980  0.8900  0.0070  
 14       14  (53)      1 :  0.0090  0.0160  0.9600  0.0150  
 15       15  (16)      1 :  0.0060  0.2462  0.7447  0.0030  
 16       16  (15)      2 :  0.0210  0.0050  0.0040  0.9700  
 17       17  (14)      2 :  0.0050  0.0140  0.0040  0.9770  
 18       18  (12)      2 :  0.0180  0.0430  0.0100  0.9290  
 19       19  (13)      2 :  0.0080  0.0090  0.0170  0.9660  
 20       20  (10)      2 :  0.0080  0.0040  0.0040  0.9840  
 21       21  (30)      2 :  0.0120  0.0100  0.0050  0.9730  
 22       22  (12)      2 :  0.0410  0.0170  0.0060  0.9359  
 23       23  (11)      2 :  0.0060  0.2120  0.0130  0.7690  
 24       24  (16)      2 :  0.0050  0.1600  0.1180  0.7170  
 25       25  (46)      2 :  0.0260  0.0140  0.0150  0.9450  
 26       26  (15)      2 :  0.0170  0.0890  0.1520  0.7420  
 27       27  (33)      2 :  0.0080  0.0170  0.0300  0.9451  
 28       28  (17)      2 :  0.0130  0.0060  0.0050  0.9760  
 29       29  (31)      2 :  0.0040  0.0080  0.0150  0.9730  
 30       30  (17)      2 :  0.0050  0.0050  0.0070  0.9830  
 31       31   (9)      2 :  0.0040  0.0090  0.0070  0.9800  
 32       32  (33)      3 :  0.0200  0.9390  0.0210  0.0200  
 33       33  (12)      3 :  0.0230  0.5005  0.1782  0.2983  
 34       34  (30)      3 :  0.0440  0.9320  0.0140  0.0100  
 35       35  (12)      3 :  0.0050  0.9670  0.0110  0.0170  
 36       36  (22)      3 :  0.0110  0.9489  0.0230  0.0170  
 37       37  (52)      3 :  0.0040  0.9190  0.0500  0.0270  
 38       38  (45)      3 :  0.1290  0.8400  0.0180  0.0130  
 39       39  (28)      3 :  0.0240  0.9380  0.0180  0.0200  
 40       40  (14)      3 :  0.0130  0.9381  0.0420  0.0070  
 41       41  (20)      3 :  0.0040  0.9870  0.0030  0.0060  
 42       42  (63)      3 :  0.0060  0.8950  0.0190  0.0800  
 43       43  (13)      3 :  0.0030  0.4550  0.4480  0.0940  
 44       44  (26)      3 :  0.0050  0.9440  0.0050  0.0460  
 45       45  (19)      3 :  0.0160  0.9660  0.0100  0.0080  
 46       46  (22)      3 :  0.0030  0.9910  0.0030  0.0030  
 47       47  (13)      4 :  0.2140  0.7410  0.0110  0.0340  
 48       48  (12)      4 :  0.0150  0.9770  0.0030  0.0050  
 49       49  (10)      4 :  0.0100  0.8779  0.0080  0.1041  
 50       50  (25)      4 :  0.3287  0.6613  0.0050  0.0050  
 51       51   (9)      4 :  0.0529  0.8951  0.0310  0.0210  
 52       52   (9)      4 :  0.0100  0.9500  0.0260  0.0140  
 53       53  (41)      4 :  0.0050  0.9890  0.0020  0.0040  
 54       54  (15)      4 :  0.0160  0.8780  0.0700  0.0360  
 55       55  (18)      4 :  0.0090  0.9600  0.0240  0.0070  
 56       56   (8)      4 :  0.1930  0.7630  0.0180  0.0260  
 57       57  (14)      4 :  0.0150  0.9269  0.0400  0.0180  
 58       58  (10)      4 :  0.0290  0.9029  0.0240  0.0440  
 59       59  (16)      4 :  0.0819  0.6823  0.2258  0.0100  
 60       60  (11)      4 :  0.0230  0.3010  0.6460  0.0300  
 61       61  (35)      5 :  0.9840  0.0050  0.0070  0.0040  
 62       62  (15)      5 :  0.9150  0.0140  0.0460  0.0250  
 63       63  (51)      5 :  0.9680  0.0070  0.0180  0.0070  
 64       64  (20)      5 :  0.9760  0.0060  0.0090  0.0090  
 65       65  (26)      5 :  0.9920  0.0040  0.0020  0.0020  
 66       66  (16)      5 :  0.8060  0.0140  0.0100  0.1700  
 67       67  (10)      5 :  0.7390  0.0050  0.1390  0.1170  
 68       68   (9)      5 :  0.9420  0.0120  0.0080  0.0380  
 69       69  (39)      5 :  0.8780  0.0090  0.0610  0.0520  
 70       70  (17)      5 :  0.9760  0.0050  0.0140  0.0050  
 71       71  (28)      5 :  0.9130  0.0130  0.0070  0.0670  
 72       72  (53)      5 :  0.8190  0.0960  0.0710  0.0140  
 73       73  (21)      5 :  0.9790  0.0130  0.0040  0.0040  
 74       74  (11)      5 :  0.9820  0.0060  0.0050  0.0070  
 75       75  (16)      5 :  0.9430  0.0350  0.0060  0.0160  
 76       76  (23)      6 :  0.1670  0.0580  0.1770  0.5980  
 77       77  (13)      6 :  0.0100  0.1558  0.1459  0.6883  
 78       78  (22)      6 :  0.1430  0.0090  0.0380  0.8100  
 79       79  (16)      6 :  0.0050  0.0180  0.0030  0.9740  
 80       80  (20)      6 :  0.1170  0.0090  0.0440  0.8300  
 81       81  (10)      6 :  0.0700  0.0500  0.0770  0.8030  
 82       82  (28)      6 :  0.1350  0.0120  0.0600  0.7930  
 83       83  (15)      6 :  0.0100  0.0170  0.0100  0.9630  
 84       84  (19)      6 :  0.1440  0.0080  0.0120  0.8360  
 85       85  (10)      6 :  0.0260  0.0529  0.0260  0.8951  
 86       86  (26)      6 :  0.3060  0.0690  0.0400  0.5850  
 87       87  (47)      6 :  0.0170  0.0410  0.0280  0.9140  
 88       88  (26)      6 :  0.0270  0.0060  0.0540  0.9130  
 89       89  (13)      6 :  0.3660  0.0190  0.2230  0.3920  
 90       90  (26)      6 :  0.2580  0.0940  0.6100  0.0380  
 91       91  (19)      6 :  0.3764  0.0180  0.0070  0.5986  
 92       92  (11)      7 :  0.0050  0.0100  0.9620  0.0230  
 93       93  (20)      7 :  0.0130  0.0110  0.9620  0.0140  
 94       94  (29)      7 :  0.0050  0.0020  0.9890  0.0040  
 95       95   (7)      7 :  0.0150  0.0090  0.9620  0.0140  
 96       96  (41)      7 :  0.0230  0.0270  0.9341  0.0160  
 97       97  (25)      7 :  0.0280  0.0370  0.7480  0.1870  
 98       98  (13)      7 :  0.0130  0.0100  0.9680  0.0090  
 99       99  (21)      7 :  0.0280  0.0130  0.9540  0.0050  
100      100  (16)      7 :  0.0050  0.0300  0.9401  0.0250  
101      101  (62)      7 :  0.0110  0.0660  0.8670  0.0560  
102      102  (15)      7 :  0.0819  0.0150  0.8851  0.0180  
103      103  (18)      7 :  0.1732  0.3073  0.5045  0.0150  
104      104  (21)      7 :  0.0370  0.0100  0.9440  0.0090  
105      105  (18)      7 :  0.0080  0.0090  0.9760  0.0070  
