  1        1  (18)      1 :  0.0030  0.0050  0.9600  0.0060  0.0030  0.0080  0.0150  
  2        2   (9)      1 :  0.0050  0.0040  0.9660  0.0020  0.0020  0.0080  0.0130  
  3        3  (20)      1 :  0.0040  0.0030  0.9660  0.0060  0.0090  0.0070  0.0050  
  4        4  (12)      1 :  0.0010  0.0050  0.9710  0.0050  0.0140  0.0020  0.0020  
  5        5  (74)      1 :  0.0230  0.0100  0.8989  0.0040  0.0170  0.0310  0.0160  
  6        6  (23)      1 :  0.0040  0.0190  0.9309  0.0090  0.0130  0.0150  0.0090  
  7        7  (22)      1 :  0.0070  0.0060  0.9730  0.0050  0.0020  0.0060  0.0010  
  8        8  (33)      1 :  0.0020  0.0030  0.9249  0.0020  0.0020  0.0040  0.0621  
  9        9  (24)      1 :  0.0090  0.0110  0.9089  0.0290  0.0220  0.0100  0.0100  
 10       10  (31)      1 :  0.0150  0.0030  0.9269  0.0090  0.0120  0.0250  0.0090  
 11       11  (28)      1 :  0.0260  0.0490  0.8550  0.0160  0.0170  0.0280  0.0090  
 12       12  (24)      1 :  0.0020  0.2713  0.7127  0.0060  0.0030  0.0040  0.0010  
 13       13  (10)      1 :  0.0090  0.0140  0.9079  0.0060  0.0030  0.0120  0.0480  
 14       14  (53)      1 :  0.0210  0.0360  0.8930  0.0070  0.0050  0.0280  0.0100  
 15       15  (16)      1 :  0.0340  0.0020  0.9560  0.0010  0.0020  0.0030  0.0020  
 16       16  (15)      2 :  0.0080  0.0030  0.0030  0.9170  0.0170  0.0490  0.0030  
 17       17  (14)      2 :  0.0760  0.0020  0.0060  0.8420  0.0100  0.0470  0.0170  
 18       18  (12)      2 :  0.0681  0.0130  0.0040  0.8789  0.0080  0.0200  0.0080  
 19       19  (13)      2 :  0.0100  0.0250  0.0070  0.8570  0.0060  0.0850  0.0100  
 20       20  (10)      2 :  0.0020  0.0030  0.0030  0.9311  0.0519  0.0040  0.0050  
 21       21  (30)      2 :  0.0040  0.0020  0.0020  0.9740  0.0050  0.0040  0.0090  
 22       22  (12)      2 :  0.0110  0.0070  0.0269  0.8413  0.0429  0.0379  0.0329  
 23       23  (11)      2 :  0.0050  0.0070  0.0040  0.9540  0.0020  0.0020  0.0260  
 24       24  (16)      2 :  0.0330  0.0571  0.0791  0.7978  0.0050  0.0130  0.0150  
 25       25  (46)      2 :  0.0150  0.0760  0.0020  0.7940  0.0050  0.1040  0.0040  
 26       26  (15)      2 :  0.0070  0.0110  0.0551  0.8659  0.0110  0.0020  0.0480  
 27       27  (33)      2 :  0.0070  0.0500  0.0050  0.9260  0.0050  0.0040  0.0030  
 28       28  (17)      2 :  0.0030  0.0010  0.0040  0.9830  0.0040  0.0030  0.0020  
 29       29  (31)      2 :  0.0080  0.0320  0.0050  0.9340  0.0040  0.0110  0.0060  
 30       30  (17)      2 :  0.0030  0.0020  0.0030  0.9860  0.0020  0.0030  0.0010  
 31       31   (9)      2 :  0.0100  0.0020  0.0150  0.9640  0.0040  0.0030  0.0020  
 32       32  (33)      3 :  0.8959  0.0480  0.0050  0.0060  0.0200  0.0090  0.0160  
 33       33  (12)      3 :  0.6500  0.0240  0.1390  0.1370  0.0160  0.0240  0.0100  
 34       34  (30)      3 :  0.8841  0.0749  0.0030  0.0040  0.0130  0.0150  0.0060  
 35       35  (12)      3 :  0.9160  0.0070  0.0240  0.0100  0.0100  0.0220  0.0110  
 36       36  (22)      3 :  0.9370  0.0070  0.0190  0.0080  0.0050  0.0160  0.0080  
 37       37  (52)      3 :  0.9820  0.0020  0.0060  0.0060  0.0010  0.0020  0.0010  
 38       38  (45)      3 :  0.8849  0.0350  0.0060  0.0040  0.0230  0.0360  0.0110  
 39       39  (28)      3 :  0.9420  0.0130  0.0040  0.0070  0.0050  0.0060  0.0230  
 40       40  (14)      3 :  0.7273  0.0040  0.1778  0.0100  0.0060  0.0230  0.0519  
 41       41  (20)      3 :  0.9850  0.0010  0.0050  0.0030  0.0030  0.0010  0.0020  
 42       42  (63)      3 :  0.8242  0.0320  0.0060  0.1069  0.0060  0.0130  0.0120  
 43       43  (13)      3 :  0.5804  0.3826  0.0030  0.0260  0.0020  0.0040  0.0020  
 44       44  (26)      3 :  0.9230  0.0040  0.0060  0.0200  0.0140  0.0170  0.0160  
 45       45  (19)      3 :  0.9430  0.0100  0.0090  0.0070  0.0160  0.0040  0.0110  
 46       46  (22)      3 :  0.9880  0.0020  0.0010  0.0020  0.0010  0.0030  0.0030  
 47       47  (13)      4 :  0.0020  0.0030  0.0040  0.0050  0.0100  0.0130  0.9630  
 48       48  (12)      4 :  0.0080  0.0040  0.0020  0.0030  0.0040  0.0030  0.9760  
 49       49  (10)      4 :  0.0140  0.0020  0.0080  0.1060  0.0050  0.0040  0.8610  
 50       50  (25)      4 :  0.0020  0.0030  0.0020  0.0010  0.0150  0.0080  0.9690  
 51       51   (9)      4 :  0.0050  0.0050  0.0570  0.0090  0.0260  0.0070  0.8910  
 52       52   (9)      4 :  0.0030  0.0050  0.0030  0.0020  0.0020  0.0090  0.9760  
 53       53  (41)      4 :  0.0020  0.0010  0.0010  0.0010  0.0020  0.0020  0.9910  
 54       54  (15)      4 :  0.0060  0.0380  0.1598  0.0210  0.0120  0.0070  0.7562  
 55       55  (18)      4 :  0.0330  0.0230  0.0070  0.0010  0.0040  0.1950  0.7370  
 56       56   (8)      4 :  0.1069  0.0160  0.0040  0.0130  0.0320  0.0060  0.8222  
 57       57  (14)      4 :  0.0510  0.0050  0.0140  0.0260  0.0050  0.0120  0.8870  
 58       58  (10)      4 :  0.0719  0.0130  0.0280  0.0370  0.0330  0.0130  0.8042  
 59       59  (16)      4 :  0.0050  0.0070  0.0950  0.0030  0.0560  0.0280  0.8060  
 60       60  (11)      4 :  0.0110  0.3100  0.0910  0.0190  0.0060  0.0500  0.5130  
 61       61  (35)      5 :  0.0020  0.0070  0.0050  0.0020  0.9770  0.0040  0.0030  
 62       62  (15)      5 :  0.0040  0.0050  0.1170  0.0120  0.8440  0.0040  0.0140  
 63       63  (51)      5 :  0.0060  0.0080  0.0420  0.0040  0.9299  0.0070  0.0030  
 64       64  (20)      5 :  0.0020  0.0410  0.0010  0.0070  0.9230  0.0040  0.0220  
 65       65  (26)      5 :  0.0040  0.0030  0.0010  0.0020  0.9820  0.0040  0.0040  
 66       66  (16)      5 :  0.0030  0.0050  0.0250  0.0530  0.8820  0.0180  0.0140  
 67       67  (10)      5 :  0.0090  0.3050  0.0090  0.0190  0.6440  0.0120  0.0020  
 68       68   (9)      5 :  0.0050  0.0030  0.0180  0.0931  0.8148  0.0531  0.0130  
 69       69  (39)      5 :  0.0040  0.0060  0.0630  0.0160  0.8490  0.0490  0.0130  
 70       70  (17)      5 :  0.0040  0.0220  0.0030  0.0060  0.9580  0.0050  0.0020  
 71       71  (28)      5 :  0.0080  0.0050  0.0030  0.0841  0.8849  0.0100  0.0050  
 72       72  (53)      5 :  0.0530  0.0120  0.0320  0.0060  0.8200  0.0300  0.0470  
 73       73  (21)      5 :  0.0090  0.0020  0.0030  0.0010  0.9760  0.0040  0.0050  
 74       74  (11)      5 :  0.0020  0.0030  0.0040  0.0060  0.9750  0.0060  0.0040  
 75       75  (16)      5 :  0.0120  0.0020  0.0070  0.0080  0.8630  0.0460  0.0620  
 76       76  (23)      6 :  0.1040  0.0820  0.0100  0.0500  0.0830  0.5700  0.1010  
 77       77  (13)      6 :  0.0180  0.0871  0.0731  0.0310  0.0030  0.7457  0.0420  
 78       78  (22)      6 :  0.0030  0.0020  0.0110  0.0060  0.0050  0.9700  0.0030  
 79       79  (16)      6 :  0.0040  0.0020  0.0020  0.0531  0.0010  0.9349  0.0030  
 80       80  (20)      6 :  0.0020  0.0020  0.0050  0.0140  0.0090  0.9640  0.0040  
 81       81  (10)      6 :  0.0020  0.0080  0.0030  0.0050  0.0050  0.9560  0.0210  
 82       82  (28)      6 :  0.0050  0.0321  0.0040  0.0030  0.0120  0.9399  0.0040  
 83       83  (15)      6 :  0.0060  0.0110  0.0040  0.1620  0.0040  0.8070  0.0060  
 84       84  (19)      6 :  0.0100  0.0060  0.0030  0.0150  0.0080  0.9550  0.0030  
 85       85  (10)      6 :  0.0030  0.0060  0.0060  0.0050  0.0060  0.9640  0.0100  
 86       86  (26)      6 :  0.0679  0.0050  0.0140  0.0030  0.0170  0.8791  0.0140  
 87       87  (47)      6 :  0.0110  0.0030  0.0330  0.0050  0.0040  0.9389  0.0050  
 88       88  (26)      6 :  0.0030  0.0050  0.0210  0.0050  0.0060  0.9560  0.0040  
 89       89  (13)      6 :  0.0040  0.0100  0.0240  0.0040  0.0050  0.9191  0.0340  
 90       90  (26)      6 :  0.1950  0.0580  0.0040  0.0020  0.0100  0.7280  0.0030  
 91       91  (19)      6 :  0.0180  0.0040  0.0040  0.0050  0.1582  0.8068  0.0040  
 92       92  (11)      7 :  0.0250  0.9540  0.0030  0.0050  0.0020  0.0080  0.0030  
 93       93  (20)      7 :  0.0060  0.9659  0.0090  0.0050  0.0060  0.0060  0.0020  
 94       94  (29)      7 :  0.0020  0.9710  0.0130  0.0070  0.0030  0.0030  0.0010  
 95       95   (7)      7 :  0.0020  0.9740  0.0050  0.0020  0.0020  0.0090  0.0060  
 96       96  (41)      7 :  0.0040  0.9810  0.0020  0.0020  0.0050  0.0030  0.0030  
 97       97  (25)      7 :  0.0070  0.6350  0.0100  0.0100  0.0110  0.3180  0.0090  
 98       98  (13)      7 :  0.0030  0.8610  0.0150  0.0050  0.0040  0.0090  0.1030  
 99       99  (21)      7 :  0.0040  0.9760  0.0030  0.0020  0.0040  0.0030  0.0080  
100      100  (16)      7 :  0.0130  0.9150  0.0330  0.0060  0.0040  0.0210  0.0080  
101      101  (62)      7 :  0.0780  0.8530  0.0060  0.0050  0.0100  0.0350  0.0130  
102      102  (15)      7 :  0.0080  0.8639  0.0250  0.0090  0.0631  0.0100  0.0210  
103      103  (18)      7 :  0.0080  0.8980  0.0100  0.0050  0.0210  0.0110  0.0470  
104      104  (21)      7 :  0.0180  0.9550  0.0050  0.0050  0.0060  0.0090  0.0020  
105      105  (18)      7 :  0.0100  0.9110  0.0500  0.0050  0.0070  0.0070  0.0100  
