  1        1  (18)      1 :  0.0300  0.9700  
  2        2   (9)      1 :  0.0270  0.9730  
  3        3  (20)      1 :  0.0230  0.9770  
  4        4  (12)      1 :  0.2170  0.7830  
  5        5  (74)      1 :  0.1340  0.8660  
  6        6  (23)      1 :  0.0390  0.9610  
  7        7  (22)      1 :  0.0440  0.9560  
  8        8  (33)      1 :  0.0420  0.9580  
  9        9  (24)      1 :  0.0320  0.9680  
 10       10  (31)      1 :  0.0170  0.9830  
 11       11  (28)      1 :  0.1740  0.8260  
 12       12  (24)      1 :  0.1690  0.8310  
 13       13  (10)      1 :  0.0310  0.9690  
 14       14  (53)      1 :  0.0880  0.9120  
 15       15  (16)      1 :  0.0100  0.9900  
 16       16  (15)      2 :  0.4790  0.5210  
 17       17  (14)      2 :  0.0150  0.9850  
 18       18  (12)      2 :  0.0820  0.9180  
 19       19  (13)      2 :  0.0830  0.9170  
 20       20  (10)      2 :  0.0880  0.9120  
 21       21  (30)      2 :  0.0220  0.9780  
 22       22  (12)      2 :  0.0150  0.9850  
 23       23  (11)      2 :  0.0230  0.9770  
 24       24  (16)      2 :  0.0320  0.9680  
 25       25  (46)      2 :  0.9260  0.0740  
 26       26  (15)      2 :  0.0390  0.9610  
 27       27  (33)      2 :  0.4740  0.5260  
 28       28  (17)      2 :  0.0380  0.9620  
 29       29  (31)      2 :  0.1090  0.8910  
 30       30  (17)      2 :  0.0310  0.9690  
 31       31   (9)      2 :  0.0230  0.9770  
 32       32  (33)      3 :  0.0600  0.9400  
 33       33  (12)      3 :  0.0240  0.9760  
 34       34  (30)      3 :  0.5500  0.4500  
 35       35  (12)      3 :  0.0190  0.9810  
 36       36  (22)      3 :  0.0540  0.9460  
 37       37  (52)      3 :  0.0120  0.9880  
 38       38  (45)      3 :  0.3500  0.6500  
 39       39  (28)      3 :  0.0590  0.9410  
 40       40  (14)      3 :  0.0340  0.9660  
 41       41  (20)      3 :  0.0120  0.9880  
 42       42  (63)      3 :  0.0490  0.9510  
 43       43  (13)      3 :  0.0690  0.9310  
 44       44  (26)      3 :  0.0180  0.9820  
 45       45  (19)      3 :  0.0630  0.9370  
 46       46  (22)      3 :  0.0140  0.9860  
 47       47  (13)      4 :  0.6670  0.3330  
 48       48  (12)      4 :  0.0590  0.9410  
 49       49  (10)      4 :  0.0240  0.9760  
 50       50  (25)      4 :  0.8470  0.1530  
 51       51   (9)      4 :  0.0860  0.9140  
 52       52   (9)      4 :  0.0550  0.9450  
 53       53  (41)      4 :  0.0370  0.9630  
 54       54  (15)      4 :  0.0510  0.9490  
 55       55  (18)      4 :  0.3440  0.6560  
 56       56   (8)      4 :  0.4090  0.5910  
 57       57  (14)      4 :  0.0770  0.9230  
 58       58  (10)      4 :  0.0490  0.9510  
 59       59  (16)      4 :  0.2720  0.7280  
 60       60  (11)      4 :  0.6200  0.3800  
 61       61  (35)      5 :  0.9900  0.0100  
 62       62  (15)      5 :  0.9750  0.0250  
 63       63  (51)      5 :  0.9580  0.0420  
 64       64  (20)      5 :  0.9910  0.0090  
 65       65  (26)      5 :  0.9930  0.0070  
 66       66  (16)      5 :  0.6330  0.3670  
 67       67  (10)      5 :  0.9810  0.0190  
 68       68   (9)      5 :  0.9580  0.0420  
 69       69  (39)      5 :  0.9540  0.0460  
 70       70  (17)      5 :  0.9920  0.0080  
 71       71  (28)      5 :  0.9780  0.0220  
 72       72  (53)      5 :  0.9470  0.0530  
 73       73  (21)      5 :  0.9730  0.0270  
 74       74  (11)      5 :  0.9670  0.0330  
 75       75  (16)      5 :  0.9550  0.0450  
 76       76  (23)      6 :  0.8040  0.1960  
 77       77  (13)      6 :  0.2390  0.7610  
 78       78  (22)      6 :  0.9470  0.0530  
 79       79  (16)      6 :  0.0740  0.9260  
 80       80  (20)      6 :  0.6360  0.3640  
 81       81  (10)      6 :  0.8650  0.1350  
 82       82  (28)      6 :  0.9620  0.0380  
 83       83  (15)      6 :  0.3360  0.6640  
 84       84  (19)      6 :  0.8720  0.1280  
 85       85  (10)      6 :  0.4830  0.5170  
 86       86  (26)      6 :  0.9540  0.0460  
 87       87  (47)      6 :  0.0470  0.9530  
 88       88  (26)      6 :  0.8470  0.1530  
 89       89  (13)      6 :  0.9650  0.0350  
 90       90  (26)      6 :  0.9590  0.0410  
 91       91  (19)      6 :  0.9310  0.0690  
 92       92  (11)      7 :  0.9530  0.0470  
 93       93  (20)      7 :  0.9490  0.0510  
 94       94  (29)      7 :  0.9280  0.0720  
 95       95   (7)      7 :  0.9340  0.0660  
 96       96  (41)      7 :  0.9840  0.0160  
 97       97  (25)      7 :  0.7800  0.2200  
 98       98  (13)      7 :  0.8680  0.1320  
 99       99  (21)      7 :  0.9860  0.0140  
100      100  (16)      7 :  0.8860  0.1140  
101      101  (62)      7 :  0.9210  0.0790  
102      102  (15)      7 :  0.8890  0.1110  
103      103  (18)      7 :  0.8830  0.1170  
104      104  (21)      7 :  0.9640  0.0360  
105      105  (18)      7 :  0.6740  0.3260  
