  1        1  (18)      1 :  0.9050  0.0660  0.0080  0.0060  0.0060  0.0090  
  2        2   (9)      1 :  0.9310  0.0440  0.0020  0.0020  0.0090  0.0120  
  3        3  (20)      1 :  0.9520  0.0070  0.0090  0.0090  0.0150  0.0080  
  4        4  (12)      1 :  0.9570  0.0020  0.0150  0.0040  0.0040  0.0180  
  5        5  (74)      1 :  0.9099  0.0511  0.0130  0.0040  0.0130  0.0090  
  6        6  (23)      1 :  0.9600  0.0080  0.0060  0.0070  0.0060  0.0130  
  7        7  (22)      1 :  0.9760  0.0020  0.0020  0.0040  0.0100  0.0060  
  8        8  (33)      1 :  0.6066  0.3734  0.0070  0.0030  0.0020  0.0080  
  9        9  (24)      1 :  0.9039  0.0240  0.0110  0.0420  0.0100  0.0090  
 10       10  (31)      1 :  0.9740  0.0080  0.0040  0.0070  0.0050  0.0020  
 11       11  (28)      1 :  0.8591  0.0340  0.0380  0.0280  0.0160  0.0250  
 12       12  (24)      1 :  0.5616  0.0030  0.0140  0.0330  0.0050  0.3834  
 13       13  (10)      1 :  0.9020  0.0730  0.0030  0.0030  0.0150  0.0040  
 14       14  (53)      1 :  0.9469  0.0080  0.0040  0.0050  0.0250  0.0110  
 15       15  (16)      1 :  0.9890  0.0030  0.0020  0.0010  0.0030  0.0020  
 16       16  (15)      2 :  0.0040  0.0020  0.0110  0.9640  0.0160  0.0030  
 17       17  (14)      2 :  0.0250  0.0140  0.0060  0.9299  0.0230  0.0020  
 18       18  (12)      2 :  0.0080  0.0080  0.0150  0.9510  0.0100  0.0080  
 19       19  (13)      2 :  0.0170  0.0070  0.0060  0.9159  0.0270  0.0270  
 20       20  (10)      2 :  0.0020  0.0030  0.0570  0.9330  0.0020  0.0030  
 21       21  (30)      2 :  0.0040  0.0070  0.0050  0.9770  0.0040  0.0030  
 22       22  (12)      2 :  0.0250  0.0330  0.0450  0.8619  0.0310  0.0040  
 23       23  (11)      2 :  0.0050  0.0320  0.0020  0.9550  0.0020  0.0040  
 24       24  (16)      2 :  0.0701  0.0170  0.0050  0.8458  0.0060  0.0561  
 25       25  (46)      2 :  0.0040  0.0050  0.0090  0.9280  0.0220  0.0320  
 26       26  (15)      2 :  0.0150  0.0280  0.0671  0.8689  0.0040  0.0170  
 27       27  (33)      2 :  0.0040  0.0070  0.0050  0.8700  0.0050  0.1090  
 28       28  (17)      2 :  0.0040  0.0030  0.0070  0.9790  0.0050  0.0020  
 29       29  (31)      2 :  0.0060  0.0040  0.0050  0.9450  0.0050  0.0350  
 30       30  (17)      2 :  0.0050  0.0020  0.0030  0.9820  0.0060  0.0020  
 31       31   (9)      2 :  0.0070  0.0030  0.0030  0.9800  0.0040  0.0030  
 32       32  (33)      3 :  0.8960  0.0150  0.0270  0.0190  0.0080  0.0350  
 33       33  (12)      3 :  0.8721  0.0070  0.0150  0.0809  0.0150  0.0100  
 34       34  (30)      3 :  0.8610  0.0150  0.0810  0.0080  0.0100  0.0250  
 35       35  (12)      3 :  0.9640  0.0050  0.0040  0.0080  0.0140  0.0050  
 36       36  (22)      3 :  0.9720  0.0090  0.0040  0.0030  0.0080  0.0040  
 37       37  (52)      3 :  0.9810  0.0020  0.0020  0.0090  0.0030  0.0030  
 38       38  (45)      3 :  0.9391  0.0140  0.0160  0.0040  0.0180  0.0090  
 39       39  (28)      3 :  0.7860  0.0790  0.0120  0.0570  0.0380  0.0280  
 40       40  (14)      3 :  0.9690  0.0120  0.0050  0.0030  0.0070  0.0040  
 41       41  (20)      3 :  0.9890  0.0020  0.0030  0.0030  0.0020  0.0010  
 42       42  (63)      3 :  0.9260  0.0180  0.0030  0.0180  0.0070  0.0280  
 43       43  (13)      3 :  0.6657  0.0020  0.0030  0.0571  0.0040  0.2683  
 44       44  (26)      3 :  0.9239  0.0130  0.0050  0.0480  0.0070  0.0030  
 45       45  (19)      3 :  0.9350  0.0220  0.0200  0.0100  0.0060  0.0070  
 46       46  (22)      3 :  0.9740  0.0080  0.0020  0.0050  0.0060  0.0050  
 47       47  (13)      4 :  0.0020  0.9650  0.0080  0.0070  0.0150  0.0030  
 48       48  (12)      4 :  0.0020  0.9830  0.0050  0.0030  0.0040  0.0030  
 49       49  (10)      4 :  0.0160  0.9209  0.0040  0.0521  0.0050  0.0020  
 50       50  (25)      4 :  0.0010  0.9780  0.0110  0.0010  0.0060  0.0030  
 51       51   (9)      4 :  0.0120  0.9000  0.0500  0.0090  0.0260  0.0030  
 52       52   (9)      4 :  0.0040  0.9580  0.0040  0.0030  0.0220  0.0090  
 53       53  (41)      4 :  0.0010  0.9930  0.0010  0.0010  0.0030  0.0010  
 54       54  (15)      4 :  0.0150  0.9300  0.0060  0.0270  0.0060  0.0160  
 55       55  (18)      4 :  0.0150  0.7047  0.0050  0.0010  0.2613  0.0130  
 56       56   (8)      4 :  0.0490  0.8879  0.0180  0.0090  0.0040  0.0320  
 57       57  (14)      4 :  0.0260  0.8970  0.0020  0.0660  0.0040  0.0050  
 58       58  (10)      4 :  0.1970  0.7160  0.0420  0.0220  0.0180  0.0050  
 59       59  (16)      4 :  0.0840  0.8630  0.0140  0.0040  0.0270  0.0080  
 60       60  (11)      4 :  0.0360  0.5210  0.0080  0.0110  0.0640  0.3600  
 61       61  (35)      5 :  0.0030  0.0030  0.9810  0.0010  0.0090  0.0030  
 62       62  (15)      5 :  0.0180  0.0230  0.9379  0.0050  0.0050  0.0110  
 63       63  (51)      5 :  0.0250  0.0110  0.9360  0.0040  0.0120  0.0120  
 64       64  (20)      5 :  0.0020  0.0080  0.9450  0.0050  0.0040  0.0360  
 65       65  (26)      5 :  0.0010  0.0020  0.9890  0.0020  0.0030  0.0030  
 66       66  (16)      5 :  0.0100  0.0120  0.8878  0.0802  0.0060  0.0040  
 67       67  (10)      5 :  0.0200  0.0040  0.7193  0.0529  0.0240  0.1798  
 68       68   (9)      5 :  0.0150  0.0240  0.8981  0.0180  0.0410  0.0040  
 69       69  (39)      5 :  0.0160  0.0140  0.9110  0.0060  0.0430  0.0100  
 70       70  (17)      5 :  0.0040  0.0020  0.9510  0.0130  0.0040  0.0260  
 71       71  (28)      5 :  0.0040  0.0060  0.9360  0.0400  0.0100  0.0040  
 72       72  (53)      5 :  0.0650  0.0650  0.8110  0.0070  0.0420  0.0100  
 73       73  (21)      5 :  0.0090  0.0040  0.9800  0.0020  0.0030  0.0020  
 74       74  (11)      5 :  0.0030  0.0040  0.9800  0.0040  0.0050  0.0040  
 75       75  (16)      5 :  0.0080  0.0390  0.8830  0.0080  0.0590  0.0030  
 76       76  (23)      6 :  0.1557  0.1248  0.0339  0.0130  0.6327  0.0399  
 77       77  (13)      6 :  0.0530  0.0410  0.0050  0.0320  0.8500  0.0190  
 78       78  (22)      6 :  0.0050  0.0060  0.0070  0.0060  0.9720  0.0040  
 79       79  (16)      6 :  0.0040  0.0050  0.0020  0.0360  0.9510  0.0020  
 80       80  (20)      6 :  0.0040  0.0040  0.0150  0.0200  0.9540  0.0030  
 81       81  (10)      6 :  0.0030  0.0180  0.0040  0.0050  0.9560  0.0140  
 82       82  (28)      6 :  0.0040  0.0040  0.0110  0.0030  0.9680  0.0100  
 83       83  (15)      6 :  0.0040  0.0140  0.0020  0.3137  0.6613  0.0050  
 84       84  (19)      6 :  0.0130  0.0040  0.0110  0.0280  0.9380  0.0060  
 85       85  (10)      6 :  0.0190  0.0080  0.0030  0.0110  0.9549  0.0040  
 86       86  (26)      6 :  0.0140  0.0080  0.0070  0.0030  0.9660  0.0020  
 87       87  (47)      6 :  0.0240  0.0040  0.0030  0.0050  0.9600  0.0040  
 88       88  (26)      6 :  0.0080  0.0040  0.0050  0.0060  0.9680  0.0090  
 89       89  (13)      6 :  0.0050  0.0120  0.0050  0.0030  0.9710  0.0040  
 90       90  (26)      6 :  0.0570  0.0040  0.0240  0.0020  0.8700  0.0430  
 91       91  (19)      6 :  0.0100  0.0040  0.1648  0.0140  0.8032  0.0040  
 92       92  (11)      7 :  0.0050  0.0020  0.0030  0.0060  0.0070  0.9770  
 93       93  (20)      7 :  0.0070  0.0040  0.0090  0.0090  0.0090  0.9620  
 94       94  (29)      7 :  0.0040  0.0010  0.0030  0.0060  0.0030  0.9830  
 95       95   (7)      7 :  0.0030  0.0080  0.0020  0.0030  0.0090  0.9750  
 96       96  (41)      7 :  0.0020  0.0030  0.0020  0.0030  0.0030  0.9870  
 97       97  (25)      7 :  0.0090  0.0080  0.0050  0.0060  0.5300  0.4420  
 98       98  (13)      7 :  0.0060  0.0250  0.0050  0.0060  0.0110  0.9470  
 99       99  (21)      7 :  0.0030  0.0030  0.0070  0.0030  0.0020  0.9820  
100      100  (16)      7 :  0.0510  0.0100  0.0020  0.0090  0.0080  0.9200  
101      101  (62)      7 :  0.0280  0.0230  0.0060  0.0060  0.1732  0.7638  
102      102  (15)      7 :  0.0210  0.0140  0.0190  0.0100  0.0080  0.9280  
103      103  (18)      7 :  0.0070  0.0210  0.0700  0.0150  0.0100  0.8770  
104      104  (21)      7 :  0.0070  0.0020  0.0050  0.0040  0.0050  0.9770  
105      105  (18)      7 :  0.0470  0.0070  0.0090  0.0070  0.0040  0.9260  
