  1        1  (18)      1 :  0.0020  0.0020  0.9720  0.0030  0.0040  0.0040  0.0130  
  2        2   (9)      1 :  0.0030  0.0050  0.9710  0.0020  0.0030  0.0070  0.0090  
  3        3  (20)      1 :  0.0050  0.0020  0.9690  0.0060  0.0070  0.0070  0.0040  
  4        4  (12)      1 :  0.0010  0.0060  0.9740  0.0040  0.0110  0.0020  0.0020  
  5        5  (74)      1 :  0.0100  0.0110  0.9161  0.0030  0.0120  0.0090  0.0390  
  6        6  (23)      1 :  0.0050  0.0180  0.9410  0.0090  0.0060  0.0100  0.0110  
  7        7  (22)      1 :  0.0040  0.0030  0.9790  0.0040  0.0020  0.0060  0.0020  
  8        8  (33)      1 :  0.0030  0.0050  0.9600  0.0030  0.0020  0.0050  0.0220  
  9        9  (24)      1 :  0.0080  0.0220  0.8840  0.0380  0.0260  0.0080  0.0140  
 10       10  (31)      1 :  0.0160  0.0030  0.9459  0.0070  0.0060  0.0090  0.0130  
 11       11  (28)      1 :  0.0250  0.0220  0.8920  0.0120  0.0150  0.0160  0.0180  
 12       12  (24)      1 :  0.0020  0.1700  0.8020  0.0080  0.0050  0.0100  0.0030  
 13       13  (10)      1 :  0.0090  0.0070  0.9010  0.0030  0.0040  0.0210  0.0550  
 14       14  (53)      1 :  0.0220  0.0110  0.9271  0.0060  0.0030  0.0270  0.0040  
 15       15  (16)      1 :  0.0320  0.0010  0.9580  0.0010  0.0020  0.0020  0.0040  
 16       16  (15)      2 :  0.0160  0.0030  0.0030  0.9391  0.0160  0.0200  0.0030  
 17       17  (14)      2 :  0.0550  0.0020  0.0020  0.9110  0.0060  0.0140  0.0100  
 18       18  (12)      2 :  0.0110  0.0050  0.0020  0.9620  0.0100  0.0050  0.0050  
 19       19  (13)      2 :  0.0220  0.0370  0.0170  0.8420  0.0030  0.0730  0.0060  
 20       20  (10)      2 :  0.0020  0.0030  0.0040  0.9630  0.0230  0.0030  0.0020  
 21       21  (30)      2 :  0.0030  0.0030  0.0030  0.9810  0.0020  0.0030  0.0050  
 22       22  (12)      2 :  0.0070  0.0090  0.0190  0.8470  0.0490  0.0320  0.0370  
 23       23  (11)      2 :  0.0120  0.0050  0.0020  0.8891  0.0020  0.0020  0.0879  
 24       24  (16)      2 :  0.0230  0.0851  0.0601  0.7768  0.0070  0.0120  0.0360  
 25       25  (46)      2 :  0.0080  0.2180  0.0030  0.7070  0.0080  0.0520  0.0040  
 26       26  (15)      2 :  0.0060  0.0270  0.1400  0.7270  0.0130  0.0060  0.0810  
 27       27  (33)      2 :  0.0010  0.0420  0.0040  0.9320  0.0050  0.0060  0.0100  
 28       28  (17)      2 :  0.0020  0.0020  0.0030  0.9810  0.0050  0.0030  0.0040  
 29       29  (31)      2 :  0.0090  0.1200  0.0040  0.8540  0.0060  0.0050  0.0020  
 30       30  (17)      2 :  0.0030  0.0030  0.0030  0.9830  0.0030  0.0030  0.0020  
 31       31   (9)      2 :  0.0190  0.0100  0.0110  0.9449  0.0040  0.0080  0.0030  
 32       32  (33)      3 :  0.8690  0.0690  0.0070  0.0100  0.0300  0.0090  0.0060  
 33       33  (12)      3 :  0.8218  0.0240  0.0571  0.0551  0.0070  0.0290  0.0060  
 34       34  (30)      3 :  0.8368  0.0821  0.0030  0.0080  0.0460  0.0090  0.0150  
 35       35  (12)      3 :  0.9169  0.0070  0.0110  0.0280  0.0090  0.0140  0.0140  
 36       36  (22)      3 :  0.9560  0.0040  0.0100  0.0070  0.0040  0.0110  0.0080  
 37       37  (52)      3 :  0.9860  0.0020  0.0040  0.0030  0.0010  0.0020  0.0020  
 38       38  (45)      3 :  0.8680  0.0250  0.0070  0.0020  0.0370  0.0310  0.0300  
 39       39  (28)      3 :  0.8593  0.0629  0.0040  0.0060  0.0110  0.0220  0.0349  
 40       40  (14)      3 :  0.7317  0.0030  0.2212  0.0060  0.0090  0.0180  0.0110  
 41       41  (20)      3 :  0.9830  0.0010  0.0070  0.0020  0.0030  0.0020  0.0020  
 42       42  (63)      3 :  0.9390  0.0190  0.0080  0.0150  0.0040  0.0060  0.0090  
 43       43  (13)      3 :  0.7600  0.2060  0.0040  0.0200  0.0020  0.0060  0.0020  
 44       44  (26)      3 :  0.9500  0.0030  0.0040  0.0190  0.0080  0.0090  0.0070  
 45       45  (19)      3 :  0.8819  0.0060  0.0070  0.0050  0.0531  0.0050  0.0420  
 46       46  (22)      3 :  0.9910  0.0020  0.0010  0.0010  0.0010  0.0020  0.0020  
 47       47  (13)      4 :  0.0020  0.0040  0.0040  0.0050  0.0110  0.0260  0.9481  
 48       48  (12)      4 :  0.0080  0.0060  0.0040  0.0030  0.0050  0.0050  0.9690  
 49       49  (10)      4 :  0.0300  0.0060  0.0250  0.0310  0.0040  0.0060  0.8980  
 50       50  (25)      4 :  0.0020  0.0020  0.0020  0.0010  0.0290  0.0180  0.9459  
 51       51   (9)      4 :  0.0030  0.0040  0.0140  0.0020  0.0140  0.0070  0.9560  
 52       52   (9)      4 :  0.0020  0.0080  0.0050  0.0030  0.0020  0.0070  0.9730  
 53       53  (41)      4 :  0.0020  0.0010  0.0010  0.0010  0.0020  0.0020  0.9910  
 54       54  (15)      4 :  0.0160  0.0260  0.0250  0.0170  0.0030  0.0030  0.9099  
 55       55  (18)      4 :  0.0080  0.0090  0.0070  0.0020  0.0040  0.3000  0.6700  
 56       56   (8)      4 :  0.0541  0.0110  0.0050  0.0040  0.0330  0.0060  0.8869  
 57       57  (14)      4 :  0.0100  0.0040  0.0040  0.0190  0.0040  0.0050  0.9540  
 58       58  (10)      4 :  0.0480  0.0040  0.0140  0.0140  0.0190  0.0260  0.8749  
 59       59  (16)      4 :  0.0050  0.0060  0.1091  0.0020  0.0160  0.0170  0.8448  
 60       60  (11)      4 :  0.0100  0.2288  0.1409  0.0190  0.0050  0.0220  0.5744  
 61       61  (35)      5 :  0.0030  0.0040  0.0040  0.0020  0.9810  0.0030  0.0030  
 62       62  (15)      5 :  0.0080  0.0100  0.0300  0.0070  0.9080  0.0050  0.0320  
 63       63  (51)      5 :  0.0050  0.0050  0.0680  0.0030  0.9030  0.0060  0.0100  
 64       64  (20)      5 :  0.0020  0.0380  0.0020  0.0050  0.9439  0.0050  0.0040  
 65       65  (26)      5 :  0.0020  0.0020  0.0010  0.0010  0.9890  0.0020  0.0030  
 66       66  (16)      5 :  0.0030  0.0080  0.0270  0.1300  0.8070  0.0050  0.0200  
 67       67  (10)      5 :  0.0210  0.3794  0.0090  0.0090  0.5626  0.0150  0.0040  
 68       68   (9)      5 :  0.0030  0.0050  0.0200  0.0070  0.9349  0.0210  0.0090  
 69       69  (39)      5 :  0.0030  0.0050  0.2000  0.0100  0.7420  0.0230  0.0170  
 70       70  (17)      5 :  0.0020  0.0782  0.0020  0.0080  0.9048  0.0040  0.0010  
 71       71  (28)      5 :  0.0170  0.0080  0.0030  0.0529  0.9001  0.0120  0.0070  
 72       72  (53)      5 :  0.0840  0.0080  0.0170  0.0050  0.8260  0.0120  0.0480  
 73       73  (21)      5 :  0.0090  0.0020  0.0040  0.0020  0.9740  0.0040  0.0050  
 74       74  (11)      5 :  0.0030  0.0030  0.0040  0.0060  0.9720  0.0060  0.0060  
 75       75  (16)      5 :  0.0030  0.0020  0.0030  0.0050  0.8878  0.0170  0.0822  
 76       76  (23)      6 :  0.1270  0.0610  0.0230  0.0300  0.0230  0.6650  0.0710  
 77       77  (13)      6 :  0.0090  0.0270  0.0170  0.0170  0.0050  0.8060  0.1190  
 78       78  (22)      6 :  0.0020  0.0020  0.0090  0.0040  0.0090  0.9710  0.0030  
 79       79  (16)      6 :  0.0140  0.0010  0.0030  0.0170  0.0020  0.9580  0.0050  
 80       80  (20)      6 :  0.0030  0.0040  0.0110  0.0170  0.0150  0.9471  0.0030  
 81       81  (10)      6 :  0.0030  0.0140  0.0060  0.0050  0.0070  0.9310  0.0340  
 82       82  (28)      6 :  0.0050  0.0130  0.0030  0.0030  0.0090  0.9630  0.0040  
 83       83  (15)      6 :  0.0060  0.0050  0.0040  0.2168  0.0020  0.7532  0.0130  
 84       84  (19)      6 :  0.0050  0.0050  0.0050  0.0250  0.0280  0.9291  0.0030  
 85       85  (10)      6 :  0.0140  0.0030  0.0130  0.0090  0.0050  0.9461  0.0100  
 86       86  (26)      6 :  0.0070  0.0030  0.0050  0.0030  0.0080  0.9690  0.0050  
 87       87  (47)      6 :  0.0130  0.0030  0.0140  0.0030  0.0040  0.9489  0.0140  
 88       88  (26)      6 :  0.0040  0.0080  0.0380  0.0110  0.0050  0.9260  0.0080  
 89       89  (13)      6 :  0.0020  0.0140  0.0240  0.0020  0.0050  0.9320  0.0210  
 90       90  (26)      6 :  0.1528  0.0430  0.0080  0.0020  0.0220  0.7672  0.0050  
 91       91  (19)      6 :  0.0460  0.0050  0.0060  0.0120  0.1131  0.8128  0.0050  
 92       92  (11)      7 :  0.0210  0.9580  0.0020  0.0050  0.0020  0.0090  0.0030  
 93       93  (20)      7 :  0.0060  0.9590  0.0060  0.0040  0.0150  0.0040  0.0060  
 94       94  (29)      7 :  0.0020  0.9790  0.0070  0.0060  0.0020  0.0020  0.0020  
 95       95   (7)      7 :  0.0040  0.9520  0.0020  0.0020  0.0030  0.0310  0.0060  
 96       96  (41)      7 :  0.0050  0.9810  0.0020  0.0020  0.0030  0.0040  0.0030  
 97       97  (25)      7 :  0.0050  0.4064  0.0050  0.0040  0.0050  0.5716  0.0030  
 98       98  (13)      7 :  0.0020  0.9410  0.0220  0.0030  0.0040  0.0040  0.0240  
 99       99  (21)      7 :  0.0050  0.9800  0.0010  0.0020  0.0040  0.0030  0.0050  
100      100  (16)      7 :  0.0050  0.8940  0.0760  0.0040  0.0040  0.0120  0.0050  
101      101  (62)      7 :  0.1141  0.7708  0.0050  0.0040  0.0060  0.0721  0.0280  
102      102  (15)      7 :  0.0040  0.9169  0.0260  0.0180  0.0220  0.0080  0.0050  
103      103  (18)      7 :  0.0040  0.9079  0.0060  0.0080  0.0400  0.0060  0.0280  
104      104  (21)      7 :  0.0070  0.9700  0.0050  0.0040  0.0040  0.0060  0.0040  
105      105  (18)      7 :  0.0929  0.8082  0.0539  0.0120  0.0040  0.0130  0.0160  
