  1        1  (18)      1 :  0.0030  0.0130  0.0090  0.0060  0.9690  
  2        2   (9)      1 :  0.0040  0.0080  0.0030  0.0020  0.9830  
  3        3  (20)      1 :  0.0040  0.0080  0.0070  0.0070  0.9740  
  4        4  (12)      1 :  0.0010  0.0020  0.0040  0.0070  0.9860  
  5        5  (74)      1 :  0.0820  0.0290  0.0050  0.0250  0.8590  
  6        6  (23)      1 :  0.0080  0.0060  0.0050  0.0030  0.9780  
  7        7  (22)      1 :  0.0080  0.0040  0.0090  0.0020  0.9770  
  8        8  (33)      1 :  0.0020  0.0060  0.0030  0.0060  0.9830  
  9        9  (24)      1 :  0.0060  0.0120  0.0240  0.0060  0.9520  
 10       10  (31)      1 :  0.0150  0.0330  0.0120  0.0110  0.9290  
 11       11  (28)      1 :  0.0260  0.0240  0.0450  0.1289  0.7762  
 12       12  (24)      1 :  0.0030  0.0040  0.0050  0.0080  0.9800  
 13       13  (10)      1 :  0.0080  0.0450  0.0060  0.0040  0.9370  
 14       14  (53)      1 :  0.0290  0.0130  0.0090  0.0040  0.9450  
 15       15  (16)      1 :  0.1590  0.0050  0.0010  0.0030  0.8320  
 16       16  (15)      2 :  0.0060  0.0080  0.9680  0.0160  0.0020  
 17       17  (14)      2 :  0.0090  0.0060  0.9740  0.0090  0.0020  
 18       18  (12)      2 :  0.0260  0.0110  0.9430  0.0130  0.0070  
 19       19  (13)      2 :  0.0410  0.0801  0.8428  0.0050  0.0310  
 20       20  (10)      2 :  0.0020  0.0040  0.9800  0.0120  0.0020  
 21       21  (30)      2 :  0.0030  0.0110  0.9770  0.0060  0.0030  
 22       22  (12)      2 :  0.0060  0.0380  0.8740  0.0700  0.0120  
 23       23  (11)      2 :  0.0120  0.0060  0.9700  0.0020  0.0100  
 24       24  (16)      2 :  0.0230  0.0100  0.8160  0.0040  0.1470  
 25       25  (46)      2 :  0.0170  0.0761  0.8859  0.0160  0.0050  
 26       26  (15)      2 :  0.0070  0.0300  0.8639  0.0180  0.0811  
 27       27  (33)      2 :  0.0050  0.0090  0.9600  0.0090  0.0170  
 28       28  (17)      2 :  0.0050  0.0050  0.9780  0.0100  0.0020  
 29       29  (31)      2 :  0.0080  0.0050  0.9700  0.0030  0.0140  
 30       30  (17)      2 :  0.0020  0.0030  0.9900  0.0030  0.0020  
 31       31   (9)      2 :  0.0110  0.0030  0.9790  0.0030  0.0040  
 32       32  (33)      3 :  0.9640  0.0070  0.0080  0.0090  0.0120  
 33       33  (12)      3 :  0.7638  0.0290  0.1251  0.0080  0.0741  
 34       34  (30)      3 :  0.9040  0.0180  0.0090  0.0470  0.0220  
 35       35  (12)      3 :  0.9279  0.0130  0.0350  0.0090  0.0150  
 36       36  (22)      3 :  0.9020  0.0660  0.0070  0.0110  0.0140  
 37       37  (52)      3 :  0.9930  0.0010  0.0030  0.0010  0.0020  
 38       38  (45)      3 :  0.7792  0.0280  0.0050  0.1728  0.0150  
 39       39  (28)      3 :  0.9160  0.0220  0.0180  0.0310  0.0130  
 40       40  (14)      3 :  0.8810  0.0620  0.0030  0.0090  0.0450  
 41       41  (20)      3 :  0.9900  0.0010  0.0030  0.0040  0.0020  
 42       42  (63)      3 :  0.8240  0.0210  0.1280  0.0050  0.0220  
 43       43  (13)      3 :  0.7512  0.0040  0.1409  0.0020  0.1019  
 44       44  (26)      3 :  0.9680  0.0080  0.0170  0.0040  0.0030  
 45       45  (19)      3 :  0.9180  0.0130  0.0140  0.0460  0.0090  
 46       46  (22)      3 :  0.9930  0.0030  0.0010  0.0010  0.0020  
 47       47  (13)      4 :  0.0020  0.9870  0.0030  0.0050  0.0030  
 48       48  (12)      4 :  0.0090  0.9790  0.0030  0.0070  0.0020  
 49       49  (10)      4 :  0.0450  0.8719  0.0701  0.0030  0.0100  
 50       50  (25)      4 :  0.0030  0.9790  0.0010  0.0150  0.0020  
 51       51   (9)      4 :  0.0040  0.8980  0.0050  0.0780  0.0150  
 52       52   (9)      4 :  0.0020  0.9860  0.0030  0.0020  0.0070  
 53       53  (41)      4 :  0.0040  0.9900  0.0020  0.0020  0.0020  
 54       54  (15)      4 :  0.0190  0.8480  0.0660  0.0050  0.0620  
 55       55  (18)      4 :  0.0539  0.9301  0.0020  0.0050  0.0090  
 56       56   (8)      4 :  0.0310  0.8392  0.0150  0.0859  0.0290  
 57       57  (14)      4 :  0.0511  0.9259  0.0110  0.0030  0.0090  
 58       58  (10)      4 :  0.0220  0.9431  0.0130  0.0140  0.0080  
 59       59  (16)      4 :  0.0040  0.8030  0.0040  0.0180  0.1710  
 60       60  (11)      4 :  0.0040  0.5966  0.0050  0.0120  0.3824  
 61       61  (35)      5 :  0.0040  0.0070  0.0020  0.9820  0.0050  
 62       62  (15)      5 :  0.0040  0.0180  0.0120  0.9490  0.0170  
 63       63  (51)      5 :  0.0040  0.0050  0.0050  0.9780  0.0080  
 64       64  (20)      5 :  0.0030  0.0100  0.0090  0.9730  0.0050  
 65       65  (26)      5 :  0.0020  0.0020  0.0020  0.9930  0.0010  
 66       66  (16)      5 :  0.0050  0.0320  0.0669  0.8891  0.0070  
 67       67  (10)      5 :  0.0090  0.0200  0.0649  0.7852  0.1209  
 68       68   (9)      5 :  0.0070  0.0170  0.0080  0.9550  0.0130  
 69       69  (39)      5 :  0.0040  0.0380  0.0100  0.9230  0.0250  
 70       70  (17)      5 :  0.0030  0.0030  0.0050  0.9810  0.0080  
 71       71  (28)      5 :  0.0130  0.0160  0.0560  0.9090  0.0060  
 72       72  (53)      5 :  0.0520  0.0960  0.0060  0.8230  0.0230  
 73       73  (21)      5 :  0.0090  0.0050  0.0020  0.9810  0.0030  
 74       74  (11)      5 :  0.0020  0.0050  0.0040  0.9850  0.0040  
 75       75  (16)      5 :  0.0040  0.0950  0.0150  0.8830  0.0030  
 76       76  (23)      6 :  0.0380  0.8540  0.0100  0.0340  0.0640  
 77       77  (13)      6 :  0.0350  0.9300  0.0150  0.0040  0.0160  
 78       78  (22)      6 :  0.0040  0.9540  0.0030  0.0260  0.0130  
 79       79  (16)      6 :  0.0090  0.9461  0.0410  0.0020  0.0020  
 80       80  (20)      6 :  0.0040  0.9259  0.0340  0.0290  0.0070  
 81       81  (10)      6 :  0.0040  0.9580  0.0090  0.0180  0.0110  
 82       82  (28)      6 :  0.0030  0.9490  0.0080  0.0220  0.0180  
 83       83  (15)      6 :  0.0030  0.7290  0.2620  0.0030  0.0030  
 84       84  (19)      6 :  0.0080  0.8880  0.0790  0.0150  0.0100  
 85       85  (10)      6 :  0.0040  0.9820  0.0050  0.0030  0.0060  
 86       86  (26)      6 :  0.0090  0.9620  0.0020  0.0220  0.0050  
 87       87  (47)      6 :  0.0090  0.9750  0.0030  0.0030  0.0100  
 88       88  (26)      6 :  0.0030  0.9249  0.0370  0.0120  0.0230  
 89       89  (13)      6 :  0.0020  0.9380  0.0070  0.0230  0.0300  
 90       90  (26)      6 :  0.1830  0.4990  0.0030  0.0440  0.2710  
 91       91  (19)      6 :  0.0450  0.7460  0.0570  0.1450  0.0070  
 92       92  (11)      7 :  0.0340  0.0050  0.0170  0.0050  0.9391  
 93       93  (20)      7 :  0.0060  0.0080  0.0120  0.0100  0.9640  
 94       94  (29)      7 :  0.0020  0.0020  0.0030  0.0030  0.9900  
 95       95   (7)      7 :  0.0040  0.0210  0.0040  0.0050  0.9660  
 96       96  (41)      7 :  0.0060  0.0080  0.0030  0.0050  0.9780  
 97       97  (25)      7 :  0.0390  0.6110  0.0110  0.0050  0.3340  
 98       98  (13)      7 :  0.0020  0.0210  0.0040  0.0060  0.9670  
 99       99  (21)      7 :  0.0040  0.0060  0.0120  0.0120  0.9660  
100      100  (16)      7 :  0.0090  0.0110  0.0080  0.0030  0.9690  
101      101  (62)      7 :  0.0710  0.2390  0.0090  0.0080  0.6730  
102      102  (15)      7 :  0.0040  0.0090  0.0080  0.0360  0.9431  
103      103  (18)      7 :  0.0200  0.0420  0.0160  0.0660  0.8560  
104      104  (21)      7 :  0.0170  0.0070  0.0030  0.0120  0.9610  
105      105  (18)      7 :  0.0120  0.0060  0.0090  0.0060  0.9670  
