  1        1  (18)      1 :  0.0200  0.0170  0.9630  
  2        2   (9)      1 :  0.0110  0.0090  0.9800  
  3        3  (20)      1 :  0.0190  0.0170  0.9640  
  4        4  (12)      1 :  0.0070  0.0110  0.9820  
  5        5  (74)      1 :  0.0490  0.0620  0.8890  
  6        6  (23)      1 :  0.0170  0.0160  0.9670  
  7        7  (22)      1 :  0.0120  0.0110  0.9770  
  8        8  (33)      1 :  0.0090  0.0190  0.9720  
  9        9  (24)      1 :  0.0919  0.0250  0.8831  
 10       10  (31)      1 :  0.0659  0.0220  0.9121  
 11       11  (28)      1 :  0.0430  0.0710  0.8860  
 12       12  (24)      1 :  0.0120  0.0180  0.9700  
 13       13  (10)      1 :  0.0170  0.0110  0.9720  
 14       14  (53)      1 :  0.0390  0.0210  0.9399  
 15       15  (16)      1 :  0.0260  0.0070  0.9670  
 16       16  (15)      2 :  0.6693  0.3217  0.0090  
 17       17  (14)      2 :  0.9780  0.0160  0.0060  
 18       18  (12)      2 :  0.9490  0.0390  0.0120  
 19       19  (13)      2 :  0.9610  0.0170  0.0220  
 20       20  (10)      2 :  0.8090  0.1800  0.0110  
 21       21  (30)      2 :  0.9650  0.0240  0.0110  
 22       22  (12)      2 :  0.9550  0.0280  0.0170  
 23       23  (11)      2 :  0.9680  0.0120  0.0200  
 24       24  (16)      2 :  0.7690  0.0100  0.2210  
 25       25  (46)      2 :  0.3790  0.5800  0.0410  
 26       26  (15)      2 :  0.7430  0.0260  0.2310  
 27       27  (33)      2 :  0.6400  0.0480  0.3120  
 28       28  (17)      2 :  0.9520  0.0400  0.0080  
 29       29  (31)      2 :  0.9480  0.0250  0.0270  
 30       30  (17)      2 :  0.9620  0.0140  0.0240  
 31       31   (9)      2 :  0.9610  0.0140  0.0250  
 32       32  (33)      3 :  0.9400  0.0380  0.0220  
 33       33  (12)      3 :  0.9190  0.0190  0.0620  
 34       34  (30)      3 :  0.7680  0.2080  0.0240  
 35       35  (12)      3 :  0.9660  0.0150  0.0190  
 36       36  (22)      3 :  0.8440  0.0590  0.0970  
 37       37  (52)      3 :  0.9560  0.0070  0.0370  
 38       38  (45)      3 :  0.6700  0.3040  0.0260  
 39       39  (28)      3 :  0.9660  0.0170  0.0170  
 40       40  (14)      3 :  0.7548  0.0330  0.2122  
 41       41  (20)      3 :  0.9800  0.0090  0.0110  
 42       42  (63)      3 :  0.9610  0.0170  0.0220  
 43       43  (13)      3 :  0.8621  0.0110  0.1269  
 44       44  (26)      3 :  0.9780  0.0110  0.0110  
 45       45  (19)      3 :  0.9039  0.0811  0.0150  
 46       46  (22)      3 :  0.9850  0.0070  0.0080  
 47       47  (13)      4 :  0.0591  0.8488  0.0921  
 48       48  (12)      4 :  0.5600  0.2230  0.2170  
 49       49  (10)      4 :  0.7183  0.0709  0.2108  
 50       50  (25)      4 :  0.0220  0.9590  0.0190  
 51       51   (9)      4 :  0.3270  0.2200  0.4530  
 52       52   (9)      4 :  0.3120  0.1400  0.5480  
 53       53  (41)      4 :  0.4885  0.3497  0.1618  
 54       54  (15)      4 :  0.2070  0.0510  0.7420  
 55       55  (18)      4 :  0.2330  0.1070  0.6600  
 56       56   (8)      4 :  0.4710  0.5000  0.0290  
 57       57  (14)      4 :  0.7133  0.1269  0.1598  
 58       58  (10)      4 :  0.6310  0.1680  0.2010  
 59       59  (16)      4 :  0.0590  0.2360  0.7050  
 60       60  (11)      4 :  0.0840  0.2270  0.6890  
 61       61  (35)      5 :  0.0060  0.9860  0.0080  
 62       62  (15)      5 :  0.0140  0.9439  0.0420  
 63       63  (51)      5 :  0.0110  0.9570  0.0320  
 64       64  (20)      5 :  0.0130  0.9770  0.0100  
 65       65  (26)      5 :  0.0040  0.9930  0.0030  
 66       66  (16)      5 :  0.1160  0.8470  0.0370  
 67       67  (10)      5 :  0.0310  0.8810  0.0880  
 68       68   (9)      5 :  0.0130  0.9760  0.0110  
 69       69  (39)      5 :  0.0120  0.9630  0.0250  
 70       70  (17)      5 :  0.0080  0.9740  0.0180  
 71       71  (28)      5 :  0.0410  0.9490  0.0100  
 72       72  (53)      5 :  0.0320  0.9400  0.0280  
 73       73  (21)      5 :  0.0070  0.9830  0.0100  
 74       74  (11)      5 :  0.0310  0.9530  0.0160  
 75       75  (16)      5 :  0.0150  0.9770  0.0080  
 76       76  (23)      6 :  0.2060  0.6820  0.1120  
 77       77  (13)      6 :  0.4450  0.2870  0.2680  
 78       78  (22)      6 :  0.0230  0.9520  0.0250  
 79       79  (16)      6 :  0.7207  0.2703  0.0090  
 80       80  (20)      6 :  0.1838  0.7333  0.0829  
 81       81  (10)      6 :  0.1200  0.6830  0.1970  
 82       82  (28)      6 :  0.0670  0.8890  0.0440  
 83       83  (15)      6 :  0.5990  0.3760  0.0250  
 84       84  (19)      6 :  0.1582  0.8228  0.0190  
 85       85  (10)      6 :  0.3950  0.5420  0.0630  
 86       86  (26)      6 :  0.0360  0.9290  0.0350  
 87       87  (47)      6 :  0.5010  0.2380  0.2610  
 88       88  (26)      6 :  0.0700  0.7150  0.2150  
 89       89  (13)      6 :  0.0150  0.8260  0.1590  
 90       90  (26)      6 :  0.0420  0.8260  0.1320  
 91       91  (19)      6 :  0.1630  0.8260  0.0110  
 92       92  (11)      7 :  0.1019  0.0250  0.8731  
 93       93  (20)      7 :  0.0440  0.0589  0.8971  
 94       94  (29)      7 :  0.0100  0.0080  0.9820  
 95       95   (7)      7 :  0.0180  0.0230  0.9590  
 96       96  (41)      7 :  0.0170  0.0240  0.9590  
 97       97  (25)      7 :  0.2080  0.1590  0.6330  
 98       98  (13)      7 :  0.0110  0.0190  0.9700  
 99       99  (21)      7 :  0.0100  0.1170  0.8730  
100      100  (16)      7 :  0.0190  0.0150  0.9660  
101      101  (62)      7 :  0.0420  0.0260  0.9320  
102      102  (15)      7 :  0.0190  0.0549  0.9261  
103      103  (18)      7 :  0.0420  0.1239  0.8342  
104      104  (21)      7 :  0.0180  0.0959  0.8861  
105      105  (18)      7 :  0.1010  0.0270  0.8720  
