  1        1  (18)      1 :  0.0120  0.0170  0.9710  
  2        2   (9)      1 :  0.0030  0.0150  0.9820  
  3        3  (20)      1 :  0.0320  0.0100  0.9580  
  4        4  (12)      1 :  0.0100  0.0070  0.9830  
  5        5  (74)      1 :  0.0090  0.0120  0.9790  
  6        6  (23)      1 :  0.0110  0.0170  0.9720  
  7        7  (22)      1 :  0.0060  0.0050  0.9890  
  8        8  (33)      1 :  0.0050  0.0140  0.9810  
  9        9  (24)      1 :  0.0530  0.0190  0.9280  
 10       10  (31)      1 :  0.0080  0.0050  0.9870  
 11       11  (28)      1 :  0.1491  0.1542  0.6967  
 12       12  (24)      1 :  0.0170  0.0110  0.9720  
 13       13  (10)      1 :  0.0080  0.0470  0.9450  
 14       14  (53)      1 :  0.0070  0.0190  0.9740  
 15       15  (16)      1 :  0.0020  0.0030  0.9950  
 16       16  (15)      2 :  0.9790  0.0110  0.0100  
 17       17  (14)      2 :  0.9650  0.0060  0.0290  
 18       18  (12)      2 :  0.9690  0.0240  0.0070  
 19       19  (13)      2 :  0.7772  0.1339  0.0889  
 20       20  (10)      2 :  0.9920  0.0050  0.0030  
 21       21  (30)      2 :  0.9840  0.0090  0.0070  
 22       22  (12)      2 :  0.9630  0.0150  0.0220  
 23       23  (11)      2 :  0.9090  0.0610  0.0300  
 24       24  (16)      2 :  0.7397  0.0551  0.2052  
 25       25  (46)      2 :  0.6960  0.2980  0.0060  
 26       26  (15)      2 :  0.9099  0.0120  0.0781  
 27       27  (33)      2 :  0.9710  0.0210  0.0080  
 28       28  (17)      2 :  0.9900  0.0040  0.0060  
 29       29  (31)      2 :  0.9500  0.0390  0.0110  
 30       30  (17)      2 :  0.9840  0.0050  0.0110  
 31       31   (9)      2 :  0.9530  0.0030  0.0440  
 32       32  (33)      3 :  0.0100  0.0120  0.9780  
 33       33  (12)      3 :  0.0540  0.0120  0.9340  
 34       34  (30)      3 :  0.0430  0.3000  0.6570  
 35       35  (12)      3 :  0.0190  0.0610  0.9200  
 36       36  (22)      3 :  0.0120  0.0720  0.9160  
 37       37  (52)      3 :  0.0060  0.0030  0.9910  
 38       38  (45)      3 :  0.0270  0.4430  0.5300  
 39       39  (28)      3 :  0.0250  0.5940  0.3810  
 40       40  (14)      3 :  0.0070  0.0340  0.9590  
 41       41  (20)      3 :  0.0070  0.0040  0.9890  
 42       42  (63)      3 :  0.0390  0.4000  0.5610  
 43       43  (13)      3 :  0.0120  0.0170  0.9710  
 44       44  (26)      3 :  0.0170  0.0150  0.9680  
 45       45  (19)      3 :  0.1602  0.0260  0.8138  
 46       46  (22)      3 :  0.0030  0.0140  0.9830  
 47       47  (13)      4 :  0.0070  0.9900  0.0030  
 48       48  (12)      4 :  0.0070  0.9820  0.0110  
 49       49  (10)      4 :  0.0330  0.7010  0.2660  
 50       50  (25)      4 :  0.0070  0.9900  0.0030  
 51       51   (9)      4 :  0.0520  0.9300  0.0180  
 52       52   (9)      4 :  0.0050  0.9900  0.0050  
 53       53  (41)      4 :  0.0030  0.9930  0.0040  
 54       54  (15)      4 :  0.0140  0.9070  0.0790  
 55       55  (18)      4 :  0.0040  0.9870  0.0090  
 56       56   (8)      4 :  0.0981  0.7608  0.1411  
 57       57  (14)      4 :  0.0180  0.9030  0.0790  
 58       58  (10)      4 :  0.0340  0.9060  0.0600  
 59       59  (16)      4 :  0.0240  0.8010  0.1750  
 60       60  (11)      4 :  0.0080  0.9570  0.0350  
 61       61  (35)      5 :  0.9820  0.0110  0.0070  
 62       62  (15)      5 :  0.9590  0.0170  0.0240  
 63       63  (51)      5 :  0.9440  0.0130  0.0430  
 64       64  (20)      5 :  0.9430  0.0550  0.0020  
 65       65  (26)      5 :  0.9920  0.0060  0.0020  
 66       66  (16)      5 :  0.9630  0.0110  0.0260  
 67       67  (10)      5 :  0.9590  0.0220  0.0190  
 68       68   (9)      5 :  0.9820  0.0090  0.0090  
 69       69  (39)      5 :  0.9780  0.0120  0.0100  
 70       70  (17)      5 :  0.9830  0.0140  0.0030  
 71       71  (28)      5 :  0.9860  0.0090  0.0050  
 72       72  (53)      5 :  0.8180  0.1240  0.0580  
 73       73  (21)      5 :  0.9690  0.0080  0.0230  
 74       74  (11)      5 :  0.9830  0.0110  0.0060  
 75       75  (16)      5 :  0.9600  0.0340  0.0060  
 76       76  (23)      6 :  0.0280  0.9179  0.0541  
 77       77  (13)      6 :  0.0120  0.8931  0.0949  
 78       78  (22)      6 :  0.0510  0.9390  0.0100  
 79       79  (16)      6 :  0.0210  0.9710  0.0080  
 80       80  (20)      6 :  0.1832  0.8028  0.0140  
 81       81  (10)      6 :  0.0170  0.9770  0.0060  
 82       82  (28)      6 :  0.0110  0.9850  0.0040  
 83       83  (15)      6 :  0.1772  0.8178  0.0050  
 84       84  (19)      6 :  0.1310  0.8590  0.0100  
 85       85  (10)      6 :  0.0070  0.9810  0.0120  
 86       86  (26)      6 :  0.0140  0.9650  0.0210  
 87       87  (47)      6 :  0.0080  0.9170  0.0750  
 88       88  (26)      6 :  0.0560  0.9300  0.0140  
 89       89  (13)      6 :  0.0390  0.9550  0.0060  
 90       90  (26)      6 :  0.0130  0.8539  0.1331  
 91       91  (19)      6 :  0.6513  0.3277  0.0210  
 92       92  (11)      7 :  0.0100  0.9760  0.0140  
 93       93  (20)      7 :  0.0090  0.9289  0.0621  
 94       94  (29)      7 :  0.0310  0.4795  0.4895  
 95       95   (7)      7 :  0.0050  0.9860  0.0090  
 96       96  (41)      7 :  0.0080  0.9860  0.0060  
 97       97  (25)      7 :  0.0130  0.8970  0.0900  
 98       98  (13)      7 :  0.0070  0.9840  0.0090  
 99       99  (21)      7 :  0.0200  0.9750  0.0050  
100      100  (16)      7 :  0.0070  0.8340  0.1590  
101      101  (62)      7 :  0.0110  0.9260  0.0630  
102      102  (15)      7 :  0.0530  0.8780  0.0690  
103      103  (18)      7 :  0.0140  0.9770  0.0090  
104      104  (21)      7 :  0.0340  0.8410  0.1250  
105      105  (18)      7 :  0.0150  0.7380  0.2470  
