  1        1  (18)      1 :  0.0030  0.0080  0.0030  0.0030  0.9830  
  2        2   (9)      1 :  0.0070  0.0110  0.0040  0.0020  0.9760  
  3        3  (20)      1 :  0.0030  0.0070  0.0050  0.0090  0.9760  
  4        4  (12)      1 :  0.0120  0.0020  0.0030  0.0150  0.9680  
  5        5  (74)      1 :  0.0170  0.0230  0.0070  0.0170  0.9360  
  6        6  (23)      1 :  0.0210  0.0110  0.0080  0.0060  0.9540  
  7        7  (22)      1 :  0.0030  0.0040  0.0070  0.0020  0.9840  
  8        8  (33)      1 :  0.0050  0.0130  0.0040  0.0030  0.9750  
  9        9  (24)      1 :  0.0180  0.0080  0.0230  0.0290  0.9220  
 10       10  (31)      1 :  0.0030  0.0180  0.0140  0.0070  0.9580  
 11       11  (28)      1 :  0.0210  0.0140  0.0550  0.0280  0.8820  
 12       12  (24)      1 :  0.1788  0.0080  0.0080  0.0080  0.7972  
 13       13  (10)      1 :  0.0090  0.0520  0.0060  0.0030  0.9300  
 14       14  (53)      1 :  0.0140  0.0210  0.0150  0.0050  0.9450  
 15       15  (16)      1 :  0.0020  0.0060  0.0030  0.0020  0.9870  
 16       16  (15)      2 :  0.0050  0.0110  0.9580  0.0220  0.0040  
 17       17  (14)      2 :  0.0020  0.0170  0.9710  0.0060  0.0040  
 18       18  (12)      2 :  0.0070  0.0090  0.9720  0.0090  0.0030  
 19       19  (13)      2 :  0.0170  0.0150  0.9510  0.0050  0.0120  
 20       20  (10)      2 :  0.0050  0.0060  0.8330  0.1490  0.0070  
 21       21  (30)      2 :  0.0030  0.0070  0.9810  0.0040  0.0050  
 22       22  (12)      2 :  0.0050  0.0520  0.8810  0.0470  0.0150  
 23       23  (11)      2 :  0.0070  0.0090  0.9760  0.0030  0.0050  
 24       24  (16)      2 :  0.1350  0.0100  0.7930  0.0040  0.0580  
 25       25  (46)      2 :  0.2092  0.0360  0.7407  0.0110  0.0030  
 26       26  (15)      2 :  0.0430  0.0370  0.7120  0.0170  0.1910  
 27       27  (33)      2 :  0.2847  0.0290  0.6703  0.0080  0.0080  
 28       28  (17)      2 :  0.0020  0.0070  0.9740  0.0120  0.0050  
 29       29  (31)      2 :  0.1060  0.0040  0.8790  0.0060  0.0050  
 30       30  (17)      2 :  0.0060  0.0050  0.9770  0.0060  0.0060  
 31       31   (9)      2 :  0.0060  0.0040  0.9770  0.0060  0.0070  
 32       32  (33)      3 :  0.0360  0.0120  0.9089  0.0330  0.0100  
 33       33  (12)      3 :  0.0160  0.0120  0.9080  0.0080  0.0560  
 34       34  (30)      3 :  0.0529  0.0240  0.8791  0.0410  0.0030  
 35       35  (12)      3 :  0.0050  0.0100  0.9730  0.0050  0.0070  
 36       36  (22)      3 :  0.0060  0.0100  0.9540  0.0050  0.0250  
 37       37  (52)      3 :  0.0040  0.0030  0.9499  0.0020  0.0410  
 38       38  (45)      3 :  0.0280  0.1868  0.6713  0.1039  0.0100  
 39       39  (28)      3 :  0.0300  0.0290  0.9290  0.0090  0.0030  
 40       40  (14)      3 :  0.0030  0.0280  0.7180  0.0070  0.2440  
 41       41  (20)      3 :  0.0010  0.0050  0.9600  0.0060  0.0280  
 42       42  (63)      3 :  0.0070  0.0110  0.9730  0.0040  0.0050  
 43       43  (13)      3 :  0.1361  0.0030  0.8549  0.0020  0.0040  
 44       44  (26)      3 :  0.0040  0.0170  0.9660  0.0080  0.0050  
 45       45  (19)      3 :  0.0050  0.0120  0.9400  0.0380  0.0050  
 46       46  (22)      3 :  0.0030  0.0040  0.9890  0.0020  0.0020  
 47       47  (13)      4 :  0.0040  0.9830  0.0040  0.0050  0.0040  
 48       48  (12)      4 :  0.0050  0.9820  0.0040  0.0060  0.0030  
 49       49  (10)      4 :  0.0060  0.8200  0.1080  0.0070  0.0590  
 50       50  (25)      4 :  0.0030  0.9500  0.0020  0.0430  0.0020  
 51       51   (9)      4 :  0.0050  0.9620  0.0040  0.0170  0.0120  
 52       52   (9)      4 :  0.0060  0.9810  0.0040  0.0040  0.0050  
 53       53  (41)      4 :  0.0010  0.9920  0.0020  0.0030  0.0020  
 54       54  (15)      4 :  0.0320  0.7510  0.0790  0.0070  0.1310  
 55       55  (18)      4 :  0.0060  0.9830  0.0030  0.0040  0.0040  
 56       56   (8)      4 :  0.0310  0.6790  0.0970  0.1860  0.0070  
 57       57  (14)      4 :  0.0070  0.9441  0.0330  0.0060  0.0100  
 58       58  (10)      4 :  0.0060  0.9400  0.0240  0.0180  0.0120  
 59       59  (16)      4 :  0.0060  0.8338  0.0040  0.0150  0.1411  
 60       60  (11)      4 :  0.1982  0.6757  0.0160  0.0080  0.1021  
 61       61  (35)      5 :  0.0050  0.0040  0.0030  0.9850  0.0030  
 62       62  (15)      5 :  0.0080  0.0160  0.0140  0.9250  0.0370  
 63       63  (51)      5 :  0.0080  0.0090  0.0040  0.9221  0.0569  
 64       64  (20)      5 :  0.0390  0.0060  0.0030  0.9500  0.0020  
 65       65  (26)      5 :  0.0030  0.0020  0.0020  0.9920  0.0010  
 66       66  (16)      5 :  0.0090  0.0200  0.0370  0.8930  0.0410  
 67       67  (10)      5 :  0.3716  0.0090  0.0200  0.5904  0.0090  
 68       68   (9)      5 :  0.0060  0.0170  0.0070  0.9510  0.0190  
 69       69  (39)      5 :  0.0090  0.0380  0.0050  0.7403  0.2078  
 70       70  (17)      5 :  0.0801  0.0030  0.0080  0.9059  0.0030  
 71       71  (28)      5 :  0.0140  0.0180  0.0600  0.9050  0.0030  
 72       72  (53)      5 :  0.0160  0.0550  0.0230  0.8820  0.0240  
 73       73  (21)      5 :  0.0020  0.0080  0.0040  0.9810  0.0050  
 74       74  (11)      5 :  0.0030  0.0090  0.0040  0.9810  0.0030  
 75       75  (16)      5 :  0.0020  0.1170  0.0040  0.8730  0.0040  
 76       76  (23)      6 :  0.0649  0.8112  0.0869  0.0210  0.0160  
 77       77  (13)      6 :  0.0120  0.9480  0.0250  0.0030  0.0120  
 78       78  (22)      6 :  0.0060  0.9339  0.0030  0.0310  0.0260  
 79       79  (16)      6 :  0.0020  0.9260  0.0680  0.0020  0.0020  
 80       80  (20)      6 :  0.0080  0.9200  0.0200  0.0280  0.0240  
 81       81  (10)      6 :  0.0170  0.9610  0.0060  0.0090  0.0070  
 82       82  (28)      6 :  0.0310  0.9389  0.0070  0.0180  0.0050  
 83       83  (15)      6 :  0.0060  0.8680  0.1190  0.0030  0.0040  
 84       84  (19)      6 :  0.0170  0.8208  0.0601  0.0951  0.0070  
 85       85  (10)      6 :  0.0040  0.9530  0.0310  0.0030  0.0090  
 86       86  (26)      6 :  0.0060  0.9550  0.0060  0.0220  0.0110  
 87       87  (47)      6 :  0.0060  0.9600  0.0140  0.0050  0.0150  
 88       88  (26)      6 :  0.0070  0.9300  0.0070  0.0090  0.0470  
 89       89  (13)      6 :  0.0290  0.9130  0.0030  0.0390  0.0160  
 90       90  (26)      6 :  0.1818  0.6164  0.0290  0.1459  0.0270  
 91       91  (19)      6 :  0.0060  0.6703  0.1253  0.1944  0.0040  
 92       92  (11)      7 :  0.9710  0.0040  0.0190  0.0030  0.0030  
 93       93  (20)      7 :  0.9680  0.0050  0.0070  0.0110  0.0090  
 94       94  (29)      7 :  0.9830  0.0020  0.0040  0.0030  0.0080  
 95       95   (7)      7 :  0.9640  0.0230  0.0050  0.0040  0.0040  
 96       96  (41)      7 :  0.9880  0.0030  0.0030  0.0030  0.0030  
 97       97  (25)      7 :  0.4294  0.5325  0.0150  0.0130  0.0100  
 98       98  (13)      7 :  0.9520  0.0160  0.0030  0.0030  0.0260  
 99       99  (21)      7 :  0.9840  0.0050  0.0040  0.0050  0.0020  
100      100  (16)      7 :  0.9001  0.0100  0.0080  0.0050  0.0769  
101      101  (62)      7 :  0.8280  0.1200  0.0300  0.0100  0.0120  
102      102  (15)      7 :  0.9130  0.0090  0.0090  0.0190  0.0500  
103      103  (18)      7 :  0.9070  0.0180  0.0070  0.0600  0.0080  
104      104  (21)      7 :  0.9800  0.0040  0.0070  0.0050  0.0040  
105      105  (18)      7 :  0.8168  0.0230  0.0671  0.0070  0.0861  
