  1        1  (18)      1 :  0.0060  0.0060  0.0170  0.0040  0.0050  0.0100  0.9491  0.0030  
  2        2   (9)      1 :  0.0020  0.0050  0.0070  0.0040  0.0020  0.0030  0.9740  0.0030  
  3        3  (20)      1 :  0.0050  0.0050  0.0040  0.0020  0.0050  0.0030  0.9720  0.0040  
  4        4  (12)      1 :  0.0060  0.0020  0.0030  0.0250  0.0250  0.0050  0.9319  0.0020  
  5        5  (74)      1 :  0.0030  0.0090  0.0140  0.0040  0.0070  0.0040  0.9459  0.0130  
  6        6  (23)      1 :  0.0030  0.0060  0.0070  0.0110  0.0020  0.0010  0.9660  0.0040  
  7        7  (22)      1 :  0.0050  0.0070  0.0020  0.0040  0.0010  0.0030  0.9680  0.0100  
  8        8  (33)      1 :  0.0020  0.0020  0.0240  0.0070  0.0040  0.0020  0.9570  0.0020  
  9        9  (24)      1 :  0.0300  0.0060  0.0130  0.0200  0.0120  0.0070  0.9040  0.0080  
 10       10  (31)      1 :  0.0050  0.0070  0.0050  0.0020  0.0060  0.0040  0.9660  0.0050  
 11       11  (28)      1 :  0.0350  0.0430  0.0210  0.0540  0.0950  0.0030  0.7150  0.0340  
 12       12  (24)      1 :  0.0080  0.0080  0.0060  0.1510  0.0090  0.0020  0.8100  0.0060  
 13       13  (10)      1 :  0.0070  0.0130  0.0899  0.0090  0.0050  0.0080  0.8551  0.0130  
 14       14  (53)      1 :  0.0100  0.0120  0.0070  0.0110  0.0060  0.0370  0.8910  0.0260  
 15       15  (16)      1 :  0.0010  0.0030  0.0030  0.0020  0.0010  0.0020  0.9740  0.0140  
 16       16  (15)      2 :  0.9320  0.0310  0.0020  0.0030  0.0210  0.0030  0.0020  0.0060  
 17       17  (14)      2 :  0.9520  0.0240  0.0040  0.0010  0.0060  0.0010  0.0040  0.0080  
 18       18  (12)      2 :  0.9080  0.0090  0.0210  0.0150  0.0090  0.0030  0.0030  0.0320  
 19       19  (13)      2 :  0.8240  0.0860  0.0200  0.0310  0.0050  0.0040  0.0130  0.0170  
 20       20  (10)      2 :  0.9700  0.0030  0.0030  0.0020  0.0150  0.0030  0.0020  0.0020  
 21       21  (30)      2 :  0.9540  0.0040  0.0250  0.0030  0.0050  0.0020  0.0030  0.0040  
 22       22  (12)      2 :  0.8761  0.0220  0.0170  0.0050  0.0519  0.0060  0.0150  0.0070  
 23       23  (11)      2 :  0.9430  0.0020  0.0300  0.0070  0.0020  0.0010  0.0030  0.0120  
 24       24  (16)      2 :  0.8150  0.0050  0.0110  0.1080  0.0030  0.0140  0.0230  0.0210  
 25       25  (46)      2 :  0.7330  0.0680  0.0120  0.0540  0.0110  0.0970  0.0030  0.0220  
 26       26  (15)      2 :  0.8619  0.0030  0.0430  0.0140  0.0130  0.0120  0.0480  0.0050  
 27       27  (33)      2 :  0.9090  0.0080  0.0080  0.0580  0.0090  0.0010  0.0030  0.0040  
 28       28  (17)      2 :  0.9760  0.0030  0.0030  0.0020  0.0070  0.0020  0.0030  0.0040  
 29       29  (31)      2 :  0.9130  0.0090  0.0020  0.0610  0.0030  0.0020  0.0050  0.0050  
 30       30  (17)      2 :  0.9820  0.0030  0.0020  0.0020  0.0020  0.0020  0.0050  0.0020  
 31       31   (9)      2 :  0.9700  0.0020  0.0020  0.0020  0.0030  0.0020  0.0080  0.0110  
 32       32  (33)      3 :  0.0070  0.0050  0.0130  0.0210  0.0130  0.0070  0.0070  0.9269  
 33       33  (12)      3 :  0.0741  0.0951  0.0080  0.0340  0.0080  0.0010  0.0591  0.7207  
 34       34  (30)      3 :  0.0040  0.0080  0.0070  0.1450  0.0250  0.0270  0.0040  0.7800  
 35       35  (12)      3 :  0.0270  0.0110  0.0150  0.0030  0.0060  0.0360  0.0130  0.8890  
 36       36  (22)      3 :  0.0060  0.0130  0.0540  0.0040  0.0080  0.0390  0.0210  0.8550  
 37       37  (52)      3 :  0.0020  0.0020  0.0010  0.0020  0.0010  0.0040  0.0030  0.9850  
 38       38  (45)      3 :  0.0040  0.1191  0.0210  0.0100  0.1251  0.0030  0.0040  0.7137  
 39       39  (28)      3 :  0.0170  0.0040  0.0290  0.0220  0.0220  0.0260  0.0060  0.8740  
 40       40  (14)      3 :  0.0040  0.0310  0.0220  0.0050  0.0120  0.0100  0.0980  0.8180  
 41       41  (20)      3 :  0.0030  0.0010  0.0010  0.0010  0.0030  0.0020  0.0020  0.9870  
 42       42  (63)      3 :  0.1050  0.0260  0.0190  0.0550  0.0060  0.0070  0.0160  0.7660  
 43       43  (13)      3 :  0.0551  0.0040  0.0020  0.2392  0.0010  0.0030  0.0050  0.6907  
 44       44  (26)      3 :  0.0170  0.0050  0.0040  0.0020  0.0050  0.0190  0.0070  0.9410  
 45       45  (19)      3 :  0.0110  0.0100  0.0090  0.0060  0.0370  0.0030  0.0150  0.9089  
 46       46  (22)      3 :  0.0010  0.0020  0.0020  0.0010  0.0010  0.0020  0.0010  0.9900  
 47       47  (13)      4 :  0.0040  0.0110  0.9710  0.0060  0.0030  0.0010  0.0030  0.0010  
 48       48  (12)      4 :  0.0030  0.0040  0.9570  0.0030  0.0060  0.0140  0.0040  0.0090  
 49       49  (10)      4 :  0.0559  0.0050  0.8352  0.0050  0.0030  0.0440  0.0150  0.0370  
 50       50  (25)      4 :  0.0010  0.0060  0.9720  0.0020  0.0100  0.0050  0.0020  0.0020  
 51       51   (9)      4 :  0.0040  0.0090  0.8590  0.0050  0.0450  0.0590  0.0170  0.0020  
 52       52   (9)      4 :  0.0020  0.0190  0.9419  0.0120  0.0030  0.0140  0.0050  0.0030  
 53       53  (41)      4 :  0.0010  0.0020  0.9870  0.0010  0.0020  0.0040  0.0010  0.0020  
 54       54  (15)      4 :  0.0320  0.0070  0.8829  0.0220  0.0030  0.0040  0.0330  0.0160  
 55       55  (18)      4 :  0.0020  0.0020  0.0080  0.0030  0.0030  0.9780  0.0020  0.0020  
 56       56   (8)      4 :  0.0100  0.0150  0.8690  0.0150  0.0370  0.0130  0.0090  0.0320  
 57       57  (14)      4 :  0.0080  0.0040  0.9640  0.0040  0.0030  0.0030  0.0060  0.0080  
 58       58  (10)      4 :  0.0120  0.0120  0.8889  0.0020  0.0090  0.0030  0.0090  0.0641  
 59       59  (16)      4 :  0.0030  0.0140  0.7197  0.0070  0.0130  0.0280  0.2122  0.0030  
 60       60  (11)      4 :  0.0060  0.0190  0.6294  0.1868  0.0120  0.0130  0.1239  0.0100  
 61       61  (35)      5 :  0.0020  0.0080  0.0040  0.0070  0.9700  0.0030  0.0030  0.0030  
 62       62  (15)      5 :  0.0160  0.0140  0.0380  0.0120  0.8840  0.0080  0.0250  0.0030  
 63       63  (51)      5 :  0.0040  0.0070  0.0040  0.0040  0.9520  0.0030  0.0220  0.0040  
 64       64  (20)      5 :  0.0090  0.0020  0.0050  0.0140  0.8382  0.1289  0.0020  0.0010  
 65       65  (26)      5 :  0.0020  0.0020  0.0020  0.0020  0.9890  0.0010  0.0010  0.0010  
 66       66  (16)      5 :  0.0779  0.0090  0.0290  0.0040  0.8551  0.0030  0.0170  0.0050  
 67       67  (10)      5 :  0.0540  0.0190  0.0040  0.2050  0.6880  0.0030  0.0200  0.0070  
 68       68   (9)      5 :  0.0090  0.0430  0.0060  0.0040  0.9010  0.0020  0.0300  0.0050  
 69       69  (39)      5 :  0.0090  0.0250  0.0220  0.0060  0.8980  0.0100  0.0260  0.0040  
 70       70  (17)      5 :  0.0040  0.0030  0.0020  0.0120  0.9690  0.0050  0.0030  0.0020  
 71       71  (28)      5 :  0.0380  0.0240  0.0120  0.0190  0.8749  0.0050  0.0040  0.0230  
 72       72  (53)      5 :  0.0030  0.0390  0.1270  0.0120  0.7690  0.0070  0.0230  0.0200  
 73       73  (21)      5 :  0.0020  0.0030  0.0040  0.0020  0.9650  0.0090  0.0060  0.0090  
 74       74  (11)      5 :  0.0040  0.0060  0.0030  0.0020  0.9770  0.0020  0.0020  0.0040  
 75       75  (16)      5 :  0.0170  0.0270  0.0420  0.0020  0.8871  0.0130  0.0040  0.0080  
 76       76  (23)      6 :  0.0060  0.7273  0.0160  0.0300  0.0509  0.0739  0.0430  0.0529  
 77       77  (13)      6 :  0.0210  0.7990  0.0790  0.0290  0.0030  0.0040  0.0330  0.0320  
 78       78  (22)      6 :  0.0040  0.9670  0.0040  0.0040  0.0040  0.0080  0.0050  0.0040  
 79       79  (16)      6 :  0.0090  0.9730  0.0040  0.0010  0.0010  0.0030  0.0030  0.0060  
 80       80  (20)      6 :  0.0160  0.9490  0.0030  0.0030  0.0150  0.0030  0.0080  0.0030  
 81       81  (10)      6 :  0.0070  0.8470  0.0270  0.0180  0.0130  0.0790  0.0060  0.0030  
 82       82  (28)      6 :  0.0050  0.8890  0.0040  0.0190  0.0040  0.0730  0.0040  0.0020  
 83       83  (15)      6 :  0.2520  0.7060  0.0120  0.0070  0.0020  0.0130  0.0020  0.0060  
 84       84  (19)      6 :  0.0210  0.9461  0.0060  0.0050  0.0120  0.0020  0.0040  0.0040  
 85       85  (10)      6 :  0.0050  0.8611  0.0160  0.0030  0.0030  0.1019  0.0060  0.0040  
 86       86  (26)      6 :  0.0010  0.9710  0.0050  0.0020  0.0090  0.0020  0.0030  0.0070  
 87       87  (47)      6 :  0.0030  0.9700  0.0090  0.0020  0.0020  0.0020  0.0070  0.0050  
 88       88  (26)      6 :  0.0180  0.9249  0.0070  0.0080  0.0060  0.0080  0.0250  0.0030  
 89       89  (13)      6 :  0.0040  0.8989  0.0511  0.0140  0.0120  0.0030  0.0140  0.0030  
 90       90  (26)      6 :  0.0020  0.7610  0.0040  0.1660  0.0150  0.0020  0.0040  0.0460  
 91       91  (19)      6 :  0.0100  0.8432  0.0050  0.0050  0.1119  0.0020  0.0050  0.0180  
 92       92  (11)      7 :  0.0030  0.0090  0.0030  0.9690  0.0020  0.0030  0.0020  0.0090  
 93       93  (20)      7 :  0.0100  0.0080  0.0040  0.9570  0.0070  0.0030  0.0070  0.0040  
 94       94  (29)      7 :  0.0070  0.0030  0.0010  0.9650  0.0050  0.0010  0.0160  0.0020  
 95       95   (7)      7 :  0.0020  0.0110  0.0040  0.9469  0.0030  0.0270  0.0030  0.0030  
 96       96  (41)      7 :  0.0020  0.0030  0.0010  0.8969  0.0020  0.0911  0.0020  0.0020  
 97       97  (25)      7 :  0.0050  0.4795  0.0100  0.4765  0.0080  0.0070  0.0080  0.0060  
 98       98  (13)      7 :  0.0050  0.0040  0.0380  0.9240  0.0040  0.0070  0.0160  0.0020  
 99       99  (21)      7 :  0.0050  0.0030  0.0050  0.9740  0.0040  0.0030  0.0020  0.0040  
100      100  (16)      7 :  0.0050  0.0040  0.0020  0.4180  0.0030  0.5480  0.0170  0.0030  
101      101  (62)      7 :  0.0070  0.1069  0.0160  0.8202  0.0050  0.0040  0.0050  0.0360  
102      102  (15)      7 :  0.0090  0.0050  0.0060  0.9281  0.0220  0.0040  0.0220  0.0040  
103      103  (18)      7 :  0.0100  0.0050  0.0519  0.7373  0.0140  0.1678  0.0050  0.0090  
104      104  (21)      7 :  0.0050  0.0110  0.0030  0.9489  0.0070  0.0040  0.0070  0.0140  
105      105  (18)      7 :  0.0100  0.0090  0.0110  0.8428  0.0060  0.0020  0.1031  0.0160  
