  1        1  (18)      1 :  0.0030  0.9760  0.0110  0.0030  0.0070  
  2        2   (9)      1 :  0.0050  0.9540  0.0030  0.0040  0.0340  
  3        3  (20)      1 :  0.0040  0.9580  0.0220  0.0090  0.0070  
  4        4  (12)      1 :  0.0040  0.8482  0.0160  0.0270  0.1049  
  5        5  (74)      1 :  0.0270  0.9150  0.0050  0.0230  0.0300  
  6        6  (23)      1 :  0.0070  0.9300  0.0160  0.0180  0.0290  
  7        7  (22)      1 :  0.0170  0.8430  0.0170  0.0030  0.1200  
  8        8  (33)      1 :  0.0040  0.9740  0.0030  0.0030  0.0160  
  9        9  (24)      1 :  0.0100  0.9220  0.0240  0.0180  0.0260  
 10       10  (31)      1 :  0.0090  0.9710  0.0070  0.0070  0.0060  
 11       11  (28)      1 :  0.0330  0.7780  0.0490  0.0440  0.0960  
 12       12  (24)      1 :  0.0030  0.0090  0.0070  0.0080  0.9730  
 13       13  (10)      1 :  0.0110  0.8328  0.0040  0.0030  0.1491  
 14       14  (53)      1 :  0.0340  0.8909  0.0100  0.0080  0.0571  
 15       15  (16)      1 :  0.0620  0.9260  0.0020  0.0030  0.0070  
 16       16  (15)      2 :  0.0080  0.0050  0.9600  0.0220  0.0050  
 17       17  (14)      2 :  0.1281  0.0180  0.8368  0.0150  0.0020  
 18       18  (12)      2 :  0.0750  0.0110  0.8850  0.0150  0.0140  
 19       19  (13)      2 :  0.0120  0.0330  0.9251  0.0060  0.0240  
 20       20  (10)      2 :  0.0030  0.0060  0.9460  0.0420  0.0030  
 21       21  (30)      2 :  0.0050  0.0060  0.9790  0.0070  0.0030  
 22       22  (12)      2 :  0.0150  0.0940  0.8370  0.0420  0.0120  
 23       23  (11)      2 :  0.0050  0.0070  0.9800  0.0020  0.0060  
 24       24  (16)      2 :  0.0290  0.0250  0.7580  0.0090  0.1790  
 25       25  (46)      2 :  0.0170  0.0100  0.8710  0.0070  0.0950  
 26       26  (15)      2 :  0.0100  0.0581  0.8789  0.0220  0.0310  
 27       27  (33)      2 :  0.0080  0.0060  0.9380  0.0070  0.0410  
 28       28  (17)      2 :  0.0040  0.0030  0.9860  0.0050  0.0020  
 29       29  (31)      2 :  0.0100  0.0090  0.9420  0.0050  0.0340  
 30       30  (17)      2 :  0.0020  0.0030  0.9900  0.0020  0.0030  
 31       31   (9)      2 :  0.0170  0.0070  0.9680  0.0030  0.0050  
 32       32  (33)      3 :  0.8930  0.0120  0.0110  0.0310  0.0530  
 33       33  (12)      3 :  0.6370  0.1140  0.1510  0.0160  0.0820  
 34       34  (30)      3 :  0.8840  0.0120  0.0060  0.0160  0.0820  
 35       35  (12)      3 :  0.9160  0.0320  0.0340  0.0100  0.0080  
 36       36  (22)      3 :  0.9121  0.0509  0.0180  0.0080  0.0110  
 37       37  (52)      3 :  0.9870  0.0030  0.0050  0.0020  0.0030  
 38       38  (45)      3 :  0.8760  0.0370  0.0080  0.0320  0.0470  
 39       39  (28)      3 :  0.9430  0.0210  0.0120  0.0100  0.0140  
 40       40  (14)      3 :  0.6246  0.3624  0.0050  0.0040  0.0040  
 41       41  (20)      3 :  0.9880  0.0030  0.0030  0.0040  0.0020  
 42       42  (63)      3 :  0.7950  0.0140  0.1590  0.0090  0.0230  
 43       43  (13)      3 :  0.5586  0.0030  0.0300  0.0020  0.4064  
 44       44  (26)      3 :  0.9109  0.0160  0.0450  0.0220  0.0060  
 45       45  (19)      3 :  0.9420  0.0080  0.0060  0.0240  0.0200  
 46       46  (22)      3 :  0.9890  0.0030  0.0030  0.0020  0.0030  
 47       47  (13)      4 :  0.0030  0.9690  0.0060  0.0160  0.0060  
 48       48  (12)      4 :  0.0130  0.9660  0.0070  0.0080  0.0060  
 49       49  (10)      4 :  0.0511  0.7307  0.2092  0.0050  0.0040  
 50       50  (25)      4 :  0.0150  0.9040  0.0020  0.0740  0.0050  
 51       51   (9)      4 :  0.0050  0.9590  0.0070  0.0240  0.0050  
 52       52   (9)      4 :  0.0030  0.9860  0.0040  0.0030  0.0040  
 53       53  (41)      4 :  0.0060  0.9830  0.0030  0.0050  0.0030  
 54       54  (15)      4 :  0.0060  0.9030  0.0460  0.0090  0.0360  
 55       55  (18)      4 :  0.0300  0.9451  0.0020  0.0150  0.0080  
 56       56   (8)      4 :  0.2800  0.5810  0.0200  0.1110  0.0080  
 57       57  (14)      4 :  0.0919  0.8741  0.0200  0.0070  0.0070  
 58       58  (10)      4 :  0.0240  0.9230  0.0270  0.0220  0.0040  
 59       59  (16)      4 :  0.0040  0.9580  0.0020  0.0320  0.0040  
 60       60  (11)      4 :  0.0060  0.8170  0.0120  0.0040  0.1610  
 61       61  (35)      5 :  0.0030  0.0050  0.0020  0.9790  0.0110  
 62       62  (15)      5 :  0.0070  0.0629  0.0250  0.8921  0.0130  
 63       63  (51)      5 :  0.0080  0.0130  0.0050  0.9580  0.0160  
 64       64  (20)      5 :  0.0030  0.0060  0.0110  0.9399  0.0400  
 65       65  (26)      5 :  0.0050  0.0030  0.0020  0.9880  0.0020  
 66       66  (16)      5 :  0.0060  0.0260  0.0870  0.8700  0.0110  
 67       67  (10)      5 :  0.0150  0.0100  0.0240  0.6160  0.3350  
 68       68   (9)      5 :  0.0060  0.0340  0.1370  0.8190  0.0040  
 69       69  (39)      5 :  0.0050  0.0920  0.0340  0.8570  0.0120  
 70       70  (17)      5 :  0.0040  0.0040  0.0080  0.9600  0.0240  
 71       71  (28)      5 :  0.0140  0.0080  0.0841  0.8889  0.0050  
 72       72  (53)      5 :  0.0639  0.0879  0.0050  0.8162  0.0270  
 73       73  (21)      5 :  0.0120  0.0080  0.0020  0.9750  0.0030  
 74       74  (11)      5 :  0.0040  0.0050  0.0070  0.9790  0.0050  
 75       75  (16)      5 :  0.0130  0.0549  0.0180  0.9111  0.0030  
 76       76  (23)      6 :  0.0800  0.6270  0.0800  0.1290  0.0840  
 77       77  (13)      6 :  0.0290  0.8789  0.0501  0.0050  0.0370  
 78       78  (22)      6 :  0.0060  0.9389  0.0130  0.0360  0.0060  
 79       79  (16)      6 :  0.0050  0.5540  0.4340  0.0040  0.0030  
 80       80  (20)      6 :  0.0060  0.8050  0.0610  0.1100  0.0180  
 81       81  (10)      6 :  0.0060  0.9300  0.0300  0.0260  0.0080  
 82       82  (28)      6 :  0.0110  0.8590  0.0190  0.0330  0.0780  
 83       83  (15)      6 :  0.0080  0.7030  0.2740  0.0070  0.0080  
 84       84  (19)      6 :  0.0360  0.6184  0.2278  0.0759  0.0420  
 85       85  (10)      6 :  0.0150  0.9500  0.0190  0.0100  0.0060  
 86       86  (26)      6 :  0.0370  0.9150  0.0040  0.0290  0.0150  
 87       87  (47)      6 :  0.0240  0.9490  0.0090  0.0080  0.0100  
 88       88  (26)      6 :  0.0070  0.9191  0.0260  0.0250  0.0230  
 89       89  (13)      6 :  0.0070  0.8509  0.0210  0.0591  0.0621  
 90       90  (26)      6 :  0.4370  0.1260  0.0030  0.1120  0.3220  
 91       91  (19)      6 :  0.0540  0.2390  0.1480  0.5370  0.0220  
 92       92  (11)      7 :  0.0520  0.0060  0.0160  0.0030  0.9230  
 93       93  (20)      7 :  0.0070  0.0050  0.0070  0.0060  0.9750  
 94       94  (29)      7 :  0.0030  0.0030  0.0080  0.0040  0.9820  
 95       95   (7)      7 :  0.0030  0.0110  0.0030  0.0040  0.9790  
 96       96  (41)      7 :  0.0030  0.0050  0.0050  0.0060  0.9810  
 97       97  (25)      7 :  0.0100  0.1030  0.0240  0.0220  0.8410  
 98       98  (13)      7 :  0.0050  0.1852  0.0110  0.0040  0.7948  
 99       99  (21)      7 :  0.0070  0.0080  0.0040  0.0070  0.9740  
100      100  (16)      7 :  0.0130  0.0430  0.0090  0.0060  0.9290  
101      101  (62)      7 :  0.1169  0.0190  0.0080  0.0130  0.8432  
102      102  (15)      7 :  0.0090  0.0380  0.0150  0.0900  0.8480  
103      103  (18)      7 :  0.0100  0.0350  0.0060  0.0210  0.9279  
104      104  (21)      7 :  0.0170  0.0080  0.0050  0.0070  0.9630  
105      105  (18)      7 :  0.0130  0.0220  0.0120  0.0090  0.9440  
