  1        1  (18)      1 :  0.0020  0.0050  0.0030  0.0050  0.9850  
  2        2   (9)      1 :  0.0070  0.0110  0.0040  0.0020  0.9760  
  3        3  (20)      1 :  0.0060  0.0080  0.0070  0.0100  0.9690  
  4        4  (12)      1 :  0.0020  0.0030  0.0030  0.0100  0.9820  
  5        5  (74)      1 :  0.0420  0.0340  0.0050  0.0150  0.9039  
  6        6  (23)      1 :  0.0060  0.0080  0.0080  0.0060  0.9720  
  7        7  (22)      1 :  0.0050  0.0030  0.0040  0.0020  0.9860  
  8        8  (33)      1 :  0.0030  0.0170  0.0040  0.0060  0.9700  
  9        9  (24)      1 :  0.0060  0.0110  0.0290  0.0240  0.9300  
 10       10  (31)      1 :  0.0310  0.0200  0.0080  0.0120  0.9290  
 11       11  (28)      1 :  0.0490  0.0380  0.0961  0.0410  0.7758  
 12       12  (24)      1 :  0.0040  0.0070  0.0410  0.0110  0.9370  
 13       13  (10)      1 :  0.0120  0.0370  0.0090  0.0040  0.9381  
 14       14  (53)      1 :  0.0220  0.0150  0.0130  0.0060  0.9440  
 15       15  (16)      1 :  0.0310  0.0050  0.0020  0.0020  0.9600  
 16       16  (15)      2 :  0.0150  0.0140  0.9560  0.0100  0.0050  
 17       17  (14)      2 :  0.4420  0.0740  0.4740  0.0050  0.0050  
 18       18  (12)      2 :  0.0150  0.0120  0.9630  0.0070  0.0030  
 19       19  (13)      2 :  0.0130  0.0120  0.9600  0.0050  0.0100  
 20       20  (10)      2 :  0.0020  0.0030  0.9118  0.0792  0.0040  
 21       21  (30)      2 :  0.0090  0.0300  0.9461  0.0100  0.0050  
 22       22  (12)      2 :  0.0160  0.3360  0.5710  0.0370  0.0400  
 23       23  (11)      2 :  0.0070  0.0060  0.9790  0.0040  0.0040  
 24       24  (16)      2 :  0.0160  0.0140  0.9560  0.0030  0.0110  
 25       25  (46)      2 :  0.0060  0.0120  0.9720  0.0050  0.0050  
 26       26  (15)      2 :  0.0090  0.0120  0.9241  0.0210  0.0340  
 27       27  (33)      2 :  0.0040  0.0090  0.9800  0.0030  0.0040  
 28       28  (17)      2 :  0.0120  0.0110  0.9590  0.0120  0.0060  
 29       29  (31)      2 :  0.0100  0.0070  0.9760  0.0050  0.0020  
 30       30  (17)      2 :  0.0100  0.0070  0.9700  0.0040  0.0090  
 31       31   (9)      2 :  0.0150  0.0060  0.9580  0.0050  0.0160  
 32       32  (33)      3 :  0.9231  0.0110  0.0210  0.0390  0.0060  
 33       33  (12)      3 :  0.7050  0.0190  0.1420  0.0190  0.1150  
 34       34  (30)      3 :  0.8990  0.0230  0.0210  0.0520  0.0050  
 35       35  (12)      3 :  0.8770  0.0190  0.0230  0.0140  0.0670  
 36       36  (22)      3 :  0.9300  0.0270  0.0110  0.0060  0.0260  
 37       37  (52)      3 :  0.9880  0.0020  0.0030  0.0020  0.0050  
 38       38  (45)      3 :  0.9450  0.0160  0.0070  0.0250  0.0070  
 39       39  (28)      3 :  0.9080  0.0500  0.0230  0.0120  0.0070  
 40       40  (14)      3 :  0.7040  0.0130  0.0030  0.0080  0.2720  
 41       41  (20)      3 :  0.9870  0.0020  0.0020  0.0050  0.0040  
 42       42  (63)      3 :  0.9590  0.0080  0.0240  0.0040  0.0050  
 43       43  (13)      3 :  0.5930  0.0030  0.3970  0.0030  0.0040  
 44       44  (26)      3 :  0.9790  0.0060  0.0070  0.0050  0.0030  
 45       45  (19)      3 :  0.9520  0.0090  0.0070  0.0250  0.0070  
 46       46  (22)      3 :  0.9920  0.0030  0.0020  0.0010  0.0020  
 47       47  (13)      4 :  0.0020  0.9820  0.0060  0.0060  0.0040  
 48       48  (12)      4 :  0.0110  0.9750  0.0060  0.0050  0.0030  
 49       49  (10)      4 :  0.1640  0.7760  0.0340  0.0070  0.0190  
 50       50  (25)      4 :  0.0040  0.9760  0.0020  0.0160  0.0020  
 51       51   (9)      4 :  0.0030  0.9380  0.0070  0.0400  0.0120  
 52       52   (9)      4 :  0.0040  0.9800  0.0060  0.0040  0.0060  
 53       53  (41)      4 :  0.0030  0.9910  0.0020  0.0020  0.0020  
 54       54  (15)      4 :  0.0220  0.7430  0.1170  0.0080  0.1100  
 55       55  (18)      4 :  0.0030  0.9870  0.0030  0.0030  0.0040  
 56       56   (8)      4 :  0.3203  0.4284  0.0280  0.2002  0.0230  
 57       57  (14)      4 :  0.0891  0.7828  0.0861  0.0070  0.0350  
 58       58  (10)      4 :  0.0440  0.8810  0.0200  0.0340  0.0210  
 59       59  (16)      4 :  0.0090  0.7280  0.0050  0.0130  0.2450  
 60       60  (11)      4 :  0.0070  0.7510  0.1750  0.0110  0.0560  
 61       61  (35)      5 :  0.0030  0.0060  0.0020  0.9860  0.0030  
 62       62  (15)      5 :  0.0050  0.0080  0.0130  0.9010  0.0730  
 63       63  (51)      5 :  0.0050  0.0160  0.0070  0.9170  0.0550  
 64       64  (20)      5 :  0.0030  0.0170  0.0220  0.9560  0.0020  
 65       65  (26)      5 :  0.0030  0.0030  0.0020  0.9910  0.0010  
 66       66  (16)      5 :  0.0040  0.0110  0.0350  0.9089  0.0410  
 67       67  (10)      5 :  0.0140  0.0130  0.2318  0.7053  0.0360  
 68       68   (9)      5 :  0.0120  0.0410  0.0080  0.9069  0.0320  
 69       69  (39)      5 :  0.0040  0.0280  0.0120  0.8570  0.0990  
 70       70  (17)      5 :  0.0030  0.0040  0.0350  0.9540  0.0040  
 71       71  (28)      5 :  0.0080  0.0120  0.0240  0.9530  0.0030  
 72       72  (53)      5 :  0.1080  0.0750  0.0140  0.7780  0.0250  
 73       73  (21)      5 :  0.0090  0.0040  0.0020  0.9790  0.0060  
 74       74  (11)      5 :  0.0030  0.0060  0.0060  0.9800  0.0050  
 75       75  (16)      5 :  0.0050  0.1149  0.0040  0.8651  0.0110  
 76       76  (23)      6 :  0.0591  0.8438  0.0380  0.0380  0.0210  
 77       77  (13)      6 :  0.0170  0.9450  0.0180  0.0040  0.0160  
 78       78  (22)      6 :  0.0080  0.9510  0.0050  0.0210  0.0150  
 79       79  (16)      6 :  0.0140  0.9700  0.0090  0.0030  0.0040  
 80       80  (20)      6 :  0.0050  0.9420  0.0230  0.0220  0.0080  
 81       81  (10)      6 :  0.0030  0.9750  0.0100  0.0080  0.0040  
 82       82  (28)      6 :  0.0030  0.9540  0.0120  0.0260  0.0050  
 83       83  (15)      6 :  0.0080  0.8820  0.1040  0.0030  0.0030  
 84       84  (19)      6 :  0.0320  0.8980  0.0360  0.0240  0.0100  
 85       85  (10)      6 :  0.0080  0.9650  0.0120  0.0040  0.0110  
 86       86  (26)      6 :  0.0150  0.9560  0.0040  0.0150  0.0100  
 87       87  (47)      6 :  0.0130  0.9560  0.0090  0.0050  0.0170  
 88       88  (26)      6 :  0.0050  0.9299  0.0170  0.0120  0.0360  
 89       89  (13)      6 :  0.0040  0.9660  0.0050  0.0140  0.0110  
 90       90  (26)      6 :  0.2580  0.6620  0.0090  0.0590  0.0120  
 91       91  (19)      6 :  0.0410  0.7632  0.0100  0.1808  0.0050  
 92       92  (11)      7 :  0.0080  0.0030  0.9830  0.0030  0.0030  
 93       93  (20)      7 :  0.0050  0.0070  0.9740  0.0070  0.0070  
 94       94  (29)      7 :  0.0020  0.0040  0.9800  0.0040  0.0100  
 95       95   (7)      7 :  0.0050  0.0769  0.9111  0.0030  0.0040  
 96       96  (41)      7 :  0.0050  0.0060  0.9810  0.0050  0.0030  
 97       97  (25)      7 :  0.0070  0.6406  0.3303  0.0070  0.0150  
 98       98  (13)      7 :  0.0030  0.0840  0.8740  0.0050  0.0340  
 99       99  (21)      7 :  0.0030  0.0070  0.9640  0.0210  0.0050  
100      100  (16)      7 :  0.0120  0.0140  0.8980  0.0040  0.0720  
101      101  (62)      7 :  0.1310  0.4500  0.3940  0.0140  0.0110  
102      102  (15)      7 :  0.0090  0.0250  0.8620  0.0500  0.0540  
103      103  (18)      7 :  0.0110  0.0400  0.8010  0.1340  0.0140  
104      104  (21)      7 :  0.0120  0.0080  0.9600  0.0080  0.0120  
105      105  (18)      7 :  0.0460  0.0200  0.8891  0.0130  0.0320  
