  1        1  (18)      1 :  0.0080  0.0300  0.9620  
  2        2   (9)      1 :  0.0040  0.0100  0.9860  
  3        3  (20)      1 :  0.0170  0.0570  0.9260  
  4        4  (12)      1 :  0.0050  0.0060  0.9890  
  5        5  (74)      1 :  0.0160  0.0700  0.9140  
  6        6  (23)      1 :  0.0110  0.0130  0.9760  
  7        7  (22)      1 :  0.0130  0.0070  0.9800  
  8        8  (33)      1 :  0.0060  0.0240  0.9700  
  9        9  (24)      1 :  0.0410  0.0310  0.9279  
 10       10  (31)      1 :  0.0530  0.0940  0.8530  
 11       11  (28)      1 :  0.0900  0.0400  0.8700  
 12       12  (24)      1 :  0.0080  0.0120  0.9800  
 13       13  (10)      1 :  0.0120  0.0360  0.9520  
 14       14  (53)      1 :  0.0320  0.0260  0.9420  
 15       15  (16)      1 :  0.0140  0.0260  0.9600  
 16       16  (15)      2 :  0.9630  0.0280  0.0090  
 17       17  (14)      2 :  0.9800  0.0160  0.0040  
 18       18  (12)      2 :  0.9800  0.0140  0.0060  
 19       19  (13)      2 :  0.9610  0.0130  0.0260  
 20       20  (10)      2 :  0.9140  0.0650  0.0210  
 21       21  (30)      2 :  0.9830  0.0100  0.0070  
 22       22  (12)      2 :  0.8579  0.1271  0.0150  
 23       23  (11)      2 :  0.9780  0.0100  0.0120  
 24       24  (16)      2 :  0.7350  0.0110  0.2540  
 25       25  (46)      2 :  0.8900  0.0800  0.0300  
 26       26  (15)      2 :  0.6150  0.0420  0.3430  
 27       27  (33)      2 :  0.6923  0.0500  0.2577  
 28       28  (17)      2 :  0.9820  0.0120  0.0060  
 29       29  (31)      2 :  0.9530  0.0080  0.0390  
 30       30  (17)      2 :  0.9810  0.0080  0.0110  
 31       31   (9)      2 :  0.9740  0.0100  0.0160  
 32       32  (33)      3 :  0.9280  0.0360  0.0360  
 33       33  (12)      3 :  0.9120  0.0180  0.0700  
 34       34  (30)      3 :  0.8810  0.1000  0.0190  
 35       35  (12)      3 :  0.9750  0.0160  0.0090  
 36       36  (22)      3 :  0.9620  0.0150  0.0230  
 37       37  (52)      3 :  0.9700  0.0050  0.0250  
 38       38  (45)      3 :  0.7003  0.2667  0.0330  
 39       39  (28)      3 :  0.9500  0.0390  0.0110  
 40       40  (14)      3 :  0.8342  0.0549  0.1109  
 41       41  (20)      3 :  0.9860  0.0080  0.0060  
 42       42  (63)      3 :  0.9750  0.0130  0.0120  
 43       43  (13)      3 :  0.9401  0.0070  0.0529  
 44       44  (26)      3 :  0.9640  0.0280  0.0080  
 45       45  (19)      3 :  0.9370  0.0550  0.0080  
 46       46  (22)      3 :  0.9900  0.0060  0.0040  
 47       47  (13)      4 :  0.0090  0.9780  0.0130  
 48       48  (12)      4 :  0.0310  0.9510  0.0180  
 49       49  (10)      4 :  0.2400  0.6800  0.0800  
 50       50  (25)      4 :  0.0060  0.9900  0.0040  
 51       51   (9)      4 :  0.0110  0.9459  0.0430  
 52       52   (9)      4 :  0.0160  0.8780  0.1060  
 53       53  (41)      4 :  0.0070  0.9890  0.0040  
 54       54  (15)      4 :  0.1730  0.3240  0.5030  
 55       55  (18)      4 :  0.0160  0.9479  0.0360  
 56       56   (8)      4 :  0.1320  0.8490  0.0190  
 57       57  (14)      4 :  0.2160  0.7570  0.0270  
 58       58  (10)      4 :  0.1850  0.7820  0.0330  
 59       59  (16)      4 :  0.0080  0.8450  0.1470  
 60       60  (11)      4 :  0.0310  0.4294  0.5395  
 61       61  (35)      5 :  0.0060  0.9850  0.0090  
 62       62  (15)      5 :  0.0120  0.9720  0.0160  
 63       63  (51)      5 :  0.0060  0.9269  0.0671  
 64       64  (20)      5 :  0.0080  0.9820  0.0100  
 65       65  (26)      5 :  0.0050  0.9920  0.0030  
 66       66  (16)      5 :  0.0340  0.9370  0.0290  
 67       67  (10)      5 :  0.0530  0.6830  0.2640  
 68       68   (9)      5 :  0.0110  0.9780  0.0110  
 69       69  (39)      5 :  0.0090  0.9540  0.0370  
 70       70  (17)      5 :  0.0120  0.9400  0.0480  
 71       71  (28)      5 :  0.0370  0.9530  0.0100  
 72       72  (53)      5 :  0.0320  0.9420  0.0260  
 73       73  (21)      5 :  0.0070  0.9890  0.0040  
 74       74  (11)      5 :  0.0080  0.9840  0.0080  
 75       75  (16)      5 :  0.0050  0.9900  0.0050  
 76       76  (23)      6 :  0.1600  0.7040  0.1360  
 77       77  (13)      6 :  0.1998  0.7572  0.0430  
 78       78  (22)      6 :  0.0050  0.9790  0.0160  
 79       79  (16)      6 :  0.4250  0.5700  0.0050  
 80       80  (20)      6 :  0.0830  0.8720  0.0450  
 81       81  (10)      6 :  0.0280  0.9330  0.0390  
 82       82  (28)      6 :  0.0160  0.9640  0.0200  
 83       83  (15)      6 :  0.3910  0.5990  0.0100  
 84       84  (19)      6 :  0.1091  0.8759  0.0150  
 85       85  (10)      6 :  0.2340  0.7520  0.0140  
 86       86  (26)      6 :  0.0240  0.9640  0.0120  
 87       87  (47)      6 :  0.0680  0.8980  0.0340  
 88       88  (26)      6 :  0.0270  0.8850  0.0880  
 89       89  (13)      6 :  0.0060  0.9439  0.0501  
 90       90  (26)      6 :  0.0280  0.7938  0.1782  
 91       91  (19)      6 :  0.1640  0.8250  0.0110  
 92       92  (11)      7 :  0.1011  0.0080  0.8909  
 93       93  (20)      7 :  0.0190  0.0180  0.9630  
 94       94  (29)      7 :  0.0050  0.0040  0.9910  
 95       95   (7)      7 :  0.0070  0.0310  0.9620  
 96       96  (41)      7 :  0.0110  0.0160  0.9730  
 97       97  (25)      7 :  0.0740  0.3420  0.5840  
 98       98  (13)      7 :  0.0060  0.0180  0.9760  
 99       99  (21)      7 :  0.0090  0.0230  0.9680  
100      100  (16)      7 :  0.0100  0.0110  0.9790  
101      101  (62)      7 :  0.0340  0.0830  0.8830  
102      102  (15)      7 :  0.0170  0.0170  0.9660  
103      103  (18)      7 :  0.0190  0.0911  0.8899  
104      104  (21)      7 :  0.0160  0.0170  0.9670  
105      105  (18)      7 :  0.0560  0.0130  0.9310  
