  1        1  (18)      1 :  0.0040  0.0050  0.9840  0.0070  
  2        2   (9)      1 :  0.0030  0.0040  0.9740  0.0190  
  3        3  (20)      1 :  0.0170  0.0080  0.9640  0.0110  
  4        4  (12)      1 :  0.0050  0.0020  0.9900  0.0030  
  5        5  (74)      1 :  0.0210  0.0130  0.9499  0.0160  
  6        6  (23)      1 :  0.0070  0.0100  0.9770  0.0060  
  7        7  (22)      1 :  0.0040  0.0060  0.9840  0.0060  
  8        8  (33)      1 :  0.0040  0.0040  0.9800  0.0120  
  9        9  (24)      1 :  0.0110  0.0270  0.9420  0.0200  
 10       10  (31)      1 :  0.0120  0.0330  0.9390  0.0160  
 11       11  (28)      1 :  0.0789  0.0250  0.8771  0.0190  
 12       12  (24)      1 :  0.0090  0.0050  0.9820  0.0040  
 13       13  (10)      1 :  0.0030  0.0060  0.9120  0.0790  
 14       14  (53)      1 :  0.0040  0.0090  0.9790  0.0080  
 15       15  (16)      1 :  0.0030  0.0070  0.9710  0.0190  
 16       16  (15)      2 :  0.0260  0.9271  0.0050  0.0420  
 17       17  (14)      2 :  0.0130  0.9710  0.0060  0.0100  
 18       18  (12)      2 :  0.0110  0.9730  0.0040  0.0120  
 19       19  (13)      2 :  0.0040  0.9700  0.0120  0.0140  
 20       20  (10)      2 :  0.1470  0.8390  0.0050  0.0090  
 21       21  (30)      2 :  0.0090  0.9670  0.0040  0.0200  
 22       22  (12)      2 :  0.0230  0.9451  0.0110  0.0210  
 23       23  (11)      2 :  0.0080  0.9670  0.0050  0.0200  
 24       24  (16)      2 :  0.0040  0.8800  0.1030  0.0130  
 25       25  (46)      2 :  0.0130  0.7240  0.0070  0.2560  
 26       26  (15)      2 :  0.0170  0.7820  0.1920  0.0090  
 27       27  (33)      2 :  0.0060  0.7380  0.2460  0.0100  
 28       28  (17)      2 :  0.0310  0.9600  0.0040  0.0050  
 29       29  (31)      2 :  0.0110  0.9690  0.0130  0.0070  
 30       30  (17)      2 :  0.0040  0.9850  0.0070  0.0040  
 31       31   (9)      2 :  0.0070  0.9790  0.0090  0.0050  
 32       32  (33)      3 :  0.0120  0.9620  0.0170  0.0090  
 33       33  (12)      3 :  0.0130  0.9610  0.0150  0.0110  
 34       34  (30)      3 :  0.0370  0.9181  0.0090  0.0360  
 35       35  (12)      3 :  0.0040  0.9790  0.0060  0.0110  
 36       36  (22)      3 :  0.0080  0.9001  0.0270  0.0649  
 37       37  (52)      3 :  0.0030  0.9840  0.0100  0.0030  
 38       38  (45)      3 :  0.0620  0.8000  0.0150  0.1230  
 39       39  (28)      3 :  0.0110  0.9610  0.0090  0.0190  
 40       40  (14)      3 :  0.0080  0.7790  0.0820  0.1310  
 41       41  (20)      3 :  0.0030  0.9920  0.0030  0.0020  
 42       42  (63)      3 :  0.0050  0.9650  0.0110  0.0190  
 43       43  (13)      3 :  0.0030  0.9670  0.0260  0.0040  
 44       44  (26)      3 :  0.0030  0.9820  0.0060  0.0090  
 45       45  (19)      3 :  0.0300  0.9560  0.0050  0.0090  
 46       46  (22)      3 :  0.0020  0.9890  0.0020  0.0070  
 47       47  (13)      4 :  0.0050  0.0030  0.0050  0.9870  
 48       48  (12)      4 :  0.0050  0.0100  0.0040  0.9810  
 49       49  (10)      4 :  0.0060  0.3037  0.0110  0.6793  
 50       50  (25)      4 :  0.0170  0.0020  0.0020  0.9790  
 51       51   (9)      4 :  0.0750  0.0110  0.0260  0.8880  
 52       52   (9)      4 :  0.0020  0.0030  0.0030  0.9920  
 53       53  (41)      4 :  0.0030  0.0030  0.0020  0.9920  
 54       54  (15)      4 :  0.0070  0.0610  0.0450  0.8870  
 55       55  (18)      4 :  0.0030  0.0050  0.0080  0.9840  
 56       56   (8)      4 :  0.1640  0.1410  0.0160  0.6790  
 57       57  (14)      4 :  0.0080  0.1300  0.0370  0.8250  
 58       58  (10)      4 :  0.0240  0.0510  0.0110  0.9140  
 59       59  (16)      4 :  0.0360  0.0050  0.2458  0.7133  
 60       60  (11)      4 :  0.0080  0.0030  0.4000  0.5890  
 61       61  (35)      5 :  0.9900  0.0020  0.0040  0.0040  
 62       62  (15)      5 :  0.9221  0.0070  0.0519  0.0190  
 63       63  (51)      5 :  0.9660  0.0040  0.0250  0.0050  
 64       64  (20)      5 :  0.9740  0.0070  0.0100  0.0090  
 65       65  (26)      5 :  0.9910  0.0030  0.0020  0.0040  
 66       66  (16)      5 :  0.8450  0.0980  0.0390  0.0180  
 67       67  (10)      5 :  0.7592  0.0150  0.2198  0.0060  
 68       68   (9)      5 :  0.9490  0.0120  0.0170  0.0220  
 69       69  (39)      5 :  0.9640  0.0050  0.0160  0.0150  
 70       70  (17)      5 :  0.9810  0.0070  0.0080  0.0040  
 71       71  (28)      5 :  0.9301  0.0529  0.0050  0.0120  
 72       72  (53)      5 :  0.8771  0.0320  0.0180  0.0729  
 73       73  (21)      5 :  0.9870  0.0050  0.0040  0.0040  
 74       74  (11)      5 :  0.9840  0.0060  0.0040  0.0060  
 75       75  (16)      5 :  0.8180  0.0040  0.0030  0.1750  
 76       76  (23)      6 :  0.0699  0.0529  0.0869  0.7902  
 77       77  (13)      6 :  0.0040  0.0569  0.0210  0.9181  
 78       78  (22)      6 :  0.0270  0.0110  0.0090  0.9530  
 79       79  (16)      6 :  0.0010  0.0230  0.0020  0.9740  
 80       80  (20)      6 :  0.0320  0.0350  0.0130  0.9201  
 81       81  (10)      6 :  0.0100  0.0070  0.0110  0.9720  
 82       82  (28)      6 :  0.0200  0.0070  0.0240  0.9489  
 83       83  (15)      6 :  0.0070  0.1522  0.0050  0.8358  
 84       84  (19)      6 :  0.0370  0.0400  0.0080  0.9150  
 85       85  (10)      6 :  0.0050  0.0090  0.0070  0.9790  
 86       86  (26)      6 :  0.0621  0.0050  0.0100  0.9229  
 87       87  (47)      6 :  0.0040  0.0130  0.0130  0.9700  
 88       88  (26)      6 :  0.0170  0.0100  0.0210  0.9520  
 89       89  (13)      6 :  0.0170  0.0040  0.0090  0.9700  
 90       90  (26)      6 :  0.0440  0.0390  0.1860  0.7310  
 91       91  (19)      6 :  0.1110  0.1660  0.0070  0.7160  
 92       92  (11)      7 :  0.0060  0.0580  0.9290  0.0070  
 93       93  (20)      7 :  0.0230  0.0080  0.9580  0.0110  
 94       94  (29)      7 :  0.0040  0.0050  0.9880  0.0030  
 95       95   (7)      7 :  0.0060  0.0070  0.9670  0.0200  
 96       96  (41)      7 :  0.0060  0.0060  0.9820  0.0060  
 97       97  (25)      7 :  0.0070  0.0260  0.4945  0.4725  
 98       98  (13)      7 :  0.0070  0.0040  0.9700  0.0190  
 99       99  (21)      7 :  0.0130  0.0050  0.9740  0.0080  
100      100  (16)      7 :  0.0040  0.0290  0.9451  0.0220  
101      101  (62)      7 :  0.0060  0.0530  0.8910  0.0500  
102      102  (15)      7 :  0.0639  0.0210  0.9001  0.0150  
103      103  (18)      7 :  0.0530  0.0240  0.8360  0.0870  
104      104  (21)      7 :  0.0220  0.0180  0.9510  0.0090  
105      105  (18)      7 :  0.0080  0.0370  0.9490  0.0060  
