  1        1  (18)      1 :  0.0020  0.0040  0.0060  0.0020  0.0050  0.0050  0.9740  0.0020  
  2        2   (9)      1 :  0.0030  0.0100  0.0190  0.0050  0.0020  0.0010  0.9560  0.0040  
  3        3  (20)      1 :  0.0090  0.0090  0.0060  0.0040  0.0060  0.0020  0.9590  0.0050  
  4        4  (12)      1 :  0.0060  0.0030  0.0010  0.0060  0.0080  0.0030  0.9710  0.0020  
  5        5  (74)      1 :  0.0030  0.0200  0.0370  0.0130  0.0080  0.0160  0.8670  0.0360  
  6        6  (23)      1 :  0.0060  0.0080  0.0050  0.0070  0.0060  0.0060  0.9570  0.0050  
  7        7  (22)      1 :  0.0050  0.0060  0.0010  0.0040  0.0010  0.0030  0.9750  0.0050  
  8        8  (33)      1 :  0.0040  0.0050  0.0869  0.0050  0.0050  0.0030  0.8891  0.0020  
  9        9  (24)      1 :  0.0150  0.0060  0.0050  0.0110  0.0220  0.0150  0.9219  0.0040  
 10       10  (31)      1 :  0.0170  0.0170  0.0130  0.0050  0.0060  0.0030  0.9251  0.0140  
 11       11  (28)      1 :  0.0360  0.0090  0.0260  0.0521  0.0250  0.0060  0.7998  0.0460  
 12       12  (24)      1 :  0.0120  0.0070  0.0030  0.0450  0.0080  0.0180  0.9040  0.0030  
 13       13  (10)      1 :  0.0060  0.0090  0.0501  0.0040  0.0020  0.0010  0.9189  0.0090  
 14       14  (53)      1 :  0.0100  0.0200  0.0040  0.0140  0.0030  0.0020  0.9311  0.0160  
 15       15  (16)      1 :  0.0010  0.0030  0.0040  0.0020  0.0020  0.0010  0.9580  0.0290  
 16       16  (15)      2 :  0.9520  0.0190  0.0020  0.0020  0.0090  0.0080  0.0020  0.0060  
 17       17  (14)      2 :  0.8709  0.0210  0.0130  0.0020  0.0020  0.0030  0.0030  0.0851  
 18       18  (12)      2 :  0.9440  0.0070  0.0050  0.0090  0.0060  0.0130  0.0030  0.0130  
 19       19  (13)      2 :  0.8468  0.0380  0.0060  0.0320  0.0040  0.0350  0.0150  0.0230  
 20       20  (10)      2 :  0.9091  0.0030  0.0020  0.0050  0.0729  0.0030  0.0030  0.0020  
 21       21  (30)      2 :  0.9550  0.0060  0.0120  0.0030  0.0050  0.0120  0.0040  0.0030  
 22       22  (12)      2 :  0.8860  0.0110  0.0210  0.0050  0.0310  0.0050  0.0340  0.0070  
 23       23  (11)      2 :  0.9370  0.0020  0.0430  0.0040  0.0030  0.0030  0.0040  0.0040  
 24       24  (16)      2 :  0.8460  0.0080  0.0160  0.0590  0.0030  0.0100  0.0410  0.0170  
 25       25  (46)      2 :  0.0020  0.0010  0.0010  0.0020  0.0020  0.9900  0.0010  0.0010  
 26       26  (15)      2 :  0.8478  0.0040  0.0200  0.0170  0.0360  0.0020  0.0701  0.0030  
 27       27  (33)      2 :  0.8681  0.0070  0.0080  0.0949  0.0040  0.0070  0.0070  0.0040  
 28       28  (17)      2 :  0.9140  0.0030  0.0020  0.0020  0.0060  0.0660  0.0040  0.0030  
 29       29  (31)      2 :  0.9011  0.0100  0.0040  0.0490  0.0070  0.0120  0.0040  0.0130  
 30       30  (17)      2 :  0.9760  0.0050  0.0030  0.0020  0.0030  0.0030  0.0050  0.0030  
 31       31   (9)      2 :  0.9650  0.0050  0.0030  0.0040  0.0020  0.0050  0.0090  0.0070  
 32       32  (33)      3 :  0.0110  0.0110  0.0060  0.0570  0.0340  0.0120  0.0040  0.8650  
 33       33  (12)      3 :  0.2472  0.0210  0.0070  0.0150  0.0070  0.0020  0.0531  0.6476  
 34       34  (30)      3 :  0.0090  0.0130  0.0100  0.0430  0.0290  0.0410  0.0030  0.8519  
 35       35  (12)      3 :  0.0270  0.0260  0.0180  0.0140  0.0110  0.0040  0.0410  0.8590  
 36       36  (22)      3 :  0.0100  0.0330  0.0100  0.0080  0.0040  0.0020  0.0170  0.9160  
 37       37  (52)      3 :  0.0020  0.0010  0.0020  0.0020  0.0010  0.0010  0.0040  0.9870  
 38       38  (45)      3 :  0.0030  0.0170  0.0070  0.0050  0.0120  0.0960  0.0050  0.8550  
 39       39  (28)      3 :  0.0070  0.0160  0.0420  0.0220  0.0100  0.0020  0.0030  0.8980  
 40       40  (14)      3 :  0.0040  0.0180  0.0180  0.0030  0.0070  0.0971  0.1622  0.6907  
 41       41  (20)      3 :  0.0030  0.0020  0.0020  0.0010  0.0040  0.0020  0.0070  0.9790  
 42       42  (63)      3 :  0.0100  0.0060  0.0080  0.0140  0.0030  0.0040  0.0060  0.9490  
 43       43  (13)      3 :  0.1089  0.0030  0.0020  0.2637  0.0030  0.0030  0.0030  0.6134  
 44       44  (26)      3 :  0.0140  0.0040  0.0050  0.0040  0.0050  0.0030  0.0040  0.9610  
 45       45  (19)      3 :  0.0080  0.0040  0.0230  0.0060  0.0439  0.0060  0.0040  0.9052  
 46       46  (22)      3 :  0.0010  0.0020  0.0030  0.0020  0.0010  0.0010  0.0010  0.9890  
 47       47  (13)      4 :  0.0070  0.0180  0.9459  0.0050  0.0080  0.0120  0.0020  0.0020  
 48       48  (12)      4 :  0.0030  0.0050  0.9770  0.0020  0.0040  0.0020  0.0020  0.0050  
 49       49  (10)      4 :  0.0070  0.0040  0.8200  0.0030  0.0030  0.1450  0.0050  0.0130  
 50       50  (25)      4 :  0.0010  0.0080  0.9680  0.0020  0.0130  0.0030  0.0020  0.0030  
 51       51   (9)      4 :  0.0100  0.0380  0.8278  0.0050  0.0931  0.0030  0.0190  0.0040  
 52       52   (9)      4 :  0.0060  0.0220  0.9410  0.0110  0.0070  0.0020  0.0060  0.0050  
 53       53  (41)      4 :  0.0010  0.0010  0.9920  0.0010  0.0010  0.0010  0.0010  0.0020  
 54       54  (15)      4 :  0.0210  0.0050  0.9211  0.0200  0.0070  0.0100  0.0110  0.0050  
 55       55  (18)      4 :  0.0020  0.2677  0.6863  0.0210  0.0050  0.0030  0.0070  0.0080  
 56       56   (8)      4 :  0.0070  0.0050  0.8112  0.0410  0.0210  0.0100  0.0090  0.0959  
 57       57  (14)      4 :  0.0450  0.0040  0.7640  0.0050  0.0040  0.1450  0.0110  0.0220  
 58       58  (10)      4 :  0.0340  0.0160  0.7400  0.0080  0.0420  0.0040  0.0200  0.1360  
 59       59  (16)      4 :  0.0030  0.0160  0.7000  0.0050  0.0160  0.0300  0.2250  0.0050  
 60       60  (11)      4 :  0.0200  0.0810  0.4780  0.3730  0.0090  0.0030  0.0320  0.0040  
 61       61  (35)      5 :  0.0020  0.0090  0.0020  0.0020  0.9800  0.0010  0.0020  0.0020  
 62       62  (15)      5 :  0.0030  0.0050  0.0260  0.0110  0.8679  0.0290  0.0551  0.0030  
 63       63  (51)      5 :  0.0070  0.0150  0.0080  0.0090  0.9160  0.0010  0.0390  0.0050  
 64       64  (20)      5 :  0.0040  0.0030  0.0100  0.0430  0.9341  0.0020  0.0020  0.0020  
 65       65  (26)      5 :  0.0010  0.0020  0.0020  0.0030  0.9880  0.0010  0.0010  0.0020  
 66       66  (16)      5 :  0.0790  0.0090  0.0110  0.0050  0.8720  0.0020  0.0190  0.0030  
 67       67  (10)      5 :  0.0320  0.0270  0.0070  0.1530  0.7310  0.0070  0.0310  0.0120  
 68       68   (9)      5 :  0.0290  0.0390  0.0090  0.0030  0.8871  0.0100  0.0130  0.0100  
 69       69  (39)      5 :  0.0070  0.0440  0.0090  0.0060  0.7980  0.0490  0.0840  0.0030  
 70       70  (17)      5 :  0.0080  0.0040  0.0020  0.0210  0.9510  0.0060  0.0030  0.0050  
 71       71  (28)      5 :  0.0380  0.0080  0.0050  0.0050  0.9281  0.0060  0.0020  0.0080  
 72       72  (53)      5 :  0.0060  0.0280  0.0590  0.0080  0.7860  0.0090  0.0220  0.0820  
 73       73  (21)      5 :  0.0010  0.0030  0.0070  0.0020  0.9750  0.0030  0.0040  0.0050  
 74       74  (11)      5 :  0.0050  0.0050  0.0040  0.0040  0.9760  0.0010  0.0030  0.0020  
 75       75  (16)      5 :  0.0040  0.0380  0.0310  0.0020  0.8320  0.0850  0.0050  0.0030  
 76       76  (23)      6 :  0.0200  0.6380  0.1300  0.0470  0.0350  0.0180  0.0300  0.0820  
 77       77  (13)      6 :  0.0400  0.8511  0.0410  0.0140  0.0030  0.0060  0.0350  0.0100  
 78       78  (22)      6 :  0.0050  0.9580  0.0050  0.0030  0.0110  0.0030  0.0090  0.0060  
 79       79  (16)      6 :  0.0390  0.9420  0.0040  0.0020  0.0020  0.0020  0.0030  0.0060  
 80       80  (20)      6 :  0.0200  0.9451  0.0040  0.0020  0.0130  0.0060  0.0070  0.0030  
 81       81  (10)      6 :  0.0040  0.9410  0.0210  0.0130  0.0050  0.0100  0.0040  0.0020  
 82       82  (28)      6 :  0.0030  0.9640  0.0020  0.0100  0.0130  0.0020  0.0040  0.0020  
 83       83  (15)      6 :  0.2977  0.6703  0.0120  0.0050  0.0020  0.0030  0.0030  0.0070  
 84       84  (19)      6 :  0.0160  0.9280  0.0040  0.0070  0.0090  0.0200  0.0080  0.0080  
 85       85  (10)      6 :  0.0100  0.9560  0.0090  0.0060  0.0030  0.0020  0.0070  0.0070  
 86       86  (26)      6 :  0.0030  0.9120  0.0110  0.0030  0.0090  0.0330  0.0050  0.0240  
 87       87  (47)      6 :  0.0040  0.9560  0.0050  0.0030  0.0040  0.0030  0.0140  0.0110  
 88       88  (26)      6 :  0.0100  0.9419  0.0030  0.0070  0.0070  0.0040  0.0250  0.0020  
 89       89  (13)      6 :  0.0020  0.9590  0.0150  0.0050  0.0050  0.0020  0.0100  0.0020  
 90       90  (26)      6 :  0.0020  0.8190  0.0030  0.0400  0.0170  0.0040  0.0050  0.1100  
 91       91  (19)      6 :  0.0120  0.8450  0.0060  0.0070  0.0970  0.0040  0.0040  0.0250  
 92       92  (11)      7 :  0.0070  0.0090  0.0010  0.9580  0.0030  0.0050  0.0020  0.0150  
 93       93  (20)      7 :  0.0090  0.0100  0.0020  0.9510  0.0090  0.0060  0.0040  0.0090  
 94       94  (29)      7 :  0.0200  0.0040  0.0010  0.9520  0.0030  0.0020  0.0160  0.0020  
 95       95   (7)      7 :  0.0020  0.0060  0.0050  0.9760  0.0020  0.0020  0.0030  0.0040  
 96       96  (41)      7 :  0.0020  0.0020  0.0030  0.9840  0.0020  0.0030  0.0010  0.0030  
 97       97  (25)      7 :  0.0060  0.5506  0.0080  0.4194  0.0030  0.0020  0.0080  0.0030  
 98       98  (13)      7 :  0.0040  0.0080  0.0300  0.9410  0.0050  0.0020  0.0080  0.0020  
 99       99  (21)      7 :  0.0020  0.0020  0.0020  0.9709  0.0110  0.0070  0.0030  0.0020  
100      100  (16)      7 :  0.0080  0.0090  0.0080  0.9090  0.0030  0.0050  0.0480  0.0100  
101      101  (62)      7 :  0.0080  0.1410  0.0360  0.6970  0.0070  0.0020  0.0070  0.1020  
102      102  (15)      7 :  0.0100  0.0070  0.0190  0.9121  0.0190  0.0010  0.0240  0.0080  
103      103  (18)      7 :  0.0090  0.0130  0.0420  0.8492  0.0629  0.0080  0.0080  0.0080  
104      104  (21)      7 :  0.0040  0.0070  0.0020  0.9690  0.0050  0.0030  0.0030  0.0070  
105      105  (18)      7 :  0.0060  0.0070  0.0050  0.8991  0.0090  0.0020  0.0390  0.0330  
