  1        1  (18)      1 :  0.0020  0.0050  0.9560  0.0100  0.0060  0.0060  0.0150  
  2        2   (9)      1 :  0.0030  0.0050  0.9709  0.0020  0.0020  0.0110  0.0060  
  3        3  (20)      1 :  0.0030  0.0040  0.9720  0.0040  0.0080  0.0060  0.0030  
  4        4  (12)      1 :  0.0020  0.0120  0.9650  0.0030  0.0130  0.0030  0.0020  
  5        5  (74)      1 :  0.0380  0.0140  0.8330  0.0040  0.0110  0.0140  0.0860  
  6        6  (23)      1 :  0.0050  0.0040  0.9770  0.0040  0.0030  0.0040  0.0030  
  7        7  (22)      1 :  0.0050  0.0040  0.9750  0.0030  0.0030  0.0080  0.0020  
  8        8  (33)      1 :  0.0030  0.0040  0.9370  0.0030  0.0020  0.0070  0.0440  
  9        9  (24)      1 :  0.0040  0.0080  0.9461  0.0180  0.0110  0.0040  0.0090  
 10       10  (31)      1 :  0.0220  0.0030  0.9389  0.0110  0.0060  0.0050  0.0140  
 11       11  (28)      1 :  0.0340  0.0440  0.8529  0.0240  0.0170  0.0190  0.0090  
 12       12  (24)      1 :  0.0040  0.1179  0.8412  0.0170  0.0090  0.0080  0.0030  
 13       13  (10)      1 :  0.0120  0.0050  0.9249  0.0040  0.0020  0.0070  0.0450  
 14       14  (53)      1 :  0.0210  0.0150  0.9309  0.0090  0.0060  0.0140  0.0040  
 15       15  (16)      1 :  0.0220  0.0010  0.9710  0.0010  0.0010  0.0020  0.0020  
 16       16  (15)      2 :  0.0210  0.0020  0.0040  0.9259  0.0080  0.0370  0.0020  
 17       17  (14)      2 :  0.0310  0.0010  0.0030  0.9361  0.0050  0.0210  0.0030  
 18       18  (12)      2 :  0.0110  0.0090  0.0040  0.9489  0.0090  0.0060  0.0120  
 19       19  (13)      2 :  0.0200  0.0210  0.0110  0.8829  0.0030  0.0571  0.0050  
 20       20  (10)      2 :  0.0020  0.0020  0.0030  0.9650  0.0230  0.0030  0.0020  
 21       21  (30)      2 :  0.0060  0.0020  0.0040  0.9650  0.0070  0.0060  0.0100  
 22       22  (12)      2 :  0.0100  0.0060  0.0180  0.8721  0.0529  0.0240  0.0170  
 23       23  (11)      2 :  0.0060  0.0060  0.0030  0.9150  0.0010  0.0020  0.0670  
 24       24  (16)      2 :  0.0550  0.0860  0.0730  0.7370  0.0030  0.0060  0.0400  
 25       25  (46)      2 :  0.0080  0.0250  0.0010  0.9409  0.0060  0.0150  0.0040  
 26       26  (15)      2 :  0.0060  0.0100  0.1151  0.8178  0.0140  0.0040  0.0330  
 27       27  (33)      2 :  0.0020  0.0999  0.0060  0.8801  0.0020  0.0050  0.0050  
 28       28  (17)      2 :  0.0020  0.0020  0.0030  0.9810  0.0060  0.0030  0.0030  
 29       29  (31)      2 :  0.0060  0.0220  0.0030  0.9600  0.0030  0.0040  0.0020  
 30       30  (17)      2 :  0.0020  0.0040  0.0050  0.9790  0.0030  0.0040  0.0030  
 31       31   (9)      2 :  0.0060  0.0070  0.0130  0.9650  0.0020  0.0050  0.0020  
 32       32  (33)      3 :  0.9341  0.0280  0.0070  0.0060  0.0130  0.0080  0.0040  
 33       33  (12)      3 :  0.8030  0.0110  0.0420  0.0370  0.0090  0.0850  0.0130  
 34       34  (30)      3 :  0.8959  0.0621  0.0030  0.0050  0.0120  0.0080  0.0140  
 35       35  (12)      3 :  0.9321  0.0050  0.0170  0.0140  0.0080  0.0130  0.0110  
 36       36  (22)      3 :  0.9280  0.0080  0.0220  0.0080  0.0060  0.0140  0.0140  
 37       37  (52)      3 :  0.9880  0.0010  0.0030  0.0030  0.0010  0.0020  0.0020  
 38       38  (45)      3 :  0.8520  0.0090  0.0060  0.0050  0.0680  0.0370  0.0230  
 39       39  (28)      3 :  0.8820  0.0290  0.0040  0.0110  0.0170  0.0130  0.0440  
 40       40  (14)      3 :  0.6790  0.0050  0.1530  0.0040  0.0030  0.0130  0.1430  
 41       41  (20)      3 :  0.9800  0.0010  0.0100  0.0020  0.0030  0.0020  0.0020  
 42       42  (63)      3 :  0.9269  0.0200  0.0030  0.0190  0.0030  0.0130  0.0150  
 43       43  (13)      3 :  0.7250  0.2150  0.0050  0.0450  0.0020  0.0060  0.0020  
 44       44  (26)      3 :  0.9760  0.0030  0.0030  0.0050  0.0030  0.0050  0.0050  
 45       45  (19)      3 :  0.8871  0.0070  0.0070  0.0060  0.0639  0.0060  0.0230  
 46       46  (22)      3 :  0.9890  0.0030  0.0010  0.0010  0.0010  0.0020  0.0030  
 47       47  (13)      4 :  0.0020  0.0030  0.0030  0.0040  0.0110  0.0100  0.9670  
 48       48  (12)      4 :  0.0100  0.0050  0.0040  0.0030  0.0060  0.0050  0.9670  
 49       49  (10)      4 :  0.0150  0.0040  0.0090  0.0879  0.0030  0.0130  0.8681  
 50       50  (25)      4 :  0.0020  0.0020  0.0020  0.0010  0.0210  0.0050  0.9670  
 51       51   (9)      4 :  0.0030  0.0040  0.0240  0.0090  0.0240  0.0080  0.9279  
 52       52   (9)      4 :  0.0020  0.0030  0.0030  0.0040  0.0030  0.0050  0.9800  
 53       53  (41)      4 :  0.0030  0.0010  0.0010  0.0010  0.0020  0.0030  0.9890  
 54       54  (15)      4 :  0.0230  0.0090  0.0100  0.0160  0.0030  0.0060  0.9331  
 55       55  (18)      4 :  0.0090  0.0270  0.0120  0.0010  0.0030  0.0870  0.8610  
 56       56   (8)      4 :  0.0490  0.0519  0.0060  0.0100  0.0390  0.0040  0.8402  
 57       57  (14)      4 :  0.0640  0.0030  0.0090  0.0360  0.0040  0.0060  0.8780  
 58       58  (10)      4 :  0.0440  0.0060  0.0120  0.0090  0.0200  0.0050  0.9040  
 59       59  (16)      4 :  0.0080  0.0150  0.1419  0.0080  0.0220  0.0500  0.7552  
 60       60  (11)      4 :  0.0030  0.2740  0.0660  0.0060  0.0150  0.0510  0.5850  
 61       61  (35)      5 :  0.0020  0.0050  0.0030  0.0020  0.9810  0.0040  0.0030  
 62       62  (15)      5 :  0.0020  0.0050  0.0270  0.0100  0.9310  0.0070  0.0180  
 63       63  (51)      5 :  0.0040  0.0040  0.0350  0.0040  0.9361  0.0100  0.0070  
 64       64  (20)      5 :  0.0020  0.0350  0.0020  0.0090  0.9351  0.0080  0.0090  
 65       65  (26)      5 :  0.0030  0.0020  0.0010  0.0020  0.9880  0.0020  0.0020  
 66       66  (16)      5 :  0.0040  0.0050  0.0110  0.0920  0.8650  0.0080  0.0150  
 67       67  (10)      5 :  0.0050  0.1360  0.0160  0.0190  0.8070  0.0100  0.0070  
 68       68   (9)      5 :  0.0050  0.0040  0.0150  0.0120  0.9090  0.0340  0.0210  
 69       69  (39)      5 :  0.0020  0.0070  0.0820  0.0130  0.8560  0.0270  0.0130  
 70       70  (17)      5 :  0.0020  0.0220  0.0020  0.0060  0.9620  0.0040  0.0020  
 71       71  (28)      5 :  0.0060  0.0070  0.0030  0.0350  0.9351  0.0090  0.0050  
 72       72  (53)      5 :  0.1080  0.0140  0.0240  0.0070  0.8000  0.0230  0.0240  
 73       73  (21)      5 :  0.0070  0.0010  0.0020  0.0020  0.9810  0.0030  0.0040  
 74       74  (11)      5 :  0.0030  0.0030  0.0020  0.0020  0.9820  0.0050  0.0030  
 75       75  (16)      5 :  0.0030  0.0050  0.0080  0.0250  0.8680  0.0260  0.0650  
 76       76  (23)      6 :  0.0631  0.0531  0.0330  0.0130  0.1121  0.6957  0.0300  
 77       77  (13)      6 :  0.0150  0.0110  0.0250  0.0220  0.0030  0.6923  0.2318  
 78       78  (22)      6 :  0.0030  0.0020  0.0050  0.0080  0.0060  0.9730  0.0030  
 79       79  (16)      6 :  0.0040  0.0010  0.0030  0.0300  0.0020  0.9540  0.0060  
 80       80  (20)      6 :  0.0030  0.0030  0.0070  0.0140  0.0050  0.9660  0.0020  
 81       81  (10)      6 :  0.0030  0.0170  0.0040  0.0090  0.0110  0.8621  0.0939  
 82       82  (28)      6 :  0.0020  0.0190  0.0040  0.0030  0.0070  0.9610  0.0040  
 83       83  (15)      6 :  0.0040  0.0040  0.0020  0.2278  0.0030  0.7532  0.0060  
 84       84  (19)      6 :  0.0080  0.0060  0.0040  0.0410  0.0370  0.9010  0.0030  
 85       85  (10)      6 :  0.0060  0.0040  0.0140  0.0070  0.0040  0.9430  0.0220  
 86       86  (26)      6 :  0.0140  0.0030  0.0040  0.0030  0.0140  0.9540  0.0080  
 87       87  (47)      6 :  0.0070  0.0030  0.0080  0.0050  0.0030  0.9670  0.0070  
 88       88  (26)      6 :  0.0040  0.0060  0.0140  0.0110  0.0030  0.9550  0.0070  
 89       89  (13)      6 :  0.0020  0.0070  0.0180  0.0040  0.0070  0.8979  0.0641  
 90       90  (26)      6 :  0.1399  0.0450  0.0070  0.0030  0.0120  0.7902  0.0030  
 91       91  (19)      6 :  0.0320  0.0040  0.0040  0.0100  0.0899  0.8541  0.0060  
 92       92  (11)      7 :  0.0140  0.9650  0.0020  0.0060  0.0030  0.0080  0.0020  
 93       93  (20)      7 :  0.0110  0.9570  0.0050  0.0050  0.0120  0.0070  0.0030  
 94       94  (29)      7 :  0.0020  0.9640  0.0170  0.0070  0.0050  0.0030  0.0020  
 95       95   (7)      7 :  0.0030  0.9790  0.0030  0.0020  0.0020  0.0080  0.0030  
 96       96  (41)      7 :  0.0030  0.9840  0.0020  0.0030  0.0020  0.0020  0.0040  
 97       97  (25)      7 :  0.0050  0.5570  0.0150  0.0080  0.0070  0.4060  0.0020  
 98       98  (13)      7 :  0.0020  0.9249  0.0180  0.0040  0.0050  0.0070  0.0390  
 99       99  (21)      7 :  0.0020  0.9840  0.0020  0.0010  0.0030  0.0020  0.0060  
100      100  (16)      7 :  0.0100  0.8970  0.0490  0.0150  0.0040  0.0170  0.0080  
101      101  (62)      7 :  0.0420  0.8610  0.0040  0.0040  0.0050  0.0760  0.0080  
102      102  (15)      7 :  0.0080  0.9430  0.0150  0.0050  0.0160  0.0080  0.0050  
103      103  (18)      7 :  0.0120  0.8400  0.0140  0.0080  0.0260  0.0070  0.0930  
104      104  (21)      7 :  0.0080  0.9690  0.0040  0.0040  0.0060  0.0060  0.0030  
105      105  (18)      7 :  0.0320  0.8859  0.0581  0.0050  0.0060  0.0090  0.0040  
