  1        1  (18)      1 :  0.0010  0.0040  0.9700  0.0050  0.0030  0.0030  0.0140  
  2        2   (9)      1 :  0.0030  0.0060  0.9710  0.0020  0.0020  0.0040  0.0120  
  3        3  (20)      1 :  0.0030  0.0040  0.9620  0.0100  0.0120  0.0050  0.0040  
  4        4  (12)      1 :  0.0020  0.0100  0.9700  0.0020  0.0100  0.0040  0.0020  
  5        5  (74)      1 :  0.0070  0.0050  0.9660  0.0030  0.0070  0.0060  0.0060  
  6        6  (23)      1 :  0.0040  0.0170  0.9550  0.0060  0.0040  0.0070  0.0070  
  7        7  (22)      1 :  0.0040  0.0020  0.9820  0.0030  0.0020  0.0050  0.0020  
  8        8  (33)      1 :  0.0030  0.0050  0.9500  0.0020  0.0020  0.0040  0.0340  
  9        9  (24)      1 :  0.0070  0.0230  0.8909  0.0330  0.0260  0.0100  0.0100  
 10       10  (31)      1 :  0.0100  0.0030  0.9670  0.0060  0.0050  0.0060  0.0030  
 11       11  (28)      1 :  0.0250  0.0659  0.7612  0.0210  0.0789  0.0300  0.0180  
 12       12  (24)      1 :  0.0030  0.2923  0.6807  0.0070  0.0050  0.0100  0.0020  
 13       13  (10)      1 :  0.0100  0.0050  0.8921  0.0040  0.0020  0.0150  0.0719  
 14       14  (53)      1 :  0.0220  0.0340  0.9049  0.0110  0.0040  0.0180  0.0060  
 15       15  (16)      1 :  0.0170  0.0010  0.9750  0.0010  0.0010  0.0030  0.0020  
 16       16  (15)      2 :  0.0140  0.0040  0.0030  0.8761  0.0160  0.0849  0.0020  
 17       17  (14)      2 :  0.0200  0.0010  0.0170  0.9369  0.0110  0.0090  0.0050  
 18       18  (12)      2 :  0.0170  0.0070  0.0020  0.9331  0.0130  0.0150  0.0130  
 19       19  (13)      2 :  0.0320  0.0639  0.0080  0.8322  0.0030  0.0569  0.0040  
 20       20  (10)      2 :  0.0020  0.0030  0.0020  0.9640  0.0210  0.0020  0.0060  
 21       21  (30)      2 :  0.0060  0.0020  0.0030  0.9691  0.0050  0.0070  0.0080  
 22       22  (12)      2 :  0.0070  0.0060  0.0300  0.9081  0.0190  0.0140  0.0160  
 23       23  (11)      2 :  0.0040  0.0030  0.0020  0.9009  0.0020  0.0010  0.0871  
 24       24  (16)      2 :  0.0130  0.0260  0.0220  0.8890  0.0030  0.0040  0.0430  
 25       25  (46)      2 :  0.0100  0.0480  0.0030  0.6610  0.0060  0.2630  0.0090  
 26       26  (15)      2 :  0.0050  0.0120  0.0750  0.8720  0.0110  0.0040  0.0210  
 27       27  (33)      2 :  0.0020  0.0980  0.0050  0.8840  0.0040  0.0040  0.0030  
 28       28  (17)      2 :  0.0030  0.0020  0.0030  0.9710  0.0140  0.0040  0.0030  
 29       29  (31)      2 :  0.0030  0.0260  0.0040  0.9540  0.0020  0.0080  0.0030  
 30       30  (17)      2 :  0.0030  0.0030  0.0040  0.9840  0.0020  0.0020  0.0020  
 31       31   (9)      2 :  0.0140  0.0030  0.0070  0.9650  0.0030  0.0050  0.0030  
 32       32  (33)      3 :  0.9520  0.0130  0.0060  0.0040  0.0070  0.0060  0.0120  
 33       33  (12)      3 :  0.7180  0.0100  0.0870  0.1420  0.0150  0.0230  0.0050  
 34       34  (30)      3 :  0.9040  0.0210  0.0040  0.0060  0.0290  0.0230  0.0130  
 35       35  (12)      3 :  0.9299  0.0070  0.0110  0.0240  0.0060  0.0100  0.0120  
 36       36  (22)      3 :  0.8870  0.0100  0.0200  0.0110  0.0090  0.0180  0.0450  
 37       37  (52)      3 :  0.9870  0.0020  0.0020  0.0030  0.0020  0.0020  0.0020  
 38       38  (45)      3 :  0.8932  0.0150  0.0050  0.0030  0.0210  0.0389  0.0240  
 39       39  (28)      3 :  0.9089  0.0350  0.0050  0.0060  0.0110  0.0140  0.0200  
 40       40  (14)      3 :  0.7020  0.0020  0.2440  0.0040  0.0020  0.0110  0.0350  
 41       41  (20)      3 :  0.9830  0.0010  0.0050  0.0030  0.0040  0.0020  0.0020  
 42       42  (63)      3 :  0.8651  0.0629  0.0100  0.0300  0.0050  0.0130  0.0140  
 43       43  (13)      3 :  0.7160  0.2600  0.0030  0.0150  0.0010  0.0030  0.0020  
 44       44  (26)      3 :  0.9700  0.0030  0.0050  0.0100  0.0030  0.0040  0.0050  
 45       45  (19)      3 :  0.8650  0.0050  0.0090  0.0120  0.0920  0.0030  0.0140  
 46       46  (22)      3 :  0.9890  0.0020  0.0010  0.0010  0.0010  0.0020  0.0040  
 47       47  (13)      4 :  0.0020  0.0050  0.0030  0.0040  0.0050  0.0250  0.9560  
 48       48  (12)      4 :  0.0140  0.0040  0.0030  0.0040  0.0030  0.0040  0.9680  
 49       49  (10)      4 :  0.0591  0.0030  0.0180  0.0490  0.0030  0.0160  0.8519  
 50       50  (25)      4 :  0.0020  0.0020  0.0020  0.0010  0.0110  0.0060  0.9760  
 51       51   (9)      4 :  0.0030  0.0070  0.0250  0.0060  0.0440  0.0040  0.9109  
 52       52   (9)      4 :  0.0020  0.0030  0.0030  0.0050  0.0020  0.0040  0.9810  
 53       53  (41)      4 :  0.0030  0.0010  0.0010  0.0010  0.0010  0.0020  0.9910  
 54       54  (15)      4 :  0.0070  0.0240  0.0230  0.0200  0.0040  0.0130  0.9089  
 55       55  (18)      4 :  0.0120  0.0150  0.0050  0.0020  0.0030  0.0480  0.9150  
 56       56   (8)      4 :  0.0820  0.0140  0.0090  0.0100  0.0500  0.0150  0.8200  
 57       57  (14)      4 :  0.0280  0.0060  0.0070  0.0220  0.0050  0.0100  0.9219  
 58       58  (10)      4 :  0.0621  0.0080  0.0210  0.0140  0.0200  0.0160  0.8589  
 59       59  (16)      4 :  0.0090  0.0080  0.1520  0.0060  0.0420  0.0140  0.7690  
 60       60  (11)      4 :  0.0050  0.2282  0.0891  0.0040  0.0180  0.0320  0.6236  
 61       61  (35)      5 :  0.0020  0.0050  0.0020  0.0020  0.9830  0.0030  0.0030  
 62       62  (15)      5 :  0.0040  0.0150  0.0420  0.0060  0.9110  0.0080  0.0140  
 63       63  (51)      5 :  0.0030  0.0050  0.0360  0.0030  0.9440  0.0060  0.0030  
 64       64  (20)      5 :  0.0020  0.0740  0.0020  0.0050  0.9000  0.0080  0.0090  
 65       65  (26)      5 :  0.0030  0.0020  0.0010  0.0010  0.9880  0.0030  0.0020  
 66       66  (16)      5 :  0.0070  0.0070  0.0220  0.1582  0.7798  0.0080  0.0180  
 67       67  (10)      5 :  0.0070  0.2192  0.0250  0.0190  0.7177  0.0100  0.0020  
 68       68   (9)      5 :  0.0020  0.0040  0.0380  0.0120  0.9141  0.0250  0.0050  
 69       69  (39)      5 :  0.0030  0.0060  0.0210  0.0070  0.9360  0.0160  0.0110  
 70       70  (17)      5 :  0.0060  0.0330  0.0020  0.0040  0.9469  0.0050  0.0030  
 71       71  (28)      5 :  0.0070  0.0040  0.0030  0.0740  0.8940  0.0120  0.0060  
 72       72  (53)      5 :  0.0310  0.0060  0.0160  0.0110  0.8519  0.0320  0.0521  
 73       73  (21)      5 :  0.0050  0.0020  0.0050  0.0020  0.9800  0.0030  0.0030  
 74       74  (11)      5 :  0.0030  0.0040  0.0030  0.0060  0.9730  0.0070  0.0040  
 75       75  (16)      5 :  0.0040  0.0010  0.0080  0.0080  0.8132  0.0390  0.1269  
 76       76  (23)      6 :  0.0931  0.0400  0.0250  0.0110  0.0771  0.7177  0.0360  
 77       77  (13)      6 :  0.0589  0.0180  0.0749  0.0080  0.0030  0.7143  0.1229  
 78       78  (22)      6 :  0.0030  0.0040  0.0050  0.0090  0.0040  0.9720  0.0030  
 79       79  (16)      6 :  0.0040  0.0020  0.0030  0.0090  0.0010  0.9750  0.0060  
 80       80  (20)      6 :  0.0050  0.0020  0.0080  0.0140  0.0090  0.9560  0.0060  
 81       81  (10)      6 :  0.0030  0.0080  0.0070  0.0070  0.0050  0.9170  0.0530  
 82       82  (28)      6 :  0.0030  0.0240  0.0040  0.0030  0.0130  0.9470  0.0060  
 83       83  (15)      6 :  0.0060  0.0070  0.0030  0.1840  0.0040  0.7840  0.0120  
 84       84  (19)      6 :  0.0070  0.0030  0.0020  0.0100  0.0180  0.9570  0.0030  
 85       85  (10)      6 :  0.0050  0.0040  0.0080  0.0060  0.0030  0.9520  0.0220  
 86       86  (26)      6 :  0.0090  0.0030  0.0050  0.0020  0.0180  0.9580  0.0050  
 87       87  (47)      6 :  0.0110  0.0050  0.0160  0.0050  0.0030  0.9520  0.0080  
 88       88  (26)      6 :  0.0030  0.0050  0.0130  0.0130  0.0070  0.9550  0.0040  
 89       89  (13)      6 :  0.0010  0.0040  0.0070  0.0020  0.0030  0.9680  0.0150  
 90       90  (26)      6 :  0.0781  0.0380  0.0080  0.0030  0.0090  0.8589  0.0050  
 91       91  (19)      6 :  0.0240  0.0040  0.0040  0.0170  0.0739  0.8721  0.0050  
 92       92  (11)      7 :  0.0080  0.9750  0.0020  0.0080  0.0020  0.0030  0.0020  
 93       93  (20)      7 :  0.0060  0.9620  0.0050  0.0030  0.0100  0.0090  0.0050  
 94       94  (29)      7 :  0.0020  0.9600  0.0140  0.0180  0.0030  0.0020  0.0010  
 95       95   (7)      7 :  0.0050  0.9730  0.0030  0.0020  0.0040  0.0090  0.0040  
 96       96  (41)      7 :  0.0020  0.9860  0.0020  0.0030  0.0030  0.0020  0.0020  
 97       97  (25)      7 :  0.0040  0.4815  0.0130  0.0060  0.0060  0.4835  0.0060  
 98       98  (13)      7 :  0.0010  0.9459  0.0200  0.0030  0.0040  0.0030  0.0230  
 99       99  (21)      7 :  0.0020  0.9830  0.0020  0.0030  0.0030  0.0020  0.0050  
100      100  (16)      7 :  0.0220  0.9070  0.0210  0.0200  0.0030  0.0170  0.0100  
101      101  (62)      7 :  0.0660  0.8840  0.0040  0.0070  0.0050  0.0280  0.0060  
102      102  (15)      7 :  0.0100  0.8950  0.0220  0.0230  0.0320  0.0110  0.0070  
103      103  (18)      7 :  0.0090  0.8462  0.0040  0.0070  0.0110  0.0050  0.1179  
104      104  (21)      7 :  0.0130  0.9491  0.0060  0.0040  0.0130  0.0110  0.0040  
105      105  (18)      7 :  0.0360  0.8870  0.0500  0.0070  0.0050  0.0070  0.0080  
