  1        1  (18)      1 :  0.0020  0.9690  0.0040  0.0190  0.0030  0.0030  
  2        2   (9)      1 :  0.0030  0.9670  0.0030  0.0080  0.0110  0.0080  
  3        3  (20)      1 :  0.0030  0.9740  0.0090  0.0050  0.0070  0.0020  
  4        4  (12)      1 :  0.0020  0.9711  0.0100  0.0030  0.0030  0.0110  
  5        5  (74)      1 :  0.0180  0.8800  0.0080  0.0640  0.0130  0.0170  
  6        6  (23)      1 :  0.0060  0.9470  0.0070  0.0110  0.0070  0.0220  
  7        7  (22)      1 :  0.0050  0.9800  0.0020  0.0020  0.0060  0.0050  
  8        8  (33)      1 :  0.0030  0.9490  0.0030  0.0380  0.0040  0.0030  
  9        9  (24)      1 :  0.0080  0.9079  0.0501  0.0100  0.0120  0.0120  
 10       10  (31)      1 :  0.0130  0.9460  0.0060  0.0140  0.0180  0.0030  
 11       11  (28)      1 :  0.0430  0.8560  0.0430  0.0110  0.0250  0.0220  
 12       12  (24)      1 :  0.0030  0.7720  0.0110  0.0030  0.0090  0.2020  
 13       13  (10)      1 :  0.0130  0.9020  0.0040  0.0610  0.0140  0.0060  
 14       14  (53)      1 :  0.0240  0.9210  0.0060  0.0060  0.0320  0.0110  
 15       15  (16)      1 :  0.0280  0.9610  0.0020  0.0040  0.0030  0.0020  
 16       16  (15)      2 :  0.0180  0.0040  0.9520  0.0030  0.0210  0.0020  
 17       17  (14)      2 :  0.1179  0.0020  0.8472  0.0090  0.0220  0.0020  
 18       18  (12)      2 :  0.0230  0.0040  0.9411  0.0070  0.0160  0.0090  
 19       19  (13)      2 :  0.0550  0.0260  0.6970  0.0040  0.1830  0.0350  
 20       20  (10)      2 :  0.0020  0.0020  0.9880  0.0020  0.0040  0.0020  
 21       21  (30)      2 :  0.0090  0.0030  0.9740  0.0060  0.0050  0.0030  
 22       22  (12)      2 :  0.0060  0.0070  0.9590  0.0110  0.0140  0.0030  
 23       23  (11)      2 :  0.0501  0.0020  0.7307  0.2072  0.0020  0.0080  
 24       24  (16)      2 :  0.0540  0.0250  0.7270  0.0220  0.0070  0.1650  
 25       25  (46)      2 :  0.0160  0.0050  0.5060  0.0050  0.2220  0.2460  
 26       26  (15)      2 :  0.0090  0.0690  0.8650  0.0310  0.0040  0.0220  
 27       27  (33)      2 :  0.0020  0.0040  0.8990  0.0090  0.0110  0.0750  
 28       28  (17)      2 :  0.0080  0.0040  0.9790  0.0020  0.0050  0.0020  
 29       29  (31)      2 :  0.0270  0.0070  0.7578  0.0030  0.0050  0.2002  
 30       30  (17)      2 :  0.0050  0.0070  0.9760  0.0020  0.0050  0.0050  
 31       31   (9)      2 :  0.1241  0.0080  0.8519  0.0030  0.0070  0.0060  
 32       32  (33)      3 :  0.8639  0.0120  0.0240  0.0140  0.0150  0.0711  
 33       33  (12)      3 :  0.8040  0.0960  0.0350  0.0100  0.0330  0.0220  
 34       34  (30)      3 :  0.8358  0.0040  0.0210  0.0120  0.0180  0.1091  
 35       35  (12)      3 :  0.9260  0.0150  0.0130  0.0210  0.0120  0.0130  
 36       36  (22)      3 :  0.9520  0.0150  0.0070  0.0060  0.0170  0.0030  
 37       37  (52)      3 :  0.9850  0.0060  0.0020  0.0020  0.0020  0.0030  
 38       38  (45)      3 :  0.8550  0.0080  0.0120  0.0440  0.0630  0.0180  
 39       39  (28)      3 :  0.8581  0.0050  0.0160  0.0490  0.0230  0.0490  
 40       40  (14)      3 :  0.7360  0.2290  0.0100  0.0090  0.0120  0.0040  
 41       41  (20)      3 :  0.9840  0.0070  0.0040  0.0010  0.0030  0.0010  
 42       42  (63)      3 :  0.9419  0.0080  0.0090  0.0150  0.0100  0.0160  
 43       43  (13)      3 :  0.7710  0.0030  0.0060  0.0030  0.0040  0.2130  
 44       44  (26)      3 :  0.9570  0.0040  0.0160  0.0060  0.0110  0.0060  
 45       45  (19)      3 :  0.8659  0.0070  0.0581  0.0571  0.0050  0.0070  
 46       46  (22)      3 :  0.9910  0.0010  0.0010  0.0030  0.0020  0.0020  
 47       47  (13)      4 :  0.0030  0.0060  0.0060  0.9550  0.0260  0.0040  
 48       48  (12)      4 :  0.0090  0.0030  0.0070  0.9640  0.0120  0.0050  
 49       49  (10)      4 :  0.0430  0.0300  0.0140  0.8980  0.0100  0.0050  
 50       50  (25)      4 :  0.0030  0.0020  0.0050  0.9740  0.0130  0.0030  
 51       51   (9)      4 :  0.0040  0.0150  0.0090  0.9481  0.0200  0.0040  
 52       52   (9)      4 :  0.0030  0.0050  0.0040  0.9760  0.0050  0.0070  
 53       53  (41)      4 :  0.0030  0.0010  0.0020  0.9910  0.0020  0.0010  
 54       54  (15)      4 :  0.0100  0.0330  0.0120  0.9161  0.0040  0.0250  
 55       55  (18)      4 :  0.0100  0.0060  0.0020  0.6680  0.3040  0.0100  
 56       56   (8)      4 :  0.0580  0.0040  0.0090  0.9030  0.0040  0.0220  
 57       57  (14)      4 :  0.0100  0.0110  0.0150  0.9520  0.0080  0.0040  
 58       58  (10)      4 :  0.0410  0.0180  0.0310  0.8770  0.0240  0.0090  
 59       59  (16)      4 :  0.0040  0.1039  0.0100  0.8591  0.0160  0.0070  
 60       60  (11)      4 :  0.0090  0.1209  0.0090  0.5435  0.0689  0.2488  
 61       61  (35)      5 :  0.0070  0.0050  0.9530  0.0100  0.0130  0.0120  
 62       62  (15)      5 :  0.0090  0.0420  0.8970  0.0380  0.0070  0.0070  
 63       63  (51)      5 :  0.0080  0.0920  0.8560  0.0140  0.0150  0.0150  
 64       64  (20)      5 :  0.0010  0.0020  0.9490  0.0040  0.0100  0.0340  
 65       65  (26)      5 :  0.0030  0.0010  0.9840  0.0060  0.0030  0.0030  
 66       66  (16)      5 :  0.0030  0.0270  0.9331  0.0250  0.0070  0.0050  
 67       67  (10)      5 :  0.0210  0.0110  0.6014  0.0050  0.0110  0.3506  
 68       68   (9)      5 :  0.0020  0.0070  0.9510  0.0220  0.0130  0.0050  
 69       69  (39)      5 :  0.0040  0.1059  0.8022  0.0290  0.0549  0.0040  
 70       70  (17)      5 :  0.0030  0.0020  0.8280  0.0020  0.0030  0.1620  
 71       71  (28)      5 :  0.0100  0.0030  0.9350  0.0220  0.0160  0.0140  
 72       72  (53)      5 :  0.0851  0.0430  0.6667  0.1111  0.0470  0.0470  
 73       73  (21)      5 :  0.0200  0.0090  0.9151  0.0380  0.0140  0.0040  
 74       74  (11)      5 :  0.0030  0.0050  0.9760  0.0070  0.0060  0.0030  
 75       75  (16)      5 :  0.0020  0.0070  0.9010  0.0500  0.0370  0.0030  
 76       76  (23)      6 :  0.0999  0.0370  0.0579  0.0669  0.6793  0.0589  
 77       77  (13)      6 :  0.0120  0.0160  0.0150  0.1160  0.8250  0.0160  
 78       78  (22)      6 :  0.0030  0.0130  0.0050  0.0030  0.9730  0.0030  
 79       79  (16)      6 :  0.0100  0.0050  0.0040  0.0040  0.9750  0.0020  
 80       80  (20)      6 :  0.0040  0.0080  0.0200  0.0030  0.9630  0.0020  
 81       81  (10)      6 :  0.0030  0.0040  0.0110  0.0270  0.9360  0.0190  
 82       82  (28)      6 :  0.0040  0.0040  0.0050  0.0050  0.9700  0.0120  
 83       83  (15)      6 :  0.0060  0.0030  0.0220  0.0130  0.9481  0.0080  
 84       84  (19)      6 :  0.0050  0.0040  0.0680  0.0040  0.9120  0.0070  
 85       85  (10)      6 :  0.0080  0.0120  0.0060  0.0140  0.9560  0.0040  
 86       86  (26)      6 :  0.0130  0.0050  0.0050  0.0050  0.9690  0.0030  
 87       87  (47)      6 :  0.0200  0.0210  0.0060  0.0070  0.9430  0.0030  
 88       88  (26)      6 :  0.0040  0.0420  0.0110  0.0120  0.9259  0.0050  
 89       89  (13)      6 :  0.0020  0.0230  0.0050  0.0220  0.9339  0.0140  
 90       90  (26)      6 :  0.1239  0.0110  0.0060  0.0070  0.8102  0.0420  
 91       91  (19)      6 :  0.0440  0.0080  0.0570  0.0070  0.8770  0.0070  
 92       92  (11)      7 :  0.0150  0.0020  0.0030  0.0020  0.0100  0.9680  
 93       93  (20)      7 :  0.0070  0.0070  0.0060  0.0070  0.0060  0.9670  
 94       94  (29)      7 :  0.0020  0.0070  0.0050  0.0010  0.0020  0.9830  
 95       95   (7)      7 :  0.0030  0.0040  0.0050  0.0090  0.0260  0.9530  
 96       96  (41)      7 :  0.0030  0.0020  0.0040  0.0030  0.0040  0.9840  
 97       97  (25)      7 :  0.0060  0.0080  0.0050  0.0060  0.6198  0.3553  
 98       98  (13)      7 :  0.0030  0.0150  0.0040  0.0410  0.0050  0.9320  
 99       99  (21)      7 :  0.0040  0.0020  0.0020  0.0070  0.0030  0.9820  
100      100  (16)      7 :  0.0060  0.0621  0.0060  0.0060  0.0090  0.9108  
101      101  (62)      7 :  0.0829  0.0060  0.0060  0.0290  0.0979  0.7782  
102      102  (15)      7 :  0.0060  0.0330  0.0400  0.0110  0.0060  0.9040  
103      103  (18)      7 :  0.0060  0.0050  0.0200  0.0350  0.0100  0.9240  
104      104  (21)      7 :  0.0070  0.0060  0.0050  0.0040  0.0070  0.9710  
105      105  (18)      7 :  0.0790  0.0860  0.0080  0.0150  0.0050  0.8070  
