  1        1  (18)      1 :  0.0060  0.0050  0.0190  0.0040  0.0050  0.0080  0.9520  0.0010  
  2        2   (9)      1 :  0.0040  0.0110  0.0090  0.0030  0.0020  0.0010  0.9670  0.0030  
  3        3  (20)      1 :  0.0050  0.0050  0.0020  0.0030  0.0060  0.0020  0.9730  0.0040  
  4        4  (12)      1 :  0.0030  0.0030  0.0030  0.0100  0.0160  0.0020  0.9610  0.0020  
  5        5  (74)      1 :  0.0040  0.0200  0.0690  0.0150  0.0120  0.0200  0.8250  0.0350  
  6        6  (23)      1 :  0.0070  0.0050  0.0030  0.0030  0.0030  0.0060  0.9690  0.0040  
  7        7  (22)      1 :  0.0040  0.0080  0.0020  0.0050  0.0020  0.0010  0.9740  0.0040  
  8        8  (33)      1 :  0.0030  0.0060  0.0360  0.0040  0.0030  0.0170  0.9281  0.0030  
  9        9  (24)      1 :  0.0160  0.0040  0.0030  0.0070  0.0250  0.0450  0.8940  0.0060  
 10       10  (31)      1 :  0.0110  0.0100  0.0120  0.0030  0.0080  0.0020  0.9370  0.0170  
 11       11  (28)      1 :  0.0150  0.0140  0.0200  0.0490  0.0210  0.0070  0.8332  0.0410  
 12       12  (24)      1 :  0.0220  0.0050  0.0020  0.1061  0.0060  0.0110  0.8448  0.0030  
 13       13  (10)      1 :  0.0040  0.0100  0.0360  0.0050  0.0020  0.0010  0.9309  0.0110  
 14       14  (53)      1 :  0.0110  0.0220  0.0070  0.0170  0.0080  0.0020  0.9081  0.0250  
 15       15  (16)      1 :  0.0010  0.0020  0.0020  0.0020  0.0010  0.0010  0.9770  0.0140  
 16       16  (15)      2 :  0.8850  0.0270  0.0030  0.0020  0.0150  0.0240  0.0030  0.0410  
 17       17  (14)      2 :  0.9390  0.0210  0.0050  0.0010  0.0050  0.0020  0.0020  0.0250  
 18       18  (12)      2 :  0.9369  0.0050  0.0060  0.0110  0.0090  0.0160  0.0020  0.0140  
 19       19  (13)      2 :  0.7532  0.0430  0.0060  0.0410  0.0050  0.1239  0.0070  0.0210  
 20       20  (10)      2 :  0.9660  0.0040  0.0020  0.0020  0.0200  0.0010  0.0040  0.0010  
 21       21  (30)      2 :  0.8899  0.0050  0.0090  0.0020  0.0090  0.0781  0.0030  0.0040  
 22       22  (12)      2 :  0.8681  0.0150  0.0170  0.0040  0.0460  0.0030  0.0310  0.0160  
 23       23  (11)      2 :  0.8840  0.0020  0.0930  0.0050  0.0020  0.0060  0.0020  0.0060  
 24       24  (16)      2 :  0.7030  0.0050  0.0450  0.1010  0.0030  0.0100  0.0540  0.0790  
 25       25  (46)      2 :  0.0020  0.0020  0.0010  0.0020  0.0020  0.9880  0.0010  0.0020  
 26       26  (15)      2 :  0.7902  0.0070  0.0220  0.0100  0.0160  0.0060  0.1399  0.0090  
 27       27  (33)      2 :  0.9020  0.0050  0.0040  0.0710  0.0030  0.0090  0.0040  0.0020  
 28       28  (17)      2 :  0.8839  0.0030  0.0030  0.0010  0.0090  0.0941  0.0030  0.0030  
 29       29  (31)      2 :  0.9401  0.0040  0.0040  0.0220  0.0040  0.0150  0.0040  0.0070  
 30       30  (17)      2 :  0.9780  0.0030  0.0030  0.0030  0.0020  0.0050  0.0030  0.0030  
 31       31   (9)      2 :  0.9630  0.0060  0.0030  0.0060  0.0030  0.0040  0.0100  0.0050  
 32       32  (33)      3 :  0.0080  0.0060  0.0040  0.0430  0.0170  0.0110  0.0070  0.9040  
 33       33  (12)      3 :  0.0800  0.0590  0.0200  0.0100  0.0070  0.0010  0.0490  0.7740  
 34       34  (30)      3 :  0.0050  0.0090  0.0120  0.0630  0.0190  0.0100  0.0030  0.8790  
 35       35  (12)      3 :  0.0140  0.0140  0.0180  0.0100  0.0110  0.0020  0.0200  0.9110  
 36       36  (22)      3 :  0.0150  0.0200  0.0120  0.0120  0.0070  0.0060  0.0140  0.9140  
 37       37  (52)      3 :  0.0020  0.0020  0.0010  0.0010  0.0010  0.0030  0.0030  0.9870  
 38       38  (45)      3 :  0.0050  0.0260  0.0290  0.0080  0.0670  0.0380  0.0070  0.8200  
 39       39  (28)      3 :  0.0070  0.0120  0.0460  0.0240  0.0190  0.0050  0.0050  0.8819  
 40       40  (14)      3 :  0.0030  0.0230  0.0990  0.0050  0.0040  0.0320  0.1810  0.6530  
 41       41  (20)      3 :  0.0040  0.0020  0.0020  0.0010  0.0040  0.0010  0.0080  0.9780  
 42       42  (63)      3 :  0.0230  0.0060  0.0120  0.0120  0.0030  0.0050  0.0040  0.9351  
 43       43  (13)      3 :  0.0580  0.0040  0.0020  0.2520  0.0010  0.0020  0.0030  0.6780  
 44       44  (26)      3 :  0.0050  0.0070  0.0040  0.0020  0.0030  0.0100  0.0030  0.9660  
 45       45  (19)      3 :  0.0080  0.0050  0.0291  0.0050  0.0832  0.0050  0.0060  0.8587  
 46       46  (22)      3 :  0.0010  0.0010  0.0020  0.0040  0.0010  0.0020  0.0010  0.9880  
 47       47  (13)      4 :  0.0050  0.0150  0.9570  0.0030  0.0120  0.0040  0.0020  0.0020  
 48       48  (12)      4 :  0.0060  0.0060  0.9660  0.0040  0.0050  0.0010  0.0030  0.0090  
 49       49  (10)      4 :  0.0100  0.0080  0.7090  0.0030  0.0030  0.2410  0.0090  0.0170  
 50       50  (25)      4 :  0.0010  0.0050  0.9540  0.0020  0.0310  0.0030  0.0020  0.0020  
 51       51   (9)      4 :  0.0080  0.0290  0.8721  0.0080  0.0400  0.0040  0.0340  0.0050  
 52       52   (9)      4 :  0.0040  0.0120  0.9700  0.0040  0.0030  0.0020  0.0030  0.0020  
 53       53  (41)      4 :  0.0020  0.0030  0.9870  0.0010  0.0020  0.0010  0.0010  0.0030  
 54       54  (15)      4 :  0.0090  0.0040  0.9280  0.0080  0.0050  0.0070  0.0150  0.0240  
 55       55  (18)      4 :  0.0010  0.2080  0.7580  0.0110  0.0040  0.0010  0.0080  0.0090  
 56       56   (8)      4 :  0.0190  0.0060  0.7878  0.0501  0.0591  0.0100  0.0080  0.0601  
 57       57  (14)      4 :  0.0040  0.0050  0.6300  0.0030  0.0040  0.2940  0.0150  0.0450  
 58       58  (10)      4 :  0.0170  0.0080  0.8871  0.0050  0.0290  0.0020  0.0050  0.0470  
 59       59  (16)      4 :  0.0030  0.0641  0.6176  0.0080  0.0230  0.0691  0.2102  0.0050  
 60       60  (11)      4 :  0.0060  0.0681  0.5345  0.3063  0.0080  0.0050  0.0661  0.0060  
 61       61  (35)      5 :  0.0020  0.0030  0.0040  0.0030  0.9810  0.0010  0.0030  0.0030  
 62       62  (15)      5 :  0.0030  0.0040  0.0080  0.0030  0.8990  0.0590  0.0220  0.0020  
 63       63  (51)      5 :  0.0040  0.0100  0.0080  0.0050  0.9201  0.0010  0.0460  0.0060  
 64       64  (20)      5 :  0.0070  0.0110  0.0140  0.0310  0.9289  0.0040  0.0020  0.0020  
 65       65  (26)      5 :  0.0020  0.0020  0.0020  0.0030  0.9860  0.0010  0.0010  0.0030  
 66       66  (16)      5 :  0.0889  0.0070  0.0140  0.0070  0.8661  0.0020  0.0100  0.0050  
 67       67  (10)      5 :  0.0110  0.0090  0.0070  0.1270  0.8200  0.0070  0.0120  0.0070  
 68       68   (9)      5 :  0.0080  0.0330  0.0220  0.0060  0.9080  0.0050  0.0120  0.0060  
 69       69  (39)      5 :  0.0150  0.0260  0.0110  0.0070  0.8098  0.0210  0.1081  0.0020  
 70       70  (17)      5 :  0.0060  0.0030  0.0020  0.0150  0.9670  0.0030  0.0020  0.0020  
 71       71  (28)      5 :  0.0340  0.0100  0.0050  0.0040  0.9340  0.0040  0.0030  0.0060  
 72       72  (53)      5 :  0.0080  0.0120  0.0230  0.0150  0.7992  0.0180  0.0260  0.0989  
 73       73  (21)      5 :  0.0020  0.0030  0.0020  0.0020  0.9760  0.0030  0.0040  0.0080  
 74       74  (11)      5 :  0.0020  0.0060  0.0050  0.0030  0.9780  0.0010  0.0030  0.0020  
 75       75  (16)      5 :  0.0120  0.0290  0.0640  0.0030  0.8570  0.0240  0.0090  0.0020  
 76       76  (23)      6 :  0.0100  0.7040  0.0290  0.0490  0.1070  0.0060  0.0320  0.0630  
 77       77  (13)      6 :  0.0130  0.7027  0.1872  0.0360  0.0040  0.0190  0.0240  0.0140  
 78       78  (22)      6 :  0.0060  0.9690  0.0040  0.0020  0.0040  0.0050  0.0070  0.0030  
 79       79  (16)      6 :  0.0291  0.9519  0.0070  0.0010  0.0010  0.0010  0.0040  0.0050  
 80       80  (20)      6 :  0.0110  0.9610  0.0020  0.0030  0.0060  0.0060  0.0090  0.0020  
 81       81  (10)      6 :  0.0110  0.8761  0.0539  0.0150  0.0100  0.0260  0.0060  0.0020  
 82       82  (28)      6 :  0.0030  0.9670  0.0030  0.0090  0.0080  0.0020  0.0060  0.0020  
 83       83  (15)      6 :  0.2400  0.7380  0.0060  0.0040  0.0040  0.0040  0.0020  0.0020  
 84       84  (19)      6 :  0.0370  0.8940  0.0030  0.0060  0.0430  0.0050  0.0050  0.0070  
 85       85  (10)      6 :  0.0090  0.9479  0.0200  0.0030  0.0030  0.0010  0.0100  0.0060  
 86       86  (26)      6 :  0.0030  0.9090  0.0080  0.0020  0.0190  0.0390  0.0050  0.0150  
 87       87  (47)      6 :  0.0040  0.9650  0.0060  0.0030  0.0030  0.0020  0.0080  0.0090  
 88       88  (26)      6 :  0.0110  0.9499  0.0060  0.0050  0.0060  0.0050  0.0130  0.0040  
 89       89  (13)      6 :  0.0030  0.8663  0.0848  0.0110  0.0090  0.0030  0.0200  0.0030  
 90       90  (26)      6 :  0.0030  0.7230  0.0030  0.0840  0.0280  0.0030  0.0090  0.1470  
 91       91  (19)      6 :  0.0090  0.8292  0.0040  0.0070  0.0789  0.0090  0.0060  0.0569  
 92       92  (11)      7 :  0.0070  0.0060  0.0020  0.9570  0.0030  0.0030  0.0020  0.0200  
 93       93  (20)      7 :  0.0040  0.0040  0.0030  0.9580  0.0110  0.0030  0.0070  0.0100  
 94       94  (29)      7 :  0.0070  0.0020  0.0020  0.9720  0.0050  0.0020  0.0080  0.0020  
 95       95   (7)      7 :  0.0020  0.0080  0.0070  0.9740  0.0020  0.0020  0.0020  0.0030  
 96       96  (41)      7 :  0.0030  0.0030  0.0040  0.9800  0.0040  0.0020  0.0020  0.0020  
 97       97  (25)      7 :  0.0150  0.3940  0.0050  0.5600  0.0120  0.0020  0.0080  0.0040  
 98       98  (13)      7 :  0.0040  0.0050  0.0630  0.9020  0.0050  0.0020  0.0160  0.0030  
 99       99  (21)      7 :  0.0010  0.0020  0.0040  0.9820  0.0030  0.0040  0.0010  0.0030  
100      100  (16)      7 :  0.0180  0.0180  0.0070  0.8931  0.0030  0.0030  0.0450  0.0130  
101      101  (62)      7 :  0.0060  0.0870  0.0090  0.8450  0.0060  0.0010  0.0060  0.0400  
102      102  (15)      7 :  0.0080  0.0060  0.0060  0.9459  0.0120  0.0010  0.0150  0.0060  
103      103  (18)      7 :  0.0130  0.0080  0.0679  0.8492  0.0280  0.0060  0.0090  0.0190  
104      104  (21)      7 :  0.0050  0.0060  0.0030  0.9660  0.0050  0.0020  0.0050  0.0080  
105      105  (18)      7 :  0.0060  0.0100  0.0070  0.8619  0.0050  0.0020  0.0641  0.0440  
