  1        1  (18)      1 :  0.9850  0.0150  
  2        2   (9)      1 :  0.9910  0.0090  
  3        3  (20)      1 :  0.9820  0.0180  
  4        4  (12)      1 :  0.9920  0.0080  
  5        5  (74)      1 :  0.9760  0.0240  
  6        6  (23)      1 :  0.9720  0.0280  
  7        7  (22)      1 :  0.9430  0.0570  
  8        8  (33)      1 :  0.9920  0.0080  
  9        9  (24)      1 :  0.9420  0.0580  
 10       10  (31)      1 :  0.9560  0.0440  
 11       11  (28)      1 :  0.8700  0.1300  
 12       12  (24)      1 :  0.9810  0.0190  
 13       13  (10)      1 :  0.9780  0.0220  
 14       14  (53)      1 :  0.9250  0.0750  
 15       15  (16)      1 :  0.9780  0.0220  
 16       16  (15)      2 :  0.0280  0.9720  
 17       17  (14)      2 :  0.0130  0.9870  
 18       18  (12)      2 :  0.0150  0.9850  
 19       19  (13)      2 :  0.0230  0.9770  
 20       20  (10)      2 :  0.0730  0.9270  
 21       21  (30)      2 :  0.0140  0.9860  
 22       22  (12)      2 :  0.1050  0.8950  
 23       23  (11)      2 :  0.0150  0.9850  
 24       24  (16)      2 :  0.1550  0.8450  
 25       25  (46)      2 :  0.0890  0.9110  
 26       26  (15)      2 :  0.3980  0.6020  
 27       27  (33)      2 :  0.2270  0.7730  
 28       28  (17)      2 :  0.0130  0.9870  
 29       29  (31)      2 :  0.0240  0.9760  
 30       30  (17)      2 :  0.0130  0.9870  
 31       31   (9)      2 :  0.0160  0.9840  
 32       32  (33)      3 :  0.0530  0.9470  
 33       33  (12)      3 :  0.0740  0.9260  
 34       34  (30)      3 :  0.0900  0.9100  
 35       35  (12)      3 :  0.0220  0.9780  
 36       36  (22)      3 :  0.0340  0.9660  
 37       37  (52)      3 :  0.0100  0.9900  
 38       38  (45)      3 :  0.2040  0.7960  
 39       39  (28)      3 :  0.0400  0.9600  
 40       40  (14)      3 :  0.1570  0.8430  
 41       41  (20)      3 :  0.0110  0.9890  
 42       42  (63)      3 :  0.0200  0.9800  
 43       43  (13)      3 :  0.0190  0.9810  
 44       44  (26)      3 :  0.0200  0.9800  
 45       45  (19)      3 :  0.0340  0.9660  
 46       46  (22)      3 :  0.0080  0.9920  
 47       47  (13)      4 :  0.9830  0.0170  
 48       48  (12)      4 :  0.9520  0.0480  
 49       49  (10)      4 :  0.7280  0.2720  
 50       50  (25)      4 :  0.9860  0.0140  
 51       51   (9)      4 :  0.9850  0.0150  
 52       52   (9)      4 :  0.9800  0.0200  
 53       53  (41)      4 :  0.9780  0.0220  
 54       54  (15)      4 :  0.8650  0.1350  
 55       55  (18)      4 :  0.9830  0.0170  
 56       56   (8)      4 :  0.7950  0.2050  
 57       57  (14)      4 :  0.6990  0.3010  
 58       58  (10)      4 :  0.8070  0.1930  
 59       59  (16)      4 :  0.9920  0.0080  
 60       60  (11)      4 :  0.9560  0.0440  
 61       61  (35)      5 :  0.9890  0.0110  
 62       62  (15)      5 :  0.9750  0.0250  
 63       63  (51)      5 :  0.9880  0.0120  
 64       64  (20)      5 :  0.9860  0.0140  
 65       65  (26)      5 :  0.9780  0.0220  
 66       66  (16)      5 :  0.9230  0.0770  
 67       67  (10)      5 :  0.9470  0.0530  
 68       68   (9)      5 :  0.9830  0.0170  
 69       69  (39)      5 :  0.9840  0.0160  
 70       70  (17)      5 :  0.9820  0.0180  
 71       71  (28)      5 :  0.9170  0.0830  
 72       72  (53)      5 :  0.9610  0.0390  
 73       73  (21)      5 :  0.9790  0.0210  
 74       74  (11)      5 :  0.9810  0.0190  
 75       75  (16)      5 :  0.9870  0.0130  
 76       76  (23)      6 :  0.8210  0.1790  
 77       77  (13)      6 :  0.7810  0.2190  
 78       78  (22)      6 :  0.9880  0.0120  
 79       79  (16)      6 :  0.2850  0.7150  
 80       80  (20)      6 :  0.8890  0.1110  
 81       81  (10)      6 :  0.9200  0.0800  
 82       82  (28)      6 :  0.9620  0.0380  
 83       83  (15)      6 :  0.4790  0.5210  
 84       84  (19)      6 :  0.8310  0.1690  
 85       85  (10)      6 :  0.6540  0.3460  
 86       86  (26)      6 :  0.9170  0.0830  
 87       87  (47)      6 :  0.8750  0.1250  
 88       88  (26)      6 :  0.9670  0.0330  
 89       89  (13)      6 :  0.9900  0.0100  
 90       90  (26)      6 :  0.9590  0.0410  
 91       91  (19)      6 :  0.6100  0.3900  
 92       92  (11)      7 :  0.7730  0.2270  
 93       93  (20)      7 :  0.9400  0.0600  
 94       94  (29)      7 :  0.9800  0.0200  
 95       95   (7)      7 :  0.9850  0.0150  
 96       96  (41)      7 :  0.9770  0.0230  
 97       97  (25)      7 :  0.9080  0.0920  
 98       98  (13)      7 :  0.9900  0.0100  
 99       99  (21)      7 :  0.9860  0.0140  
100      100  (16)      7 :  0.9800  0.0200  
101      101  (62)      7 :  0.9480  0.0520  
102      102  (15)      7 :  0.9720  0.0280  
103      103  (18)      7 :  0.9730  0.0270  
104      104  (21)      7 :  0.9700  0.0300  
105      105  (18)      7 :  0.8640  0.1360  
