  1        1  (18)      1 :  0.9840  0.0160  
  2        2   (9)      1 :  0.9900  0.0100  
  3        3  (20)      1 :  0.9800  0.0200  
  4        4  (12)      1 :  0.9850  0.0150  
  5        5  (74)      1 :  0.9620  0.0380  
  6        6  (23)      1 :  0.9440  0.0560  
  7        7  (22)      1 :  0.9540  0.0460  
  8        8  (33)      1 :  0.9920  0.0080  
  9        9  (24)      1 :  0.9010  0.0990  
 10       10  (31)      1 :  0.8960  0.1040  
 11       11  (28)      1 :  0.7900  0.2100  
 12       12  (24)      1 :  0.9400  0.0600  
 13       13  (10)      1 :  0.9580  0.0420  
 14       14  (53)      1 :  0.8840  0.1160  
 15       15  (16)      1 :  0.9610  0.0390  
 16       16  (15)      2 :  0.0260  0.9740  
 17       17  (14)      2 :  0.0170  0.9830  
 18       18  (12)      2 :  0.0170  0.9830  
 19       19  (13)      2 :  0.0170  0.9830  
 20       20  (10)      2 :  0.1360  0.8640  
 21       21  (30)      2 :  0.0240  0.9760  
 22       22  (12)      2 :  0.1260  0.8740  
 23       23  (11)      2 :  0.0140  0.9860  
 24       24  (16)      2 :  0.1170  0.8830  
 25       25  (46)      2 :  0.0460  0.9540  
 26       26  (15)      2 :  0.2620  0.7380  
 27       27  (33)      2 :  0.1250  0.8750  
 28       28  (17)      2 :  0.0170  0.9830  
 29       29  (31)      2 :  0.0230  0.9770  
 30       30  (17)      2 :  0.0110  0.9890  
 31       31   (9)      2 :  0.0160  0.9840  
 32       32  (33)      3 :  0.0420  0.9580  
 33       33  (12)      3 :  0.1160  0.8840  
 34       34  (30)      3 :  0.0640  0.9360  
 35       35  (12)      3 :  0.0390  0.9610  
 36       36  (22)      3 :  0.0670  0.9330  
 37       37  (52)      3 :  0.0120  0.9880  
 38       38  (45)      3 :  0.1040  0.8960  
 39       39  (28)      3 :  0.0380  0.9620  
 40       40  (14)      3 :  0.2380  0.7620  
 41       41  (20)      3 :  0.0090  0.9910  
 42       42  (63)      3 :  0.0210  0.9790  
 43       43  (13)      3 :  0.0300  0.9700  
 44       44  (26)      3 :  0.0140  0.9860  
 45       45  (19)      3 :  0.0440  0.9560  
 46       46  (22)      3 :  0.0110  0.9890  
 47       47  (13)      4 :  0.9670  0.0330  
 48       48  (12)      4 :  0.8600  0.1400  
 49       49  (10)      4 :  0.2660  0.7340  
 50       50  (25)      4 :  0.9860  0.0140  
 51       51   (9)      4 :  0.9720  0.0280  
 52       52   (9)      4 :  0.9790  0.0210  
 53       53  (41)      4 :  0.9680  0.0320  
 54       54  (15)      4 :  0.7810  0.2190  
 55       55  (18)      4 :  0.9870  0.0130  
 56       56   (8)      4 :  0.6680  0.3320  
 57       57  (14)      4 :  0.5290  0.4710  
 58       58  (10)      4 :  0.7450  0.2550  
 59       59  (16)      4 :  0.9850  0.0150  
 60       60  (11)      4 :  0.9740  0.0260  
 61       61  (35)      5 :  0.9890  0.0110  
 62       62  (15)      5 :  0.9860  0.0140  
 63       63  (51)      5 :  0.9850  0.0150  
 64       64  (20)      5 :  0.9830  0.0170  
 65       65  (26)      5 :  0.9780  0.0220  
 66       66  (16)      5 :  0.9300  0.0700  
 67       67  (10)      5 :  0.9310  0.0690  
 68       68   (9)      5 :  0.9430  0.0570  
 69       69  (39)      5 :  0.9880  0.0120  
 70       70  (17)      5 :  0.9820  0.0180  
 71       71  (28)      5 :  0.9250  0.0750  
 72       72  (53)      5 :  0.9540  0.0460  
 73       73  (21)      5 :  0.9900  0.0100  
 74       74  (11)      5 :  0.9830  0.0170  
 75       75  (16)      5 :  0.9750  0.0250  
 76       76  (23)      6 :  0.8860  0.1140  
 77       77  (13)      6 :  0.7390  0.2610  
 78       78  (22)      6 :  0.9700  0.0300  
 79       79  (16)      6 :  0.2450  0.7550  
 80       80  (20)      6 :  0.8880  0.1120  
 81       81  (10)      6 :  0.9680  0.0320  
 82       82  (28)      6 :  0.9800  0.0200  
 83       83  (15)      6 :  0.3680  0.6320  
 84       84  (19)      6 :  0.7270  0.2730  
 85       85  (10)      6 :  0.7510  0.2490  
 86       86  (26)      6 :  0.9350  0.0650  
 87       87  (47)      6 :  0.8990  0.1010  
 88       88  (26)      6 :  0.9670  0.0330  
 89       89  (13)      6 :  0.9850  0.0150  
 90       90  (26)      6 :  0.9610  0.0390  
 91       91  (19)      6 :  0.4750  0.5250  
 92       92  (11)      7 :  0.7260  0.2740  
 93       93  (20)      7 :  0.8630  0.1370  
 94       94  (29)      7 :  0.9460  0.0540  
 95       95   (7)      7 :  0.9700  0.0300  
 96       96  (41)      7 :  0.9760  0.0240  
 97       97  (25)      7 :  0.9170  0.0830  
 98       98  (13)      7 :  0.9840  0.0160  
 99       99  (21)      7 :  0.9820  0.0180  
100      100  (16)      7 :  0.9610  0.0390  
101      101  (62)      7 :  0.9180  0.0820  
102      102  (15)      7 :  0.9650  0.0350  
103      103  (18)      7 :  0.9630  0.0370  
104      104  (21)      7 :  0.9680  0.0320  
105      105  (18)      7 :  0.9060  0.0940  
