  1        1  (18)      1 :  0.0100  0.0110  0.9790  
  2        2   (9)      1 :  0.0030  0.0150  0.9820  
  3        3  (20)      1 :  0.0180  0.0110  0.9710  
  4        4  (12)      1 :  0.0080  0.0050  0.9870  
  5        5  (74)      1 :  0.0080  0.0470  0.9450  
  6        6  (23)      1 :  0.0080  0.0080  0.9840  
  7        7  (22)      1 :  0.0040  0.0040  0.9920  
  8        8  (33)      1 :  0.0100  0.0340  0.9560  
  9        9  (24)      1 :  0.0410  0.0100  0.9490  
 10       10  (31)      1 :  0.0080  0.0060  0.9860  
 11       11  (28)      1 :  0.0580  0.0420  0.9000  
 12       12  (24)      1 :  0.0210  0.0090  0.9700  
 13       13  (10)      1 :  0.0050  0.0200  0.9750  
 14       14  (53)      1 :  0.0060  0.0190  0.9750  
 15       15  (16)      1 :  0.0020  0.0030  0.9950  
 16       16  (15)      2 :  0.9870  0.0050  0.0080  
 17       17  (14)      2 :  0.9550  0.0130  0.0320  
 18       18  (12)      2 :  0.9750  0.0160  0.0090  
 19       19  (13)      2 :  0.9189  0.0310  0.0501  
 20       20  (10)      2 :  0.9950  0.0030  0.0020  
 21       21  (30)      2 :  0.9880  0.0060  0.0060  
 22       22  (12)      2 :  0.9690  0.0150  0.0160  
 23       23  (11)      2 :  0.9630  0.0080  0.0290  
 24       24  (16)      2 :  0.7510  0.0900  0.1590  
 25       25  (46)      2 :  0.9790  0.0120  0.0090  
 26       26  (15)      2 :  0.9610  0.0100  0.0290  
 27       27  (33)      2 :  0.8490  0.1400  0.0110  
 28       28  (17)      2 :  0.9870  0.0040  0.0090  
 29       29  (31)      2 :  0.9660  0.0190  0.0150  
 30       30  (17)      2 :  0.9760  0.0050  0.0190  
 31       31   (9)      2 :  0.9700  0.0050  0.0250  
 32       32  (33)      3 :  0.0350  0.0180  0.9470  
 33       33  (12)      3 :  0.0670  0.0140  0.9190  
 34       34  (30)      3 :  0.0500  0.0480  0.9020  
 35       35  (12)      3 :  0.0060  0.0120  0.9820  
 36       36  (22)      3 :  0.0060  0.0130  0.9810  
 37       37  (52)      3 :  0.0040  0.0040  0.9920  
 38       38  (45)      3 :  0.0130  0.0190  0.9680  
 39       39  (28)      3 :  0.0300  0.3140  0.6560  
 40       40  (14)      3 :  0.0070  0.0120  0.9810  
 41       41  (20)      3 :  0.0050  0.0020  0.9930  
 42       42  (63)      3 :  0.0060  0.0280  0.9660  
 43       43  (13)      3 :  0.0310  0.0180  0.9510  
 44       44  (26)      3 :  0.0200  0.0100  0.9700  
 45       45  (19)      3 :  0.0270  0.0180  0.9550  
 46       46  (22)      3 :  0.0030  0.0090  0.9880  
 47       47  (13)      4 :  0.0080  0.9890  0.0030  
 48       48  (12)      4 :  0.0070  0.9870  0.0060  
 49       49  (10)      4 :  0.1430  0.5860  0.2710  
 50       50  (25)      4 :  0.0040  0.9920  0.0040  
 51       51   (9)      4 :  0.0450  0.9469  0.0080  
 52       52   (9)      4 :  0.0040  0.9900  0.0060  
 53       53  (41)      4 :  0.0030  0.9940  0.0030  
 54       54  (15)      4 :  0.0390  0.8390  0.1220  
 55       55  (18)      4 :  0.0020  0.9930  0.0050  
 56       56   (8)      4 :  0.0340  0.8450  0.1210  
 57       57  (14)      4 :  0.0720  0.6730  0.2550  
 58       58  (10)      4 :  0.0571  0.8759  0.0671  
 59       59  (16)      4 :  0.0100  0.7910  0.1990  
 60       60  (11)      4 :  0.0090  0.9760  0.0150  
 61       61  (35)      5 :  0.9630  0.0290  0.0080  
 62       62  (15)      5 :  0.9410  0.0300  0.0290  
 63       63  (51)      5 :  0.9330  0.0420  0.0250  
 64       64  (20)      5 :  0.9750  0.0230  0.0020  
 65       65  (26)      5 :  0.9930  0.0050  0.0020  
 66       66  (16)      5 :  0.9820  0.0070  0.0110  
 67       67  (10)      5 :  0.9410  0.0380  0.0210  
 68       68   (9)      5 :  0.9810  0.0120  0.0070  
 69       69  (39)      5 :  0.9630  0.0210  0.0160  
 70       70  (17)      5 :  0.9870  0.0100  0.0030  
 71       71  (28)      5 :  0.9890  0.0080  0.0030  
 72       72  (53)      5 :  0.7333  0.1389  0.1279  
 73       73  (21)      5 :  0.9600  0.0110  0.0290  
 74       74  (11)      5 :  0.9880  0.0060  0.0060  
 75       75  (16)      5 :  0.9790  0.0170  0.0040  
 76       76  (23)      6 :  0.0370  0.9270  0.0360  
 77       77  (13)      6 :  0.0140  0.9690  0.0170  
 78       78  (22)      6 :  0.0180  0.9720  0.0100  
 79       79  (16)      6 :  0.0731  0.9189  0.0080  
 80       80  (20)      6 :  0.1410  0.8490  0.0100  
 81       81  (10)      6 :  0.0100  0.9860  0.0040  
 82       82  (28)      6 :  0.0080  0.9890  0.0030  
 83       83  (15)      6 :  0.1461  0.8468  0.0070  
 84       84  (19)      6 :  0.1490  0.8370  0.0140  
 85       85  (10)      6 :  0.0110  0.9770  0.0120  
 86       86  (26)      6 :  0.0110  0.9750  0.0140  
 87       87  (47)      6 :  0.0150  0.9180  0.0670  
 88       88  (26)      6 :  0.0310  0.9560  0.0130  
 89       89  (13)      6 :  0.0130  0.9820  0.0050  
 90       90  (26)      6 :  0.0090  0.9020  0.0890  
 91       91  (19)      6 :  0.6430  0.3430  0.0140  
 92       92  (11)      7 :  0.0070  0.9750  0.0180  
 93       93  (20)      7 :  0.0290  0.8860  0.0850  
 94       94  (29)      7 :  0.0130  0.6980  0.2890  
 95       95   (7)      7 :  0.0040  0.9910  0.0050  
 96       96  (41)      7 :  0.0070  0.9850  0.0080  
 97       97  (25)      7 :  0.0100  0.9660  0.0240  
 98       98  (13)      7 :  0.0060  0.9870  0.0070  
 99       99  (21)      7 :  0.0370  0.9560  0.0070  
100      100  (16)      7 :  0.0070  0.8260  0.1670  
101      101  (62)      7 :  0.0070  0.9670  0.0260  
102      102  (15)      7 :  0.0120  0.9600  0.0280  
103      103  (18)      7 :  0.0790  0.9060  0.0150  
104      104  (21)      7 :  0.0170  0.8659  0.1171  
105      105  (18)      7 :  0.0150  0.8979  0.0871  
