  1        1  (18)      1 :  0.0130  0.0240  0.9399  0.0230  
  2        2   (9)      1 :  0.0050  0.0110  0.9770  0.0070  
  3        3  (20)      1 :  0.0130  0.0080  0.9580  0.0210  
  4        4  (12)      1 :  0.0100  0.0050  0.9800  0.0050  
  5        5  (74)      1 :  0.0340  0.3536  0.5984  0.0140  
  6        6  (23)      1 :  0.0090  0.0150  0.9650  0.0110  
  7        7  (22)      1 :  0.0050  0.0050  0.9820  0.0080  
  8        8  (33)      1 :  0.0140  0.0120  0.9660  0.0080  
  9        9  (24)      1 :  0.0160  0.0150  0.9291  0.0400  
 10       10  (31)      1 :  0.0150  0.0770  0.8820  0.0260  
 11       11  (28)      1 :  0.0860  0.0300  0.8450  0.0390  
 12       12  (24)      1 :  0.0100  0.0080  0.9740  0.0080  
 13       13  (10)      1 :  0.0080  0.0360  0.9420  0.0140  
 14       14  (53)      1 :  0.0110  0.0310  0.9430  0.0150  
 15       15  (16)      1 :  0.0050  0.2160  0.7730  0.0060  
 16       16  (15)      2 :  0.0440  0.0060  0.0030  0.9469  
 17       17  (14)      2 :  0.0060  0.0460  0.0040  0.9441  
 18       18  (12)      2 :  0.0350  0.0380  0.0120  0.9150  
 19       19  (13)      2 :  0.0080  0.0290  0.0240  0.9389  
 20       20  (10)      2 :  0.0250  0.0030  0.0040  0.9680  
 21       21  (30)      2 :  0.0070  0.0100  0.0060  0.9770  
 22       22  (12)      2 :  0.0170  0.0390  0.0080  0.9360  
 23       23  (11)      2 :  0.0050  0.0641  0.0100  0.9209  
 24       24  (16)      2 :  0.0060  0.0200  0.0881  0.8859  
 25       25  (46)      2 :  0.3313  0.0290  0.0180  0.6216  
 26       26  (15)      2 :  0.0180  0.0310  0.0870  0.8640  
 27       27  (33)      2 :  0.0090  0.0060  0.0240  0.9610  
 28       28  (17)      2 :  0.0190  0.0090  0.0040  0.9680  
 29       29  (31)      2 :  0.0070  0.0240  0.0200  0.9490  
 30       30  (17)      2 :  0.0040  0.0060  0.0080  0.9820  
 31       31   (9)      2 :  0.0070  0.0370  0.0180  0.9380  
 32       32  (33)      3 :  0.0200  0.9610  0.0090  0.0100  
 33       33  (12)      3 :  0.0170  0.7440  0.0910  0.1480  
 34       34  (30)      3 :  0.0790  0.8790  0.0250  0.0170  
 35       35  (12)      3 :  0.0070  0.9610  0.0140  0.0180  
 36       36  (22)      3 :  0.0170  0.9530  0.0170  0.0130  
 37       37  (52)      3 :  0.0030  0.9810  0.0080  0.0080  
 38       38  (45)      3 :  0.1041  0.8719  0.0090  0.0150  
 39       39  (28)      3 :  0.0170  0.9301  0.0140  0.0390  
 40       40  (14)      3 :  0.0110  0.9340  0.0440  0.0110  
 41       41  (20)      3 :  0.0060  0.9820  0.0060  0.0060  
 42       42  (63)      3 :  0.0080  0.9300  0.0210  0.0410  
 43       43  (13)      3 :  0.0060  0.6537  0.2873  0.0531  
 44       44  (26)      3 :  0.0060  0.9530  0.0090  0.0320  
 45       45  (19)      3 :  0.1050  0.8330  0.0120  0.0500  
 46       46  (22)      3 :  0.0030  0.9910  0.0030  0.0030  
 47       47  (13)      4 :  0.5826  0.1602  0.0340  0.2232  
 48       48  (12)      4 :  0.0400  0.6080  0.0200  0.3320  
 49       49  (10)      4 :  0.0180  0.5780  0.0350  0.3690  
 50       50  (25)      4 :  0.6454  0.3307  0.0110  0.0130  
 51       51   (9)      4 :  0.0910  0.5220  0.0740  0.3130  
 52       52   (9)      4 :  0.0110  0.4254  0.1131  0.4505  
 53       53  (41)      4 :  0.0160  0.9009  0.0060  0.0771  
 54       54  (15)      4 :  0.0290  0.2278  0.5514  0.1918  
 55       55  (18)      4 :  0.0150  0.6643  0.1808  0.1399  
 56       56   (8)      4 :  0.2870  0.6490  0.0220  0.0420  
 57       57  (14)      4 :  0.0559  0.7283  0.0300  0.1858  
 58       58  (10)      4 :  0.0520  0.5240  0.0210  0.4030  
 59       59  (16)      4 :  0.1251  0.4194  0.4174  0.0380  
 60       60  (11)      4 :  0.0729  0.2288  0.5794  0.1189  
 61       61  (35)      5 :  0.9870  0.0040  0.0060  0.0030  
 62       62  (15)      5 :  0.9239  0.0130  0.0440  0.0190  
 63       63  (51)      5 :  0.9600  0.0070  0.0240  0.0090  
 64       64  (20)      5 :  0.9660  0.0040  0.0110  0.0190  
 65       65  (26)      5 :  0.9920  0.0030  0.0020  0.0030  
 66       66  (16)      5 :  0.7570  0.0170  0.0180  0.2080  
 67       67  (10)      5 :  0.7600  0.0090  0.1740  0.0570  
 68       68   (9)      5 :  0.9310  0.0080  0.0110  0.0500  
 69       69  (39)      5 :  0.9360  0.0050  0.0290  0.0300  
 70       70  (17)      5 :  0.9790  0.0040  0.0110  0.0060  
 71       71  (28)      5 :  0.9370  0.0190  0.0090  0.0350  
 72       72  (53)      5 :  0.8601  0.1049  0.0210  0.0140  
 73       73  (21)      5 :  0.9780  0.0130  0.0050  0.0040  
 74       74  (11)      5 :  0.9380  0.0120  0.0120  0.0380  
 75       75  (16)      5 :  0.9550  0.0220  0.0070  0.0160  
 76       76  (23)      6 :  0.3123  0.2142  0.1201  0.3534  
 77       77  (13)      6 :  0.0480  0.2092  0.0921  0.6507  
 78       78  (22)      6 :  0.3400  0.0140  0.0340  0.6120  
 79       79  (16)      6 :  0.0150  0.0280  0.0030  0.9540  
 80       80  (20)      6 :  0.2753  0.0150  0.0851  0.6246  
 81       81  (10)      6 :  0.1620  0.0120  0.0520  0.7740  
 82       82  (28)      6 :  0.2990  0.0170  0.0310  0.6530  
 83       83  (15)      6 :  0.0310  0.0330  0.0130  0.9229  
 84       84  (19)      6 :  0.2870  0.0250  0.0160  0.6720  
 85       85  (10)      6 :  0.0530  0.0310  0.0330  0.8830  
 86       86  (26)      6 :  0.5536  0.1241  0.0300  0.2923  
 87       87  (47)      6 :  0.0150  0.1100  0.0870  0.7880  
 88       88  (26)      6 :  0.0999  0.0100  0.0629  0.8272  
 89       89  (13)      6 :  0.4840  0.0090  0.3500  0.1570  
 90       90  (26)      6 :  0.4510  0.1130  0.4060  0.0300  
 91       91  (19)      6 :  0.5410  0.0390  0.0120  0.4080  
 92       92  (11)      7 :  0.0160  0.0170  0.9310  0.0360  
 93       93  (20)      7 :  0.0420  0.0460  0.9039  0.0080  
 94       94  (29)      7 :  0.0040  0.0040  0.9860  0.0060  
 95       95   (7)      7 :  0.0090  0.0110  0.9710  0.0090  
 96       96  (41)      7 :  0.0140  0.0140  0.9620  0.0100  
 97       97  (25)      7 :  0.0490  0.1370  0.7200  0.0940  
 98       98  (13)      7 :  0.0140  0.0050  0.9640  0.0170  
 99       99  (21)      7 :  0.0840  0.0070  0.9020  0.0070  
100      100  (16)      7 :  0.0070  0.0240  0.9550  0.0140  
101      101  (62)      7 :  0.0100  0.0540  0.9190  0.0170  
102      102  (15)      7 :  0.0350  0.0060  0.9380  0.0210  
103      103  (18)      7 :  0.1489  0.0440  0.7772  0.0300  
104      104  (21)      7 :  0.0631  0.0130  0.9139  0.0100  
105      105  (18)      7 :  0.0120  0.0390  0.9360  0.0130  
