  1        1  (18)      1 :  0.0050  0.0030  0.9830  0.0090  
  2        2   (9)      1 :  0.0030  0.0050  0.9860  0.0060  
  3        3  (20)      1 :  0.0210  0.0040  0.9590  0.0160  
  4        4  (12)      1 :  0.0040  0.0100  0.9820  0.0040  
  5        5  (74)      1 :  0.0050  0.0250  0.9310  0.0390  
  6        6  (23)      1 :  0.0160  0.0060  0.9690  0.0090  
  7        7  (22)      1 :  0.0050  0.0040  0.9880  0.0030  
  8        8  (33)      1 :  0.0030  0.0050  0.9850  0.0070  
  9        9  (24)      1 :  0.0310  0.0200  0.9260  0.0230  
 10       10  (31)      1 :  0.0090  0.0040  0.9790  0.0080  
 11       11  (28)      1 :  0.0571  0.1281  0.6917  0.1231  
 12       12  (24)      1 :  0.0220  0.0150  0.9570  0.0060  
 13       13  (10)      1 :  0.0090  0.0250  0.9131  0.0529  
 14       14  (53)      1 :  0.0090  0.0220  0.9560  0.0130  
 15       15  (16)      1 :  0.0010  0.0030  0.9930  0.0030  
 16       16  (15)      2 :  0.9760  0.0070  0.0030  0.0140  
 17       17  (14)      2 :  0.9800  0.0030  0.0050  0.0120  
 18       18  (12)      2 :  0.9210  0.0520  0.0040  0.0230  
 19       19  (13)      2 :  0.8981  0.0609  0.0160  0.0250  
 20       20  (10)      2 :  0.9740  0.0040  0.0050  0.0170  
 21       21  (30)      2 :  0.9890  0.0030  0.0030  0.0050  
 22       22  (12)      2 :  0.9251  0.0120  0.0260  0.0370  
 23       23  (11)      2 :  0.9820  0.0090  0.0050  0.0040  
 24       24  (16)      2 :  0.7890  0.1260  0.0680  0.0170  
 25       25  (46)      2 :  0.5890  0.3590  0.0040  0.0480  
 26       26  (15)      2 :  0.8400  0.0150  0.1210  0.0240  
 27       27  (33)      2 :  0.9590  0.0230  0.0070  0.0110  
 28       28  (17)      2 :  0.9850  0.0030  0.0060  0.0060  
 29       29  (31)      2 :  0.9560  0.0320  0.0070  0.0050  
 30       30  (17)      2 :  0.9890  0.0030  0.0040  0.0040  
 31       31   (9)      2 :  0.9840  0.0050  0.0080  0.0030  
 32       32  (33)      3 :  0.0100  0.9800  0.0050  0.0050  
 33       33  (12)      3 :  0.1832  0.7698  0.0190  0.0280  
 34       34  (30)      3 :  0.0050  0.9800  0.0050  0.0100  
 35       35  (12)      3 :  0.0210  0.9600  0.0090  0.0100  
 36       36  (22)      3 :  0.0100  0.9481  0.0130  0.0290  
 37       37  (52)      3 :  0.0250  0.9440  0.0290  0.0020  
 38       38  (45)      3 :  0.0070  0.9680  0.0050  0.0200  
 39       39  (28)      3 :  0.0090  0.9760  0.0030  0.0120  
 40       40  (14)      3 :  0.0070  0.8510  0.1300  0.0120  
 41       41  (20)      3 :  0.0100  0.9590  0.0210  0.0100  
 42       42  (63)      3 :  0.0500  0.9371  0.0070  0.0060  
 43       43  (13)      3 :  0.0559  0.9361  0.0050  0.0030  
 44       44  (26)      3 :  0.1570  0.7870  0.0070  0.0490  
 45       45  (19)      3 :  0.0280  0.9461  0.0090  0.0170  
 46       46  (22)      3 :  0.0020  0.9950  0.0010  0.0020  
 47       47  (13)      4 :  0.0050  0.0040  0.0070  0.9840  
 48       48  (12)      4 :  0.0090  0.0050  0.0030  0.9830  
 49       49  (10)      4 :  0.1239  0.0430  0.0629  0.7702  
 50       50  (25)      4 :  0.0020  0.0040  0.0030  0.9910  
 51       51   (9)      4 :  0.0070  0.0060  0.0190  0.9680  
 52       52   (9)      4 :  0.0080  0.0080  0.0120  0.9720  
 53       53  (41)      4 :  0.0020  0.0030  0.0020  0.9930  
 54       54  (15)      4 :  0.0330  0.0180  0.1040  0.8450  
 55       55  (18)      4 :  0.0020  0.0850  0.0220  0.8910  
 56       56   (8)      4 :  0.0080  0.0560  0.0050  0.9310  
 57       57  (14)      4 :  0.0500  0.1760  0.0940  0.6800  
 58       58  (10)      4 :  0.0659  0.0250  0.0450  0.8641  
 59       59  (16)      4 :  0.0020  0.0060  0.0460  0.9460  
 60       60  (11)      4 :  0.0050  0.0639  0.0380  0.8931  
 61       61  (35)      5 :  0.0020  0.0050  0.0040  0.9890  
 62       62  (15)      5 :  0.0030  0.0070  0.0130  0.9770  
 63       63  (51)      5 :  0.0070  0.0100  0.0680  0.9150  
 64       64  (20)      5 :  0.0100  0.0050  0.0020  0.9830  
 65       65  (26)      5 :  0.0020  0.0040  0.0010  0.9930  
 66       66  (16)      5 :  0.1370  0.0050  0.0080  0.8500  
 67       67  (10)      5 :  0.0250  0.1330  0.0210  0.8210  
 68       68   (9)      5 :  0.0320  0.0030  0.0090  0.9560  
 69       69  (39)      5 :  0.0110  0.0040  0.0560  0.9290  
 70       70  (17)      5 :  0.0040  0.0420  0.0040  0.9500  
 71       71  (28)      5 :  0.0420  0.0070  0.0030  0.9480  
 72       72  (53)      5 :  0.0080  0.0240  0.0140  0.9540  
 73       73  (21)      5 :  0.0040  0.0040  0.0080  0.9840  
 74       74  (11)      5 :  0.0090  0.0040  0.0050  0.9820  
 75       75  (16)      5 :  0.0040  0.0040  0.0040  0.9880  
 76       76  (23)      6 :  0.0270  0.1882  0.0100  0.7748  
 77       77  (13)      6 :  0.1798  0.0879  0.0390  0.6933  
 78       78  (22)      6 :  0.0090  0.0130  0.0190  0.9590  
 79       79  (16)      6 :  0.6940  0.0040  0.0070  0.2950  
 80       80  (20)      6 :  0.1210  0.0090  0.0110  0.8590  
 81       81  (10)      6 :  0.0060  0.0080  0.0060  0.9800  
 82       82  (28)      6 :  0.0180  0.0240  0.0100  0.9481  
 83       83  (15)      6 :  0.4440  0.0070  0.0040  0.5450  
 84       84  (19)      6 :  0.3220  0.0230  0.0040  0.6510  
 85       85  (10)      6 :  0.0650  0.0300  0.0210  0.8840  
 86       86  (26)      6 :  0.0040  0.0310  0.0050  0.9600  
 87       87  (47)      6 :  0.0610  0.0660  0.1880  0.6850  
 88       88  (26)      6 :  0.0190  0.0190  0.0400  0.9220  
 89       89  (13)      6 :  0.0160  0.0140  0.0280  0.9419  
 90       90  (26)      6 :  0.0040  0.6603  0.0090  0.3267  
 91       91  (19)      6 :  0.4396  0.0450  0.0060  0.5095  
 92       92  (11)      7 :  0.0040  0.9890  0.0040  0.0030  
 93       93  (20)      7 :  0.0060  0.9840  0.0050  0.0050  
 94       94  (29)      7 :  0.0150  0.9441  0.0380  0.0030  
 95       95   (7)      7 :  0.0030  0.9740  0.0040  0.0190  
 96       96  (41)      7 :  0.0040  0.9790  0.0040  0.0130  
 97       97  (25)      7 :  0.0800  0.7280  0.0230  0.1690  
 98       98  (13)      7 :  0.0110  0.8360  0.0530  0.1000  
 99       99  (21)      7 :  0.0040  0.9850  0.0030  0.0080  
100      100  (16)      7 :  0.0060  0.9670  0.0220  0.0050  
101      101  (62)      7 :  0.0040  0.9800  0.0060  0.0100  
102      102  (15)      7 :  0.0120  0.8490  0.0220  0.1170  
103      103  (18)      7 :  0.0130  0.8660  0.0250  0.0960  
104      104  (21)      7 :  0.0050  0.9670  0.0120  0.0160  
105      105  (18)      7 :  0.0120  0.8970  0.0690  0.0220  
