  1        1  (18)      1 :  0.0030  0.0140  0.0070  0.0050  0.9710  
  2        2   (9)      1 :  0.0040  0.0050  0.0020  0.0020  0.9870  
  3        3  (20)      1 :  0.0050  0.0090  0.0090  0.0060  0.9710  
  4        4  (12)      1 :  0.0030  0.0030  0.0040  0.0130  0.9770  
  5        5  (74)      1 :  0.0250  0.0580  0.0050  0.0110  0.9010  
  6        6  (23)      1 :  0.0090  0.0100  0.0050  0.0050  0.9710  
  7        7  (22)      1 :  0.0020  0.0030  0.0030  0.0020  0.9900  
  8        8  (33)      1 :  0.0060  0.0070  0.0030  0.0030  0.9810  
  9        9  (24)      1 :  0.0180  0.0080  0.0410  0.0220  0.9110  
 10       10  (31)      1 :  0.0040  0.0090  0.0060  0.0050  0.9760  
 11       11  (28)      1 :  0.0290  0.0310  0.0190  0.0460  0.8750  
 12       12  (24)      1 :  0.0130  0.0050  0.0110  0.0060  0.9650  
 13       13  (10)      1 :  0.0100  0.0170  0.0050  0.0030  0.9650  
 14       14  (53)      1 :  0.0410  0.0160  0.0130  0.0060  0.9241  
 15       15  (16)      1 :  0.0040  0.0030  0.0010  0.0020  0.9900  
 16       16  (15)      2 :  0.0040  0.0120  0.9620  0.0210  0.0010  
 17       17  (14)      2 :  0.0030  0.0060  0.9820  0.0040  0.0050  
 18       18  (12)      2 :  0.0290  0.0250  0.9239  0.0200  0.0020  
 19       19  (13)      2 :  0.0791  0.0190  0.8909  0.0060  0.0050  
 20       20  (10)      2 :  0.0020  0.0040  0.9540  0.0370  0.0030  
 21       21  (30)      2 :  0.0030  0.0080  0.9810  0.0040  0.0040  
 22       22  (12)      2 :  0.0070  0.0330  0.9240  0.0120  0.0240  
 23       23  (11)      2 :  0.0280  0.0110  0.9520  0.0020  0.0070  
 24       24  (16)      2 :  0.0220  0.0060  0.9251  0.0040  0.0430  
 25       25  (46)      2 :  0.0799  0.0390  0.8492  0.0290  0.0030  
 26       26  (15)      2 :  0.0150  0.0280  0.8679  0.0150  0.0741  
 27       27  (33)      2 :  0.0160  0.0070  0.9690  0.0050  0.0030  
 28       28  (17)      2 :  0.0020  0.0040  0.9820  0.0090  0.0030  
 29       29  (31)      2 :  0.0240  0.0050  0.9620  0.0040  0.0050  
 30       30  (17)      2 :  0.0050  0.0040  0.9840  0.0030  0.0040  
 31       31   (9)      2 :  0.0070  0.0040  0.9690  0.0050  0.0150  
 32       32  (33)      3 :  0.9770  0.0070  0.0060  0.0060  0.0040  
 33       33  (12)      3 :  0.9150  0.0110  0.0420  0.0060  0.0260  
 34       34  (30)      3 :  0.9630  0.0100  0.0050  0.0200  0.0020  
 35       35  (12)      3 :  0.9670  0.0060  0.0170  0.0030  0.0070  
 36       36  (22)      3 :  0.8921  0.0879  0.0050  0.0050  0.0100  
 37       37  (52)      3 :  0.9610  0.0040  0.0120  0.0020  0.0210  
 38       38  (45)      3 :  0.9270  0.0230  0.0070  0.0390  0.0040  
 39       39  (28)      3 :  0.9220  0.0420  0.0260  0.0070  0.0030  
 40       40  (14)      3 :  0.8120  0.0790  0.0030  0.0060  0.1000  
 41       41  (20)      3 :  0.9510  0.0090  0.0090  0.0060  0.0250  
 42       42  (63)      3 :  0.9650  0.0070  0.0190  0.0040  0.0050  
 43       43  (13)      3 :  0.9490  0.0030  0.0420  0.0020  0.0040  
 44       44  (26)      3 :  0.9290  0.0080  0.0530  0.0040  0.0060  
 45       45  (19)      3 :  0.8871  0.0130  0.0500  0.0430  0.0070  
 46       46  (22)      3 :  0.9930  0.0020  0.0020  0.0010  0.0020  
 47       47  (13)      4 :  0.0040  0.9730  0.0050  0.0110  0.0070  
 48       48  (12)      4 :  0.0090  0.9650  0.0100  0.0090  0.0070  
 49       49  (10)      4 :  0.0250  0.7800  0.1340  0.0060  0.0550  
 50       50  (25)      4 :  0.0050  0.9550  0.0020  0.0350  0.0030  
 51       51   (9)      4 :  0.0050  0.9630  0.0030  0.0190  0.0100  
 52       52   (9)      4 :  0.0030  0.9870  0.0030  0.0020  0.0050  
 53       53  (41)      4 :  0.0030  0.9920  0.0010  0.0020  0.0020  
 54       54  (15)      4 :  0.0230  0.2850  0.1080  0.0100  0.5740  
 55       55  (18)      4 :  0.0090  0.9830  0.0020  0.0020  0.0040  
 56       56   (8)      4 :  0.1041  0.8649  0.0060  0.0210  0.0040  
 57       57  (14)      4 :  0.0260  0.9340  0.0200  0.0040  0.0160  
 58       58  (10)      4 :  0.0270  0.9131  0.0190  0.0260  0.0150  
 59       59  (16)      4 :  0.0060  0.7433  0.0080  0.0120  0.2308  
 60       60  (11)      4 :  0.0560  0.8610  0.0040  0.0190  0.0600  
 61       61  (35)      5 :  0.0040  0.0040  0.0020  0.9870  0.0030  
 62       62  (15)      5 :  0.0270  0.0260  0.0060  0.9120  0.0290  
 63       63  (51)      5 :  0.0040  0.0080  0.0040  0.9520  0.0320  
 64       64  (20)      5 :  0.0080  0.0080  0.0060  0.9760  0.0020  
 65       65  (26)      5 :  0.0020  0.0010  0.0010  0.9950  0.0010  
 66       66  (16)      5 :  0.0060  0.0160  0.1558  0.7772  0.0450  
 67       67  (10)      5 :  0.1748  0.0140  0.0789  0.7163  0.0160  
 68       68   (9)      5 :  0.0030  0.0310  0.0200  0.9250  0.0210  
 69       69  (39)      5 :  0.0040  0.0280  0.0310  0.8901  0.0470  
 70       70  (17)      5 :  0.0130  0.0030  0.0050  0.9770  0.0020  
 71       71  (28)      5 :  0.0160  0.0110  0.0320  0.9389  0.0020  
 72       72  (53)      5 :  0.0771  0.0801  0.0070  0.8238  0.0120  
 73       73  (21)      5 :  0.0030  0.0030  0.0020  0.9840  0.0080  
 74       74  (11)      5 :  0.0060  0.0120  0.0140  0.9620  0.0060  
 75       75  (16)      5 :  0.0050  0.0680  0.0080  0.9140  0.0050  
 76       76  (23)      6 :  0.1580  0.7750  0.0260  0.0320  0.0090  
 77       77  (13)      6 :  0.0170  0.9540  0.0090  0.0030  0.0170  
 78       78  (22)      6 :  0.0100  0.9520  0.0030  0.0290  0.0060  
 79       79  (16)      6 :  0.0040  0.9470  0.0450  0.0020  0.0020  
 80       80  (20)      6 :  0.0070  0.8398  0.0210  0.0581  0.0741  
 81       81  (10)      6 :  0.0050  0.9640  0.0140  0.0120  0.0050  
 82       82  (28)      6 :  0.0130  0.9231  0.0120  0.0470  0.0050  
 83       83  (15)      6 :  0.0030  0.8280  0.1640  0.0030  0.0020  
 84       84  (19)      6 :  0.0250  0.8320  0.0980  0.0380  0.0070  
 85       85  (10)      6 :  0.0060  0.9820  0.0050  0.0030  0.0040  
 86       86  (26)      6 :  0.0170  0.9271  0.0030  0.0450  0.0080  
 87       87  (47)      6 :  0.0140  0.9460  0.0040  0.0030  0.0330  
 88       88  (26)      6 :  0.0070  0.9299  0.0270  0.0130  0.0230  
 89       89  (13)      6 :  0.0220  0.6980  0.0060  0.2330  0.0410  
 90       90  (26)      6 :  0.7770  0.0910  0.0030  0.1170  0.0120  
 91       91  (19)      6 :  0.0740  0.4150  0.0940  0.4090  0.0080  
 92       92  (11)      7 :  0.9830  0.0030  0.0050  0.0040  0.0050  
 93       93  (20)      7 :  0.9830  0.0040  0.0020  0.0070  0.0040  
 94       94  (29)      7 :  0.9660  0.0040  0.0060  0.0040  0.0200  
 95       95   (7)      7 :  0.9820  0.0080  0.0030  0.0030  0.0040  
 96       96  (41)      7 :  0.9820  0.0070  0.0030  0.0050  0.0030  
 97       97  (25)      7 :  0.8044  0.1687  0.0080  0.0140  0.0050  
 98       98  (13)      7 :  0.5864  0.3526  0.0070  0.0080  0.0460  
 99       99  (21)      7 :  0.9600  0.0050  0.0020  0.0290  0.0040  
100      100  (16)      7 :  0.9210  0.0130  0.0070  0.0030  0.0560  
101      101  (62)      7 :  0.9700  0.0150  0.0040  0.0040  0.0070  
102      102  (15)      7 :  0.8600  0.0140  0.0180  0.0350  0.0730  
103      103  (18)      7 :  0.7992  0.0430  0.0080  0.1369  0.0130  
104      104  (21)      7 :  0.9500  0.0120  0.0070  0.0180  0.0130  
105      105  (18)      7 :  0.9530  0.0050  0.0120  0.0040  0.0260  
