  1        1  (18)      1 :  0.0030  0.0100  0.0050  0.0030  0.9790  
  2        2   (9)      1 :  0.0070  0.0110  0.0030  0.0030  0.9760  
  3        3  (20)      1 :  0.0030  0.0080  0.0080  0.0100  0.9710  
  4        4  (12)      1 :  0.0040  0.0020  0.0030  0.0180  0.9730  
  5        5  (74)      1 :  0.0080  0.0110  0.0030  0.0080  0.9700  
  6        6  (23)      1 :  0.0320  0.0160  0.0070  0.0070  0.9379  
  7        7  (22)      1 :  0.0050  0.0050  0.0070  0.0010  0.9820  
  8        8  (33)      1 :  0.0040  0.0120  0.0030  0.0040  0.9770  
  9        9  (24)      1 :  0.0220  0.0120  0.0630  0.0330  0.8700  
 10       10  (31)      1 :  0.0100  0.0180  0.0070  0.0090  0.9560  
 11       11  (28)      1 :  0.0440  0.0270  0.0110  0.0210  0.8971  
 12       12  (24)      1 :  0.0110  0.0070  0.0220  0.0080  0.9520  
 13       13  (10)      1 :  0.0120  0.0600  0.0060  0.0040  0.9180  
 14       14  (53)      1 :  0.1020  0.0360  0.0150  0.0060  0.8410  
 15       15  (16)      1 :  0.0050  0.0030  0.0010  0.0020  0.9890  
 16       16  (15)      2 :  0.0050  0.0160  0.9600  0.0160  0.0030  
 17       17  (14)      2 :  0.0050  0.0130  0.9700  0.0070  0.0050  
 18       18  (12)      2 :  0.0270  0.0150  0.9331  0.0210  0.0040  
 19       19  (13)      2 :  0.0350  0.0360  0.9119  0.0070  0.0100  
 20       20  (10)      2 :  0.0020  0.0030  0.9740  0.0180  0.0030  
 21       21  (30)      2 :  0.0030  0.0080  0.9820  0.0040  0.0030  
 22       22  (12)      2 :  0.0140  0.0939  0.7542  0.1159  0.0220  
 23       23  (11)      2 :  0.0160  0.0080  0.9680  0.0020  0.0060  
 24       24  (16)      2 :  0.3080  0.0290  0.6210  0.0050  0.0370  
 25       25  (46)      2 :  0.0370  0.0270  0.9200  0.0120  0.0040  
 26       26  (15)      2 :  0.0120  0.0559  0.7942  0.0539  0.0839  
 27       27  (33)      2 :  0.0150  0.0060  0.9690  0.0050  0.0050  
 28       28  (17)      2 :  0.0020  0.0030  0.9850  0.0060  0.0040  
 29       29  (31)      2 :  0.0170  0.0070  0.9670  0.0040  0.0050  
 30       30  (17)      2 :  0.0030  0.0030  0.9860  0.0020  0.0060  
 31       31   (9)      2 :  0.0070  0.0050  0.9760  0.0040  0.0080  
 32       32  (33)      3 :  0.9630  0.0060  0.0130  0.0110  0.0070  
 33       33  (12)      3 :  0.8118  0.0120  0.1261  0.0180  0.0320  
 34       34  (30)      3 :  0.9810  0.0060  0.0030  0.0080  0.0020  
 35       35  (12)      3 :  0.9780  0.0070  0.0090  0.0020  0.0040  
 36       36  (22)      3 :  0.9239  0.0490  0.0050  0.0040  0.0180  
 37       37  (52)      3 :  0.9251  0.0050  0.0330  0.0020  0.0350  
 38       38  (45)      3 :  0.8860  0.0490  0.0100  0.0510  0.0040  
 39       39  (28)      3 :  0.9590  0.0170  0.0080  0.0130  0.0030  
 40       40  (14)      3 :  0.7400  0.1310  0.0050  0.0070  0.1170  
 41       41  (20)      3 :  0.9590  0.0040  0.0090  0.0080  0.0200  
 42       42  (63)      3 :  0.8861  0.0130  0.0879  0.0060  0.0070  
 43       43  (13)      3 :  0.9550  0.0030  0.0360  0.0020  0.0040  
 44       44  (26)      3 :  0.8730  0.0400  0.0530  0.0240  0.0100  
 45       45  (19)      3 :  0.9590  0.0100  0.0110  0.0140  0.0060  
 46       46  (22)      3 :  0.9890  0.0060  0.0030  0.0010  0.0010  
 47       47  (13)      4 :  0.0030  0.9730  0.0040  0.0140  0.0060  
 48       48  (12)      4 :  0.0060  0.9750  0.0060  0.0100  0.0030  
 49       49  (10)      4 :  0.0110  0.6563  0.2937  0.0060  0.0330  
 50       50  (25)      4 :  0.0040  0.9570  0.0020  0.0350  0.0020  
 51       51   (9)      4 :  0.0050  0.9710  0.0050  0.0130  0.0060  
 52       52   (9)      4 :  0.0040  0.9870  0.0020  0.0010  0.0060  
 53       53  (41)      4 :  0.0030  0.9900  0.0020  0.0020  0.0030  
 54       54  (15)      4 :  0.0751  0.8278  0.0380  0.0070  0.0521  
 55       55  (18)      4 :  0.0650  0.9260  0.0020  0.0040  0.0030  
 56       56   (8)      4 :  0.0870  0.8540  0.0050  0.0470  0.0070  
 57       57  (14)      4 :  0.0160  0.9129  0.0541  0.0060  0.0110  
 58       58  (10)      4 :  0.0160  0.9241  0.0180  0.0270  0.0150  
 59       59  (16)      4 :  0.0050  0.8490  0.0030  0.0390  0.1040  
 60       60  (11)      4 :  0.0950  0.7340  0.0050  0.0110  0.1550  
 61       61  (35)      5 :  0.0030  0.0040  0.0020  0.9880  0.0030  
 62       62  (15)      5 :  0.0120  0.0829  0.0180  0.8002  0.0869  
 63       63  (51)      5 :  0.0090  0.0100  0.0050  0.9150  0.0610  
 64       64  (20)      5 :  0.0160  0.0320  0.0320  0.9170  0.0030  
 65       65  (26)      5 :  0.0030  0.0020  0.0020  0.9920  0.0010  
 66       66  (16)      5 :  0.0060  0.0190  0.1550  0.8140  0.0060  
 67       67  (10)      5 :  0.1758  0.0150  0.1259  0.6563  0.0270  
 68       68   (9)      5 :  0.0030  0.0140  0.0270  0.9200  0.0360  
 69       69  (39)      5 :  0.0040  0.0390  0.0130  0.8800  0.0640  
 70       70  (17)      5 :  0.0230  0.0050  0.0040  0.9640  0.0040  
 71       71  (28)      5 :  0.0100  0.0130  0.0810  0.8930  0.0030  
 72       72  (53)      5 :  0.0991  0.1251  0.0120  0.7367  0.0270  
 73       73  (21)      5 :  0.0020  0.0040  0.0020  0.9870  0.0050  
 74       74  (11)      5 :  0.0020  0.0050  0.0040  0.9870  0.0020  
 75       75  (16)      5 :  0.0050  0.1420  0.0080  0.8400  0.0050  
 76       76  (23)      6 :  0.0659  0.8731  0.0170  0.0250  0.0190  
 77       77  (13)      6 :  0.0160  0.9370  0.0130  0.0030  0.0310  
 78       78  (22)      6 :  0.0130  0.9439  0.0040  0.0310  0.0080  
 79       79  (16)      6 :  0.0030  0.9190  0.0720  0.0020  0.0040  
 80       80  (20)      6 :  0.0100  0.8390  0.0180  0.0580  0.0750  
 81       81  (10)      6 :  0.0140  0.9350  0.0220  0.0200  0.0090  
 82       82  (28)      6 :  0.0190  0.9550  0.0080  0.0120  0.0060  
 83       83  (15)      6 :  0.0040  0.8660  0.1250  0.0030  0.0020  
 84       84  (19)      6 :  0.0170  0.8560  0.0980  0.0210  0.0080  
 85       85  (10)      6 :  0.0060  0.9780  0.0070  0.0030  0.0060  
 86       86  (26)      6 :  0.0160  0.9600  0.0030  0.0150  0.0060  
 87       87  (47)      6 :  0.0200  0.9520  0.0080  0.0030  0.0170  
 88       88  (26)      6 :  0.0070  0.9050  0.0580  0.0100  0.0200  
 89       89  (13)      6 :  0.0100  0.9021  0.0040  0.0639  0.0200  
 90       90  (26)      6 :  0.7340  0.1320  0.0050  0.1100  0.0190  
 91       91  (19)      6 :  0.0120  0.7910  0.0360  0.1560  0.0050  
 92       92  (11)      7 :  0.9860  0.0030  0.0030  0.0010  0.0070  
 93       93  (20)      7 :  0.9820  0.0030  0.0040  0.0050  0.0060  
 94       94  (29)      7 :  0.9381  0.0040  0.0100  0.0050  0.0430  
 95       95   (7)      7 :  0.9720  0.0110  0.0050  0.0050  0.0070  
 96       96  (41)      7 :  0.9820  0.0050  0.0040  0.0050  0.0040  
 97       97  (25)      7 :  0.6540  0.3120  0.0160  0.0070  0.0110  
 98       98  (13)      7 :  0.8160  0.0580  0.0060  0.0090  0.1110  
 99       99  (21)      7 :  0.9710  0.0050  0.0030  0.0180  0.0030  
100      100  (16)      7 :  0.9510  0.0070  0.0050  0.0030  0.0340  
101      101  (62)      7 :  0.9520  0.0340  0.0060  0.0040  0.0040  
102      102  (15)      7 :  0.8720  0.0270  0.0080  0.0720  0.0210  
103      103  (18)      7 :  0.8939  0.0541  0.0070  0.0400  0.0050  
104      104  (21)      7 :  0.9530  0.0090  0.0040  0.0130  0.0210  
105      105  (18)      7 :  0.9071  0.0060  0.0120  0.0070  0.0679  
