  1        1  (18)      1 :  0.0060  0.0050  0.9760  0.0130  
  2        2   (9)      1 :  0.0030  0.0040  0.9860  0.0070  
  3        3  (20)      1 :  0.0170  0.0060  0.9520  0.0250  
  4        4  (12)      1 :  0.0040  0.0020  0.9900  0.0040  
  5        5  (74)      1 :  0.0050  0.0340  0.8980  0.0630  
  6        6  (23)      1 :  0.0080  0.0110  0.9740  0.0070  
  7        7  (22)      1 :  0.0070  0.0060  0.9830  0.0040  
  8        8  (33)      1 :  0.0050  0.0030  0.9740  0.0180  
  9        9  (24)      1 :  0.0220  0.0070  0.9550  0.0160  
 10       10  (31)      1 :  0.0130  0.0581  0.8148  0.1141  
 11       11  (28)      1 :  0.0260  0.0390  0.8999  0.0350  
 12       12  (24)      1 :  0.0060  0.0030  0.9820  0.0090  
 13       13  (10)      1 :  0.0060  0.0140  0.9570  0.0230  
 14       14  (53)      1 :  0.0050  0.0420  0.9420  0.0110  
 15       15  (16)      1 :  0.0020  0.1682  0.8108  0.0190  
 16       16  (15)      2 :  0.9710  0.0140  0.0030  0.0120  
 17       17  (14)      2 :  0.9180  0.0600  0.0030  0.0190  
 18       18  (12)      2 :  0.9690  0.0110  0.0050  0.0150  
 19       19  (13)      2 :  0.9240  0.0310  0.0310  0.0140  
 20       20  (10)      2 :  0.9820  0.0030  0.0060  0.0090  
 21       21  (30)      2 :  0.9880  0.0040  0.0030  0.0050  
 22       22  (12)      2 :  0.8180  0.0130  0.0180  0.1510  
 23       23  (11)      2 :  0.9670  0.0180  0.0090  0.0060  
 24       24  (16)      2 :  0.7250  0.0350  0.2280  0.0120  
 25       25  (46)      2 :  0.9290  0.0140  0.0150  0.0420  
 26       26  (15)      2 :  0.7210  0.0100  0.1970  0.0720  
 27       27  (33)      2 :  0.9610  0.0020  0.0270  0.0100  
 28       28  (17)      2 :  0.9910  0.0030  0.0020  0.0040  
 29       29  (31)      2 :  0.9481  0.0150  0.0320  0.0050  
 30       30  (17)      2 :  0.9890  0.0030  0.0040  0.0040  
 31       31   (9)      2 :  0.9610  0.0200  0.0120  0.0070  
 32       32  (33)      3 :  0.0140  0.9240  0.0280  0.0340  
 33       33  (12)      3 :  0.0580  0.8030  0.1170  0.0220  
 34       34  (30)      3 :  0.0150  0.9099  0.0280  0.0470  
 35       35  (12)      3 :  0.0240  0.9401  0.0190  0.0170  
 36       36  (22)      3 :  0.0110  0.9730  0.0080  0.0080  
 37       37  (52)      3 :  0.0040  0.9890  0.0040  0.0030  
 38       38  (45)      3 :  0.0060  0.8651  0.0180  0.1109  
 39       39  (28)      3 :  0.0170  0.9141  0.0150  0.0539  
 40       40  (14)      3 :  0.0150  0.8322  0.0959  0.0569  
 41       41  (20)      3 :  0.0030  0.9910  0.0030  0.0030  
 42       42  (63)      3 :  0.0260  0.9530  0.0130  0.0080  
 43       43  (13)      3 :  0.0480  0.8170  0.1290  0.0060  
 44       44  (26)      3 :  0.0150  0.9630  0.0060  0.0160  
 45       45  (19)      3 :  0.0170  0.9041  0.0080  0.0709  
 46       46  (22)      3 :  0.0020  0.9940  0.0020  0.0020  
 47       47  (13)      4 :  0.0060  0.0040  0.0080  0.9820  
 48       48  (12)      4 :  0.0110  0.0130  0.0060  0.9700  
 49       49  (10)      4 :  0.0540  0.1140  0.0610  0.7710  
 50       50  (25)      4 :  0.0020  0.0060  0.0040  0.9880  
 51       51   (9)      4 :  0.0050  0.0060  0.0160  0.9730  
 52       52   (9)      4 :  0.0080  0.0060  0.0751  0.9109  
 53       53  (41)      4 :  0.0030  0.0030  0.0030  0.9910  
 54       54  (15)      4 :  0.0919  0.0290  0.6244  0.2547  
 55       55  (18)      4 :  0.0020  0.0430  0.0230  0.9320  
 56       56   (8)      4 :  0.0080  0.1070  0.0110  0.8740  
 57       57  (14)      4 :  0.0450  0.0410  0.0130  0.9010  
 58       58  (10)      4 :  0.0470  0.0390  0.0230  0.8911  
 59       59  (16)      4 :  0.0030  0.0060  0.0871  0.9039  
 60       60  (11)      4 :  0.0130  0.0090  0.4750  0.5030  
 61       61  (35)      5 :  0.0020  0.0050  0.0060  0.9870  
 62       62  (15)      5 :  0.0080  0.0050  0.0110  0.9760  
 63       63  (51)      5 :  0.0040  0.0050  0.0480  0.9430  
 64       64  (20)      5 :  0.0150  0.0030  0.0070  0.9750  
 65       65  (26)      5 :  0.0020  0.0040  0.0020  0.9920  
 66       66  (16)      5 :  0.1120  0.0030  0.0110  0.8740  
 67       67  (10)      5 :  0.0290  0.0230  0.2600  0.6880  
 68       68   (9)      5 :  0.0070  0.0020  0.0060  0.9850  
 69       69  (39)      5 :  0.0110  0.0030  0.0230  0.9630  
 70       70  (17)      5 :  0.0140  0.0040  0.0380  0.9440  
 71       71  (28)      5 :  0.0350  0.0070  0.0070  0.9510  
 72       72  (53)      5 :  0.0060  0.0571  0.0270  0.9099  
 73       73  (21)      5 :  0.0040  0.0130  0.0040  0.9790  
 74       74  (11)      5 :  0.0080  0.0030  0.0050  0.9840  
 75       75  (16)      5 :  0.0040  0.0030  0.0030  0.9900  
 76       76  (23)      6 :  0.0440  0.0689  0.1029  0.7842  
 77       77  (13)      6 :  0.0260  0.0380  0.0440  0.8920  
 78       78  (22)      6 :  0.0030  0.0040  0.0110  0.9820  
 79       79  (16)      6 :  0.2867  0.0310  0.0040  0.6783  
 80       80  (20)      6 :  0.0310  0.0090  0.0330  0.9270  
 81       81  (10)      6 :  0.0210  0.0050  0.0210  0.9530  
 82       82  (28)      6 :  0.0090  0.0060  0.0130  0.9720  
 83       83  (15)      6 :  0.3590  0.0070  0.0060  0.6280  
 84       84  (19)      6 :  0.1060  0.0080  0.0090  0.8770  
 85       85  (10)      6 :  0.0850  0.0360  0.0150  0.8640  
 86       86  (26)      6 :  0.0050  0.0370  0.0120  0.9460  
 87       87  (47)      6 :  0.0090  0.0540  0.0200  0.9170  
 88       88  (26)      6 :  0.0200  0.0060  0.0490  0.9250  
 89       89  (13)      6 :  0.0040  0.0030  0.0320  0.9610  
 90       90  (26)      6 :  0.0030  0.2038  0.1339  0.6593  
 91       91  (19)      6 :  0.0340  0.0620  0.0070  0.8970  
 92       92  (11)      7 :  0.0240  0.0529  0.9171  0.0060  
 93       93  (20)      7 :  0.0090  0.0110  0.9670  0.0130  
 94       94  (29)      7 :  0.0030  0.0020  0.9930  0.0020  
 95       95   (7)      7 :  0.0030  0.0050  0.9700  0.0220  
 96       96  (41)      7 :  0.0060  0.0080  0.9740  0.0120  
 97       97  (25)      7 :  0.0220  0.0250  0.6030  0.3500  
 98       98  (13)      7 :  0.0050  0.0020  0.9770  0.0160  
 99       99  (21)      7 :  0.0040  0.0060  0.9770  0.0130  
100      100  (16)      7 :  0.0070  0.0070  0.9790  0.0070  
101      101  (62)      7 :  0.0040  0.1060  0.8350  0.0550  
102      102  (15)      7 :  0.0290  0.0070  0.9530  0.0110  
103      103  (18)      7 :  0.0090  0.0070  0.9280  0.0560  
104      104  (21)      7 :  0.0080  0.0110  0.9720  0.0090  
105      105  (18)      7 :  0.0100  0.0420  0.9400  0.0080  
