  1        1  (18)      1 :  0.9780  0.0220  
  2        2   (9)      1 :  0.9930  0.0070  
  3        3  (20)      1 :  0.9820  0.0180  
  4        4  (12)      1 :  0.9910  0.0090  
  5        5  (74)      1 :  0.9620  0.0380  
  6        6  (23)      1 :  0.9570  0.0430  
  7        7  (22)      1 :  0.9140  0.0860  
  8        8  (33)      1 :  0.9920  0.0080  
  9        9  (24)      1 :  0.9250  0.0750  
 10       10  (31)      1 :  0.9330  0.0670  
 11       11  (28)      1 :  0.8950  0.1050  
 12       12  (24)      1 :  0.9400  0.0600  
 13       13  (10)      1 :  0.9720  0.0280  
 14       14  (53)      1 :  0.9420  0.0580  
 15       15  (16)      1 :  0.9550  0.0450  
 16       16  (15)      2 :  0.0250  0.9750  
 17       17  (14)      2 :  0.0130  0.9870  
 18       18  (12)      2 :  0.0190  0.9810  
 19       19  (13)      2 :  0.0250  0.9750  
 20       20  (10)      2 :  0.0970  0.9030  
 21       21  (30)      2 :  0.0140  0.9860  
 22       22  (12)      2 :  0.0560  0.9440  
 23       23  (11)      2 :  0.0120  0.9880  
 24       24  (16)      2 :  0.1810  0.8190  
 25       25  (46)      2 :  0.0710  0.9290  
 26       26  (15)      2 :  0.1830  0.8170  
 27       27  (33)      2 :  0.3030  0.6970  
 28       28  (17)      2 :  0.0170  0.9830  
 29       29  (31)      2 :  0.0230  0.9770  
 30       30  (17)      2 :  0.0140  0.9860  
 31       31   (9)      2 :  0.0090  0.9910  
 32       32  (33)      3 :  0.0340  0.9660  
 33       33  (12)      3 :  0.0390  0.9610  
 34       34  (30)      3 :  0.1480  0.8520  
 35       35  (12)      3 :  0.0210  0.9790  
 36       36  (22)      3 :  0.0880  0.9120  
 37       37  (52)      3 :  0.0090  0.9910  
 38       38  (45)      3 :  0.1310  0.8690  
 39       39  (28)      3 :  0.0310  0.9690  
 40       40  (14)      3 :  0.1180  0.8820  
 41       41  (20)      3 :  0.0100  0.9900  
 42       42  (63)      3 :  0.0170  0.9830  
 43       43  (13)      3 :  0.0140  0.9860  
 44       44  (26)      3 :  0.0210  0.9790  
 45       45  (19)      3 :  0.0220  0.9780  
 46       46  (22)      3 :  0.0060  0.9940  
 47       47  (13)      4 :  0.9900  0.0100  
 48       48  (12)      4 :  0.8950  0.1050  
 49       49  (10)      4 :  0.4280  0.5720  
 50       50  (25)      4 :  0.9860  0.0140  
 51       51   (9)      4 :  0.9800  0.0200  
 52       52   (9)      4 :  0.9820  0.0180  
 53       53  (41)      4 :  0.9800  0.0200  
 54       54  (15)      4 :  0.9520  0.0480  
 55       55  (18)      4 :  0.9790  0.0210  
 56       56   (8)      4 :  0.8440  0.1560  
 57       57  (14)      4 :  0.6460  0.3540  
 58       58  (10)      4 :  0.7690  0.2310  
 59       59  (16)      4 :  0.9910  0.0090  
 60       60  (11)      4 :  0.9870  0.0130  
 61       61  (35)      5 :  0.9900  0.0100  
 62       62  (15)      5 :  0.9870  0.0130  
 63       63  (51)      5 :  0.9870  0.0130  
 64       64  (20)      5 :  0.9830  0.0170  
 65       65  (26)      5 :  0.9850  0.0150  
 66       66  (16)      5 :  0.8540  0.1460  
 67       67  (10)      5 :  0.9390  0.0610  
 68       68   (9)      5 :  0.9460  0.0540  
 69       69  (39)      5 :  0.9890  0.0110  
 70       70  (17)      5 :  0.9890  0.0110  
 71       71  (28)      5 :  0.8890  0.1110  
 72       72  (53)      5 :  0.9530  0.0470  
 73       73  (21)      5 :  0.9790  0.0210  
 74       74  (11)      5 :  0.9820  0.0180  
 75       75  (16)      5 :  0.9830  0.0170  
 76       76  (23)      6 :  0.8300  0.1700  
 77       77  (13)      6 :  0.6140  0.3860  
 78       78  (22)      6 :  0.9470  0.0530  
 79       79  (16)      6 :  0.1060  0.8940  
 80       80  (20)      6 :  0.9080  0.0920  
 81       81  (10)      6 :  0.9740  0.0260  
 82       82  (28)      6 :  0.9700  0.0300  
 83       83  (15)      6 :  0.4190  0.5810  
 84       84  (19)      6 :  0.6160  0.3840  
 85       85  (10)      6 :  0.8030  0.1970  
 86       86  (26)      6 :  0.9640  0.0360  
 87       87  (47)      6 :  0.8570  0.1430  
 88       88  (26)      6 :  0.9800  0.0200  
 89       89  (13)      6 :  0.9810  0.0190  
 90       90  (26)      6 :  0.9580  0.0420  
 91       91  (19)      6 :  0.1740  0.8260  
 92       92  (11)      7 :  0.8770  0.1230  
 93       93  (20)      7 :  0.8410  0.1590  
 94       94  (29)      7 :  0.8940  0.1060  
 95       95   (7)      7 :  0.9780  0.0220  
 96       96  (41)      7 :  0.9790  0.0210  
 97       97  (25)      7 :  0.8620  0.1380  
 98       98  (13)      7 :  0.9920  0.0080  
 99       99  (21)      7 :  0.9840  0.0160  
100      100  (16)      7 :  0.9330  0.0670  
101      101  (62)      7 :  0.9320  0.0680  
102      102  (15)      7 :  0.9810  0.0190  
103      103  (18)      7 :  0.9740  0.0260  
104      104  (21)      7 :  0.9810  0.0190  
105      105  (18)      7 :  0.9620  0.0380  
