  1        1  (18)      1 :  0.0020  0.0040  0.9670  0.0060  0.0040  0.0040  0.0130  
  2        2   (9)      1 :  0.0040  0.0040  0.9700  0.0020  0.0020  0.0090  0.0090  
  3        3  (20)      1 :  0.0030  0.0030  0.9640  0.0060  0.0070  0.0090  0.0080  
  4        4  (12)      1 :  0.0020  0.0110  0.9650  0.0030  0.0130  0.0040  0.0020  
  5        5  (74)      1 :  0.0070  0.0060  0.9580  0.0030  0.0060  0.0110  0.0090  
  6        6  (23)      1 :  0.0050  0.0160  0.9510  0.0080  0.0060  0.0060  0.0080  
  7        7  (22)      1 :  0.0030  0.0030  0.9840  0.0040  0.0010  0.0040  0.0010  
  8        8  (33)      1 :  0.0020  0.0090  0.9500  0.0030  0.0040  0.0030  0.0290  
  9        9  (24)      1 :  0.0060  0.0140  0.9190  0.0280  0.0130  0.0090  0.0110  
 10       10  (31)      1 :  0.0110  0.0030  0.9530  0.0050  0.0100  0.0110  0.0070  
 11       11  (28)      1 :  0.0090  0.0490  0.8760  0.0090  0.0370  0.0070  0.0130  
 12       12  (24)      1 :  0.0030  0.1848  0.7862  0.0090  0.0070  0.0070  0.0030  
 13       13  (10)      1 :  0.0140  0.0080  0.8970  0.0020  0.0030  0.0130  0.0630  
 14       14  (53)      1 :  0.0250  0.0290  0.8879  0.0090  0.0050  0.0360  0.0080  
 15       15  (16)      1 :  0.0420  0.0020  0.9480  0.0010  0.0010  0.0030  0.0030  
 16       16  (15)      2 :  0.0040  0.0040  0.0020  0.8398  0.0350  0.1121  0.0030  
 17       17  (14)      2 :  0.0290  0.0010  0.0040  0.9231  0.0060  0.0310  0.0060  
 18       18  (12)      2 :  0.0690  0.0100  0.0040  0.8740  0.0120  0.0130  0.0180  
 19       19  (13)      2 :  0.0130  0.0290  0.0090  0.8710  0.0060  0.0660  0.0060  
 20       20  (10)      2 :  0.0020  0.0020  0.0020  0.9750  0.0120  0.0030  0.0040  
 21       21  (30)      2 :  0.0020  0.0030  0.0030  0.9630  0.0070  0.0070  0.0150  
 22       22  (12)      2 :  0.0140  0.0040  0.0180  0.7894  0.1108  0.0439  0.0200  
 23       23  (11)      2 :  0.0040  0.0120  0.0030  0.8890  0.0020  0.0020  0.0880  
 24       24  (16)      2 :  0.0611  0.0571  0.0651  0.7608  0.0040  0.0130  0.0390  
 25       25  (46)      2 :  0.0170  0.0740  0.0030  0.7260  0.0090  0.1640  0.0070  
 26       26  (15)      2 :  0.0120  0.0210  0.1191  0.7568  0.0080  0.0020  0.0811  
 27       27  (33)      2 :  0.0050  0.0900  0.0060  0.8780  0.0060  0.0080  0.0070  
 28       28  (17)      2 :  0.0030  0.0020  0.0030  0.9800  0.0070  0.0030  0.0020  
 29       29  (31)      2 :  0.0050  0.0310  0.0040  0.9490  0.0040  0.0040  0.0030  
 30       30  (17)      2 :  0.0030  0.0020  0.0030  0.9830  0.0030  0.0040  0.0020  
 31       31   (9)      2 :  0.0160  0.0030  0.0060  0.9660  0.0020  0.0050  0.0020  
 32       32  (33)      3 :  0.9380  0.0150  0.0060  0.0060  0.0160  0.0090  0.0100  
 33       33  (12)      3 :  0.6324  0.0160  0.0939  0.1349  0.0090  0.1079  0.0060  
 34       34  (30)      3 :  0.9200  0.0290  0.0030  0.0060  0.0220  0.0120  0.0080  
 35       35  (12)      3 :  0.9420  0.0050  0.0130  0.0200  0.0040  0.0060  0.0100  
 36       36  (22)      3 :  0.8910  0.0070  0.0160  0.0090  0.0090  0.0170  0.0510  
 37       37  (52)      3 :  0.9830  0.0020  0.0040  0.0050  0.0020  0.0020  0.0020  
 38       38  (45)      3 :  0.8348  0.0190  0.0070  0.0020  0.0821  0.0350  0.0200  
 39       39  (28)      3 :  0.8840  0.0310  0.0050  0.0080  0.0380  0.0100  0.0240  
 40       40  (14)      3 :  0.7912  0.0070  0.1189  0.0040  0.0090  0.0070  0.0629  
 41       41  (20)      3 :  0.9880  0.0010  0.0020  0.0020  0.0030  0.0020  0.0020  
 42       42  (63)      3 :  0.7330  0.0800  0.0080  0.1100  0.0040  0.0120  0.0530  
 43       43  (13)      3 :  0.6290  0.3200  0.0030  0.0390  0.0010  0.0050  0.0030  
 44       44  (26)      3 :  0.9419  0.0040  0.0050  0.0150  0.0050  0.0190  0.0100  
 45       45  (19)      3 :  0.9299  0.0050  0.0090  0.0070  0.0311  0.0040  0.0140  
 46       46  (22)      3 :  0.9920  0.0020  0.0010  0.0010  0.0010  0.0010  0.0020  
 47       47  (13)      4 :  0.0010  0.0020  0.0030  0.0060  0.0070  0.0220  0.9590  
 48       48  (12)      4 :  0.0110  0.0020  0.0030  0.0020  0.0050  0.0030  0.9740  
 49       49  (10)      4 :  0.0210  0.0030  0.0120  0.0919  0.0030  0.0070  0.8621  
 50       50  (25)      4 :  0.0030  0.0030  0.0020  0.0010  0.0150  0.0070  0.9690  
 51       51   (9)      4 :  0.0050  0.0030  0.0150  0.0070  0.0180  0.0080  0.9441  
 52       52   (9)      4 :  0.0030  0.0040  0.0040  0.0030  0.0020  0.0040  0.9800  
 53       53  (41)      4 :  0.0040  0.0010  0.0010  0.0020  0.0020  0.0040  0.9860  
 54       54  (15)      4 :  0.0050  0.0090  0.0120  0.0170  0.0050  0.0030  0.9489  
 55       55  (18)      4 :  0.0300  0.0230  0.0040  0.0010  0.0030  0.1101  0.8288  
 56       56   (8)      4 :  0.0699  0.0130  0.0100  0.0170  0.0480  0.0190  0.8232  
 57       57  (14)      4 :  0.0130  0.0040  0.0150  0.0110  0.0050  0.0040  0.9480  
 58       58  (10)      4 :  0.0740  0.0060  0.0320  0.0210  0.0290  0.0170  0.8210  
 59       59  (16)      4 :  0.0080  0.0080  0.0901  0.0040  0.0210  0.0260  0.8428  
 60       60  (11)      4 :  0.0050  0.1928  0.2398  0.0060  0.0100  0.0250  0.5215  
 61       61  (35)      5 :  0.0030  0.0070  0.0040  0.0020  0.9760  0.0050  0.0030  
 62       62  (15)      5 :  0.0040  0.0110  0.0501  0.0120  0.8899  0.0060  0.0270  
 63       63  (51)      5 :  0.0050  0.0040  0.0230  0.0030  0.9520  0.0070  0.0060  
 64       64  (20)      5 :  0.0020  0.0539  0.0020  0.0050  0.9191  0.0060  0.0120  
 65       65  (26)      5 :  0.0040  0.0020  0.0010  0.0010  0.9850  0.0050  0.0020  
 66       66  (16)      5 :  0.0050  0.0050  0.0080  0.1209  0.8372  0.0080  0.0160  
 67       67  (10)      5 :  0.0040  0.1860  0.0170  0.0410  0.6930  0.0560  0.0030  
 68       68   (9)      5 :  0.0040  0.0020  0.0090  0.0190  0.9431  0.0120  0.0110  
 69       69  (39)      5 :  0.0040  0.0060  0.0910  0.0170  0.8360  0.0340  0.0120  
 70       70  (17)      5 :  0.0020  0.0690  0.0030  0.0030  0.9160  0.0040  0.0030  
 71       71  (28)      5 :  0.0120  0.0050  0.0020  0.0671  0.9039  0.0050  0.0050  
 72       72  (53)      5 :  0.0820  0.0140  0.0500  0.0060  0.7720  0.0360  0.0400  
 73       73  (21)      5 :  0.0130  0.0020  0.0040  0.0020  0.9700  0.0030  0.0060  
 74       74  (11)      5 :  0.0030  0.0020  0.0070  0.0030  0.9780  0.0050  0.0020  
 75       75  (16)      5 :  0.0080  0.0020  0.0060  0.0040  0.8909  0.0420  0.0470  
 76       76  (23)      6 :  0.0829  0.0370  0.0350  0.0170  0.0509  0.7562  0.0210  
 77       77  (13)      6 :  0.0160  0.0230  0.0749  0.0100  0.0050  0.7762  0.0949  
 78       78  (22)      6 :  0.0040  0.0060  0.0050  0.0070  0.0080  0.9670  0.0030  
 79       79  (16)      6 :  0.0060  0.0020  0.0030  0.0230  0.0020  0.9550  0.0090  
 80       80  (20)      6 :  0.0040  0.0040  0.0120  0.0230  0.0150  0.9389  0.0030  
 81       81  (10)      6 :  0.0030  0.0380  0.0130  0.0230  0.0140  0.8322  0.0769  
 82       82  (28)      6 :  0.0030  0.0250  0.0040  0.0040  0.0160  0.9441  0.0040  
 83       83  (15)      6 :  0.0040  0.0050  0.0010  0.1998  0.0040  0.7792  0.0070  
 84       84  (19)      6 :  0.0080  0.0050  0.0030  0.0280  0.0160  0.9360  0.0040  
 85       85  (10)      6 :  0.0080  0.0030  0.0060  0.0070  0.0040  0.9410  0.0310  
 86       86  (26)      6 :  0.0140  0.0040  0.0040  0.0020  0.0170  0.9530  0.0060  
 87       87  (47)      6 :  0.0070  0.0030  0.0120  0.0030  0.0020  0.9680  0.0050  
 88       88  (26)      6 :  0.0020  0.0130  0.0180  0.0120  0.0080  0.9431  0.0040  
 89       89  (13)      6 :  0.0020  0.0050  0.0080  0.0030  0.0080  0.9540  0.0200  
 90       90  (26)      6 :  0.1540  0.0850  0.0040  0.0020  0.0130  0.7380  0.0040  
 91       91  (19)      6 :  0.0240  0.0030  0.0050  0.0090  0.1532  0.8018  0.0040  
 92       92  (11)      7 :  0.0070  0.9760  0.0030  0.0040  0.0020  0.0050  0.0030  
 93       93  (20)      7 :  0.0100  0.9461  0.0080  0.0210  0.0040  0.0070  0.0040  
 94       94  (29)      7 :  0.0020  0.9351  0.0440  0.0090  0.0050  0.0030  0.0020  
 95       95   (7)      7 :  0.0030  0.9760  0.0020  0.0020  0.0040  0.0100  0.0030  
 96       96  (41)      7 :  0.0040  0.9790  0.0020  0.0030  0.0040  0.0040  0.0040  
 97       97  (25)      7 :  0.0080  0.4800  0.0050  0.0030  0.0040  0.4950  0.0050  
 98       98  (13)      7 :  0.0020  0.9409  0.0250  0.0030  0.0050  0.0060  0.0180  
 99       99  (21)      7 :  0.0040  0.9800  0.0020  0.0020  0.0040  0.0030  0.0050  
100      100  (16)      7 :  0.0140  0.8941  0.0430  0.0220  0.0040  0.0170  0.0060  
101      101  (62)      7 :  0.0200  0.8801  0.0040  0.0070  0.0070  0.0669  0.0150  
102      102  (15)      7 :  0.0050  0.9190  0.0270  0.0120  0.0220  0.0040  0.0110  
103      103  (18)      7 :  0.0230  0.7568  0.0040  0.0080  0.0671  0.0060  0.1351  
104      104  (21)      7 :  0.0140  0.9491  0.0080  0.0060  0.0100  0.0100  0.0030  
105      105  (18)      7 :  0.0160  0.8990  0.0630  0.0070  0.0040  0.0060  0.0050  
