  1        1  (18)      1 :  0.9810  0.0190  
  2        2   (9)      1 :  0.9940  0.0060  
  3        3  (20)      1 :  0.9840  0.0160  
  4        4  (12)      1 :  0.9920  0.0080  
  5        5  (74)      1 :  0.9850  0.0150  
  6        6  (23)      1 :  0.9820  0.0180  
  7        7  (22)      1 :  0.9320  0.0680  
  8        8  (33)      1 :  0.9910  0.0090  
  9        9  (24)      1 :  0.9560  0.0440  
 10       10  (31)      1 :  0.9690  0.0310  
 11       11  (28)      1 :  0.9150  0.0850  
 12       12  (24)      1 :  0.9730  0.0270  
 13       13  (10)      1 :  0.9850  0.0150  
 14       14  (53)      1 :  0.9700  0.0300  
 15       15  (16)      1 :  0.9830  0.0170  
 16       16  (15)      2 :  0.0260  0.9740  
 17       17  (14)      2 :  0.0150  0.9850  
 18       18  (12)      2 :  0.0130  0.9870  
 19       19  (13)      2 :  0.0250  0.9750  
 20       20  (10)      2 :  0.0390  0.9610  
 21       21  (30)      2 :  0.0110  0.9890  
 22       22  (12)      2 :  0.0670  0.9330  
 23       23  (11)      2 :  0.0080  0.9920  
 24       24  (16)      2 :  0.0710  0.9290  
 25       25  (46)      2 :  0.0260  0.9740  
 26       26  (15)      2 :  0.1190  0.8810  
 27       27  (33)      2 :  0.0380  0.9620  
 28       28  (17)      2 :  0.0070  0.9930  
 29       29  (31)      2 :  0.0140  0.9860  
 30       30  (17)      2 :  0.0060  0.9940  
 31       31   (9)      2 :  0.0080  0.9920  
 32       32  (33)      3 :  0.0420  0.9580  
 33       33  (12)      3 :  0.0990  0.9010  
 34       34  (30)      3 :  0.0690  0.9310  
 35       35  (12)      3 :  0.0210  0.9790  
 36       36  (22)      3 :  0.0660  0.9340  
 37       37  (52)      3 :  0.0070  0.9930  
 38       38  (45)      3 :  0.1800  0.8200  
 39       39  (28)      3 :  0.0170  0.9830  
 40       40  (14)      3 :  0.1760  0.8240  
 41       41  (20)      3 :  0.0060  0.9940  
 42       42  (63)      3 :  0.0190  0.9810  
 43       43  (13)      3 :  0.0230  0.9770  
 44       44  (26)      3 :  0.0220  0.9780  
 45       45  (19)      3 :  0.0270  0.9730  
 46       46  (22)      3 :  0.0100  0.9900  
 47       47  (13)      4 :  0.9910  0.0090  
 48       48  (12)      4 :  0.9520  0.0480  
 49       49  (10)      4 :  0.2910  0.7090  
 50       50  (25)      4 :  0.9900  0.0100  
 51       51   (9)      4 :  0.9690  0.0310  
 52       52   (9)      4 :  0.9880  0.0120  
 53       53  (41)      4 :  0.9800  0.0200  
 54       54  (15)      4 :  0.9480  0.0520  
 55       55  (18)      4 :  0.9870  0.0130  
 56       56   (8)      4 :  0.5920  0.4080  
 57       57  (14)      4 :  0.5740  0.4260  
 58       58  (10)      4 :  0.8730  0.1270  
 59       59  (16)      4 :  0.9940  0.0060  
 60       60  (11)      4 :  0.9750  0.0250  
 61       61  (35)      5 :  0.9940  0.0060  
 62       62  (15)      5 :  0.9820  0.0180  
 63       63  (51)      5 :  0.9900  0.0100  
 64       64  (20)      5 :  0.9840  0.0160  
 65       65  (26)      5 :  0.9760  0.0240  
 66       66  (16)      5 :  0.9540  0.0460  
 67       67  (10)      5 :  0.9290  0.0710  
 68       68   (9)      5 :  0.9280  0.0720  
 69       69  (39)      5 :  0.9840  0.0160  
 70       70  (17)      5 :  0.9920  0.0080  
 71       71  (28)      5 :  0.8500  0.1500  
 72       72  (53)      5 :  0.9820  0.0180  
 73       73  (21)      5 :  0.9880  0.0120  
 74       74  (11)      5 :  0.9840  0.0160  
 75       75  (16)      5 :  0.9550  0.0450  
 76       76  (23)      6 :  0.8680  0.1320  
 77       77  (13)      6 :  0.8380  0.1620  
 78       78  (22)      6 :  0.9720  0.0280  
 79       79  (16)      6 :  0.5200  0.4800  
 80       80  (20)      6 :  0.9590  0.0410  
 81       81  (10)      6 :  0.9740  0.0260  
 82       82  (28)      6 :  0.9800  0.0200  
 83       83  (15)      6 :  0.6300  0.3700  
 84       84  (19)      6 :  0.7600  0.2400  
 85       85  (10)      6 :  0.9140  0.0860  
 86       86  (26)      6 :  0.9730  0.0270  
 87       87  (47)      6 :  0.9490  0.0510  
 88       88  (26)      6 :  0.9780  0.0220  
 89       89  (13)      6 :  0.9850  0.0150  
 90       90  (26)      6 :  0.9600  0.0400  
 91       91  (19)      6 :  0.8260  0.1740  
 92       92  (11)      7 :  0.8350  0.1650  
 93       93  (20)      7 :  0.9400  0.0600  
 94       94  (29)      7 :  0.9800  0.0200  
 95       95   (7)      7 :  0.9890  0.0110  
 96       96  (41)      7 :  0.9810  0.0190  
 97       97  (25)      7 :  0.9610  0.0390  
 98       98  (13)      7 :  0.9870  0.0130  
 99       99  (21)      7 :  0.9890  0.0110  
100      100  (16)      7 :  0.9770  0.0230  
101      101  (62)      7 :  0.9410  0.0590  
102      102  (15)      7 :  0.9830  0.0170  
103      103  (18)      7 :  0.9830  0.0170  
104      104  (21)      7 :  0.9770  0.0230  
105      105  (18)      7 :  0.9320  0.0680  
