  1        1  (18)      1 :  0.0150  0.0220  0.9630  
  2        2   (9)      1 :  0.0060  0.0100  0.9840  
  3        3  (20)      1 :  0.0130  0.0140  0.9730  
  4        4  (12)      1 :  0.0050  0.0070  0.9880  
  5        5  (74)      1 :  0.0230  0.0830  0.8940  
  6        6  (23)      1 :  0.0090  0.0080  0.9830  
  7        7  (22)      1 :  0.0190  0.0060  0.9750  
  8        8  (33)      1 :  0.0040  0.0150  0.9810  
  9        9  (24)      1 :  0.0450  0.0250  0.9300  
 10       10  (31)      1 :  0.0320  0.0430  0.9250  
 11       11  (28)      1 :  0.1760  0.1060  0.7180  
 12       12  (24)      1 :  0.0090  0.0140  0.9770  
 13       13  (10)      1 :  0.0160  0.0240  0.9600  
 14       14  (53)      1 :  0.0470  0.0190  0.9340  
 15       15  (16)      1 :  0.0110  0.0140  0.9750  
 16       16  (15)      2 :  0.9320  0.0620  0.0060  
 17       17  (14)      2 :  0.9760  0.0190  0.0050  
 18       18  (12)      2 :  0.9680  0.0240  0.0080  
 19       19  (13)      2 :  0.9620  0.0220  0.0160  
 20       20  (10)      2 :  0.9380  0.0550  0.0070  
 21       21  (30)      2 :  0.9540  0.0380  0.0080  
 22       22  (12)      2 :  0.8531  0.1319  0.0150  
 23       23  (11)      2 :  0.9780  0.0120  0.0100  
 24       24  (16)      2 :  0.8118  0.0150  0.1732  
 25       25  (46)      2 :  0.6340  0.3490  0.0170  
 26       26  (15)      2 :  0.7840  0.0550  0.1610  
 27       27  (33)      2 :  0.8720  0.0370  0.0910  
 28       28  (17)      2 :  0.9780  0.0160  0.0060  
 29       29  (31)      2 :  0.9750  0.0090  0.0160  
 30       30  (17)      2 :  0.9830  0.0080  0.0090  
 31       31   (9)      2 :  0.9880  0.0060  0.0060  
 32       32  (33)      3 :  0.9580  0.0160  0.0260  
 33       33  (12)      3 :  0.9310  0.0130  0.0560  
 34       34  (30)      3 :  0.8621  0.1009  0.0370  
 35       35  (12)      3 :  0.9740  0.0140  0.0120  
 36       36  (22)      3 :  0.8350  0.1020  0.0630  
 37       37  (52)      3 :  0.9800  0.0040  0.0160  
 38       38  (45)      3 :  0.4090  0.5690  0.0220  
 39       39  (28)      3 :  0.9340  0.0530  0.0130  
 40       40  (14)      3 :  0.7400  0.1210  0.1390  
 41       41  (20)      3 :  0.9910  0.0050  0.0040  
 42       42  (63)      3 :  0.9620  0.0150  0.0230  
 43       43  (13)      3 :  0.9370  0.0050  0.0580  
 44       44  (26)      3 :  0.9810  0.0110  0.0080  
 45       45  (19)      3 :  0.9510  0.0360  0.0130  
 46       46  (22)      3 :  0.9860  0.0080  0.0060  
 47       47  (13)      4 :  0.0070  0.9800  0.0130  
 48       48  (12)      4 :  0.0380  0.9510  0.0110  
 49       49  (10)      4 :  0.2767  0.6833  0.0400  
 50       50  (25)      4 :  0.0030  0.9930  0.0040  
 51       51   (9)      4 :  0.0100  0.9470  0.0430  
 52       52   (9)      4 :  0.0100  0.8810  0.1090  
 53       53  (41)      4 :  0.0080  0.9860  0.0060  
 54       54  (15)      4 :  0.2272  0.4875  0.2853  
 55       55  (18)      4 :  0.0360  0.8358  0.1281  
 56       56   (8)      4 :  0.0631  0.9109  0.0260  
 57       57  (14)      4 :  0.1850  0.7520  0.0630  
 58       58  (10)      4 :  0.1690  0.8070  0.0240  
 59       59  (16)      4 :  0.0080  0.7400  0.2520  
 60       60  (11)      4 :  0.0130  0.6220  0.3650  
 61       61  (35)      5 :  0.0050  0.9870  0.0080  
 62       62  (15)      5 :  0.0090  0.9760  0.0150  
 63       63  (51)      5 :  0.0070  0.9700  0.0230  
 64       64  (20)      5 :  0.0080  0.9850  0.0070  
 65       65  (26)      5 :  0.0060  0.9900  0.0040  
 66       66  (16)      5 :  0.0490  0.9360  0.0150  
 67       67  (10)      5 :  0.0770  0.7980  0.1250  
 68       68   (9)      5 :  0.0150  0.9740  0.0110  
 69       69  (39)      5 :  0.0070  0.9780  0.0150  
 70       70  (17)      5 :  0.0090  0.9620  0.0290  
 71       71  (28)      5 :  0.0549  0.9361  0.0090  
 72       72  (53)      5 :  0.0130  0.9720  0.0150  
 73       73  (21)      5 :  0.0060  0.9900  0.0040  
 74       74  (11)      5 :  0.0080  0.9820  0.0100  
 75       75  (16)      5 :  0.0140  0.9820  0.0040  
 76       76  (23)      6 :  0.0340  0.8402  0.1259  
 77       77  (13)      6 :  0.3030  0.6550  0.0420  
 78       78  (22)      6 :  0.0090  0.9740  0.0170  
 79       79  (16)      6 :  0.3884  0.6076  0.0040  
 80       80  (20)      6 :  0.0670  0.9050  0.0280  
 81       81  (10)      6 :  0.0100  0.9630  0.0270  
 82       82  (28)      6 :  0.0120  0.9560  0.0320  
 83       83  (15)      6 :  0.3590  0.6330  0.0080  
 84       84  (19)      6 :  0.0889  0.8961  0.0150  
 85       85  (10)      6 :  0.0330  0.9540  0.0130  
 86       86  (26)      6 :  0.0110  0.9780  0.0110  
 87       87  (47)      6 :  0.0320  0.9351  0.0330  
 88       88  (26)      6 :  0.0220  0.9189  0.0591  
 89       89  (13)      6 :  0.0100  0.9020  0.0880  
 90       90  (26)      6 :  0.0270  0.6660  0.3070  
 91       91  (19)      6 :  0.2630  0.7270  0.0100  
 92       92  (11)      7 :  0.0790  0.0100  0.9110  
 93       93  (20)      7 :  0.0210  0.0180  0.9610  
 94       94  (29)      7 :  0.0050  0.0050  0.9900  
 95       95   (7)      7 :  0.0080  0.0260  0.9660  
 96       96  (41)      7 :  0.0080  0.0130  0.9790  
 97       97  (25)      7 :  0.0620  0.2700  0.6680  
 98       98  (13)      7 :  0.0060  0.0280  0.9660  
 99       99  (21)      7 :  0.0090  0.0220  0.9690  
100      100  (16)      7 :  0.0150  0.0170  0.9680  
101      101  (62)      7 :  0.0790  0.0770  0.8440  
102      102  (15)      7 :  0.0130  0.0290  0.9580  
103      103  (18)      7 :  0.0350  0.1300  0.8350  
104      104  (21)      7 :  0.0130  0.0210  0.9660  
105      105  (18)      7 :  0.0250  0.0140  0.9610  
