  1        1  (18)      1 :  0.9830  0.0170  
  2        2   (9)      1 :  0.9880  0.0120  
  3        3  (20)      1 :  0.9570  0.0430  
  4        4  (12)      1 :  0.9940  0.0060  
  5        5  (74)      1 :  0.9590  0.0410  
  6        6  (23)      1 :  0.9620  0.0380  
  7        7  (22)      1 :  0.9910  0.0090  
  8        8  (33)      1 :  0.9870  0.0130  
  9        9  (24)      1 :  0.9490  0.0510  
 10       10  (31)      1 :  0.8150  0.1850  
 11       11  (28)      1 :  0.9530  0.0470  
 12       12  (24)      1 :  0.9900  0.0100  
 13       13  (10)      1 :  0.9790  0.0210  
 14       14  (53)      1 :  0.9640  0.0360  
 15       15  (16)      1 :  0.9820  0.0180  
 16       16  (15)      2 :  0.0070  0.9930  
 17       17  (14)      2 :  0.0060  0.9940  
 18       18  (12)      2 :  0.0120  0.9880  
 19       19  (13)      2 :  0.0280  0.9720  
 20       20  (10)      2 :  0.0160  0.9840  
 21       21  (30)      2 :  0.0100  0.9900  
 22       22  (12)      2 :  0.0110  0.9890  
 23       23  (11)      2 :  0.0200  0.9800  
 24       24  (16)      2 :  0.2530  0.7470  
 25       25  (46)      2 :  0.0190  0.9810  
 26       26  (15)      2 :  0.0920  0.9080  
 27       27  (33)      2 :  0.1760  0.8240  
 28       28  (17)      2 :  0.0090  0.9910  
 29       29  (31)      2 :  0.0440  0.9560  
 30       30  (17)      2 :  0.0340  0.9660  
 31       31   (9)      2 :  0.0460  0.9540  
 32       32  (33)      3 :  0.0380  0.9620  
 33       33  (12)      3 :  0.1250  0.8750  
 34       34  (30)      3 :  0.0240  0.9760  
 35       35  (12)      3 :  0.0230  0.9770  
 36       36  (22)      3 :  0.0810  0.9190  
 37       37  (52)      3 :  0.4440  0.5560  
 38       38  (45)      3 :  0.0220  0.9780  
 39       39  (28)      3 :  0.0210  0.9790  
 40       40  (14)      3 :  0.1250  0.8750  
 41       41  (20)      3 :  0.0220  0.9780  
 42       42  (63)      3 :  0.0370  0.9630  
 43       43  (13)      3 :  0.2500  0.7500  
 44       44  (26)      3 :  0.0160  0.9840  
 45       45  (19)      3 :  0.0190  0.9810  
 46       46  (22)      3 :  0.0240  0.9760  
 47       47  (13)      4 :  0.0380  0.9620  
 48       48  (12)      4 :  0.0160  0.9840  
 49       49  (10)      4 :  0.0330  0.9670  
 50       50  (25)      4 :  0.0120  0.9880  
 51       51   (9)      4 :  0.0390  0.9610  
 52       52   (9)      4 :  0.2990  0.7010  
 53       53  (41)      4 :  0.0110  0.9890  
 54       54  (15)      4 :  0.3260  0.6740  
 55       55  (18)      4 :  0.1190  0.8810  
 56       56   (8)      4 :  0.0230  0.9770  
 57       57  (14)      4 :  0.0410  0.9590  
 58       58  (10)      4 :  0.0360  0.9640  
 59       59  (16)      4 :  0.4840  0.5160  
 60       60  (11)      4 :  0.5790  0.4210  
 61       61  (35)      5 :  0.0270  0.9730  
 62       62  (15)      5 :  0.0850  0.9150  
 63       63  (51)      5 :  0.1400  0.8600  
 64       64  (20)      5 :  0.0100  0.9900  
 65       65  (26)      5 :  0.0050  0.9950  
 66       66  (16)      5 :  0.0150  0.9850  
 67       67  (10)      5 :  0.1040  0.8960  
 68       68   (9)      5 :  0.0160  0.9840  
 69       69  (39)      5 :  0.0520  0.9480  
 70       70  (17)      5 :  0.1200  0.8800  
 71       71  (28)      5 :  0.0100  0.9900  
 72       72  (53)      5 :  0.0290  0.9710  
 73       73  (21)      5 :  0.0130  0.9870  
 74       74  (11)      5 :  0.0100  0.9900  
 75       75  (16)      5 :  0.0080  0.9920  
 76       76  (23)      6 :  0.0880  0.9120  
 77       77  (13)      6 :  0.1040  0.8960  
 78       78  (22)      6 :  0.0430  0.9570  
 79       79  (16)      6 :  0.0070  0.9930  
 80       80  (20)      6 :  0.0900  0.9100  
 81       81  (10)      6 :  0.0890  0.9110  
 82       82  (28)      6 :  0.0450  0.9550  
 83       83  (15)      6 :  0.0120  0.9880  
 84       84  (19)      6 :  0.0240  0.9760  
 85       85  (10)      6 :  0.0230  0.9770  
 86       86  (26)      6 :  0.0280  0.9720  
 87       87  (47)      6 :  0.0740  0.9260  
 88       88  (26)      6 :  0.1380  0.8620  
 89       89  (13)      6 :  0.1580  0.8420  
 90       90  (26)      6 :  0.2630  0.7370  
 91       91  (19)      6 :  0.0080  0.9920  
 92       92  (11)      7 :  0.9800  0.0200  
 93       93  (20)      7 :  0.9770  0.0230  
 94       94  (29)      7 :  0.9940  0.0060  
 95       95   (7)      7 :  0.9770  0.0230  
 96       96  (41)      7 :  0.9740  0.0260  
 97       97  (25)      7 :  0.7240  0.2760  
 98       98  (13)      7 :  0.9870  0.0130  
 99       99  (21)      7 :  0.9780  0.0220  
100      100  (16)      7 :  0.9860  0.0140  
101      101  (62)      7 :  0.9160  0.0840  
102      102  (15)      7 :  0.8350  0.1650  
103      103  (18)      7 :  0.6690  0.3310  
104      104  (21)      7 :  0.9600  0.0400  
105      105  (18)      7 :  0.9720  0.0280  
