  1        1  (18)      1 :  0.9770  0.0230  
  2        2   (9)      1 :  0.9890  0.0110  
  3        3  (20)      1 :  0.9770  0.0230  
  4        4  (12)      1 :  0.9910  0.0090  
  5        5  (74)      1 :  0.9620  0.0380  
  6        6  (23)      1 :  0.9810  0.0190  
  7        7  (22)      1 :  0.8940  0.1060  
  8        8  (33)      1 :  0.9930  0.0070  
  9        9  (24)      1 :  0.8770  0.1230  
 10       10  (31)      1 :  0.9620  0.0380  
 11       11  (28)      1 :  0.8200  0.1800  
 12       12  (24)      1 :  0.9750  0.0250  
 13       13  (10)      1 :  0.9590  0.0410  
 14       14  (53)      1 :  0.9150  0.0850  
 15       15  (16)      1 :  0.9820  0.0180  
 16       16  (15)      2 :  0.0270  0.9730  
 17       17  (14)      2 :  0.0150  0.9850  
 18       18  (12)      2 :  0.0210  0.9790  
 19       19  (13)      2 :  0.0250  0.9750  
 20       20  (10)      2 :  0.0340  0.9660  
 21       21  (30)      2 :  0.0220  0.9780  
 22       22  (12)      2 :  0.1060  0.8940  
 23       23  (11)      2 :  0.0160  0.9840  
 24       24  (16)      2 :  0.0980  0.9020  
 25       25  (46)      2 :  0.1090  0.8910  
 26       26  (15)      2 :  0.2030  0.7970  
 27       27  (33)      2 :  0.0930  0.9070  
 28       28  (17)      2 :  0.0130  0.9870  
 29       29  (31)      2 :  0.0160  0.9840  
 30       30  (17)      2 :  0.0120  0.9880  
 31       31   (9)      2 :  0.0080  0.9920  
 32       32  (33)      3 :  0.0350  0.9650  
 33       33  (12)      3 :  0.0580  0.9420  
 34       34  (30)      3 :  0.1450  0.8550  
 35       35  (12)      3 :  0.0250  0.9750  
 36       36  (22)      3 :  0.2280  0.7720  
 37       37  (52)      3 :  0.0100  0.9900  
 38       38  (45)      3 :  0.3700  0.6300  
 39       39  (28)      3 :  0.0470  0.9530  
 40       40  (14)      3 :  0.2980  0.7020  
 41       41  (20)      3 :  0.0070  0.9930  
 42       42  (63)      3 :  0.0320  0.9680  
 43       43  (13)      3 :  0.0230  0.9770  
 44       44  (26)      3 :  0.0160  0.9840  
 45       45  (19)      3 :  0.0340  0.9660  
 46       46  (22)      3 :  0.0110  0.9890  
 47       47  (13)      4 :  0.9870  0.0130  
 48       48  (12)      4 :  0.9170  0.0830  
 49       49  (10)      4 :  0.6650  0.3350  
 50       50  (25)      4 :  0.9900  0.0100  
 51       51   (9)      4 :  0.9820  0.0180  
 52       52   (9)      4 :  0.9820  0.0180  
 53       53  (41)      4 :  0.9710  0.0290  
 54       54  (15)      4 :  0.7840  0.2160  
 55       55  (18)      4 :  0.9640  0.0360  
 56       56   (8)      4 :  0.8930  0.1070  
 57       57  (14)      4 :  0.7850  0.2150  
 58       58  (10)      4 :  0.7840  0.2160  
 59       59  (16)      4 :  0.9880  0.0120  
 60       60  (11)      4 :  0.9780  0.0220  
 61       61  (35)      5 :  0.9910  0.0090  
 62       62  (15)      5 :  0.9790  0.0210  
 63       63  (51)      5 :  0.9870  0.0130  
 64       64  (20)      5 :  0.9840  0.0160  
 65       65  (26)      5 :  0.9730  0.0270  
 66       66  (16)      5 :  0.8900  0.1100  
 67       67  (10)      5 :  0.9070  0.0930  
 68       68   (9)      5 :  0.9730  0.0270  
 69       69  (39)      5 :  0.9830  0.0170  
 70       70  (17)      5 :  0.9870  0.0130  
 71       71  (28)      5 :  0.8740  0.1260  
 72       72  (53)      5 :  0.9770  0.0230  
 73       73  (21)      5 :  0.9880  0.0120  
 74       74  (11)      5 :  0.9830  0.0170  
 75       75  (16)      5 :  0.9220  0.0780  
 76       76  (23)      6 :  0.9450  0.0550  
 77       77  (13)      6 :  0.6570  0.3430  
 78       78  (22)      6 :  0.9690  0.0310  
 79       79  (16)      6 :  0.3000  0.7000  
 80       80  (20)      6 :  0.8770  0.1230  
 81       81  (10)      6 :  0.9750  0.0250  
 82       82  (28)      6 :  0.9730  0.0270  
 83       83  (15)      6 :  0.4940  0.5060  
 84       84  (19)      6 :  0.7960  0.2040  
 85       85  (10)      6 :  0.8700  0.1300  
 86       86  (26)      6 :  0.9690  0.0310  
 87       87  (47)      6 :  0.9220  0.0780  
 88       88  (26)      6 :  0.9610  0.0390  
 89       89  (13)      6 :  0.9790  0.0210  
 90       90  (26)      6 :  0.9680  0.0320  
 91       91  (19)      6 :  0.3880  0.6120  
 92       92  (11)      7 :  0.8270  0.1730  
 93       93  (20)      7 :  0.9450  0.0550  
 94       94  (29)      7 :  0.9720  0.0280  
 95       95   (7)      7 :  0.9830  0.0170  
 96       96  (41)      7 :  0.9840  0.0160  
 97       97  (25)      7 :  0.9050  0.0950  
 98       98  (13)      7 :  0.9910  0.0090  
 99       99  (21)      7 :  0.9810  0.0190  
100      100  (16)      7 :  0.9780  0.0220  
101      101  (62)      7 :  0.9190  0.0810  
102      102  (15)      7 :  0.9810  0.0190  
103      103  (18)      7 :  0.9620  0.0380  
104      104  (21)      7 :  0.9790  0.0210  
105      105  (18)      7 :  0.9370  0.0630  
