  1        1  (18)      1 :  0.0180  0.0100  0.9720  
  2        2   (9)      1 :  0.0140  0.0050  0.9810  
  3        3  (20)      1 :  0.0110  0.0340  0.9550  
  4        4  (12)      1 :  0.0040  0.0110  0.9850  
  5        5  (74)      1 :  0.0700  0.0170  0.9130  
  6        6  (23)      1 :  0.0170  0.0140  0.9690  
  7        7  (22)      1 :  0.0040  0.0090  0.9870  
  8        8  (33)      1 :  0.0270  0.0060  0.9670  
  9        9  (24)      1 :  0.0150  0.0390  0.9459  
 10       10  (31)      1 :  0.1070  0.0630  0.8300  
 11       11  (28)      1 :  0.0330  0.0420  0.9250  
 12       12  (24)      1 :  0.0030  0.0070  0.9900  
 13       13  (10)      1 :  0.0260  0.0070  0.9670  
 14       14  (53)      1 :  0.0230  0.0150  0.9620  
 15       15  (16)      1 :  0.2088  0.0050  0.7862  
 16       16  (15)      2 :  0.0050  0.9910  0.0040  
 17       17  (14)      2 :  0.0470  0.9490  0.0040  
 18       18  (12)      2 :  0.0260  0.9550  0.0190  
 19       19  (13)      2 :  0.0230  0.9510  0.0260  
 20       20  (10)      2 :  0.0070  0.9890  0.0040  
 21       21  (30)      2 :  0.0120  0.9820  0.0060  
 22       22  (12)      2 :  0.0180  0.9730  0.0090  
 23       23  (11)      2 :  0.1040  0.8750  0.0210  
 24       24  (16)      2 :  0.0590  0.7210  0.2200  
 25       25  (46)      2 :  0.0400  0.9440  0.0160  
 26       26  (15)      2 :  0.0520  0.8710  0.0770  
 27       27  (33)      2 :  0.0150  0.9250  0.0600  
 28       28  (17)      2 :  0.0130  0.9820  0.0050  
 29       29  (31)      2 :  0.0180  0.9530  0.0290  
 30       30  (17)      2 :  0.0060  0.9840  0.0100  
 31       31   (9)      2 :  0.0080  0.9840  0.0080  
 32       32  (33)      3 :  0.9490  0.0200  0.0310  
 33       33  (12)      3 :  0.5850  0.1180  0.2970  
 34       34  (30)      3 :  0.9520  0.0180  0.0300  
 35       35  (12)      3 :  0.9520  0.0230  0.0250  
 36       36  (22)      3 :  0.9710  0.0110  0.0180  
 37       37  (52)      3 :  0.9349  0.0110  0.0541  
 38       38  (45)      3 :  0.9260  0.0460  0.0280  
 39       39  (28)      3 :  0.9790  0.0130  0.0080  
 40       40  (14)      3 :  0.9530  0.0130  0.0340  
 41       41  (20)      3 :  0.9900  0.0050  0.0050  
 42       42  (63)      3 :  0.9180  0.0610  0.0210  
 43       43  (13)      3 :  0.4090  0.0490  0.5420  
 44       44  (26)      3 :  0.9620  0.0300  0.0080  
 45       45  (19)      3 :  0.9730  0.0120  0.0150  
 46       46  (22)      3 :  0.9930  0.0030  0.0040  
 47       47  (13)      4 :  0.8970  0.0620  0.0410  
 48       48  (12)      4 :  0.9880  0.0070  0.0050  
 49       49  (10)      4 :  0.9260  0.0640  0.0100  
 50       50  (25)      4 :  0.9830  0.0110  0.0060  
 51       51   (9)      4 :  0.9160  0.0280  0.0560  
 52       52   (9)      4 :  0.9750  0.0070  0.0180  
 53       53  (41)      4 :  0.9940  0.0040  0.0020  
 54       54  (15)      4 :  0.4100  0.0340  0.5560  
 55       55  (18)      4 :  0.9700  0.0080  0.0220  
 56       56   (8)      4 :  0.9320  0.0470  0.0210  
 57       57  (14)      4 :  0.9620  0.0260  0.0120  
 58       58  (10)      4 :  0.9410  0.0290  0.0300  
 59       59  (16)      4 :  0.6767  0.0270  0.2963  
 60       60  (11)      4 :  0.3766  0.0440  0.5794  
 61       61  (35)      5 :  0.0200  0.9510  0.0290  
 62       62  (15)      5 :  0.0180  0.9380  0.0440  
 63       63  (51)      5 :  0.0180  0.8631  0.1189  
 64       64  (20)      5 :  0.0070  0.9870  0.0060  
 65       65  (26)      5 :  0.0160  0.9810  0.0030  
 66       66  (16)      5 :  0.0110  0.9710  0.0180  
 67       67  (10)      5 :  0.0100  0.8730  0.1170  
 68       68   (9)      5 :  0.0070  0.9870  0.0060  
 69       69  (39)      5 :  0.0080  0.9720  0.0200  
 70       70  (17)      5 :  0.0050  0.9830  0.0120  
 71       71  (28)      5 :  0.0110  0.9850  0.0040  
 72       72  (53)      5 :  0.0831  0.8328  0.0841  
 73       73  (21)      5 :  0.0580  0.9340  0.0080  
 74       74  (11)      5 :  0.0060  0.9840  0.0100  
 75       75  (16)      5 :  0.0190  0.9760  0.0050  
 76       76  (23)      6 :  0.1051  0.7798  0.1151  
 77       77  (13)      6 :  0.5090  0.2970  0.1940  
 78       78  (22)      6 :  0.0160  0.9590  0.0250  
 79       79  (16)      6 :  0.0320  0.9610  0.0070  
 80       80  (20)      6 :  0.0080  0.9680  0.0240  
 81       81  (10)      6 :  0.0450  0.8900  0.0650  
 82       82  (28)      6 :  0.0300  0.8640  0.1060  
 83       83  (15)      6 :  0.0730  0.9100  0.0170  
 84       84  (19)      6 :  0.0210  0.9550  0.0240  
 85       85  (10)      6 :  0.0370  0.9450  0.0180  
 86       86  (26)      6 :  0.3047  0.6334  0.0619  
 87       87  (47)      6 :  0.4850  0.4420  0.0730  
 88       88  (26)      6 :  0.0120  0.9289  0.0591  
 89       89  (13)      6 :  0.0240  0.6450  0.3310  
 90       90  (26)      6 :  0.2360  0.1620  0.6020  
 91       91  (19)      6 :  0.0230  0.9670  0.0100  
 92       92  (11)      7 :  0.0140  0.0130  0.9730  
 93       93  (20)      7 :  0.0060  0.0130  0.9810  
 94       94  (29)      7 :  0.0020  0.0040  0.9940  
 95       95   (7)      7 :  0.0080  0.0090  0.9830  
 96       96  (41)      7 :  0.0150  0.0200  0.9650  
 97       97  (25)      7 :  0.0310  0.0650  0.9040  
 98       98  (13)      7 :  0.0390  0.0260  0.9350  
 99       99  (21)      7 :  0.0090  0.0090  0.9820  
100      100  (16)      7 :  0.0240  0.0130  0.9630  
101      101  (62)      7 :  0.0600  0.0200  0.9200  
102      102  (15)      7 :  0.0180  0.0520  0.9300  
103      103  (18)      7 :  0.0570  0.0220  0.9210  
104      104  (21)      7 :  0.0120  0.0180  0.9700  
105      105  (18)      7 :  0.0080  0.0110  0.9810  
