  1        1  (18)      1 :  0.0030  0.0130  0.0120  0.0050  0.9670  
  2        2   (9)      1 :  0.0030  0.0170  0.0030  0.0020  0.9750  
  3        3  (20)      1 :  0.0040  0.0180  0.0090  0.0090  0.9600  
  4        4  (12)      1 :  0.0030  0.0020  0.0030  0.0080  0.9840  
  5        5  (74)      1 :  0.0370  0.0180  0.0060  0.0120  0.9270  
  6        6  (23)      1 :  0.0100  0.0090  0.0070  0.0050  0.9690  
  7        7  (22)      1 :  0.0070  0.0040  0.0050  0.0020  0.9820  
  8        8  (33)      1 :  0.0020  0.0120  0.0060  0.0070  0.9730  
  9        9  (24)      1 :  0.0050  0.0140  0.0200  0.0110  0.9500  
 10       10  (31)      1 :  0.0360  0.0370  0.0100  0.0150  0.9020  
 11       11  (28)      1 :  0.0090  0.0180  0.0160  0.0540  0.9030  
 12       12  (24)      1 :  0.0030  0.0040  0.0060  0.0070  0.9800  
 13       13  (10)      1 :  0.0160  0.0580  0.0070  0.0030  0.9160  
 14       14  (53)      1 :  0.0230  0.0160  0.0090  0.0060  0.9460  
 15       15  (16)      1 :  0.2450  0.0110  0.0010  0.0040  0.7390  
 16       16  (15)      2 :  0.0070  0.0190  0.9271  0.0420  0.0050  
 17       17  (14)      2 :  0.0340  0.0200  0.9390  0.0040  0.0030  
 18       18  (12)      2 :  0.0711  0.0230  0.8829  0.0140  0.0090  
 19       19  (13)      2 :  0.0210  0.0250  0.9139  0.0100  0.0300  
 20       20  (10)      2 :  0.0020  0.0050  0.9820  0.0090  0.0020  
 21       21  (30)      2 :  0.0040  0.0110  0.9730  0.0090  0.0030  
 22       22  (12)      2 :  0.0160  0.0770  0.8240  0.0720  0.0110  
 23       23  (11)      2 :  0.0040  0.0100  0.9710  0.0030  0.0120  
 24       24  (16)      2 :  0.0490  0.0300  0.7810  0.0040  0.1360  
 25       25  (46)      2 :  0.0180  0.0559  0.8991  0.0180  0.0090  
 26       26  (15)      2 :  0.0070  0.0280  0.7910  0.0190  0.1550  
 27       27  (33)      2 :  0.0060  0.0090  0.9450  0.0080  0.0320  
 28       28  (17)      2 :  0.0020  0.0040  0.9830  0.0080  0.0030  
 29       29  (31)      2 :  0.0070  0.0040  0.9750  0.0050  0.0090  
 30       30  (17)      2 :  0.0040  0.0040  0.9840  0.0040  0.0040  
 31       31   (9)      2 :  0.0200  0.0030  0.9670  0.0030  0.0070  
 32       32  (33)      3 :  0.9510  0.0130  0.0060  0.0180  0.0120  
 33       33  (12)      3 :  0.6810  0.0310  0.1510  0.0110  0.1260  
 34       34  (30)      3 :  0.9370  0.0130  0.0070  0.0300  0.0130  
 35       35  (12)      3 :  0.9420  0.0100  0.0240  0.0090  0.0150  
 36       36  (22)      3 :  0.9270  0.0270  0.0120  0.0120  0.0220  
 37       37  (52)      3 :  0.9880  0.0020  0.0050  0.0010  0.0040  
 38       38  (45)      3 :  0.8432  0.0549  0.0050  0.0819  0.0150  
 39       39  (28)      3 :  0.9030  0.0320  0.0160  0.0300  0.0190  
 40       40  (14)      3 :  0.8240  0.0580  0.0070  0.0160  0.0950  
 41       41  (20)      3 :  0.9900  0.0020  0.0020  0.0040  0.0020  
 42       42  (63)      3 :  0.8020  0.0220  0.1510  0.0050  0.0200  
 43       43  (13)      3 :  0.6370  0.0050  0.0450  0.0030  0.3100  
 44       44  (26)      3 :  0.9550  0.0210  0.0110  0.0080  0.0050  
 45       45  (19)      3 :  0.9300  0.0110  0.0090  0.0430  0.0070  
 46       46  (22)      3 :  0.9920  0.0030  0.0020  0.0010  0.0020  
 47       47  (13)      4 :  0.0020  0.9820  0.0050  0.0070  0.0040  
 48       48  (12)      4 :  0.0110  0.9760  0.0030  0.0070  0.0030  
 49       49  (10)      4 :  0.0531  0.8188  0.1161  0.0040  0.0080  
 50       50  (25)      4 :  0.0050  0.9630  0.0020  0.0280  0.0020  
 51       51   (9)      4 :  0.0050  0.9410  0.0060  0.0390  0.0090  
 52       52   (9)      4 :  0.0020  0.9860  0.0030  0.0020  0.0070  
 53       53  (41)      4 :  0.0040  0.9890  0.0020  0.0030  0.0020  
 54       54  (15)      4 :  0.0080  0.9480  0.0170  0.0060  0.0210  
 55       55  (18)      4 :  0.0280  0.9610  0.0020  0.0040  0.0050  
 56       56   (8)      4 :  0.0970  0.8000  0.0120  0.0730  0.0180  
 57       57  (14)      4 :  0.0360  0.9200  0.0130  0.0060  0.0250  
 58       58  (10)      4 :  0.0240  0.9240  0.0190  0.0170  0.0160  
 59       59  (16)      4 :  0.0070  0.8641  0.0040  0.0150  0.1099  
 60       60  (11)      4 :  0.0080  0.4575  0.0050  0.0120  0.5175  
 61       61  (35)      5 :  0.0030  0.0050  0.0020  0.9840  0.0060  
 62       62  (15)      5 :  0.0050  0.0200  0.0160  0.9171  0.0420  
 63       63  (51)      5 :  0.0060  0.0080  0.0050  0.9640  0.0170  
 64       64  (20)      5 :  0.0020  0.0140  0.0080  0.9690  0.0070  
 65       65  (26)      5 :  0.0030  0.0020  0.0020  0.9910  0.0020  
 66       66  (16)      5 :  0.0050  0.0180  0.1189  0.8462  0.0120  
 67       67  (10)      5 :  0.0080  0.0140  0.0700  0.7790  0.1290  
 68       68   (9)      5 :  0.0030  0.0240  0.0220  0.9439  0.0070  
 69       69  (39)      5 :  0.0040  0.0460  0.0220  0.8710  0.0570  
 70       70  (17)      5 :  0.0040  0.0040  0.0040  0.9710  0.0170  
 71       71  (28)      5 :  0.0090  0.0060  0.0711  0.9109  0.0030  
 72       72  (53)      5 :  0.1140  0.0500  0.0090  0.7900  0.0370  
 73       73  (21)      5 :  0.0220  0.0070  0.0020  0.9670  0.0020  
 74       74  (11)      5 :  0.0040  0.0050  0.0040  0.9840  0.0030  
 75       75  (16)      5 :  0.0100  0.0620  0.0050  0.9170  0.0060  
 76       76  (23)      6 :  0.0470  0.8272  0.0220  0.0340  0.0699  
 77       77  (13)      6 :  0.0150  0.9329  0.0120  0.0020  0.0380  
 78       78  (22)      6 :  0.0120  0.9140  0.0110  0.0410  0.0220  
 79       79  (16)      6 :  0.0100  0.9010  0.0830  0.0030  0.0030  
 80       80  (20)      6 :  0.0100  0.8520  0.0490  0.0540  0.0350  
 81       81  (10)      6 :  0.0050  0.9280  0.0220  0.0200  0.0250  
 82       82  (28)      6 :  0.0050  0.9010  0.0100  0.0610  0.0230  
 83       83  (15)      6 :  0.0030  0.7283  0.2587  0.0040  0.0060  
 84       84  (19)      6 :  0.0080  0.7810  0.1650  0.0350  0.0110  
 85       85  (10)      6 :  0.0080  0.9710  0.0100  0.0040  0.0070  
 86       86  (26)      6 :  0.0140  0.9380  0.0020  0.0360  0.0100  
 87       87  (47)      6 :  0.0140  0.9680  0.0060  0.0050  0.0070  
 88       88  (26)      6 :  0.0030  0.8811  0.0310  0.0130  0.0719  
 89       89  (13)      6 :  0.0020  0.8660  0.0050  0.1070  0.0200  
 90       90  (26)      6 :  0.2850  0.2820  0.0030  0.0890  0.3410  
 91       91  (19)      6 :  0.0640  0.5530  0.0570  0.3170  0.0090  
 92       92  (11)      7 :  0.0230  0.0050  0.0180  0.0040  0.9500  
 93       93  (20)      7 :  0.0210  0.0040  0.0290  0.0060  0.9401  
 94       94  (29)      7 :  0.0020  0.0020  0.0040  0.0020  0.9900  
 95       95   (7)      7 :  0.0040  0.0180  0.0050  0.0070  0.9660  
 96       96  (41)      7 :  0.0090  0.0120  0.0090  0.0170  0.9530  
 97       97  (25)      7 :  0.0270  0.3280  0.0090  0.0060  0.6300  
 98       98  (13)      7 :  0.0020  0.0170  0.0040  0.0070  0.9700  
 99       99  (21)      7 :  0.0080  0.0060  0.0050  0.0240  0.9570  
100      100  (16)      7 :  0.0130  0.0090  0.0250  0.0040  0.9490  
101      101  (62)      7 :  0.0380  0.1130  0.0130  0.0070  0.8290  
102      102  (15)      7 :  0.0060  0.0080  0.0170  0.0639  0.9051  
103      103  (18)      7 :  0.0440  0.0540  0.0130  0.2230  0.6660  
104      104  (21)      7 :  0.0210  0.0060  0.0050  0.0190  0.9490  
105      105  (18)      7 :  0.0130  0.0050  0.0070  0.0040  0.9710  
