  1        1  (18)      1 :  0.0060  0.0050  0.9740  0.0150  
  2        2   (9)      1 :  0.0030  0.0030  0.9730  0.0210  
  3        3  (20)      1 :  0.0330  0.0140  0.9400  0.0130  
  4        4  (12)      1 :  0.0070  0.0040  0.9850  0.0040  
  5        5  (74)      1 :  0.0310  0.0080  0.8620  0.0990  
  6        6  (23)      1 :  0.0150  0.0070  0.9660  0.0120  
  7        7  (22)      1 :  0.0020  0.0140  0.9790  0.0050  
  8        8  (33)      1 :  0.0030  0.0050  0.9430  0.0490  
  9        9  (24)      1 :  0.0200  0.0240  0.9420  0.0140  
 10       10  (31)      1 :  0.0260  0.0320  0.8639  0.0781  
 11       11  (28)      1 :  0.0390  0.0460  0.8960  0.0190  
 12       12  (24)      1 :  0.0070  0.0050  0.9850  0.0030  
 13       13  (10)      1 :  0.0060  0.0090  0.9600  0.0250  
 14       14  (53)      1 :  0.0060  0.0180  0.9570  0.0190  
 15       15  (16)      1 :  0.0050  0.0070  0.9560  0.0320  
 16       16  (15)      2 :  0.0530  0.9200  0.0070  0.0200  
 17       17  (14)      2 :  0.0240  0.9520  0.0040  0.0200  
 18       18  (12)      2 :  0.0060  0.9810  0.0060  0.0070  
 19       19  (13)      2 :  0.0070  0.9560  0.0150  0.0220  
 20       20  (10)      2 :  0.1982  0.7918  0.0040  0.0060  
 21       21  (30)      2 :  0.0120  0.9730  0.0040  0.0110  
 22       22  (12)      2 :  0.0470  0.8800  0.0200  0.0530  
 23       23  (11)      2 :  0.0040  0.9810  0.0080  0.0070  
 24       24  (16)      2 :  0.0070  0.8530  0.1280  0.0120  
 25       25  (46)      2 :  0.0070  0.9490  0.0090  0.0350  
 26       26  (15)      2 :  0.0200  0.8610  0.1060  0.0130  
 27       27  (33)      2 :  0.0060  0.8769  0.1121  0.0050  
 28       28  (17)      2 :  0.0110  0.9800  0.0040  0.0050  
 29       29  (31)      2 :  0.0070  0.9720  0.0100  0.0110  
 30       30  (17)      2 :  0.0050  0.9850  0.0060  0.0040  
 31       31   (9)      2 :  0.0070  0.9820  0.0070  0.0040  
 32       32  (33)      3 :  0.0290  0.9110  0.0380  0.0220  
 33       33  (12)      3 :  0.0180  0.8470  0.1210  0.0140  
 34       34  (30)      3 :  0.0410  0.9129  0.0180  0.0280  
 35       35  (12)      3 :  0.0060  0.9700  0.0110  0.0130  
 36       36  (22)      3 :  0.0080  0.9330  0.0430  0.0160  
 37       37  (52)      3 :  0.0030  0.9850  0.0090  0.0030  
 38       38  (45)      3 :  0.0670  0.8290  0.0370  0.0670  
 39       39  (28)      3 :  0.0090  0.9690  0.0070  0.0150  
 40       40  (14)      3 :  0.0050  0.7540  0.0580  0.1830  
 41       41  (20)      3 :  0.0050  0.9890  0.0030  0.0030  
 42       42  (63)      3 :  0.0090  0.9610  0.0090  0.0210  
 43       43  (13)      3 :  0.0030  0.7620  0.2310  0.0040  
 44       44  (26)      3 :  0.0130  0.9500  0.0080  0.0290  
 45       45  (19)      3 :  0.0190  0.9630  0.0090  0.0090  
 46       46  (22)      3 :  0.0020  0.9840  0.0040  0.0100  
 47       47  (13)      4 :  0.0080  0.0030  0.0070  0.9820  
 48       48  (12)      4 :  0.0050  0.0050  0.0030  0.9870  
 49       49  (10)      4 :  0.0050  0.2370  0.0070  0.7510  
 50       50  (25)      4 :  0.0170  0.0030  0.0030  0.9770  
 51       51   (9)      4 :  0.0290  0.0120  0.0230  0.9360  
 52       52   (9)      4 :  0.0020  0.0030  0.0050  0.9900  
 53       53  (41)      4 :  0.0030  0.0030  0.0020  0.9920  
 54       54  (15)      4 :  0.0130  0.0250  0.3904  0.5716  
 55       55  (18)      4 :  0.0050  0.0040  0.0040  0.9870  
 56       56   (8)      4 :  0.0551  0.1512  0.0110  0.7828  
 57       57  (14)      4 :  0.0060  0.0900  0.0130  0.8910  
 58       58  (10)      4 :  0.0200  0.0660  0.0180  0.8960  
 59       59  (16)      4 :  0.0709  0.0040  0.0559  0.8691  
 60       60  (11)      4 :  0.0070  0.0150  0.4210  0.5570  
 61       61  (35)      5 :  0.9850  0.0030  0.0070  0.0050  
 62       62  (15)      5 :  0.9120  0.0120  0.0600  0.0160  
 63       63  (51)      5 :  0.9620  0.0050  0.0260  0.0070  
 64       64  (20)      5 :  0.9610  0.0060  0.0060  0.0270  
 65       65  (26)      5 :  0.9890  0.0040  0.0020  0.0050  
 66       66  (16)      5 :  0.9180  0.0300  0.0330  0.0190  
 67       67  (10)      5 :  0.7320  0.0630  0.1900  0.0150  
 68       68   (9)      5 :  0.8880  0.0450  0.0090  0.0580  
 69       69  (39)      5 :  0.9070  0.0110  0.0490  0.0330  
 70       70  (17)      5 :  0.9790  0.0060  0.0110  0.0040  
 71       71  (28)      5 :  0.9120  0.0700  0.0050  0.0130  
 72       72  (53)      5 :  0.8931  0.0180  0.0270  0.0619  
 73       73  (21)      5 :  0.9880  0.0040  0.0030  0.0050  
 74       74  (11)      5 :  0.9850  0.0050  0.0040  0.0060  
 75       75  (16)      5 :  0.8830  0.0160  0.0040  0.0970  
 76       76  (23)      6 :  0.1110  0.1000  0.1120  0.6770  
 77       77  (13)      6 :  0.0060  0.0929  0.0649  0.8362  
 78       78  (22)      6 :  0.0290  0.0090  0.0100  0.9520  
 79       79  (16)      6 :  0.0030  0.0720  0.0040  0.9210  
 80       80  (20)      6 :  0.0661  0.0160  0.0180  0.8999  
 81       81  (10)      6 :  0.0110  0.0060  0.0110  0.9720  
 82       82  (28)      6 :  0.0340  0.0130  0.0340  0.9190  
 83       83  (15)      6 :  0.0070  0.1902  0.0090  0.7938  
 84       84  (19)      6 :  0.0240  0.1570  0.0150  0.8040  
 85       85  (10)      6 :  0.0070  0.0110  0.0070  0.9750  
 86       86  (26)      6 :  0.0400  0.0110  0.0260  0.9229  
 87       87  (47)      6 :  0.0050  0.0130  0.0250  0.9570  
 88       88  (26)      6 :  0.0320  0.0120  0.0630  0.8930  
 89       89  (13)      6 :  0.0240  0.0100  0.0910  0.8750  
 90       90  (26)      6 :  0.1089  0.0440  0.3197  0.5275  
 91       91  (19)      6 :  0.3550  0.0990  0.0080  0.5380  
 92       92  (11)      7 :  0.0040  0.0630  0.9280  0.0050  
 93       93  (20)      7 :  0.0090  0.0120  0.9730  0.0060  
 94       94  (29)      7 :  0.0040  0.0040  0.9890  0.0030  
 95       95   (7)      7 :  0.0030  0.0050  0.9330  0.0590  
 96       96  (41)      7 :  0.0130  0.0090  0.9670  0.0110  
 97       97  (25)      7 :  0.0090  0.0240  0.8330  0.1340  
 98       98  (13)      7 :  0.0040  0.0070  0.7728  0.2162  
 99       99  (21)      7 :  0.0200  0.0050  0.9670  0.0080  
100      100  (16)      7 :  0.0060  0.0130  0.9510  0.0300  
101      101  (62)      7 :  0.0160  0.0330  0.9019  0.0490  
102      102  (15)      7 :  0.0770  0.0120  0.8810  0.0300  
103      103  (18)      7 :  0.0440  0.0080  0.9119  0.0360  
104      104  (21)      7 :  0.0160  0.0130  0.9630  0.0080  
105      105  (18)      7 :  0.0090  0.0140  0.9680  0.0090  
