  1        1  (18)      1 :  0.0020  0.9730  0.0060  0.0050  0.0090  0.0050  
  2        2   (9)      1 :  0.0050  0.9720  0.0030  0.0030  0.0120  0.0050  
  3        3  (20)      1 :  0.0030  0.9760  0.0070  0.0030  0.0070  0.0040  
  4        4  (12)      1 :  0.0020  0.9720  0.0110  0.0030  0.0020  0.0100  
  5        5  (74)      1 :  0.0320  0.8991  0.0130  0.0040  0.0390  0.0130  
  6        6  (23)      1 :  0.0050  0.9740  0.0030  0.0050  0.0060  0.0070  
  7        7  (22)      1 :  0.0030  0.9830  0.0020  0.0030  0.0040  0.0050  
  8        8  (33)      1 :  0.0040  0.9660  0.0030  0.0030  0.0200  0.0040  
  9        9  (24)      1 :  0.0060  0.9351  0.0160  0.0230  0.0070  0.0130  
 10       10  (31)      1 :  0.0190  0.9500  0.0090  0.0080  0.0110  0.0030  
 11       11  (28)      1 :  0.0320  0.8418  0.0220  0.0290  0.0430  0.0320  
 12       12  (24)      1 :  0.0030  0.7710  0.0060  0.0140  0.0030  0.2030  
 13       13  (10)      1 :  0.0060  0.9479  0.0020  0.0030  0.0370  0.0040  
 14       14  (53)      1 :  0.0250  0.9419  0.0040  0.0070  0.0100  0.0120  
 15       15  (16)      1 :  0.0120  0.9820  0.0020  0.0010  0.0020  0.0010  
 16       16  (15)      2 :  0.0240  0.0030  0.0080  0.9560  0.0070  0.0020  
 17       17  (14)      2 :  0.0420  0.0020  0.0060  0.9429  0.0060  0.0010  
 18       18  (12)      2 :  0.0130  0.0030  0.0070  0.9610  0.0090  0.0070  
 19       19  (13)      2 :  0.0240  0.0070  0.0040  0.9191  0.0190  0.0270  
 20       20  (10)      2 :  0.0010  0.0030  0.0140  0.9770  0.0030  0.0020  
 21       21  (30)      2 :  0.0050  0.0040  0.0070  0.9710  0.0110  0.0020  
 22       22  (12)      2 :  0.0110  0.0170  0.0550  0.8890  0.0250  0.0030  
 23       23  (11)      2 :  0.0110  0.0040  0.0020  0.9700  0.0080  0.0050  
 24       24  (16)      2 :  0.0520  0.0550  0.0040  0.7420  0.0090  0.1380  
 25       25  (46)      2 :  0.0060  0.0020  0.0060  0.9540  0.0100  0.0220  
 26       26  (15)      2 :  0.0060  0.1061  0.0210  0.8238  0.0290  0.0140  
 27       27  (33)      2 :  0.0020  0.0040  0.0030  0.8761  0.0090  0.1059  
 28       28  (17)      2 :  0.0020  0.0030  0.0080  0.9830  0.0020  0.0020  
 29       29  (31)      2 :  0.0100  0.0040  0.0030  0.9630  0.0050  0.0150  
 30       30  (17)      2 :  0.0030  0.0030  0.0020  0.9840  0.0030  0.0050  
 31       31   (9)      2 :  0.0040  0.0120  0.0030  0.9720  0.0050  0.0040  
 32       32  (33)      3 :  0.9300  0.0060  0.0130  0.0070  0.0040  0.0400  
 33       33  (12)      3 :  0.8410  0.0360  0.0110  0.0520  0.0450  0.0150  
 34       34  (30)      3 :  0.9151  0.0030  0.0190  0.0040  0.0130  0.0460  
 35       35  (12)      3 :  0.9359  0.0180  0.0110  0.0100  0.0160  0.0090  
 36       36  (22)      3 :  0.9239  0.0190  0.0070  0.0120  0.0260  0.0120  
 37       37  (52)      3 :  0.9900  0.0040  0.0010  0.0030  0.0010  0.0010  
 38       38  (45)      3 :  0.8680  0.0050  0.0660  0.0060  0.0390  0.0160  
 39       39  (28)      3 :  0.8930  0.0030  0.0210  0.0150  0.0430  0.0250  
 40       40  (14)      3 :  0.7040  0.1930  0.0030  0.0030  0.0930  0.0040  
 41       41  (20)      3 :  0.9820  0.0090  0.0030  0.0030  0.0020  0.0010  
 42       42  (63)      3 :  0.9420  0.0040  0.0030  0.0210  0.0130  0.0170  
 43       43  (13)      3 :  0.7090  0.0080  0.0020  0.0570  0.0030  0.2210  
 44       44  (26)      3 :  0.9780  0.0030  0.0030  0.0080  0.0060  0.0020  
 45       45  (19)      3 :  0.8960  0.0050  0.0720  0.0120  0.0080  0.0070  
 46       46  (22)      3 :  0.9910  0.0010  0.0010  0.0020  0.0020  0.0030  
 47       47  (13)      4 :  0.0020  0.0020  0.0050  0.0040  0.9840  0.0030  
 48       48  (12)      4 :  0.0090  0.0030  0.0060  0.0040  0.9740  0.0040  
 49       49  (10)      4 :  0.1020  0.0130  0.0040  0.1080  0.7700  0.0030  
 50       50  (25)      4 :  0.0030  0.0010  0.0580  0.0010  0.9350  0.0020  
 51       51   (9)      4 :  0.0040  0.0150  0.0200  0.0070  0.9479  0.0060  
 52       52   (9)      4 :  0.0020  0.0030  0.0030  0.0030  0.9860  0.0030  
 53       53  (41)      4 :  0.0040  0.0010  0.0020  0.0020  0.9900  0.0010  
 54       54  (15)      4 :  0.1190  0.0260  0.0060  0.0170  0.8180  0.0140  
 55       55  (18)      4 :  0.0100  0.0040  0.0020  0.0010  0.9760  0.0070  
 56       56   (8)      4 :  0.2072  0.0120  0.3904  0.0280  0.3173  0.0450  
 57       57  (14)      4 :  0.1690  0.0220  0.0060  0.0120  0.7880  0.0030  
 58       58  (10)      4 :  0.0270  0.0040  0.0140  0.0080  0.9409  0.0060  
 59       59  (16)      4 :  0.0070  0.1471  0.0190  0.0040  0.8178  0.0050  
 60       60  (11)      4 :  0.0070  0.0549  0.0120  0.0040  0.6843  0.2378  
 61       61  (35)      5 :  0.0040  0.0020  0.9850  0.0020  0.0030  0.0040  
 62       62  (15)      5 :  0.0020  0.0260  0.9439  0.0080  0.0170  0.0030  
 63       63  (51)      5 :  0.0050  0.0310  0.9470  0.0040  0.0090  0.0040  
 64       64  (20)      5 :  0.0020  0.0020  0.9290  0.0060  0.0090  0.0520  
 65       65  (26)      5 :  0.0030  0.0010  0.9910  0.0010  0.0020  0.0020  
 66       66  (16)      5 :  0.0060  0.0120  0.8790  0.0810  0.0150  0.0070  
 67       67  (10)      5 :  0.0050  0.0160  0.8180  0.0190  0.0100  0.1320  
 68       68   (9)      5 :  0.0060  0.0160  0.9190  0.0110  0.0440  0.0040  
 69       69  (39)      5 :  0.0020  0.0870  0.8680  0.0150  0.0210  0.0070  
 70       70  (17)      5 :  0.0020  0.0020  0.9680  0.0090  0.0030  0.0160  
 71       71  (28)      5 :  0.0070  0.0030  0.9310  0.0400  0.0140  0.0050  
 72       72  (53)      5 :  0.1150  0.0190  0.7990  0.0060  0.0410  0.0200  
 73       73  (21)      5 :  0.0070  0.0030  0.9830  0.0020  0.0040  0.0010  
 74       74  (11)      5 :  0.0030  0.0030  0.9840  0.0040  0.0040  0.0020  
 75       75  (16)      5 :  0.0040  0.0110  0.8661  0.0150  0.0989  0.0050  
 76       76  (23)      6 :  0.0460  0.0280  0.1270  0.0280  0.6800  0.0910  
 77       77  (13)      6 :  0.0190  0.0160  0.0030  0.0160  0.9340  0.0120  
 78       78  (22)      6 :  0.0050  0.0160  0.0100  0.0080  0.9560  0.0050  
 79       79  (16)      6 :  0.0060  0.0020  0.0010  0.0941  0.8949  0.0020  
 80       80  (20)      6 :  0.0060  0.0310  0.0150  0.0410  0.8970  0.0100  
 81       81  (10)      6 :  0.0020  0.0030  0.0120  0.0070  0.9590  0.0170  
 82       82  (28)      6 :  0.0020  0.0080  0.0230  0.0060  0.9248  0.0361  
 83       83  (15)      6 :  0.0030  0.0040  0.0040  0.2617  0.7233  0.0040  
 84       84  (19)      6 :  0.0120  0.0060  0.0550  0.1810  0.7340  0.0120  
 85       85  (10)      6 :  0.0060  0.0060  0.0020  0.0090  0.9730  0.0040  
 86       86  (26)      6 :  0.0090  0.0070  0.0250  0.0040  0.9501  0.0050  
 87       87  (47)      6 :  0.0130  0.0080  0.0050  0.0060  0.9650  0.0030  
 88       88  (26)      6 :  0.0050  0.0230  0.0100  0.0170  0.9350  0.0100  
 89       89  (13)      6 :  0.0040  0.0140  0.0160  0.0050  0.9370  0.0240  
 90       90  (26)      6 :  0.2380  0.0150  0.0460  0.0030  0.4550  0.2430  
 91       91  (19)      6 :  0.0430  0.0050  0.1209  0.0330  0.7892  0.0090  
 92       92  (11)      7 :  0.0200  0.0030  0.0020  0.0090  0.0040  0.9620  
 93       93  (20)      7 :  0.0210  0.0070  0.0110  0.0040  0.0030  0.9540  
 94       94  (29)      7 :  0.0030  0.0140  0.0050  0.0050  0.0020  0.9710  
 95       95   (7)      7 :  0.0030  0.0030  0.0020  0.0020  0.0110  0.9790  
 96       96  (41)      7 :  0.0040  0.0020  0.0030  0.0030  0.0030  0.9850  
 97       97  (25)      7 :  0.0060  0.0160  0.0150  0.0170  0.3150  0.6310  
 98       98  (13)      7 :  0.0020  0.0180  0.0060  0.0040  0.0340  0.9361  
 99       99  (21)      7 :  0.0020  0.0020  0.0030  0.0020  0.0040  0.9870  
100      100  (16)      7 :  0.0120  0.0460  0.0050  0.0170  0.0160  0.9040  
101      101  (62)      7 :  0.0470  0.0060  0.0090  0.0060  0.0370  0.8950  
102      102  (15)      7 :  0.0060  0.0120  0.0170  0.0080  0.0080  0.9490  
103      103  (18)      7 :  0.0200  0.0120  0.0260  0.0110  0.0530  0.8780  
104      104  (21)      7 :  0.0060  0.0040  0.0070  0.0050  0.0040  0.9740  
105      105  (18)      7 :  0.0360  0.0420  0.0070  0.0060  0.0080  0.9010  
