  1        1  (18)      1 :  0.0020  0.0100  0.0050  0.0040  0.9790  
  2        2   (9)      1 :  0.0050  0.0080  0.0030  0.0050  0.9790  
  3        3  (20)      1 :  0.0040  0.0130  0.0200  0.0090  0.9540  
  4        4  (12)      1 :  0.0030  0.0020  0.0030  0.0430  0.9490  
  5        5  (74)      1 :  0.0340  0.0440  0.0060  0.0200  0.8960  
  6        6  (23)      1 :  0.0040  0.0090  0.0120  0.0110  0.9640  
  7        7  (22)      1 :  0.0070  0.0030  0.0060  0.0030  0.9810  
  8        8  (33)      1 :  0.0030  0.0070  0.0030  0.0080  0.9790  
  9        9  (24)      1 :  0.0130  0.0240  0.0420  0.0350  0.8860  
 10       10  (31)      1 :  0.0070  0.0100  0.0080  0.0040  0.9710  
 11       11  (28)      1 :  0.0300  0.0710  0.0380  0.2410  0.6200  
 12       12  (24)      1 :  0.0040  0.0050  0.0380  0.0160  0.9370  
 13       13  (10)      1 :  0.0170  0.1291  0.0050  0.0070  0.8418  
 14       14  (53)      1 :  0.0300  0.0220  0.0100  0.0090  0.9290  
 15       15  (16)      1 :  0.0290  0.0030  0.0020  0.0020  0.9640  
 16       16  (15)      2 :  0.0100  0.0090  0.9710  0.0070  0.0030  
 17       17  (14)      2 :  0.0190  0.0150  0.9580  0.0030  0.0050  
 18       18  (12)      2 :  0.0420  0.0190  0.9119  0.0230  0.0040  
 19       19  (13)      2 :  0.0400  0.0970  0.8160  0.0290  0.0180  
 20       20  (10)      2 :  0.0020  0.0070  0.9780  0.0080  0.0050  
 21       21  (30)      2 :  0.0030  0.0040  0.9850  0.0040  0.0040  
 22       22  (12)      2 :  0.0110  0.0320  0.9021  0.0250  0.0300  
 23       23  (11)      2 :  0.0090  0.0050  0.9770  0.0040  0.0050  
 24       24  (16)      2 :  0.0140  0.0080  0.8779  0.0370  0.0631  
 25       25  (46)      2 :  0.0310  0.0580  0.8820  0.0250  0.0040  
 26       26  (15)      2 :  0.0050  0.0130  0.8690  0.0280  0.0850  
 27       27  (33)      2 :  0.0020  0.0060  0.8901  0.0949  0.0070  
 28       28  (17)      2 :  0.0030  0.0040  0.9840  0.0050  0.0040  
 29       29  (31)      2 :  0.0090  0.0050  0.9650  0.0140  0.0070  
 30       30  (17)      2 :  0.0030  0.0040  0.9840  0.0040  0.0050  
 31       31   (9)      2 :  0.0160  0.0030  0.9670  0.0020  0.0120  
 32       32  (33)      3 :  0.9241  0.0160  0.0120  0.0400  0.0080  
 33       33  (12)      3 :  0.7670  0.0150  0.1660  0.0130  0.0390  
 34       34  (30)      3 :  0.8829  0.0140  0.0080  0.0881  0.0070  
 35       35  (12)      3 :  0.9280  0.0150  0.0220  0.0110  0.0240  
 36       36  (22)      3 :  0.9330  0.0300  0.0070  0.0130  0.0170  
 37       37  (52)      3 :  0.9890  0.0020  0.0030  0.0020  0.0040  
 38       38  (45)      3 :  0.9239  0.0200  0.0060  0.0420  0.0080  
 39       39  (28)      3 :  0.9121  0.0340  0.0170  0.0300  0.0070  
 40       40  (14)      3 :  0.8018  0.0110  0.0050  0.0080  0.1742  
 41       41  (20)      3 :  0.9840  0.0030  0.0050  0.0030  0.0050  
 42       42  (63)      3 :  0.8990  0.0130  0.0700  0.0090  0.0090  
 43       43  (13)      3 :  0.7490  0.0040  0.2280  0.0130  0.0060  
 44       44  (26)      3 :  0.9419  0.0150  0.0270  0.0100  0.0060  
 45       45  (19)      3 :  0.9110  0.0060  0.0440  0.0310  0.0080  
 46       46  (22)      3 :  0.9960  0.0010  0.0010  0.0010  0.0010  
 47       47  (13)      4 :  0.0020  0.9870  0.0030  0.0040  0.0040  
 48       48  (12)      4 :  0.0070  0.9810  0.0040  0.0050  0.0030  
 49       49  (10)      4 :  0.0920  0.7100  0.1580  0.0070  0.0330  
 50       50  (25)      4 :  0.0060  0.9800  0.0020  0.0100  0.0020  
 51       51   (9)      4 :  0.0050  0.9271  0.0070  0.0370  0.0240  
 52       52   (9)      4 :  0.0030  0.9860  0.0040  0.0030  0.0040  
 53       53  (41)      4 :  0.0030  0.9920  0.0020  0.0020  0.0010  
 54       54  (15)      4 :  0.0060  0.6863  0.0999  0.1019  0.1059  
 55       55  (18)      4 :  0.0200  0.9680  0.0020  0.0040  0.0060  
 56       56   (8)      4 :  0.0490  0.8150  0.0100  0.1210  0.0050  
 57       57  (14)      4 :  0.1470  0.7920  0.0140  0.0110  0.0360  
 58       58  (10)      4 :  0.0540  0.8720  0.0290  0.0260  0.0190  
 59       59  (16)      4 :  0.0060  0.9300  0.0020  0.0180  0.0440  
 60       60  (11)      4 :  0.0080  0.6630  0.0040  0.2960  0.0290  
 61       61  (35)      5 :  0.0040  0.0150  0.0020  0.9760  0.0030  
 62       62  (15)      5 :  0.0120  0.0110  0.0060  0.9410  0.0300  
 63       63  (51)      5 :  0.0070  0.0120  0.0090  0.9300  0.0420  
 64       64  (20)      5 :  0.0020  0.0100  0.0050  0.9820  0.0010  
 65       65  (26)      5 :  0.0040  0.0060  0.0030  0.9860  0.0010  
 66       66  (16)      5 :  0.0070  0.0210  0.1379  0.8212  0.0130  
 67       67  (10)      5 :  0.0100  0.0070  0.0190  0.9481  0.0160  
 68       68   (9)      5 :  0.0030  0.0410  0.0810  0.8600  0.0150  
 69       69  (39)      5 :  0.0030  0.0160  0.0190  0.9140  0.0480  
 70       70  (17)      5 :  0.0030  0.0030  0.0030  0.9890  0.0020  
 71       71  (28)      5 :  0.0080  0.0180  0.0510  0.9200  0.0030  
 72       72  (53)      5 :  0.0490  0.0860  0.0190  0.8300  0.0160  
 73       73  (21)      5 :  0.0340  0.0150  0.0040  0.9220  0.0250  
 74       74  (11)      5 :  0.0040  0.0150  0.0070  0.9720  0.0020  
 75       75  (16)      5 :  0.0030  0.1920  0.0130  0.7810  0.0110  
 76       76  (23)      6 :  0.0450  0.8000  0.0430  0.1020  0.0100  
 77       77  (13)      6 :  0.0190  0.9090  0.0380  0.0050  0.0290  
 78       78  (22)      6 :  0.0160  0.9391  0.0080  0.0120  0.0250  
 79       79  (16)      6 :  0.0100  0.9201  0.0649  0.0020  0.0030  
 80       80  (20)      6 :  0.0040  0.9051  0.0559  0.0260  0.0090  
 81       81  (10)      6 :  0.0020  0.9790  0.0050  0.0100  0.0040  
 82       82  (28)      6 :  0.0070  0.9020  0.0080  0.0700  0.0130  
 83       83  (15)      6 :  0.0050  0.7350  0.2510  0.0050  0.0040  
 84       84  (19)      6 :  0.0140  0.7383  0.2208  0.0210  0.0060  
 85       85  (10)      6 :  0.0120  0.9660  0.0070  0.0060  0.0090  
 86       86  (26)      6 :  0.0210  0.9341  0.0030  0.0310  0.0110  
 87       87  (47)      6 :  0.0260  0.9079  0.0110  0.0080  0.0470  
 88       88  (26)      6 :  0.0030  0.9219  0.0160  0.0160  0.0430  
 89       89  (13)      6 :  0.0040  0.9540  0.0070  0.0190  0.0160  
 90       90  (26)      6 :  0.2300  0.2650  0.0030  0.4900  0.0120  
 91       91  (19)      6 :  0.0530  0.6910  0.2060  0.0450  0.0050  
 92       92  (11)      7 :  0.0190  0.0040  0.0070  0.9640  0.0060  
 93       93  (20)      7 :  0.0270  0.0040  0.0210  0.9411  0.0070  
 94       94  (29)      7 :  0.0060  0.0020  0.0220  0.9431  0.0270  
 95       95   (7)      7 :  0.0110  0.0360  0.0070  0.9410  0.0050  
 96       96  (41)      7 :  0.0050  0.0050  0.0040  0.9820  0.0040  
 97       97  (25)      7 :  0.0270  0.4390  0.0220  0.4970  0.0150  
 98       98  (13)      7 :  0.0030  0.0820  0.0070  0.8340  0.0740  
 99       99  (21)      7 :  0.0040  0.0040  0.0030  0.9860  0.0030  
100      100  (16)      7 :  0.1380  0.0550  0.0170  0.6420  0.1480  
101      101  (62)      7 :  0.1380  0.0380  0.0060  0.8070  0.0110  
102      102  (15)      7 :  0.0070  0.0110  0.0150  0.9480  0.0190  
103      103  (18)      7 :  0.0080  0.0200  0.0120  0.9339  0.0260  
104      104  (21)      7 :  0.0120  0.0090  0.0040  0.9560  0.0190  
105      105  (18)      7 :  0.0190  0.0270  0.0140  0.8392  0.1009  
