  1        1  (18)      1 :  0.0020  0.9830  0.0020  0.0050  0.0040  0.0040  
  2        2   (9)      1 :  0.0030  0.9830  0.0020  0.0020  0.0040  0.0060  
  3        3  (20)      1 :  0.0050  0.9700  0.0050  0.0070  0.0090  0.0040  
  4        4  (12)      1 :  0.0030  0.8560  0.0160  0.0090  0.0030  0.1130  
  5        5  (74)      1 :  0.0230  0.9490  0.0100  0.0040  0.0080  0.0060  
  6        6  (23)      1 :  0.0040  0.9650  0.0040  0.0050  0.0060  0.0160  
  7        7  (22)      1 :  0.0110  0.1838  0.0020  0.0150  0.7453  0.0430  
  8        8  (33)      1 :  0.0020  0.9780  0.0020  0.0020  0.0020  0.0140  
  9        9  (24)      1 :  0.0100  0.9140  0.0120  0.0350  0.0190  0.0100  
 10       10  (31)      1 :  0.0030  0.9780  0.0030  0.0050  0.0070  0.0040  
 11       11  (28)      1 :  0.0450  0.7710  0.0760  0.0570  0.0200  0.0310  
 12       12  (24)      1 :  0.0070  0.1530  0.0120  0.0060  0.0120  0.8100  
 13       13  (10)      1 :  0.0180  0.9140  0.0030  0.0080  0.0230  0.0340  
 14       14  (53)      1 :  0.0500  0.8810  0.0040  0.0140  0.0200  0.0310  
 15       15  (16)      1 :  0.0360  0.9510  0.0020  0.0010  0.0060  0.0040  
 16       16  (15)      2 :  0.0080  0.0020  0.0170  0.9420  0.0280  0.0030  
 17       17  (14)      2 :  0.0120  0.0030  0.0070  0.9599  0.0170  0.0010  
 18       18  (12)      2 :  0.0180  0.0090  0.0080  0.9419  0.0100  0.0130  
 19       19  (13)      2 :  0.0330  0.0531  0.0040  0.8228  0.0581  0.0290  
 20       20  (10)      2 :  0.0010  0.0030  0.0120  0.9780  0.0030  0.0030  
 21       21  (30)      2 :  0.0040  0.0060  0.0050  0.9780  0.0040  0.0030  
 22       22  (12)      2 :  0.0060  0.0400  0.0661  0.8599  0.0240  0.0040  
 23       23  (11)      2 :  0.0120  0.0070  0.0020  0.9690  0.0030  0.0070  
 24       24  (16)      2 :  0.0180  0.0260  0.0050  0.8038  0.0050  0.1421  
 25       25  (46)      2 :  0.0310  0.0040  0.0120  0.8140  0.0680  0.0710  
 26       26  (15)      2 :  0.0050  0.1660  0.0100  0.7990  0.0050  0.0150  
 27       27  (33)      2 :  0.0030  0.0050  0.0050  0.9340  0.0120  0.0410  
 28       28  (17)      2 :  0.0060  0.0030  0.0090  0.9770  0.0030  0.0020  
 29       29  (31)      2 :  0.0090  0.0020  0.0040  0.9180  0.0200  0.0470  
 30       30  (17)      2 :  0.0020  0.0030  0.0020  0.9870  0.0030  0.0030  
 31       31   (9)      2 :  0.0150  0.0030  0.0020  0.9730  0.0040  0.0030  
 32       32  (33)      3 :  0.9470  0.0110  0.0100  0.0070  0.0050  0.0200  
 33       33  (12)      3 :  0.7310  0.0310  0.0060  0.1340  0.0630  0.0350  
 34       34  (30)      3 :  0.8240  0.0110  0.0390  0.0070  0.0240  0.0950  
 35       35  (12)      3 :  0.9130  0.0180  0.0100  0.0380  0.0130  0.0080  
 36       36  (22)      3 :  0.8580  0.1000  0.0080  0.0070  0.0220  0.0050  
 37       37  (52)      3 :  0.9920  0.0020  0.0010  0.0020  0.0010  0.0020  
 38       38  (45)      3 :  0.7093  0.0120  0.1898  0.0050  0.0659  0.0180  
 39       39  (28)      3 :  0.9010  0.0140  0.0280  0.0090  0.0100  0.0380  
 40       40  (14)      3 :  0.8300  0.1330  0.0120  0.0050  0.0140  0.0060  
 41       41  (20)      3 :  0.9880  0.0020  0.0040  0.0040  0.0010  0.0010  
 42       42  (63)      3 :  0.7792  0.0270  0.0050  0.1359  0.0160  0.0370  
 43       43  (13)      3 :  0.6687  0.0020  0.0020  0.0561  0.0030  0.2683  
 44       44  (26)      3 :  0.9620  0.0060  0.0040  0.0180  0.0060  0.0040  
 45       45  (19)      3 :  0.9010  0.0180  0.0540  0.0130  0.0090  0.0050  
 46       46  (22)      3 :  0.9940  0.0010  0.0010  0.0010  0.0010  0.0020  
 47       47  (13)      4 :  0.0020  0.9350  0.0190  0.0100  0.0290  0.0050  
 48       48  (12)      4 :  0.0220  0.9540  0.0100  0.0050  0.0060  0.0030  
 49       49  (10)      4 :  0.0290  0.9149  0.0050  0.0400  0.0070  0.0040  
 50       50  (25)      4 :  0.0040  0.9020  0.0640  0.0010  0.0240  0.0050  
 51       51   (9)      4 :  0.0030  0.9560  0.0310  0.0040  0.0030  0.0030  
 52       52   (9)      4 :  0.0020  0.9640  0.0040  0.0060  0.0190  0.0050  
 53       53  (41)      4 :  0.0060  0.9790  0.0040  0.0020  0.0070  0.0020  
 54       54  (15)      4 :  0.0170  0.9041  0.0050  0.0460  0.0070  0.0210  
 55       55  (18)      4 :  0.0720  0.7980  0.0050  0.0020  0.0990  0.0240  
 56       56   (8)      4 :  0.0480  0.7960  0.1100  0.0180  0.0160  0.0120  
 57       57  (14)      4 :  0.0250  0.9431  0.0040  0.0160  0.0070  0.0050  
 58       58  (10)      4 :  0.0460  0.8910  0.0240  0.0210  0.0150  0.0030  
 59       59  (16)      4 :  0.0030  0.9610  0.0140  0.0040  0.0110  0.0070  
 60       60  (11)      4 :  0.0120  0.7528  0.0140  0.0040  0.0611  0.1562  
 61       61  (35)      5 :  0.0030  0.0050  0.9750  0.0020  0.0080  0.0070  
 62       62  (15)      5 :  0.0030  0.0310  0.9311  0.0110  0.0140  0.0100  
 63       63  (51)      5 :  0.0040  0.0110  0.9700  0.0050  0.0070  0.0030  
 64       64  (20)      5 :  0.0020  0.0050  0.9540  0.0080  0.0070  0.0240  
 65       65  (26)      5 :  0.0020  0.0010  0.9920  0.0010  0.0030  0.0010  
 66       66  (16)      5 :  0.0060  0.0400  0.8749  0.0691  0.0070  0.0030  
 67       67  (10)      5 :  0.0070  0.0070  0.7487  0.0511  0.0160  0.1702  
 68       68   (9)      5 :  0.0050  0.0170  0.9320  0.0090  0.0330  0.0040  
 69       69  (39)      5 :  0.0020  0.0290  0.9190  0.0070  0.0360  0.0070  
 70       70  (17)      5 :  0.0030  0.0030  0.9790  0.0040  0.0030  0.0080  
 71       71  (28)      5 :  0.0220  0.0050  0.8841  0.0490  0.0260  0.0140  
 72       72  (53)      5 :  0.0410  0.0681  0.8188  0.0060  0.0571  0.0090  
 73       73  (21)      5 :  0.0070  0.0050  0.9820  0.0020  0.0030  0.0010  
 74       74  (11)      5 :  0.0020  0.0030  0.9800  0.0040  0.0070  0.0040  
 75       75  (16)      5 :  0.0070  0.0230  0.9199  0.0180  0.0290  0.0030  
 76       76  (23)      6 :  0.0420  0.0620  0.1100  0.0120  0.7490  0.0250  
 77       77  (13)      6 :  0.0150  0.1229  0.0020  0.0180  0.8362  0.0060  
 78       78  (22)      6 :  0.0040  0.0050  0.0050  0.0040  0.9790  0.0030  
 79       79  (16)      6 :  0.0080  0.0020  0.0010  0.0150  0.9730  0.0010  
 80       80  (20)      6 :  0.0030  0.0070  0.0140  0.0210  0.9520  0.0030  
 81       81  (10)      6 :  0.0030  0.0470  0.0170  0.0080  0.9090  0.0160  
 82       82  (28)      6 :  0.0020  0.0050  0.0060  0.0040  0.9640  0.0190  
 83       83  (15)      6 :  0.0060  0.0070  0.0020  0.2238  0.7552  0.0060  
 84       84  (19)      6 :  0.0050  0.0040  0.0150  0.0160  0.9520  0.0080  
 85       85  (10)      6 :  0.0040  0.0180  0.0030  0.0050  0.9670  0.0030  
 86       86  (26)      6 :  0.0070  0.0040  0.0090  0.0030  0.9740  0.0030  
 87       87  (47)      6 :  0.0050  0.0040  0.0030  0.0040  0.9820  0.0020  
 88       88  (26)      6 :  0.0030  0.0120  0.0040  0.0120  0.9570  0.0120  
 89       89  (13)      6 :  0.0030  0.0450  0.0160  0.0040  0.9141  0.0180  
 90       90  (26)      6 :  0.0410  0.0050  0.0110  0.0020  0.7720  0.1690  
 91       91  (19)      6 :  0.0430  0.0060  0.0990  0.0100  0.8370  0.0050  
 92       92  (11)      7 :  0.0130  0.0020  0.0030  0.0060  0.0130  0.9630  
 93       93  (20)      7 :  0.0050  0.0060  0.0040  0.0050  0.0090  0.9710  
 94       94  (29)      7 :  0.0020  0.0020  0.0020  0.0030  0.0030  0.9880  
 95       95   (7)      7 :  0.0040  0.0050  0.0050  0.0020  0.0080  0.9760  
 96       96  (41)      7 :  0.0020  0.0020  0.0030  0.0020  0.0030  0.9880  
 97       97  (25)      7 :  0.0050  0.0150  0.0070  0.0050  0.3690  0.5990  
 98       98  (13)      7 :  0.0020  0.0570  0.0040  0.0020  0.0050  0.9300  
 99       99  (21)      7 :  0.0030  0.0030  0.0070  0.0050  0.0020  0.9800  
100      100  (16)      7 :  0.0130  0.0190  0.0030  0.0070  0.0120  0.9460  
101      101  (62)      7 :  0.0390  0.0080  0.0060  0.0080  0.0921  0.8468  
102      102  (15)      7 :  0.0040  0.0280  0.0180  0.0070  0.0050  0.9381  
103      103  (18)      7 :  0.0090  0.0440  0.0120  0.0130  0.0070  0.9149  
104      104  (21)      7 :  0.0060  0.0040  0.0060  0.0040  0.0060  0.9740  
105      105  (18)      7 :  0.0100  0.0501  0.0060  0.0080  0.0080  0.9179  
