  1        1  (18)      1 :  0.1540  0.8460  
  2        2   (9)      1 :  0.0950  0.9050  
  3        3  (20)      1 :  0.0670  0.9330  
  4        4  (12)      1 :  0.0820  0.9180  
  5        5  (74)      1 :  0.3990  0.6010  
  6        6  (23)      1 :  0.0370  0.9630  
  7        7  (22)      1 :  0.0230  0.9770  
  8        8  (33)      1 :  0.1140  0.8860  
  9        9  (24)      1 :  0.0560  0.9440  
 10       10  (31)      1 :  0.0450  0.9550  
 11       11  (28)      1 :  0.1210  0.8790  
 12       12  (24)      1 :  0.0300  0.9700  
 13       13  (10)      1 :  0.0830  0.9170  
 14       14  (53)      1 :  0.0660  0.9340  
 15       15  (16)      1 :  0.0220  0.9780  
 16       16  (15)      2 :  0.0560  0.9440  
 17       17  (14)      2 :  0.0520  0.9480  
 18       18  (12)      2 :  0.0540  0.9460  
 19       19  (13)      2 :  0.0310  0.9690  
 20       20  (10)      2 :  0.1220  0.8780  
 21       21  (30)      2 :  0.1630  0.8370  
 22       22  (12)      2 :  0.1060  0.8940  
 23       23  (11)      2 :  0.0520  0.9480  
 24       24  (16)      2 :  0.0220  0.9780  
 25       25  (46)      2 :  0.3580  0.6420  
 26       26  (15)      2 :  0.0740  0.9260  
 27       27  (33)      2 :  0.0640  0.9360  
 28       28  (17)      2 :  0.0690  0.9310  
 29       29  (31)      2 :  0.0500  0.9500  
 30       30  (17)      2 :  0.0210  0.9790  
 31       31   (9)      2 :  0.0200  0.9800  
 32       32  (33)      3 :  0.0370  0.9630  
 33       33  (12)      3 :  0.0510  0.9490  
 34       34  (30)      3 :  0.2980  0.7020  
 35       35  (12)      3 :  0.0400  0.9600  
 36       36  (22)      3 :  0.0900  0.9100  
 37       37  (52)      3 :  0.0110  0.9890  
 38       38  (45)      3 :  0.5900  0.4100  
 39       39  (28)      3 :  0.3880  0.6120  
 40       40  (14)      3 :  0.1400  0.8600  
 41       41  (20)      3 :  0.0190  0.9810  
 42       42  (63)      3 :  0.0580  0.9420  
 43       43  (13)      3 :  0.0140  0.9860  
 44       44  (26)      3 :  0.0500  0.9500  
 45       45  (19)      3 :  0.1590  0.8410  
 46       46  (22)      3 :  0.0280  0.9720  
 47       47  (13)      4 :  0.9790  0.0210  
 48       48  (12)      4 :  0.9540  0.0460  
 49       49  (10)      4 :  0.6060  0.3940  
 50       50  (25)      4 :  0.9910  0.0090  
 51       51   (9)      4 :  0.9350  0.0650  
 52       52   (9)      4 :  0.9720  0.0280  
 53       53  (41)      4 :  0.9840  0.0160  
 54       54  (15)      4 :  0.6070  0.3930  
 55       55  (18)      4 :  0.9620  0.0380  
 56       56   (8)      4 :  0.8290  0.1710  
 57       57  (14)      4 :  0.4090  0.5910  
 58       58  (10)      4 :  0.8210  0.1790  
 59       59  (16)      4 :  0.8690  0.1310  
 60       60  (11)      4 :  0.9160  0.0840  
 61       61  (35)      5 :  0.9840  0.0160  
 62       62  (15)      5 :  0.9760  0.0240  
 63       63  (51)      5 :  0.9530  0.0470  
 64       64  (20)      5 :  0.9870  0.0130  
 65       65  (26)      5 :  0.9890  0.0110  
 66       66  (16)      5 :  0.8690  0.1310  
 67       67  (10)      5 :  0.9330  0.0670  
 68       68   (9)      5 :  0.9680  0.0320  
 69       69  (39)      5 :  0.9220  0.0780  
 70       70  (17)      5 :  0.9800  0.0200  
 71       71  (28)      5 :  0.9670  0.0330  
 72       72  (53)      5 :  0.8850  0.1150  
 73       73  (21)      5 :  0.9760  0.0240  
 74       74  (11)      5 :  0.9750  0.0250  
 75       75  (16)      5 :  0.9770  0.0230  
 76       76  (23)      6 :  0.8460  0.1540  
 77       77  (13)      6 :  0.6340  0.3660  
 78       78  (22)      6 :  0.9290  0.0710  
 79       79  (16)      6 :  0.3980  0.6020  
 80       80  (20)      6 :  0.6820  0.3180  
 81       81  (10)      6 :  0.9710  0.0290  
 82       82  (28)      6 :  0.9700  0.0300  
 83       83  (15)      6 :  0.7320  0.2680  
 84       84  (19)      6 :  0.7830  0.2170  
 85       85  (10)      6 :  0.7900  0.2100  
 86       86  (26)      6 :  0.9590  0.0410  
 87       87  (47)      6 :  0.7870  0.2130  
 88       88  (26)      6 :  0.9230  0.0770  
 89       89  (13)      6 :  0.8990  0.1010  
 90       90  (26)      6 :  0.8020  0.1980  
 91       91  (19)      6 :  0.7920  0.2080  
 92       92  (11)      7 :  0.2870  0.7130  
 93       93  (20)      7 :  0.1990  0.8010  
 94       94  (29)      7 :  0.0710  0.9290  
 95       95   (7)      7 :  0.5490  0.4510  
 96       96  (41)      7 :  0.8340  0.1660  
 97       97  (25)      7 :  0.3830  0.6170  
 98       98  (13)      7 :  0.7950  0.2050  
 99       99  (21)      7 :  0.7590  0.2410  
100      100  (16)      7 :  0.3970  0.6030  
101      101  (62)      7 :  0.6390  0.3610  
102      102  (15)      7 :  0.7020  0.2980  
103      103  (18)      7 :  0.7450  0.2550  
104      104  (21)      7 :  0.6160  0.3840  
105      105  (18)      7 :  0.3550  0.6450  
