  1        1  (18)      1 :  0.0070  0.0040  0.0120  0.0040  0.0030  0.0050  0.9630  0.0020  
  2        2   (9)      1 :  0.0020  0.0070  0.0120  0.0020  0.0020  0.0030  0.9670  0.0050  
  3        3  (20)      1 :  0.0070  0.0050  0.0030  0.0040  0.0090  0.0060  0.9620  0.0040  
  4        4  (12)      1 :  0.0030  0.0020  0.0020  0.0060  0.0090  0.0050  0.9710  0.0020  
  5        5  (74)      1 :  0.0030  0.0210  0.0261  0.0150  0.0140  0.0030  0.8988  0.0190  
  6        6  (23)      1 :  0.0070  0.0100  0.0140  0.0180  0.0110  0.0010  0.9330  0.0060  
  7        7  (22)      1 :  0.0050  0.0060  0.0020  0.0070  0.0010  0.0020  0.9670  0.0100  
  8        8  (33)      1 :  0.0020  0.0030  0.0830  0.0030  0.0020  0.0030  0.9010  0.0030  
  9        9  (24)      1 :  0.0210  0.0100  0.0120  0.0250  0.0170  0.0060  0.9009  0.0080  
 10       10  (31)      1 :  0.0100  0.0260  0.0070  0.0040  0.0100  0.0060  0.9189  0.0180  
 11       11  (28)      1 :  0.0120  0.0350  0.0150  0.0799  0.0210  0.0020  0.8072  0.0280  
 12       12  (24)      1 :  0.0080  0.0040  0.0020  0.2680  0.0050  0.0010  0.7100  0.0020  
 13       13  (10)      1 :  0.0070  0.0140  0.0490  0.0110  0.0040  0.0030  0.9040  0.0080  
 14       14  (53)      1 :  0.0050  0.0140  0.0070  0.0220  0.0040  0.1160  0.8150  0.0170  
 15       15  (16)      1 :  0.0010  0.0030  0.0030  0.0020  0.0030  0.0020  0.9580  0.0280  
 16       16  (15)      2 :  0.9131  0.0549  0.0030  0.0030  0.0140  0.0020  0.0020  0.0080  
 17       17  (14)      2 :  0.8000  0.0550  0.0220  0.0010  0.0180  0.0020  0.0050  0.0970  
 18       18  (12)      2 :  0.8801  0.0130  0.0080  0.0130  0.0090  0.0020  0.0040  0.0709  
 19       19  (13)      2 :  0.8430  0.0770  0.0150  0.0320  0.0050  0.0020  0.0070  0.0190  
 20       20  (10)      2 :  0.9340  0.0040  0.0040  0.0030  0.0450  0.0060  0.0020  0.0020  
 21       21  (30)      2 :  0.9680  0.0030  0.0130  0.0020  0.0050  0.0020  0.0030  0.0040  
 22       22  (12)      2 :  0.8362  0.0370  0.0300  0.0070  0.0440  0.0030  0.0330  0.0100  
 23       23  (11)      2 :  0.9220  0.0020  0.0600  0.0070  0.0020  0.0010  0.0040  0.0020  
 24       24  (16)      2 :  0.7990  0.0160  0.0140  0.0700  0.0100  0.0040  0.0530  0.0340  
 25       25  (46)      2 :  0.7630  0.1210  0.0050  0.0460  0.0040  0.0490  0.0030  0.0090  
 26       26  (15)      2 :  0.8749  0.0040  0.0150  0.0140  0.0140  0.0190  0.0521  0.0070  
 27       27  (33)      2 :  0.9020  0.0060  0.0030  0.0690  0.0060  0.0010  0.0070  0.0060  
 28       28  (17)      2 :  0.9820  0.0020  0.0030  0.0010  0.0050  0.0020  0.0020  0.0030  
 29       29  (31)      2 :  0.9290  0.0130  0.0030  0.0310  0.0050  0.0060  0.0040  0.0090  
 30       30  (17)      2 :  0.9840  0.0020  0.0020  0.0020  0.0020  0.0020  0.0040  0.0020  
 31       31   (9)      2 :  0.9620  0.0040  0.0020  0.0030  0.0030  0.0020  0.0160  0.0080  
 32       32  (33)      3 :  0.0050  0.0110  0.0130  0.0510  0.0210  0.0170  0.0090  0.8730  
 33       33  (12)      3 :  0.1481  0.0090  0.0110  0.0150  0.0220  0.0010  0.1542  0.6396  
 34       34  (30)      3 :  0.0040  0.0080  0.0050  0.0580  0.0170  0.0120  0.0020  0.8940  
 35       35  (12)      3 :  0.0230  0.0170  0.0050  0.0060  0.0060  0.0120  0.0190  0.9122  
 36       36  (22)      3 :  0.0120  0.0130  0.0050  0.0090  0.0060  0.0240  0.0230  0.9080  
 37       37  (52)      3 :  0.0040  0.0020  0.0020  0.0020  0.0020  0.0020  0.0030  0.9830  
 38       38  (45)      3 :  0.0040  0.0380  0.0210  0.0250  0.0310  0.0030  0.0080  0.8701  
 39       39  (28)      3 :  0.0090  0.0050  0.0100  0.0110  0.0090  0.0190  0.0040  0.9329  
 40       40  (14)      3 :  0.0060  0.0490  0.0410  0.0030  0.0060  0.0140  0.1750  0.7060  
 41       41  (20)      3 :  0.0030  0.0020  0.0030  0.0010  0.0050  0.0030  0.0060  0.9770  
 42       42  (63)      3 :  0.1061  0.0180  0.0160  0.0310  0.0050  0.0070  0.0060  0.8108  
 43       43  (13)      3 :  0.0440  0.0040  0.0020  0.3636  0.0020  0.0010  0.0040  0.5794  
 44       44  (26)      3 :  0.0180  0.0190  0.0130  0.0050  0.0100  0.0350  0.0050  0.8949  
 45       45  (19)      3 :  0.0050  0.0040  0.0060  0.0100  0.0150  0.0030  0.0080  0.9490  
 46       46  (22)      3 :  0.0020  0.0020  0.0020  0.0010  0.0020  0.0040  0.0010  0.9860  
 47       47  (13)      4 :  0.0040  0.0140  0.9660  0.0030  0.0070  0.0010  0.0030  0.0020  
 48       48  (12)      4 :  0.0020  0.0060  0.9461  0.0050  0.0030  0.0200  0.0050  0.0130  
 49       49  (10)      4 :  0.1320  0.0070  0.8220  0.0020  0.0030  0.0150  0.0050  0.0140  
 50       50  (25)      4 :  0.0010  0.0070  0.9670  0.0030  0.0130  0.0030  0.0020  0.0040  
 51       51   (9)      4 :  0.0140  0.0140  0.6913  0.0140  0.0260  0.1568  0.0809  0.0030  
 52       52   (9)      4 :  0.0030  0.0100  0.9280  0.0040  0.0020  0.0470  0.0030  0.0030  
 53       53  (41)      4 :  0.0010  0.0020  0.9870  0.0010  0.0020  0.0040  0.0010  0.0020  
 54       54  (15)      4 :  0.0190  0.0060  0.8477  0.0281  0.0080  0.0010  0.0872  0.0030  
 55       55  (18)      4 :  0.0010  0.0080  0.0060  0.0050  0.0020  0.9690  0.0030  0.0060  
 56       56   (8)      4 :  0.0120  0.0070  0.8222  0.0170  0.0160  0.0030  0.0040  0.1189  
 57       57  (14)      4 :  0.0210  0.0130  0.8570  0.0080  0.0040  0.0040  0.0080  0.0850  
 58       58  (10)      4 :  0.0210  0.0150  0.8330  0.0100  0.0220  0.0050  0.0260  0.0680  
 59       59  (16)      4 :  0.0030  0.0250  0.7928  0.0030  0.0400  0.0160  0.1151  0.0050  
 60       60  (11)      4 :  0.0200  0.0599  0.4705  0.2957  0.0030  0.0040  0.1319  0.0150  
 61       61  (35)      5 :  0.0020  0.0020  0.0030  0.0060  0.9770  0.0020  0.0040  0.0040  
 62       62  (15)      5 :  0.0080  0.0030  0.0160  0.0060  0.8250  0.0060  0.1330  0.0030  
 63       63  (51)      5 :  0.0030  0.0050  0.0060  0.0080  0.9290  0.0020  0.0400  0.0070  
 64       64  (20)      5 :  0.0050  0.0030  0.0040  0.0070  0.7510  0.2270  0.0010  0.0020  
 65       65  (26)      5 :  0.0020  0.0040  0.0040  0.0020  0.9820  0.0010  0.0010  0.0040  
 66       66  (16)      5 :  0.0509  0.0190  0.0130  0.0100  0.8631  0.0030  0.0370  0.0040  
 67       67  (10)      5 :  0.0140  0.0140  0.0040  0.2947  0.6464  0.0030  0.0110  0.0130  
 68       68   (9)      5 :  0.0961  0.0821  0.0100  0.0020  0.7908  0.0020  0.0130  0.0040  
 69       69  (39)      5 :  0.0230  0.0500  0.0130  0.0050  0.8342  0.0050  0.0649  0.0050  
 70       70  (17)      5 :  0.0040  0.0040  0.0020  0.0150  0.9660  0.0040  0.0020  0.0030  
 71       71  (28)      5 :  0.0950  0.0130  0.0070  0.0040  0.8650  0.0050  0.0020  0.0090  
 72       72  (53)      5 :  0.0040  0.0340  0.0560  0.0100  0.8090  0.0050  0.0390  0.0430  
 73       73  (21)      5 :  0.0020  0.0040  0.0030  0.0020  0.9720  0.0050  0.0030  0.0090  
 74       74  (11)      5 :  0.0050  0.0100  0.0040  0.0030  0.9730  0.0010  0.0020  0.0020  
 75       75  (16)      5 :  0.0090  0.0490  0.0350  0.0030  0.8651  0.0210  0.0060  0.0120  
 76       76  (23)      6 :  0.0380  0.6216  0.0220  0.0470  0.1021  0.0771  0.0250  0.0671  
 77       77  (13)      6 :  0.0259  0.7246  0.0469  0.1337  0.0040  0.0030  0.0389  0.0230  
 78       78  (22)      6 :  0.0040  0.9640  0.0040  0.0020  0.0050  0.0070  0.0100  0.0040  
 79       79  (16)      6 :  0.0380  0.9411  0.0100  0.0020  0.0010  0.0020  0.0030  0.0030  
 80       80  (20)      6 :  0.0180  0.9529  0.0030  0.0040  0.0090  0.0040  0.0060  0.0030  
 81       81  (10)      6 :  0.0040  0.9371  0.0100  0.0110  0.0060  0.0260  0.0040  0.0020  
 82       82  (28)      6 :  0.0040  0.9121  0.0040  0.0220  0.0130  0.0360  0.0050  0.0040  
 83       83  (15)      6 :  0.1692  0.7798  0.0080  0.0100  0.0040  0.0190  0.0040  0.0060  
 84       84  (19)      6 :  0.0180  0.9570  0.0030  0.0050  0.0070  0.0020  0.0020  0.0060  
 85       85  (10)      6 :  0.0050  0.9510  0.0100  0.0050  0.0030  0.0140  0.0090  0.0030  
 86       86  (26)      6 :  0.0030  0.8850  0.0110  0.0050  0.0210  0.0210  0.0110  0.0430  
 87       87  (47)      6 :  0.0050  0.9450  0.0070  0.0050  0.0030  0.0030  0.0200  0.0120  
 88       88  (26)      6 :  0.0110  0.9460  0.0040  0.0060  0.0070  0.0020  0.0200  0.0040  
 89       89  (13)      6 :  0.0060  0.9169  0.0330  0.0100  0.0050  0.0020  0.0230  0.0040  
 90       90  (26)      6 :  0.0020  0.7040  0.0030  0.0370  0.0110  0.0020  0.0060  0.2350  
 91       91  (19)      6 :  0.0050  0.7892  0.0030  0.0040  0.1718  0.0020  0.0040  0.0210  
 92       92  (11)      7 :  0.0060  0.0070  0.0030  0.9470  0.0020  0.0010  0.0020  0.0320  
 93       93  (20)      7 :  0.0040  0.0090  0.0040  0.9630  0.0050  0.0020  0.0060  0.0070  
 94       94  (29)      7 :  0.0090  0.0020  0.0020  0.9680  0.0040  0.0010  0.0120  0.0020  
 95       95   (7)      7 :  0.0020  0.0110  0.0060  0.9511  0.0030  0.0210  0.0040  0.0020  
 96       96  (41)      7 :  0.0020  0.0030  0.0030  0.8480  0.0040  0.1340  0.0020  0.0040  
 97       97  (25)      7 :  0.0100  0.3010  0.0080  0.6330  0.0100  0.0050  0.0230  0.0100  
 98       98  (13)      7 :  0.0060  0.0130  0.1060  0.8160  0.0040  0.0330  0.0190  0.0030  
 99       99  (21)      7 :  0.0020  0.0030  0.0070  0.9740  0.0060  0.0030  0.0020  0.0030  
100      100  (16)      7 :  0.0050  0.0050  0.0020  0.4870  0.0040  0.4701  0.0230  0.0040  
101      101  (62)      7 :  0.0050  0.0330  0.0110  0.8318  0.0100  0.0060  0.0050  0.0981  
102      102  (15)      7 :  0.0070  0.0140  0.0440  0.8292  0.0749  0.0040  0.0200  0.0070  
103      103  (18)      7 :  0.0050  0.0120  0.0290  0.8750  0.0230  0.0450  0.0060  0.0050  
104      104  (21)      7 :  0.0050  0.0110  0.0020  0.9460  0.0090  0.0020  0.0060  0.0190  
105      105  (18)      7 :  0.0070  0.0050  0.0060  0.9069  0.0080  0.0020  0.0541  0.0110  
