  1        1  (18)      1 :  0.0210  0.9790  
  2        2   (9)      1 :  0.0160  0.9840  
  3        3  (20)      1 :  0.0770  0.9230  
  4        4  (12)      1 :  0.0790  0.9210  
  5        5  (74)      1 :  0.0300  0.9700  
  6        6  (23)      1 :  0.0820  0.9180  
  7        7  (22)      1 :  0.0540  0.9460  
  8        8  (33)      1 :  0.0180  0.9820  
  9        9  (24)      1 :  0.0800  0.9200  
 10       10  (31)      1 :  0.0150  0.9850  
 11       11  (28)      1 :  0.3600  0.6400  
 12       12  (24)      1 :  0.7280  0.2720  
 13       13  (10)      1 :  0.0290  0.9710  
 14       14  (53)      1 :  0.0410  0.9590  
 15       15  (16)      1 :  0.0070  0.9930  
 16       16  (15)      2 :  0.9890  0.0110  
 17       17  (14)      2 :  0.7780  0.2220  
 18       18  (12)      2 :  0.9800  0.0200  
 19       19  (13)      2 :  0.9570  0.0430  
 20       20  (10)      2 :  0.9850  0.0150  
 21       21  (30)      2 :  0.9720  0.0280  
 22       22  (12)      2 :  0.8980  0.1020  
 23       23  (11)      2 :  0.7320  0.2680  
 24       24  (16)      2 :  0.7600  0.2400  
 25       25  (46)      2 :  0.9840  0.0160  
 26       26  (15)      2 :  0.8110  0.1890  
 27       27  (33)      2 :  0.9860  0.0140  
 28       28  (17)      2 :  0.9390  0.0610  
 29       29  (31)      2 :  0.9760  0.0240  
 30       30  (17)      2 :  0.9760  0.0240  
 31       31   (9)      2 :  0.9200  0.0800  
 32       32  (33)      3 :  0.0280  0.9720  
 33       33  (12)      3 :  0.1360  0.8640  
 34       34  (30)      3 :  0.0910  0.9090  
 35       35  (12)      3 :  0.0220  0.9780  
 36       36  (22)      3 :  0.0170  0.9830  
 37       37  (52)      3 :  0.0280  0.9720  
 38       38  (45)      3 :  0.0840  0.9160  
 39       39  (28)      3 :  0.0950  0.9050  
 40       40  (14)      3 :  0.0150  0.9850  
 41       41  (20)      3 :  0.0080  0.9920  
 42       42  (63)      3 :  0.1470  0.8530  
 43       43  (13)      3 :  0.2490  0.7510  
 44       44  (26)      3 :  0.0300  0.9700  
 45       45  (19)      3 :  0.0780  0.9220  
 46       46  (22)      3 :  0.0070  0.9930  
 47       47  (13)      4 :  0.0800  0.9200  
 48       48  (12)      4 :  0.0200  0.9800  
 49       49  (10)      4 :  0.0250  0.9750  
 50       50  (25)      4 :  0.0480  0.9520  
 51       51   (9)      4 :  0.0520  0.9480  
 52       52   (9)      4 :  0.0230  0.9770  
 53       53  (41)      4 :  0.0080  0.9920  
 54       54  (15)      4 :  0.0610  0.9390  
 55       55  (18)      4 :  0.0240  0.9760  
 56       56   (8)      4 :  0.0560  0.9440  
 57       57  (14)      4 :  0.0580  0.9420  
 58       58  (10)      4 :  0.0380  0.9620  
 59       59  (16)      4 :  0.0270  0.9730  
 60       60  (11)      4 :  0.3070  0.6930  
 61       61  (35)      5 :  0.9830  0.0170  
 62       62  (15)      5 :  0.9620  0.0380  
 63       63  (51)      5 :  0.9640  0.0360  
 64       64  (20)      5 :  0.9920  0.0080  
 65       65  (26)      5 :  0.9920  0.0080  
 66       66  (16)      5 :  0.9180  0.0820  
 67       67  (10)      5 :  0.9880  0.0120  
 68       68   (9)      5 :  0.9410  0.0590  
 69       69  (39)      5 :  0.9760  0.0240  
 70       70  (17)      5 :  0.9910  0.0090  
 71       71  (28)      5 :  0.9860  0.0140  
 72       72  (53)      5 :  0.9090  0.0910  
 73       73  (21)      5 :  0.8260  0.1740  
 74       74  (11)      5 :  0.9830  0.0170  
 75       75  (16)      5 :  0.9040  0.0960  
 76       76  (23)      6 :  0.7890  0.2110  
 77       77  (13)      6 :  0.2380  0.7620  
 78       78  (22)      6 :  0.9770  0.0230  
 79       79  (16)      6 :  0.6510  0.3490  
 80       80  (20)      6 :  0.9520  0.0480  
 81       81  (10)      6 :  0.7220  0.2780  
 82       82  (28)      6 :  0.9760  0.0240  
 83       83  (15)      6 :  0.8910  0.1090  
 84       84  (19)      6 :  0.9680  0.0320  
 85       85  (10)      6 :  0.7420  0.2580  
 86       86  (26)      6 :  0.8520  0.1480  
 87       87  (47)      6 :  0.2790  0.7210  
 88       88  (26)      6 :  0.9520  0.0480  
 89       89  (13)      6 :  0.9370  0.0630  
 90       90  (26)      6 :  0.8520  0.1480  
 91       91  (19)      6 :  0.9710  0.0290  
 92       92  (11)      7 :  0.9690  0.0310  
 93       93  (20)      7 :  0.9560  0.0440  
 94       94  (29)      7 :  0.9860  0.0140  
 95       95   (7)      7 :  0.9380  0.0620  
 96       96  (41)      7 :  0.9830  0.0170  
 97       97  (25)      7 :  0.9400  0.0600  
 98       98  (13)      7 :  0.8280  0.1720  
 99       99  (21)      7 :  0.9740  0.0260  
100      100  (16)      7 :  0.6480  0.3520  
101      101  (62)      7 :  0.8190  0.1810  
102      102  (15)      7 :  0.8960  0.1040  
103      103  (18)      7 :  0.8310  0.1690  
104      104  (21)      7 :  0.9350  0.0650  
105      105  (18)      7 :  0.7670  0.2330  
