  1        1  (18)      1 :  0.0020  0.0030  0.9700  0.0050  0.0020  0.0040  0.0140  
  2        2   (9)      1 :  0.0040  0.0070  0.9720  0.0020  0.0010  0.0070  0.0070  
  3        3  (20)      1 :  0.0040  0.0030  0.9700  0.0060  0.0070  0.0050  0.0050  
  4        4  (12)      1 :  0.0010  0.0110  0.9700  0.0020  0.0120  0.0020  0.0020  
  5        5  (74)      1 :  0.0090  0.0040  0.9600  0.0030  0.0070  0.0070  0.0100  
  6        6  (23)      1 :  0.0180  0.0140  0.9369  0.0090  0.0050  0.0060  0.0110  
  7        7  (22)      1 :  0.0030  0.0030  0.9770  0.0040  0.0010  0.0100  0.0020  
  8        8  (33)      1 :  0.0020  0.0030  0.9580  0.0030  0.0030  0.0030  0.0280  
  9        9  (24)      1 :  0.0080  0.0240  0.8809  0.0490  0.0180  0.0080  0.0120  
 10       10  (31)      1 :  0.0299  0.0030  0.9291  0.0050  0.0070  0.0120  0.0140  
 11       11  (28)      1 :  0.0050  0.0810  0.8550  0.0060  0.0210  0.0250  0.0070  
 12       12  (24)      1 :  0.0030  0.1570  0.8040  0.0210  0.0050  0.0070  0.0030  
 13       13  (10)      1 :  0.0080  0.0060  0.9051  0.0040  0.0030  0.0180  0.0559  
 14       14  (53)      1 :  0.0660  0.0450  0.8090  0.0140  0.0050  0.0520  0.0090  
 15       15  (16)      1 :  0.0250  0.0010  0.9680  0.0010  0.0010  0.0020  0.0020  
 16       16  (15)      2 :  0.0060  0.0020  0.0020  0.9101  0.0110  0.0659  0.0030  
 17       17  (14)      2 :  0.0260  0.0020  0.0050  0.9301  0.0080  0.0220  0.0070  
 18       18  (12)      2 :  0.0290  0.0110  0.0030  0.9201  0.0110  0.0140  0.0120  
 19       19  (13)      2 :  0.0270  0.0200  0.0080  0.8272  0.0060  0.1079  0.0040  
 20       20  (10)      2 :  0.0020  0.0020  0.0040  0.9670  0.0190  0.0030  0.0030  
 21       21  (30)      2 :  0.0030  0.0020  0.0030  0.9730  0.0050  0.0040  0.0100  
 22       22  (12)      2 :  0.0070  0.0050  0.0180  0.7648  0.1051  0.0631  0.0370  
 23       23  (11)      2 :  0.0110  0.0070  0.0020  0.9469  0.0010  0.0020  0.0300  
 24       24  (16)      2 :  0.0470  0.0990  0.0250  0.7000  0.0050  0.0070  0.1170  
 25       25  (46)      2 :  0.0170  0.0440  0.0030  0.8720  0.0090  0.0480  0.0070  
 26       26  (15)      2 :  0.0060  0.0150  0.0540  0.7530  0.0320  0.0060  0.1340  
 27       27  (33)      2 :  0.0040  0.0380  0.0040  0.9399  0.0060  0.0050  0.0030  
 28       28  (17)      2 :  0.0030  0.0020  0.0030  0.9810  0.0050  0.0020  0.0040  
 29       29  (31)      2 :  0.0040  0.0280  0.0040  0.9520  0.0040  0.0030  0.0050  
 30       30  (17)      2 :  0.0020  0.0020  0.0040  0.9830  0.0030  0.0030  0.0030  
 31       31   (9)      2 :  0.0070  0.0120  0.0150  0.9530  0.0030  0.0080  0.0020  
 32       32  (33)      3 :  0.9359  0.0170  0.0060  0.0080  0.0190  0.0090  0.0050  
 33       33  (12)      3 :  0.6673  0.0070  0.0719  0.2248  0.0120  0.0100  0.0070  
 34       34  (30)      3 :  0.8960  0.0690  0.0030  0.0040  0.0100  0.0070  0.0110  
 35       35  (12)      3 :  0.9341  0.0080  0.0130  0.0110  0.0050  0.0100  0.0190  
 36       36  (22)      3 :  0.9540  0.0050  0.0110  0.0060  0.0020  0.0120  0.0100  
 37       37  (52)      3 :  0.9860  0.0020  0.0030  0.0040  0.0010  0.0020  0.0020  
 38       38  (45)      3 :  0.8521  0.0140  0.0050  0.0040  0.0410  0.0490  0.0350  
 39       39  (28)      3 :  0.8288  0.0591  0.0040  0.0150  0.0200  0.0120  0.0611  
 40       40  (14)      3 :  0.7570  0.0020  0.1540  0.0030  0.0060  0.0050  0.0730  
 41       41  (20)      3 :  0.9850  0.0010  0.0070  0.0020  0.0020  0.0020  0.0010  
 42       42  (63)      3 :  0.7672  0.0380  0.0130  0.1369  0.0050  0.0130  0.0270  
 43       43  (13)      3 :  0.7097  0.2593  0.0050  0.0200  0.0010  0.0030  0.0020  
 44       44  (26)      3 :  0.9520  0.0030  0.0050  0.0080  0.0090  0.0120  0.0110  
 45       45  (19)      3 :  0.9330  0.0040  0.0130  0.0080  0.0210  0.0030  0.0180  
 46       46  (22)      3 :  0.9880  0.0030  0.0010  0.0020  0.0010  0.0020  0.0030  
 47       47  (13)      4 :  0.0020  0.0050  0.0050  0.0090  0.0140  0.0260  0.9391  
 48       48  (12)      4 :  0.0100  0.0020  0.0040  0.0030  0.0060  0.0050  0.9700  
 49       49  (10)      4 :  0.0110  0.0020  0.0140  0.2460  0.0040  0.0070  0.7160  
 50       50  (25)      4 :  0.0020  0.0030  0.0020  0.0010  0.0180  0.0050  0.9690  
 51       51   (9)      4 :  0.0030  0.0030  0.0060  0.0040  0.0100  0.0080  0.9660  
 52       52   (9)      4 :  0.0030  0.0070  0.0030  0.0030  0.0010  0.0070  0.9760  
 53       53  (41)      4 :  0.0030  0.0010  0.0010  0.0020  0.0020  0.0030  0.9880  
 54       54  (15)      4 :  0.0070  0.0200  0.0230  0.0280  0.0050  0.0040  0.9131  
 55       55  (18)      4 :  0.0550  0.0120  0.0050  0.0020  0.0030  0.0610  0.8620  
 56       56   (8)      4 :  0.0660  0.0110  0.0070  0.0070  0.0220  0.0110  0.8760  
 57       57  (14)      4 :  0.0080  0.0050  0.0040  0.0410  0.0030  0.0040  0.9351  
 58       58  (10)      4 :  0.0959  0.0040  0.0140  0.0220  0.0170  0.0140  0.8332  
 59       59  (16)      4 :  0.0080  0.0060  0.0919  0.0070  0.0250  0.0120  0.8501  
 60       60  (11)      4 :  0.0070  0.1562  0.1181  0.0040  0.0030  0.0150  0.6967  
 61       61  (35)      5 :  0.0020  0.0040  0.0030  0.0020  0.9810  0.0050  0.0030  
 62       62  (15)      5 :  0.0050  0.0160  0.1079  0.0070  0.8112  0.0140  0.0390  
 63       63  (51)      5 :  0.0050  0.0120  0.0639  0.0060  0.8861  0.0180  0.0090  
 64       64  (20)      5 :  0.0020  0.0470  0.0020  0.0360  0.8889  0.0080  0.0160  
 65       65  (26)      5 :  0.0030  0.0020  0.0010  0.0010  0.9890  0.0020  0.0020  
 66       66  (16)      5 :  0.0040  0.0040  0.0070  0.1180  0.8380  0.0180  0.0110  
 67       67  (10)      5 :  0.0110  0.2950  0.0120  0.0330  0.6350  0.0110  0.0030  
 68       68   (9)      5 :  0.0040  0.0020  0.0230  0.0340  0.9221  0.0110  0.0040  
 69       69  (39)      5 :  0.0030  0.0060  0.0410  0.0090  0.8751  0.0430  0.0230  
 70       70  (17)      5 :  0.0040  0.0769  0.0030  0.0060  0.9041  0.0040  0.0020  
 71       71  (28)      5 :  0.0080  0.0120  0.0040  0.0679  0.8881  0.0140  0.0060  
 72       72  (53)      5 :  0.0959  0.0090  0.0230  0.0130  0.7073  0.1119  0.0400  
 73       73  (21)      5 :  0.0040  0.0010  0.0030  0.0010  0.9870  0.0020  0.0020  
 74       74  (11)      5 :  0.0020  0.0020  0.0020  0.0030  0.9810  0.0070  0.0030  
 75       75  (16)      5 :  0.0140  0.0020  0.0040  0.0090  0.8521  0.0100  0.1089  
 76       76  (23)      6 :  0.0679  0.0170  0.0370  0.0140  0.0400  0.7972  0.0270  
 77       77  (13)      6 :  0.0070  0.0150  0.0300  0.0160  0.0030  0.6967  0.2322  
 78       78  (22)      6 :  0.0050  0.0050  0.0090  0.0040  0.0050  0.9690  0.0030  
 79       79  (16)      6 :  0.0060  0.0020  0.0030  0.0180  0.0010  0.9620  0.0080  
 80       80  (20)      6 :  0.0040  0.0030  0.0150  0.0150  0.0100  0.9499  0.0030  
 81       81  (10)      6 :  0.0030  0.0190  0.0100  0.0130  0.0070  0.8781  0.0699  
 82       82  (28)      6 :  0.0030  0.0120  0.0030  0.0040  0.0070  0.9660  0.0050  
 83       83  (15)      6 :  0.0030  0.0050  0.0020  0.0810  0.0030  0.9000  0.0060  
 84       84  (19)      6 :  0.0060  0.0060  0.0050  0.0260  0.0170  0.9360  0.0040  
 85       85  (10)      6 :  0.0070  0.0030  0.0070  0.0060  0.0040  0.9640  0.0090  
 86       86  (26)      6 :  0.0170  0.0030  0.0030  0.0020  0.0080  0.9580  0.0090  
 87       87  (47)      6 :  0.0140  0.0040  0.0200  0.0030  0.0020  0.9491  0.0080  
 88       88  (26)      6 :  0.0040  0.0140  0.0140  0.0350  0.0070  0.9160  0.0100  
 89       89  (13)      6 :  0.0040  0.0090  0.0240  0.0030  0.0090  0.9199  0.0310  
 90       90  (26)      6 :  0.1848  0.0500  0.0140  0.0030  0.0190  0.7253  0.0040  
 91       91  (19)      6 :  0.0200  0.0020  0.0040  0.0050  0.0390  0.9260  0.0040  
 92       92  (11)      7 :  0.0070  0.9780  0.0020  0.0050  0.0020  0.0050  0.0010  
 93       93  (20)      7 :  0.0060  0.9671  0.0070  0.0050  0.0040  0.0070  0.0040  
 94       94  (29)      7 :  0.0020  0.9760  0.0080  0.0070  0.0040  0.0020  0.0010  
 95       95   (7)      7 :  0.0030  0.9790  0.0020  0.0010  0.0030  0.0090  0.0030  
 96       96  (41)      7 :  0.0030  0.9830  0.0020  0.0020  0.0030  0.0030  0.0040  
 97       97  (25)      7 :  0.0070  0.5175  0.0070  0.0040  0.0030  0.4565  0.0050  
 98       98  (13)      7 :  0.0030  0.9169  0.0390  0.0030  0.0040  0.0050  0.0290  
 99       99  (21)      7 :  0.0030  0.9790  0.0020  0.0010  0.0060  0.0020  0.0070  
100      100  (16)      7 :  0.0050  0.9610  0.0150  0.0050  0.0020  0.0080  0.0040  
101      101  (62)      7 :  0.0250  0.9041  0.0040  0.0060  0.0040  0.0410  0.0160  
102      102  (15)      7 :  0.0080  0.8820  0.0140  0.0130  0.0340  0.0110  0.0380  
103      103  (18)      7 :  0.0180  0.7782  0.0030  0.0070  0.0290  0.0060  0.1588  
104      104  (21)      7 :  0.0080  0.9560  0.0060  0.0100  0.0060  0.0100  0.0040  
105      105  (18)      7 :  0.0569  0.8382  0.0729  0.0110  0.0070  0.0060  0.0080  
