  1        1  (18)      1 :  0.0060  0.0100  0.0260  0.9580  
  2        2   (9)      1 :  0.0040  0.0040  0.0430  0.9490  
  3        3  (20)      1 :  0.0050  0.0050  0.0090  0.9810  
  4        4  (12)      1 :  0.0220  0.0050  0.1890  0.7840  
  5        5  (74)      1 :  0.0130  0.0100  0.0260  0.9510  
  6        6  (23)      1 :  0.0060  0.0100  0.0520  0.9320  
  7        7  (22)      1 :  0.0050  0.0090  0.0540  0.9320  
  8        8  (33)      1 :  0.0040  0.0050  0.0150  0.9760  
  9        9  (24)      1 :  0.0170  0.0310  0.0230  0.9290  
 10       10  (31)      1 :  0.0060  0.0180  0.0060  0.9700  
 11       11  (28)      1 :  0.0150  0.0530  0.0570  0.8750  
 12       12  (24)      1 :  0.0100  0.0070  0.9700  0.0130  
 13       13  (10)      1 :  0.0040  0.0070  0.0180  0.9710  
 14       14  (53)      1 :  0.0080  0.0380  0.0350  0.9190  
 15       15  (16)      1 :  0.0030  0.0040  0.0040  0.9890  
 16       16  (15)      2 :  0.0230  0.9580  0.0070  0.0120  
 17       17  (14)      2 :  0.0110  0.9810  0.0020  0.0060  
 18       18  (12)      2 :  0.0090  0.9770  0.0100  0.0040  
 19       19  (13)      2 :  0.0060  0.9630  0.0150  0.0160  
 20       20  (10)      2 :  0.2170  0.7710  0.0050  0.0070  
 21       21  (30)      2 :  0.0320  0.9460  0.0040  0.0180  
 22       22  (12)      2 :  0.0590  0.8770  0.0080  0.0560  
 23       23  (11)      2 :  0.0050  0.9690  0.0060  0.0200  
 24       24  (16)      2 :  0.0040  0.6890  0.2710  0.0360  
 25       25  (46)      2 :  0.0300  0.9171  0.0370  0.0160  
 26       26  (15)      2 :  0.0230  0.7600  0.0370  0.1800  
 27       27  (33)      2 :  0.0060  0.5760  0.4080  0.0100  
 28       28  (17)      2 :  0.0300  0.9590  0.0030  0.0080  
 29       29  (31)      2 :  0.0070  0.9740  0.0130  0.0060  
 30       30  (17)      2 :  0.0070  0.9740  0.0130  0.0060  
 31       31   (9)      2 :  0.0080  0.9590  0.0190  0.0140  
 32       32  (33)      3 :  0.0300  0.9021  0.0599  0.0080  
 33       33  (12)      3 :  0.0210  0.8970  0.0140  0.0680  
 34       34  (30)      3 :  0.0510  0.9080  0.0310  0.0100  
 35       35  (12)      3 :  0.0090  0.9730  0.0070  0.0110  
 36       36  (22)      3 :  0.0150  0.9350  0.0130  0.0370  
 37       37  (52)      3 :  0.0030  0.9880  0.0030  0.0060  
 38       38  (45)      3 :  0.1632  0.7738  0.0270  0.0360  
 39       39  (28)      3 :  0.0180  0.9510  0.0150  0.0160  
 40       40  (14)      3 :  0.0030  0.5780  0.0120  0.4070  
 41       41  (20)      3 :  0.0050  0.9860  0.0020  0.0070  
 42       42  (63)      3 :  0.0060  0.9760  0.0080  0.0100  
 43       43  (13)      3 :  0.0020  0.7960  0.1990  0.0030  
 44       44  (26)      3 :  0.0060  0.9750  0.0050  0.0140  
 45       45  (19)      3 :  0.0880  0.8910  0.0120  0.0090  
 46       46  (22)      3 :  0.0020  0.9870  0.0050  0.0060  
 47       47  (13)      4 :  0.0790  0.0070  0.0060  0.9080  
 48       48  (12)      4 :  0.0170  0.0210  0.0070  0.9550  
 49       49  (10)      4 :  0.0090  0.2607  0.0050  0.7253  
 50       50  (25)      4 :  0.3340  0.0030  0.0040  0.6590  
 51       51   (9)      4 :  0.0280  0.0080  0.0060  0.9580  
 52       52   (9)      4 :  0.0060  0.0040  0.0040  0.9860  
 53       53  (41)      4 :  0.0100  0.0050  0.0030  0.9820  
 54       54  (15)      4 :  0.0090  0.1140  0.0190  0.8580  
 55       55  (18)      4 :  0.0030  0.0050  0.0130  0.9790  
 56       56   (8)      4 :  0.4496  0.2098  0.0490  0.2917  
 57       57  (14)      4 :  0.0090  0.2202  0.0060  0.7648  
 58       58  (10)      4 :  0.0500  0.0360  0.0070  0.9070  
 59       59  (16)      4 :  0.0200  0.0050  0.0070  0.9680  
 60       60  (11)      4 :  0.0100  0.0080  0.1968  0.7852  
 61       61  (35)      5 :  0.9890  0.0030  0.0040  0.0040  
 62       62  (15)      5 :  0.9429  0.0080  0.0110  0.0380  
 63       63  (51)      5 :  0.9600  0.0060  0.0090  0.0250  
 64       64  (20)      5 :  0.9480  0.0080  0.0330  0.0110  
 65       65  (26)      5 :  0.9910  0.0030  0.0030  0.0030  
 66       66  (16)      5 :  0.9110  0.0510  0.0150  0.0230  
 67       67  (10)      5 :  0.7250  0.0100  0.2530  0.0120  
 68       68   (9)      5 :  0.9269  0.0100  0.0040  0.0591  
 69       69  (39)      5 :  0.8970  0.0070  0.0130  0.0830  
 70       70  (17)      5 :  0.9710  0.0070  0.0180  0.0040  
 71       71  (28)      5 :  0.9490  0.0350  0.0070  0.0090  
 72       72  (53)      5 :  0.8610  0.0370  0.0420  0.0600  
 73       73  (21)      5 :  0.9880  0.0050  0.0020  0.0050  
 74       74  (11)      5 :  0.9850  0.0050  0.0040  0.0060  
 75       75  (16)      5 :  0.9079  0.0130  0.0040  0.0751  
 76       76  (23)      6 :  0.2380  0.0760  0.1020  0.5840  
 77       77  (13)      6 :  0.0060  0.0490  0.0130  0.9319  
 78       78  (22)      6 :  0.0310  0.0080  0.0050  0.9560  
 79       79  (16)      6 :  0.0050  0.2000  0.0040  0.7910  
 80       80  (20)      6 :  0.0460  0.0210  0.0240  0.9090  
 81       81  (10)      6 :  0.0621  0.0100  0.0150  0.9129  
 82       82  (28)      6 :  0.0340  0.0070  0.0360  0.9231  
 83       83  (15)      6 :  0.0080  0.2020  0.0040  0.7860  
 84       84  (19)      6 :  0.2250  0.2030  0.0430  0.5290  
 85       85  (10)      6 :  0.0060  0.0240  0.0040  0.9660  
 86       86  (26)      6 :  0.0830  0.0100  0.0070  0.9000  
 87       87  (47)      6 :  0.0070  0.0170  0.0090  0.9670  
 88       88  (26)      6 :  0.0150  0.0120  0.0240  0.9489  
 89       89  (13)      6 :  0.1250  0.0120  0.0390  0.8240  
 90       90  (26)      6 :  0.2687  0.0290  0.3946  0.3077  
 91       91  (19)      6 :  0.2770  0.2130  0.0200  0.4900  
 92       92  (11)      7 :  0.0040  0.0310  0.9610  0.0040  
 93       93  (20)      7 :  0.0160  0.0140  0.9660  0.0040  
 94       94  (29)      7 :  0.0040  0.0060  0.9860  0.0040  
 95       95   (7)      7 :  0.0040  0.0050  0.9810  0.0100  
 96       96  (41)      7 :  0.0050  0.0040  0.9870  0.0040  
 97       97  (25)      7 :  0.0370  0.0180  0.7910  0.1540  
 98       98  (13)      7 :  0.0090  0.0030  0.9289  0.0591  
 99       99  (21)      7 :  0.0050  0.0030  0.9880  0.0040  
100      100  (16)      7 :  0.0060  0.0350  0.9150  0.0440  
101      101  (62)      7 :  0.0120  0.0260  0.9360  0.0260  
102      102  (15)      7 :  0.0320  0.0120  0.9430  0.0130  
103      103  (18)      7 :  0.0360  0.0170  0.8981  0.0490  
104      104  (21)      7 :  0.0090  0.0070  0.9800  0.0040  
105      105  (18)      7 :  0.0090  0.0250  0.9410  0.0250  
