  1        1  (18)      1 :  0.0020  0.9790  0.0020  0.0030  0.0110  0.0030  
  2        2   (9)      1 :  0.0040  0.9740  0.0030  0.0020  0.0140  0.0030  
  3        3  (20)      1 :  0.0030  0.9640  0.0150  0.0080  0.0060  0.0040  
  4        4  (12)      1 :  0.0030  0.9730  0.0090  0.0030  0.0020  0.0100  
  5        5  (74)      1 :  0.0080  0.9680  0.0070  0.0030  0.0100  0.0040  
  6        6  (23)      1 :  0.0050  0.9540  0.0050  0.0080  0.0070  0.0210  
  7        7  (22)      1 :  0.0040  0.9820  0.0020  0.0040  0.0040  0.0040  
  8        8  (33)      1 :  0.0050  0.9700  0.0030  0.0030  0.0110  0.0080  
  9        9  (24)      1 :  0.0130  0.8630  0.0230  0.0490  0.0230  0.0290  
 10       10  (31)      1 :  0.0090  0.9670  0.0070  0.0060  0.0080  0.0030  
 11       11  (28)      1 :  0.0340  0.7542  0.0959  0.0160  0.0390  0.0609  
 12       12  (24)      1 :  0.0030  0.7093  0.0110  0.0080  0.0050  0.2637  
 13       13  (10)      1 :  0.0110  0.9150  0.0040  0.0050  0.0600  0.0050  
 14       14  (53)      1 :  0.0200  0.9070  0.0050  0.0080  0.0100  0.0500  
 15       15  (16)      1 :  0.0260  0.9670  0.0010  0.0010  0.0030  0.0020  
 16       16  (15)      2 :  0.0120  0.0030  0.0160  0.9560  0.0090  0.0040  
 17       17  (14)      2 :  0.0210  0.0170  0.0120  0.9370  0.0110  0.0020  
 18       18  (12)      2 :  0.0110  0.0030  0.0150  0.9510  0.0110  0.0090  
 19       19  (13)      2 :  0.0539  0.0090  0.0030  0.8482  0.0190  0.0669  
 20       20  (10)      2 :  0.0020  0.0020  0.0140  0.9730  0.0060  0.0030  
 21       21  (30)      2 :  0.0040  0.0020  0.0030  0.9800  0.0080  0.0030  
 22       22  (12)      2 :  0.0060  0.0300  0.0220  0.9079  0.0290  0.0050  
 23       23  (11)      2 :  0.0050  0.0040  0.0020  0.9770  0.0100  0.0020  
 24       24  (16)      2 :  0.0100  0.0400  0.0030  0.9019  0.0140  0.0310  
 25       25  (46)      2 :  0.0080  0.0030  0.0050  0.8110  0.1040  0.0690  
 26       26  (15)      2 :  0.0040  0.1061  0.0080  0.8599  0.0120  0.0100  
 27       27  (33)      2 :  0.0020  0.0040  0.0060  0.8881  0.0030  0.0969  
 28       28  (17)      2 :  0.0060  0.0030  0.0110  0.9750  0.0030  0.0020  
 29       29  (31)      2 :  0.0030  0.0050  0.0030  0.9610  0.0050  0.0230  
 30       30  (17)      2 :  0.0030  0.0040  0.0020  0.9870  0.0020  0.0020  
 31       31   (9)      2 :  0.0130  0.0150  0.0040  0.9590  0.0040  0.0050  
 32       32  (33)      3 :  0.9620  0.0060  0.0080  0.0040  0.0060  0.0140  
 33       33  (12)      3 :  0.7343  0.0609  0.0130  0.1628  0.0170  0.0120  
 34       34  (30)      3 :  0.9190  0.0050  0.0270  0.0050  0.0170  0.0270  
 35       35  (12)      3 :  0.9281  0.0170  0.0080  0.0260  0.0130  0.0080  
 36       36  (22)      3 :  0.9150  0.0180  0.0080  0.0090  0.0410  0.0090  
 37       37  (52)      3 :  0.9850  0.0050  0.0020  0.0030  0.0020  0.0030  
 38       38  (45)      3 :  0.9201  0.0050  0.0220  0.0040  0.0270  0.0220  
 39       39  (28)      3 :  0.9050  0.0050  0.0170  0.0080  0.0300  0.0350  
 40       40  (14)      3 :  0.7237  0.2052  0.0040  0.0050  0.0581  0.0040  
 41       41  (20)      3 :  0.9860  0.0050  0.0040  0.0020  0.0020  0.0010  
 42       42  (63)      3 :  0.8841  0.0120  0.0080  0.0340  0.0160  0.0460  
 43       43  (13)      3 :  0.7133  0.0030  0.0020  0.0170  0.0040  0.2607  
 44       44  (26)      3 :  0.9720  0.0060  0.0030  0.0100  0.0060  0.0030  
 45       45  (19)      3 :  0.8819  0.0070  0.0791  0.0200  0.0080  0.0040  
 46       46  (22)      3 :  0.9950  0.0010  0.0010  0.0010  0.0010  0.0010  
 47       47  (13)      4 :  0.0020  0.0030  0.0030  0.0030  0.9840  0.0050  
 48       48  (12)      4 :  0.0130  0.0040  0.0040  0.0050  0.9700  0.0040  
 49       49  (10)      4 :  0.1590  0.0210  0.0030  0.0700  0.7420  0.0050  
 50       50  (25)      4 :  0.0050  0.0020  0.0160  0.0010  0.9740  0.0020  
 51       51   (9)      4 :  0.0040  0.0250  0.0661  0.0040  0.8939  0.0070  
 52       52   (9)      4 :  0.0010  0.0030  0.0020  0.0040  0.9870  0.0030  
 53       53  (41)      4 :  0.0030  0.0020  0.0020  0.0010  0.9910  0.0010  
 54       54  (15)      4 :  0.0160  0.0350  0.0070  0.0470  0.8571  0.0380  
 55       55  (18)      4 :  0.0140  0.0040  0.0030  0.0020  0.9700  0.0070  
 56       56   (8)      4 :  0.1892  0.0090  0.1361  0.0100  0.6466  0.0090  
 57       57  (14)      4 :  0.0711  0.0150  0.0040  0.0200  0.8829  0.0070  
 58       58  (10)      4 :  0.0430  0.0140  0.0110  0.0120  0.9170  0.0030  
 59       59  (16)      4 :  0.0090  0.2320  0.0300  0.0030  0.7180  0.0080  
 60       60  (11)      4 :  0.0040  0.0711  0.0100  0.0070  0.6877  0.2202  
 61       61  (35)      5 :  0.0020  0.0020  0.9890  0.0010  0.0020  0.0040  
 62       62  (15)      5 :  0.0040  0.0511  0.9019  0.0090  0.0180  0.0160  
 63       63  (51)      5 :  0.0040  0.0440  0.9389  0.0030  0.0060  0.0040  
 64       64  (20)      5 :  0.0030  0.0020  0.8761  0.0070  0.0120  0.0999  
 65       65  (26)      5 :  0.0030  0.0010  0.9900  0.0010  0.0030  0.0020  
 66       66  (16)      5 :  0.0060  0.0350  0.7780  0.1580  0.0160  0.0070  
 67       67  (10)      5 :  0.0080  0.0370  0.7243  0.0350  0.0050  0.1908  
 68       68   (9)      5 :  0.0030  0.0670  0.9000  0.0140  0.0140  0.0020  
 69       69  (39)      5 :  0.0020  0.0340  0.9410  0.0070  0.0110  0.0050  
 70       70  (17)      5 :  0.0050  0.0020  0.9480  0.0080  0.0020  0.0350  
 71       71  (28)      5 :  0.0080  0.0030  0.8901  0.0789  0.0120  0.0080  
 72       72  (53)      5 :  0.0530  0.0140  0.8320  0.0140  0.0720  0.0150  
 73       73  (21)      5 :  0.0080  0.0050  0.9790  0.0020  0.0040  0.0020  
 74       74  (11)      5 :  0.0030  0.0030  0.9780  0.0060  0.0070  0.0030  
 75       75  (16)      5 :  0.0030  0.0050  0.7363  0.0050  0.2488  0.0020  
 76       76  (23)      6 :  0.0640  0.0170  0.0630  0.0170  0.7740  0.0650  
 77       77  (13)      6 :  0.0560  0.0220  0.0030  0.0130  0.8970  0.0090  
 78       78  (22)      6 :  0.0040  0.0100  0.0230  0.0100  0.9450  0.0080  
 79       79  (16)      6 :  0.0070  0.0030  0.0010  0.0160  0.9710  0.0020  
 80       80  (20)      6 :  0.0080  0.0090  0.0380  0.0180  0.9130  0.0140  
 81       81  (10)      6 :  0.0040  0.0050  0.0090  0.0090  0.9630  0.0100  
 82       82  (28)      6 :  0.0040  0.0050  0.0150  0.0070  0.8891  0.0799  
 83       83  (15)      6 :  0.0050  0.0030  0.0030  0.2478  0.7373  0.0040  
 84       84  (19)      6 :  0.0100  0.0040  0.0270  0.0500  0.9001  0.0090  
 85       85  (10)      6 :  0.0070  0.0050  0.0040  0.0060  0.9720  0.0060  
 86       86  (26)      6 :  0.0190  0.0080  0.0350  0.0030  0.9281  0.0070  
 87       87  (47)      6 :  0.0160  0.0160  0.0030  0.0060  0.9510  0.0080  
 88       88  (26)      6 :  0.0030  0.0230  0.0110  0.0240  0.9311  0.0080  
 89       89  (13)      6 :  0.0020  0.0060  0.0150  0.0050  0.9630  0.0090  
 90       90  (26)      6 :  0.1738  0.0110  0.0430  0.0040  0.5944  0.1738  
 91       91  (19)      6 :  0.0350  0.0050  0.1020  0.0840  0.7680  0.0060  
 92       92  (11)      7 :  0.0050  0.0020  0.0030  0.0090  0.0030  0.9780  
 93       93  (20)      7 :  0.0080  0.0070  0.0080  0.0040  0.0050  0.9680  
 94       94  (29)      7 :  0.0020  0.0200  0.0040  0.0130  0.0020  0.9590  
 95       95   (7)      7 :  0.0040  0.0030  0.0040  0.0020  0.0070  0.9800  
 96       96  (41)      7 :  0.0030  0.0020  0.0030  0.0030  0.0030  0.9860  
 97       97  (25)      7 :  0.0070  0.0080  0.0130  0.0140  0.4580  0.5000  
 98       98  (13)      7 :  0.0020  0.0120  0.0030  0.0030  0.0170  0.9630  
 99       99  (21)      7 :  0.0030  0.0020  0.0040  0.0030  0.0040  0.9840  
100      100  (16)      7 :  0.0160  0.0340  0.0040  0.0150  0.0150  0.9160  
101      101  (62)      7 :  0.0630  0.0050  0.0060  0.0080  0.0230  0.8950  
102      102  (15)      7 :  0.0090  0.0400  0.0230  0.0250  0.0090  0.8941  
103      103  (18)      7 :  0.0080  0.0050  0.0150  0.0100  0.0659  0.8962  
104      104  (21)      7 :  0.0210  0.0090  0.0100  0.0060  0.0070  0.9471  
105      105  (18)      7 :  0.0370  0.0591  0.0040  0.0040  0.0060  0.8899  
