  1        1  (18)      1 :  0.0020  0.9680  0.0020  0.0080  0.0160  0.0040  
  2        2   (9)      1 :  0.0080  0.9740  0.0030  0.0020  0.0080  0.0050  
  3        3  (20)      1 :  0.0040  0.9670  0.0090  0.0100  0.0070  0.0030  
  4        4  (12)      1 :  0.0020  0.9740  0.0140  0.0040  0.0020  0.0040  
  5        5  (74)      1 :  0.0160  0.9250  0.0180  0.0030  0.0270  0.0110  
  6        6  (23)      1 :  0.0080  0.9391  0.0140  0.0100  0.0120  0.0170  
  7        7  (22)      1 :  0.0070  0.9790  0.0020  0.0040  0.0020  0.0060  
  8        8  (33)      1 :  0.0030  0.9740  0.0020  0.0030  0.0130  0.0050  
  9        9  (24)      1 :  0.0080  0.9271  0.0150  0.0280  0.0100  0.0120  
 10       10  (31)      1 :  0.0210  0.9321  0.0110  0.0100  0.0220  0.0040  
 11       11  (28)      1 :  0.0190  0.8559  0.0320  0.0140  0.0170  0.0621  
 12       12  (24)      1 :  0.0030  0.8190  0.0040  0.0060  0.0030  0.1650  
 13       13  (10)      1 :  0.0110  0.9280  0.0040  0.0070  0.0290  0.0210  
 14       14  (53)      1 :  0.0310  0.9000  0.0070  0.0100  0.0240  0.0280  
 15       15  (16)      1 :  0.0400  0.9490  0.0030  0.0010  0.0050  0.0020  
 16       16  (15)      2 :  0.0060  0.0030  0.0150  0.9630  0.0100  0.0030  
 17       17  (14)      2 :  0.0921  0.0050  0.0170  0.8438  0.0400  0.0020  
 18       18  (12)      2 :  0.0899  0.0040  0.0100  0.8701  0.0160  0.0100  
 19       19  (13)      2 :  0.0100  0.0100  0.0060  0.9000  0.0370  0.0370  
 20       20  (10)      2 :  0.0030  0.0020  0.0430  0.9440  0.0050  0.0030  
 21       21  (30)      2 :  0.0030  0.0030  0.0040  0.9830  0.0040  0.0030  
 22       22  (12)      2 :  0.0060  0.0490  0.0440  0.8590  0.0360  0.0060  
 23       23  (11)      2 :  0.0040  0.0040  0.0020  0.9790  0.0050  0.0060  
 24       24  (16)      2 :  0.0310  0.0889  0.0070  0.7772  0.0150  0.0809  
 25       25  (46)      2 :  0.0200  0.0030  0.0040  0.8670  0.0320  0.0740  
 26       26  (15)      2 :  0.0080  0.0750  0.0170  0.8720  0.0190  0.0090  
 27       27  (33)      2 :  0.0080  0.0040  0.0040  0.9349  0.0030  0.0461  
 28       28  (17)      2 :  0.0040  0.0020  0.0040  0.9860  0.0020  0.0020  
 29       29  (31)      2 :  0.0080  0.0050  0.0030  0.9410  0.0090  0.0340  
 30       30  (17)      2 :  0.0020  0.0030  0.0020  0.9890  0.0020  0.0020  
 31       31   (9)      2 :  0.0090  0.0160  0.0030  0.9660  0.0030  0.0030  
 32       32  (33)      3 :  0.9050  0.0070  0.0230  0.0100  0.0070  0.0480  
 33       33  (12)      3 :  0.6570  0.1640  0.0170  0.1140  0.0180  0.0300  
 34       34  (30)      3 :  0.8800  0.0030  0.0100  0.0060  0.0140  0.0870  
 35       35  (12)      3 :  0.9300  0.0260  0.0060  0.0160  0.0150  0.0070  
 36       36  (22)      3 :  0.9330  0.0270  0.0050  0.0130  0.0110  0.0110  
 37       37  (52)      3 :  0.9850  0.0060  0.0010  0.0040  0.0020  0.0020  
 38       38  (45)      3 :  0.8849  0.0080  0.0380  0.0050  0.0250  0.0390  
 39       39  (28)      3 :  0.9510  0.0040  0.0060  0.0100  0.0170  0.0120  
 40       40  (14)      3 :  0.7100  0.1900  0.0050  0.0070  0.0850  0.0030  
 41       41  (20)      3 :  0.9810  0.0080  0.0040  0.0030  0.0020  0.0020  
 42       42  (63)      3 :  0.8110  0.0070  0.0080  0.1040  0.0140  0.0560  
 43       43  (13)      3 :  0.5886  0.0050  0.0020  0.0330  0.0030  0.3684  
 44       44  (26)      3 :  0.9241  0.0060  0.0170  0.0220  0.0260  0.0050  
 45       45  (19)      3 :  0.9501  0.0060  0.0240  0.0060  0.0060  0.0080  
 46       46  (22)      3 :  0.9910  0.0010  0.0010  0.0020  0.0020  0.0030  
 47       47  (13)      4 :  0.0020  0.0050  0.0050  0.0030  0.9810  0.0040  
 48       48  (12)      4 :  0.0080  0.0030  0.0030  0.0040  0.9790  0.0030  
 49       49  (10)      4 :  0.0390  0.0070  0.0050  0.1650  0.7800  0.0040  
 50       50  (25)      4 :  0.0050  0.0020  0.0190  0.0020  0.9700  0.0020  
 51       51   (9)      4 :  0.0060  0.0230  0.0250  0.0070  0.9329  0.0060  
 52       52   (9)      4 :  0.0020  0.0030  0.0020  0.0020  0.9880  0.0030  
 53       53  (41)      4 :  0.0030  0.0020  0.0020  0.0020  0.9900  0.0010  
 54       54  (15)      4 :  0.0040  0.3430  0.0070  0.0690  0.5320  0.0450  
 55       55  (18)      4 :  0.0130  0.0030  0.0050  0.0010  0.9720  0.0060  
 56       56   (8)      4 :  0.1410  0.0070  0.0570  0.0130  0.7710  0.0110  
 57       57  (14)      4 :  0.0850  0.0160  0.0060  0.0100  0.8780  0.0050  
 58       58  (10)      4 :  0.0470  0.0240  0.0150  0.0200  0.8881  0.0060  
 59       59  (16)      4 :  0.0040  0.1221  0.0501  0.0020  0.8168  0.0050  
 60       60  (11)      4 :  0.0110  0.1410  0.0060  0.0100  0.6400  0.1920  
 61       61  (35)      5 :  0.0030  0.0040  0.9790  0.0010  0.0050  0.0080  
 62       62  (15)      5 :  0.0050  0.1419  0.8182  0.0150  0.0120  0.0080  
 63       63  (51)      5 :  0.0060  0.0470  0.9250  0.0050  0.0060  0.0110  
 64       64  (20)      5 :  0.0020  0.0020  0.8940  0.0070  0.0240  0.0710  
 65       65  (26)      5 :  0.0040  0.0010  0.9850  0.0020  0.0050  0.0030  
 66       66  (16)      5 :  0.0040  0.0320  0.8600  0.0850  0.0110  0.0080  
 67       67  (10)      5 :  0.0170  0.0190  0.6184  0.0250  0.0080  0.3127  
 68       68   (9)      5 :  0.0040  0.0200  0.7830  0.1340  0.0560  0.0030  
 69       69  (39)      5 :  0.0050  0.0910  0.8290  0.0270  0.0400  0.0080  
 70       70  (17)      5 :  0.0050  0.0020  0.9600  0.0040  0.0040  0.0250  
 71       71  (28)      5 :  0.0120  0.0040  0.8670  0.1000  0.0120  0.0050  
 72       72  (53)      5 :  0.0689  0.0529  0.7932  0.0060  0.0659  0.0130  
 73       73  (21)      5 :  0.0120  0.0040  0.9760  0.0020  0.0040  0.0020  
 74       74  (11)      5 :  0.0040  0.0040  0.9740  0.0080  0.0060  0.0040  
 75       75  (16)      5 :  0.0130  0.0050  0.8631  0.0140  0.1009  0.0040  
 76       76  (23)      6 :  0.0390  0.0200  0.0701  0.0460  0.7067  0.1181  
 77       77  (13)      6 :  0.0280  0.0420  0.0040  0.0350  0.8322  0.0589  
 78       78  (22)      6 :  0.0070  0.0170  0.0150  0.0080  0.9490  0.0040  
 79       79  (16)      6 :  0.0040  0.0030  0.0020  0.1812  0.8078  0.0020  
 80       80  (20)      6 :  0.0040  0.0130  0.0490  0.0270  0.8941  0.0130  
 81       81  (10)      6 :  0.0020  0.0050  0.0060  0.0060  0.9700  0.0110  
 82       82  (28)      6 :  0.0080  0.0070  0.0220  0.0060  0.8721  0.0849  
 83       83  (15)      6 :  0.0070  0.0050  0.0040  0.2300  0.7480  0.0060  
 84       84  (19)      6 :  0.0300  0.0090  0.0150  0.0891  0.8338  0.0230  
 85       85  (10)      6 :  0.0060  0.0060  0.0060  0.0050  0.9730  0.0040  
 86       86  (26)      6 :  0.0280  0.0140  0.0230  0.0040  0.9260  0.0050  
 87       87  (47)      6 :  0.0180  0.0220  0.0080  0.0090  0.9351  0.0080  
 88       88  (26)      6 :  0.0050  0.0500  0.0190  0.0300  0.8850  0.0110  
 89       89  (13)      6 :  0.0050  0.0370  0.0200  0.0120  0.8720  0.0540  
 90       90  (26)      6 :  0.4276  0.0100  0.0809  0.0030  0.2368  0.2418  
 91       91  (19)      6 :  0.0710  0.0070  0.3750  0.0250  0.5110  0.0110  
 92       92  (11)      7 :  0.0290  0.0020  0.0020  0.0070  0.0050  0.9550  
 93       93  (20)      7 :  0.0050  0.0070  0.0050  0.0060  0.0030  0.9740  
 94       94  (29)      7 :  0.0020  0.0160  0.0050  0.0060  0.0020  0.9690  
 95       95   (7)      7 :  0.0020  0.0030  0.0020  0.0020  0.0120  0.9790  
 96       96  (41)      7 :  0.0030  0.0020  0.0040  0.0040  0.0040  0.9830  
 97       97  (25)      7 :  0.0090  0.0300  0.0300  0.0190  0.1070  0.8050  
 98       98  (13)      7 :  0.0030  0.0150  0.0040  0.0070  0.1139  0.8571  
 99       99  (21)      7 :  0.0040  0.0030  0.0060  0.0030  0.0060  0.9780  
100      100  (16)      7 :  0.0140  0.0330  0.0040  0.0120  0.0090  0.9279  
101      101  (62)      7 :  0.0900  0.0080  0.0100  0.0040  0.0170  0.8710  
102      102  (15)      7 :  0.0110  0.0220  0.0569  0.0100  0.0150  0.8851  
103      103  (18)      7 :  0.0090  0.0100  0.0180  0.0040  0.0400  0.9189  
104      104  (21)      7 :  0.0200  0.0060  0.0080  0.0060  0.0040  0.9560  
105      105  (18)      7 :  0.0130  0.0760  0.0080  0.0080  0.0070  0.8880  
