  1        1  (18)      1 :  0.0060  0.0070  0.9760  0.0110  
  2        2   (9)      1 :  0.0020  0.0030  0.9870  0.0080  
  3        3  (20)      1 :  0.0080  0.0080  0.9770  0.0070  
  4        4  (12)      1 :  0.0080  0.0030  0.9870  0.0020  
  5        5  (74)      1 :  0.0150  0.0100  0.9550  0.0200  
  6        6  (23)      1 :  0.0030  0.0050  0.9870  0.0050  
  7        7  (22)      1 :  0.0030  0.0110  0.9820  0.0040  
  8        8  (33)      1 :  0.0070  0.0020  0.9820  0.0090  
  9        9  (24)      1 :  0.0090  0.0270  0.9540  0.0100  
 10       10  (31)      1 :  0.0100  0.0170  0.9380  0.0350  
 11       11  (28)      1 :  0.1440  0.0700  0.7560  0.0300  
 12       12  (24)      1 :  0.0110  0.0060  0.9770  0.0060  
 13       13  (10)      1 :  0.0040  0.0100  0.9580  0.0280  
 14       14  (53)      1 :  0.0060  0.0250  0.9520  0.0170  
 15       15  (16)      1 :  0.0030  0.0050  0.9770  0.0150  
 16       16  (15)      2 :  0.0270  0.9510  0.0030  0.0190  
 17       17  (14)      2 :  0.0090  0.9770  0.0020  0.0120  
 18       18  (12)      2 :  0.0080  0.9780  0.0050  0.0090  
 19       19  (13)      2 :  0.0050  0.9469  0.0130  0.0350  
 20       20  (10)      2 :  0.0580  0.9330  0.0030  0.0060  
 21       21  (30)      2 :  0.0100  0.9620  0.0040  0.0240  
 22       22  (12)      2 :  0.0640  0.9000  0.0070  0.0290  
 23       23  (11)      2 :  0.0040  0.9830  0.0080  0.0050  
 24       24  (16)      2 :  0.0030  0.8860  0.1010  0.0100  
 25       25  (46)      2 :  0.0460  0.7622  0.0110  0.1808  
 26       26  (15)      2 :  0.0210  0.8579  0.1031  0.0180  
 27       27  (33)      2 :  0.0120  0.9230  0.0400  0.0250  
 28       28  (17)      2 :  0.0140  0.9770  0.0030  0.0060  
 29       29  (31)      2 :  0.0040  0.9830  0.0080  0.0050  
 30       30  (17)      2 :  0.0030  0.9870  0.0050  0.0050  
 31       31   (9)      2 :  0.0040  0.9900  0.0030  0.0030  
 32       32  (33)      3 :  0.0130  0.9530  0.0220  0.0120  
 33       33  (12)      3 :  0.0090  0.9489  0.0310  0.0110  
 34       34  (30)      3 :  0.0619  0.8911  0.0170  0.0300  
 35       35  (12)      3 :  0.0040  0.9830  0.0060  0.0070  
 36       36  (22)      3 :  0.0130  0.7728  0.0370  0.1772  
 37       37  (52)      3 :  0.0020  0.9890  0.0070  0.0020  
 38       38  (45)      3 :  0.3370  0.5270  0.0180  0.1180  
 39       39  (28)      3 :  0.0280  0.9450  0.0060  0.0210  
 40       40  (14)      3 :  0.0100  0.7323  0.1449  0.1129  
 41       41  (20)      3 :  0.0030  0.9910  0.0030  0.0030  
 42       42  (63)      3 :  0.0050  0.9580  0.0130  0.0240  
 43       43  (13)      3 :  0.0020  0.9600  0.0340  0.0040  
 44       44  (26)      3 :  0.0040  0.9840  0.0050  0.0070  
 45       45  (19)      3 :  0.0250  0.9580  0.0080  0.0090  
 46       46  (22)      3 :  0.0020  0.9840  0.0020  0.0120  
 47       47  (13)      4 :  0.0060  0.0030  0.0050  0.9860  
 48       48  (12)      4 :  0.0060  0.0060  0.0030  0.9850  
 49       49  (10)      4 :  0.0040  0.0910  0.0130  0.8920  
 50       50  (25)      4 :  0.0160  0.0010  0.0020  0.9810  
 51       51   (9)      4 :  0.0831  0.0040  0.0140  0.8989  
 52       52   (9)      4 :  0.0020  0.0020  0.0070  0.9890  
 53       53  (41)      4 :  0.0020  0.0030  0.0020  0.9930  
 54       54  (15)      4 :  0.0050  0.0480  0.0591  0.8879  
 55       55  (18)      4 :  0.0020  0.0060  0.0120  0.9800  
 56       56   (8)      4 :  0.0790  0.0340  0.0180  0.8690  
 57       57  (14)      4 :  0.0050  0.0360  0.0130  0.9461  
 58       58  (10)      4 :  0.0090  0.0320  0.0070  0.9520  
 59       59  (16)      4 :  0.0220  0.0050  0.2002  0.7728  
 60       60  (11)      4 :  0.0080  0.0070  0.3650  0.6200  
 61       61  (35)      5 :  0.9850  0.0030  0.0050  0.0070  
 62       62  (15)      5 :  0.9510  0.0070  0.0200  0.0220  
 63       63  (51)      5 :  0.9810  0.0050  0.0080  0.0060  
 64       64  (20)      5 :  0.9790  0.0040  0.0050  0.0120  
 65       65  (26)      5 :  0.9940  0.0020  0.0020  0.0020  
 66       66  (16)      5 :  0.9280  0.0350  0.0110  0.0260  
 67       67  (10)      5 :  0.8480  0.0350  0.1040  0.0130  
 68       68   (9)      5 :  0.9620  0.0090  0.0120  0.0170  
 69       69  (39)      5 :  0.9460  0.0060  0.0140  0.0340  
 70       70  (17)      5 :  0.9870  0.0040  0.0060  0.0030  
 71       71  (28)      5 :  0.9060  0.0720  0.0090  0.0130  
 72       72  (53)      5 :  0.8580  0.0120  0.0240  0.1060  
 73       73  (21)      5 :  0.9910  0.0020  0.0030  0.0040  
 74       74  (11)      5 :  0.9900  0.0030  0.0030  0.0040  
 75       75  (16)      5 :  0.8821  0.0110  0.0040  0.1029  
 76       76  (23)      6 :  0.0430  0.0180  0.0790  0.8600  
 77       77  (13)      6 :  0.0030  0.0320  0.0180  0.9470  
 78       78  (22)      6 :  0.0270  0.0060  0.0130  0.9540  
 79       79  (16)      6 :  0.0020  0.0400  0.0020  0.9560  
 80       80  (20)      6 :  0.0290  0.0140  0.0110  0.9460  
 81       81  (10)      6 :  0.0200  0.0050  0.0110  0.9640  
 82       82  (28)      6 :  0.0230  0.0060  0.0160  0.9550  
 83       83  (15)      6 :  0.0040  0.1220  0.0030  0.8710  
 84       84  (19)      6 :  0.0190  0.0510  0.0080  0.9220  
 85       85  (10)      6 :  0.0030  0.0050  0.0050  0.9870  
 86       86  (26)      6 :  0.0250  0.0030  0.0050  0.9670  
 87       87  (47)      6 :  0.0030  0.0080  0.0070  0.9820  
 88       88  (26)      6 :  0.0130  0.0090  0.0320  0.9460  
 89       89  (13)      6 :  0.0270  0.0060  0.0340  0.9330  
 90       90  (26)      6 :  0.0730  0.0150  0.4520  0.4600  
 91       91  (19)      6 :  0.1320  0.1390  0.0080  0.7210  
 92       92  (11)      7 :  0.0050  0.0590  0.9290  0.0070  
 93       93  (20)      7 :  0.0070  0.0130  0.9740  0.0060  
 94       94  (29)      7 :  0.0020  0.0040  0.9920  0.0020  
 95       95   (7)      7 :  0.0040  0.0060  0.9660  0.0240  
 96       96  (41)      7 :  0.0060  0.0050  0.9850  0.0040  
 97       97  (25)      7 :  0.0080  0.0330  0.4150  0.5440  
 98       98  (13)      7 :  0.0060  0.0030  0.9720  0.0190  
 99       99  (21)      7 :  0.0140  0.0060  0.9720  0.0080  
100      100  (16)      7 :  0.0040  0.0100  0.9720  0.0140  
101      101  (62)      7 :  0.0070  0.0420  0.7290  0.2220  
102      102  (15)      7 :  0.0400  0.0060  0.9480  0.0060  
103      103  (18)      7 :  0.0560  0.0200  0.8540  0.0700  
104      104  (21)      7 :  0.0120  0.0080  0.9750  0.0050  
105      105  (18)      7 :  0.0050  0.0120  0.9750  0.0080  
