  1        1  (18)      1 :  0.0030  0.9640  0.0050  0.0070  0.0170  0.0040  
  2        2   (9)      1 :  0.0030  0.9850  0.0020  0.0020  0.0050  0.0030  
  3        3  (20)      1 :  0.0050  0.9720  0.0050  0.0050  0.0100  0.0030  
  4        4  (12)      1 :  0.0030  0.9670  0.0130  0.0040  0.0030  0.0100  
  5        5  (74)      1 :  0.0420  0.8689  0.0110  0.0050  0.0611  0.0120  
  6        6  (23)      1 :  0.0060  0.9670  0.0040  0.0060  0.0100  0.0070  
  7        7  (22)      1 :  0.0030  0.9870  0.0030  0.0030  0.0020  0.0020  
  8        8  (33)      1 :  0.0030  0.9780  0.0040  0.0040  0.0050  0.0060  
  9        9  (24)      1 :  0.0100  0.9000  0.0200  0.0490  0.0050  0.0160  
 10       10  (31)      1 :  0.0080  0.9680  0.0060  0.0080  0.0060  0.0040  
 11       11  (28)      1 :  0.0090  0.8770  0.0470  0.0170  0.0220  0.0280  
 12       12  (24)      1 :  0.0030  0.9510  0.0040  0.0080  0.0040  0.0300  
 13       13  (10)      1 :  0.0090  0.9540  0.0040  0.0040  0.0200  0.0090  
 14       14  (53)      1 :  0.0330  0.9050  0.0070  0.0160  0.0120  0.0270  
 15       15  (16)      1 :  0.0170  0.9770  0.0010  0.0010  0.0020  0.0020  
 16       16  (15)      2 :  0.0040  0.0020  0.0230  0.9530  0.0160  0.0020  
 17       17  (14)      2 :  0.0480  0.0040  0.0030  0.9370  0.0070  0.0010  
 18       18  (12)      2 :  0.0250  0.0050  0.0230  0.9220  0.0160  0.0090  
 19       19  (13)      2 :  0.0561  0.0070  0.0060  0.8478  0.0170  0.0661  
 20       20  (10)      2 :  0.0020  0.0030  0.0300  0.9580  0.0050  0.0020  
 21       21  (30)      2 :  0.0040  0.0030  0.0050  0.9790  0.0070  0.0020  
 22       22  (12)      2 :  0.0120  0.0290  0.0130  0.9190  0.0240  0.0030  
 23       23  (11)      2 :  0.0160  0.0050  0.0020  0.9530  0.0110  0.0130  
 24       24  (16)      2 :  0.0060  0.0420  0.0040  0.9170  0.0130  0.0180  
 25       25  (46)      2 :  0.0120  0.0030  0.0370  0.7203  0.0290  0.1988  
 26       26  (15)      2 :  0.0090  0.0791  0.0170  0.8639  0.0220  0.0090  
 27       27  (33)      2 :  0.0030  0.0040  0.0050  0.9140  0.0080  0.0660  
 28       28  (17)      2 :  0.0050  0.0020  0.0110  0.9750  0.0050  0.0020  
 29       29  (31)      2 :  0.0080  0.0040  0.0040  0.9499  0.0070  0.0270  
 30       30  (17)      2 :  0.0030  0.0030  0.0050  0.9830  0.0020  0.0040  
 31       31   (9)      2 :  0.0320  0.0130  0.0040  0.9449  0.0020  0.0040  
 32       32  (33)      3 :  0.9620  0.0040  0.0100  0.0050  0.0080  0.0110  
 33       33  (12)      3 :  0.7772  0.0330  0.0080  0.1449  0.0180  0.0190  
 34       34  (30)      3 :  0.8649  0.0040  0.0310  0.0060  0.0210  0.0731  
 35       35  (12)      3 :  0.9450  0.0190  0.0060  0.0160  0.0080  0.0060  
 36       36  (22)      3 :  0.9169  0.0150  0.0080  0.0040  0.0511  0.0050  
 37       37  (52)      3 :  0.9850  0.0050  0.0010  0.0040  0.0020  0.0030  
 38       38  (45)      3 :  0.8810  0.0050  0.0680  0.0040  0.0290  0.0130  
 39       39  (28)      3 :  0.9000  0.0040  0.0130  0.0120  0.0480  0.0230  
 40       40  (14)      3 :  0.7892  0.1429  0.0050  0.0040  0.0519  0.0070  
 41       41  (20)      3 :  0.9800  0.0110  0.0040  0.0020  0.0020  0.0010  
 42       42  (63)      3 :  0.9230  0.0070  0.0030  0.0260  0.0150  0.0260  
 43       43  (13)      3 :  0.6300  0.0110  0.0020  0.0310  0.0040  0.3220  
 44       44  (26)      3 :  0.9770  0.0040  0.0030  0.0090  0.0040  0.0030  
 45       45  (19)      3 :  0.7920  0.0110  0.1280  0.0480  0.0110  0.0100  
 46       46  (22)      3 :  0.9930  0.0010  0.0010  0.0010  0.0020  0.0020  
 47       47  (13)      4 :  0.0020  0.0060  0.0190  0.0040  0.9650  0.0040  
 48       48  (12)      4 :  0.0120  0.0060  0.0090  0.0080  0.9610  0.0040  
 49       49  (10)      4 :  0.1000  0.0680  0.0040  0.0830  0.7400  0.0050  
 50       50  (25)      4 :  0.0050  0.0030  0.0290  0.0020  0.9590  0.0020  
 51       51   (9)      4 :  0.0040  0.0090  0.0180  0.0040  0.9610  0.0040  
 52       52   (9)      4 :  0.0020  0.0060  0.0010  0.0030  0.9830  0.0050  
 53       53  (41)      4 :  0.0050  0.0020  0.0020  0.0020  0.9870  0.0020  
 54       54  (15)      4 :  0.0110  0.6510  0.0080  0.0900  0.2170  0.0230  
 55       55  (18)      4 :  0.0080  0.0050  0.0010  0.0020  0.9790  0.0050  
 56       56   (8)      4 :  0.1924  0.0030  0.0230  0.0050  0.7705  0.0060  
 57       57  (14)      4 :  0.1550  0.0130  0.0050  0.0110  0.8130  0.0030  
 58       58  (10)      4 :  0.0480  0.0110  0.0260  0.0190  0.8920  0.0040  
 59       59  (16)      4 :  0.0070  0.2300  0.0090  0.0050  0.7450  0.0040  
 60       60  (11)      4 :  0.0050  0.0450  0.0110  0.0020  0.8028  0.1341  
 61       61  (35)      5 :  0.0030  0.0040  0.9780  0.0020  0.0080  0.0050  
 62       62  (15)      5 :  0.0090  0.0500  0.8940  0.0050  0.0180  0.0240  
 63       63  (51)      5 :  0.0040  0.0310  0.9499  0.0030  0.0080  0.0040  
 64       64  (20)      5 :  0.0020  0.0010  0.9379  0.0060  0.0080  0.0450  
 65       65  (26)      5 :  0.0020  0.0010  0.9920  0.0020  0.0010  0.0020  
 66       66  (16)      5 :  0.0070  0.0540  0.7860  0.1380  0.0110  0.0040  
 67       67  (10)      5 :  0.0030  0.0100  0.6216  0.0210  0.0140  0.3303  
 68       68   (9)      5 :  0.0030  0.0250  0.9210  0.0170  0.0310  0.0030  
 69       69  (39)      5 :  0.0020  0.0590  0.8810  0.0170  0.0340  0.0070  
 70       70  (17)      5 :  0.0020  0.0020  0.9220  0.0040  0.0030  0.0670  
 71       71  (28)      5 :  0.0150  0.0030  0.9169  0.0450  0.0080  0.0120  
 72       72  (53)      5 :  0.0520  0.0170  0.7880  0.0060  0.1210  0.0160  
 73       73  (21)      5 :  0.0090  0.0050  0.9780  0.0020  0.0040  0.0020  
 74       74  (11)      5 :  0.0060  0.0070  0.9530  0.0150  0.0140  0.0050  
 75       75  (16)      5 :  0.0090  0.0060  0.9199  0.0070  0.0551  0.0030  
 76       76  (23)      6 :  0.0410  0.0120  0.0450  0.0270  0.8280  0.0470  
 77       77  (13)      6 :  0.0170  0.0200  0.0030  0.0090  0.9420  0.0090  
 78       78  (22)      6 :  0.0040  0.0090  0.0190  0.0040  0.9580  0.0060  
 79       79  (16)      6 :  0.0110  0.0020  0.0010  0.0180  0.9670  0.0010  
 80       80  (20)      6 :  0.0040  0.0569  0.0539  0.0270  0.8492  0.0090  
 81       81  (10)      6 :  0.0030  0.0040  0.0140  0.0120  0.9570  0.0100  
 82       82  (28)      6 :  0.0080  0.0030  0.0290  0.0080  0.9279  0.0240  
 83       83  (15)      6 :  0.0030  0.0020  0.0020  0.1409  0.8472  0.0050  
 84       84  (19)      6 :  0.0160  0.0060  0.0320  0.0849  0.8511  0.0100  
 85       85  (10)      6 :  0.0060  0.0040  0.0030  0.0050  0.9780  0.0040  
 86       86  (26)      6 :  0.0190  0.0070  0.0400  0.0030  0.9261  0.0050  
 87       87  (47)      6 :  0.0160  0.0320  0.0030  0.0050  0.9359  0.0080  
 88       88  (26)      6 :  0.0030  0.0250  0.0110  0.0340  0.9190  0.0080  
 89       89  (13)      6 :  0.0030  0.0200  0.2507  0.0050  0.6444  0.0769  
 90       90  (26)      6 :  0.1828  0.0180  0.2597  0.0050  0.1199  0.4146  
 91       91  (19)      6 :  0.0711  0.0040  0.4384  0.0901  0.3894  0.0070  
 92       92  (11)      7 :  0.0090  0.0030  0.0020  0.0050  0.0030  0.9780  
 93       93  (20)      7 :  0.0110  0.0060  0.0080  0.0060  0.0040  0.9650  
 94       94  (29)      7 :  0.0020  0.0080  0.0040  0.0110  0.0020  0.9730  
 95       95   (7)      7 :  0.0040  0.0030  0.0030  0.0030  0.0050  0.9820  
 96       96  (41)      7 :  0.0030  0.0010  0.0030  0.0020  0.0040  0.9870  
 97       97  (25)      7 :  0.0140  0.0040  0.0150  0.0090  0.3440  0.6140  
 98       98  (13)      7 :  0.0020  0.0120  0.0040  0.0050  0.0130  0.9640  
 99       99  (21)      7 :  0.0030  0.0030  0.0070  0.0020  0.0040  0.9810  
100      100  (16)      7 :  0.0100  0.0470  0.0040  0.0110  0.0210  0.9069  
101      101  (62)      7 :  0.0370  0.0060  0.0050  0.0050  0.0120  0.9350  
102      102  (15)      7 :  0.0050  0.0220  0.0090  0.0120  0.0090  0.9431  
103      103  (18)      7 :  0.0080  0.0100  0.0649  0.0110  0.0450  0.8611  
104      104  (21)      7 :  0.0060  0.0040  0.0070  0.0050  0.0050  0.9730  
105      105  (18)      7 :  0.0430  0.0330  0.0040  0.0110  0.0050  0.9040  
