  1        1  (18)      1 :  0.0090  0.0150  0.9760  
  2        2   (9)      1 :  0.0040  0.0110  0.9850  
  3        3  (20)      1 :  0.0080  0.0220  0.9700  
  4        4  (12)      1 :  0.0030  0.0050  0.9920  
  5        5  (74)      1 :  0.0130  0.0220  0.9650  
  6        6  (23)      1 :  0.0080  0.0080  0.9840  
  7        7  (22)      1 :  0.0090  0.0040  0.9870  
  8        8  (33)      1 :  0.0040  0.0140  0.9820  
  9        9  (24)      1 :  0.0260  0.0190  0.9550  
 10       10  (31)      1 :  0.0300  0.0350  0.9350  
 11       11  (28)      1 :  0.0170  0.0320  0.9510  
 12       12  (24)      1 :  0.0060  0.0060  0.9880  
 13       13  (10)      1 :  0.0140  0.0210  0.9650  
 14       14  (53)      1 :  0.0210  0.0200  0.9590  
 15       15  (16)      1 :  0.0100  0.0130  0.9770  
 16       16  (15)      2 :  0.8891  0.1039  0.0070  
 17       17  (14)      2 :  0.9810  0.0150  0.0040  
 18       18  (12)      2 :  0.9720  0.0200  0.0080  
 19       19  (13)      2 :  0.9630  0.0180  0.0190  
 20       20  (10)      2 :  0.9720  0.0220  0.0060  
 21       21  (30)      2 :  0.9471  0.0470  0.0060  
 22       22  (12)      2 :  0.8870  0.0980  0.0150  
 23       23  (11)      2 :  0.9710  0.0170  0.0120  
 24       24  (16)      2 :  0.8739  0.0120  0.1141  
 25       25  (46)      2 :  0.7407  0.2392  0.0200  
 26       26  (15)      2 :  0.7720  0.0290  0.1990  
 27       27  (33)      2 :  0.8312  0.0190  0.1499  
 28       28  (17)      2 :  0.9800  0.0150  0.0050  
 29       29  (31)      2 :  0.9840  0.0070  0.0090  
 30       30  (17)      2 :  0.9840  0.0080  0.0080  
 31       31   (9)      2 :  0.9880  0.0050  0.0070  
 32       32  (33)      3 :  0.9550  0.0190  0.0260  
 33       33  (12)      3 :  0.9230  0.0160  0.0610  
 34       34  (30)      3 :  0.9291  0.0569  0.0140  
 35       35  (12)      3 :  0.9840  0.0090  0.0070  
 36       36  (22)      3 :  0.8931  0.0430  0.0639  
 37       37  (52)      3 :  0.9770  0.0040  0.0190  
 38       38  (45)      3 :  0.3030  0.6790  0.0180  
 39       39  (28)      3 :  0.9451  0.0430  0.0120  
 40       40  (14)      3 :  0.7930  0.1020  0.1050  
 41       41  (20)      3 :  0.9920  0.0050  0.0030  
 42       42  (63)      3 :  0.9680  0.0160  0.0160  
 43       43  (13)      3 :  0.8500  0.0060  0.1440  
 44       44  (26)      3 :  0.9710  0.0230  0.0060  
 45       45  (19)      3 :  0.9620  0.0280  0.0100  
 46       46  (22)      3 :  0.9910  0.0050  0.0040  
 47       47  (13)      4 :  0.0040  0.9920  0.0040  
 48       48  (12)      4 :  0.0150  0.9810  0.0040  
 49       49  (10)      4 :  0.2930  0.6870  0.0200  
 50       50  (25)      4 :  0.0040  0.9920  0.0040  
 51       51   (9)      4 :  0.0140  0.9700  0.0160  
 52       52   (9)      4 :  0.0130  0.9141  0.0729  
 53       53  (41)      4 :  0.0080  0.9880  0.0040  
 54       54  (15)      4 :  0.0620  0.8940  0.0440  
 55       55  (18)      4 :  0.0200  0.9530  0.0270  
 56       56   (8)      4 :  0.0740  0.9100  0.0160  
 57       57  (14)      4 :  0.1780  0.6980  0.1240  
 58       58  (10)      4 :  0.0911  0.8789  0.0300  
 59       59  (16)      4 :  0.0080  0.8020  0.1900  
 60       60  (11)      4 :  0.0120  0.4280  0.5600  
 61       61  (35)      5 :  0.0060  0.9790  0.0150  
 62       62  (15)      5 :  0.0100  0.9750  0.0150  
 63       63  (51)      5 :  0.0050  0.9610  0.0340  
 64       64  (20)      5 :  0.0050  0.9890  0.0060  
 65       65  (26)      5 :  0.0050  0.9920  0.0030  
 66       66  (16)      5 :  0.0380  0.9510  0.0110  
 67       67  (10)      5 :  0.0280  0.8530  0.1190  
 68       68   (9)      5 :  0.0100  0.9830  0.0070  
 69       69  (39)      5 :  0.0070  0.9640  0.0290  
 70       70  (17)      5 :  0.0070  0.9560  0.0370  
 71       71  (28)      5 :  0.0490  0.9450  0.0060  
 72       72  (53)      5 :  0.0170  0.9610  0.0220  
 73       73  (21)      5 :  0.0060  0.9890  0.0050  
 74       74  (11)      5 :  0.0100  0.9820  0.0080  
 75       75  (16)      5 :  0.0050  0.9910  0.0040  
 76       76  (23)      6 :  0.0330  0.8830  0.0840  
 77       77  (13)      6 :  0.1370  0.7420  0.1210  
 78       78  (22)      6 :  0.0120  0.9760  0.0120  
 79       79  (16)      6 :  0.2817  0.7133  0.0050  
 80       80  (20)      6 :  0.0590  0.9000  0.0410  
 81       81  (10)      6 :  0.0130  0.9420  0.0450  
 82       82  (28)      6 :  0.0080  0.9730  0.0190  
 83       83  (15)      6 :  0.1642  0.8298  0.0060  
 84       84  (19)      6 :  0.0621  0.9239  0.0140  
 85       85  (10)      6 :  0.0480  0.9410  0.0110  
 86       86  (26)      6 :  0.0080  0.9820  0.0100  
 87       87  (47)      6 :  0.0230  0.9470  0.0300  
 88       88  (26)      6 :  0.0110  0.9240  0.0650  
 89       89  (13)      6 :  0.0040  0.9700  0.0260  
 90       90  (26)      6 :  0.0250  0.6990  0.2760  
 91       91  (19)      6 :  0.1100  0.8840  0.0060  
 92       92  (11)      7 :  0.0470  0.0070  0.9460  
 93       93  (20)      7 :  0.0710  0.0080  0.9210  
 94       94  (29)      7 :  0.0060  0.0040  0.9900  
 95       95   (7)      7 :  0.0070  0.0150  0.9780  
 96       96  (41)      7 :  0.0140  0.0200  0.9660  
 97       97  (25)      7 :  0.0420  0.2220  0.7360  
 98       98  (13)      7 :  0.0030  0.0280  0.9690  
 99       99  (21)      7 :  0.0060  0.0220  0.9720  
100      100  (16)      7 :  0.0300  0.0100  0.9600  
101      101  (62)      7 :  0.0490  0.0581  0.8929  
102      102  (15)      7 :  0.0130  0.0360  0.9510  
103      103  (18)      7 :  0.0360  0.3750  0.5890  
104      104  (21)      7 :  0.0120  0.0150  0.9730  
105      105  (18)      7 :  0.0140  0.0100  0.9760  
