  1        1  (18)      1 :  0.0020  0.9800  0.0030  0.0040  0.0070  0.0040  
  2        2   (9)      1 :  0.0030  0.9790  0.0020  0.0020  0.0090  0.0050  
  3        3  (20)      1 :  0.0040  0.9570  0.0090  0.0150  0.0120  0.0030  
  4        4  (12)      1 :  0.0020  0.9451  0.0210  0.0030  0.0020  0.0270  
  5        5  (74)      1 :  0.0220  0.9141  0.0160  0.0040  0.0300  0.0140  
  6        6  (23)      1 :  0.0050  0.9640  0.0060  0.0120  0.0080  0.0050  
  7        7  (22)      1 :  0.0080  0.9750  0.0020  0.0070  0.0040  0.0040  
  8        8  (33)      1 :  0.0030  0.9790  0.0030  0.0020  0.0070  0.0060  
  9        9  (24)      1 :  0.0090  0.9030  0.0230  0.0370  0.0150  0.0130  
 10       10  (31)      1 :  0.0070  0.9700  0.0060  0.0070  0.0080  0.0020  
 11       11  (28)      1 :  0.0230  0.7263  0.0519  0.0420  0.0709  0.0859  
 12       12  (24)      1 :  0.0040  0.8880  0.0050  0.0240  0.0030  0.0760  
 13       13  (10)      1 :  0.0200  0.8519  0.0050  0.0050  0.1111  0.0070  
 14       14  (53)      1 :  0.0310  0.9270  0.0050  0.0080  0.0190  0.0100  
 15       15  (16)      1 :  0.0170  0.9760  0.0020  0.0010  0.0020  0.0020  
 16       16  (15)      2 :  0.0140  0.0020  0.0070  0.9660  0.0090  0.0020  
 17       17  (14)      2 :  0.0100  0.0050  0.0060  0.9660  0.0120  0.0010  
 18       18  (12)      2 :  0.0599  0.0040  0.0110  0.8921  0.0240  0.0090  
 19       19  (13)      2 :  0.0350  0.0180  0.0060  0.8310  0.0520  0.0580  
 20       20  (10)      2 :  0.0020  0.0040  0.0420  0.9430  0.0060  0.0030  
 21       21  (30)      2 :  0.0050  0.0040  0.0040  0.9800  0.0040  0.0030  
 22       22  (12)      2 :  0.0090  0.0210  0.0310  0.8890  0.0450  0.0050  
 23       23  (11)      2 :  0.0110  0.0030  0.0020  0.9730  0.0050  0.0060  
 24       24  (16)      2 :  0.0160  0.0400  0.0090  0.8058  0.0110  0.1181  
 25       25  (46)      2 :  0.0300  0.0030  0.0080  0.6260  0.0380  0.2950  
 26       26  (15)      2 :  0.0070  0.0950  0.0140  0.8600  0.0080  0.0160  
 27       27  (33)      2 :  0.0020  0.0030  0.0030  0.7437  0.0030  0.2452  
 28       28  (17)      2 :  0.0030  0.0020  0.0110  0.9770  0.0040  0.0030  
 29       29  (31)      2 :  0.0070  0.0050  0.0060  0.9510  0.0040  0.0270  
 30       30  (17)      2 :  0.0030  0.0070  0.0030  0.9800  0.0040  0.0030  
 31       31   (9)      2 :  0.0070  0.0090  0.0020  0.9770  0.0030  0.0020  
 32       32  (33)      3 :  0.8880  0.0060  0.0200  0.0130  0.0130  0.0600  
 33       33  (12)      3 :  0.7828  0.0360  0.0120  0.1532  0.0100  0.0060  
 34       34  (30)      3 :  0.8380  0.0060  0.0190  0.0050  0.0170  0.1150  
 35       35  (12)      3 :  0.9241  0.0240  0.0080  0.0180  0.0200  0.0060  
 36       36  (22)      3 :  0.9341  0.0160  0.0080  0.0090  0.0260  0.0070  
 37       37  (52)      3 :  0.9890  0.0030  0.0010  0.0030  0.0020  0.0020  
 38       38  (45)      3 :  0.8921  0.0080  0.0360  0.0070  0.0310  0.0260  
 39       39  (28)      3 :  0.8890  0.0060  0.0130  0.0140  0.0330  0.0450  
 40       40  (14)      3 :  0.7908  0.1802  0.0080  0.0040  0.0090  0.0080  
 41       41  (20)      3 :  0.9810  0.0070  0.0040  0.0040  0.0030  0.0010  
 42       42  (63)      3 :  0.9071  0.0090  0.0040  0.0569  0.0090  0.0140  
 43       43  (13)      3 :  0.7343  0.0040  0.0020  0.0869  0.0040  0.1688  
 44       44  (26)      3 :  0.9330  0.0040  0.0110  0.0260  0.0220  0.0040  
 45       45  (19)      3 :  0.8661  0.0080  0.0919  0.0220  0.0060  0.0060  
 46       46  (22)      3 :  0.9940  0.0010  0.0010  0.0010  0.0020  0.0010  
 47       47  (13)      4 :  0.0020  0.0030  0.0040  0.0020  0.9850  0.0040  
 48       48  (12)      4 :  0.0080  0.0020  0.0040  0.0040  0.9790  0.0030  
 49       49  (10)      4 :  0.0760  0.0380  0.0040  0.1520  0.7240  0.0060  
 50       50  (25)      4 :  0.0050  0.0020  0.0340  0.0020  0.9550  0.0020  
 51       51   (9)      4 :  0.0040  0.0180  0.0350  0.0060  0.9320  0.0050  
 52       52   (9)      4 :  0.0030  0.0040  0.0030  0.0040  0.9810  0.0050  
 53       53  (41)      4 :  0.0040  0.0010  0.0020  0.0020  0.9890  0.0020  
 54       54  (15)      4 :  0.0060  0.0661  0.0210  0.0450  0.7397  0.1221  
 55       55  (18)      4 :  0.0100  0.0060  0.0020  0.0010  0.9760  0.0050  
 56       56   (8)      4 :  0.0591  0.0050  0.0951  0.0120  0.8018  0.0270  
 57       57  (14)      4 :  0.1852  0.0631  0.0060  0.0200  0.7157  0.0100  
 58       58  (10)      4 :  0.0450  0.0180  0.0470  0.0260  0.8590  0.0050  
 59       59  (16)      4 :  0.0070  0.0500  0.0240  0.0020  0.9100  0.0070  
 60       60  (11)      4 :  0.0080  0.0430  0.0120  0.0030  0.7180  0.2160  
 61       61  (35)      5 :  0.0020  0.0030  0.9820  0.0020  0.0070  0.0040  
 62       62  (15)      5 :  0.0130  0.0531  0.9079  0.0050  0.0110  0.0100  
 63       63  (51)      5 :  0.0060  0.0559  0.9161  0.0070  0.0070  0.0080  
 64       64  (20)      5 :  0.0030  0.0020  0.9310  0.0060  0.0180  0.0400  
 65       65  (26)      5 :  0.0020  0.0010  0.9900  0.0020  0.0020  0.0030  
 66       66  (16)      5 :  0.0060  0.0060  0.8300  0.1350  0.0180  0.0050  
 67       67  (10)      5 :  0.0130  0.0290  0.6820  0.0160  0.0090  0.2510  
 68       68   (9)      5 :  0.0030  0.0150  0.9090  0.0540  0.0160  0.0030  
 69       69  (39)      5 :  0.0020  0.0560  0.9140  0.0080  0.0160  0.0040  
 70       70  (17)      5 :  0.0020  0.0030  0.9419  0.0040  0.0030  0.0460  
 71       71  (28)      5 :  0.0160  0.0040  0.8910  0.0690  0.0120  0.0080  
 72       72  (53)      5 :  0.0719  0.0230  0.7652  0.0140  0.1129  0.0130  
 73       73  (21)      5 :  0.0140  0.0070  0.9690  0.0030  0.0050  0.0020  
 74       74  (11)      5 :  0.0040  0.0030  0.9760  0.0060  0.0080  0.0030  
 75       75  (16)      5 :  0.0030  0.0070  0.8921  0.0080  0.0839  0.0060  
 76       76  (23)      6 :  0.0340  0.0090  0.0360  0.0500  0.8370  0.0340  
 77       77  (13)      6 :  0.0160  0.0280  0.0030  0.0240  0.9191  0.0100  
 78       78  (22)      6 :  0.0150  0.0180  0.0100  0.0050  0.9440  0.0080  
 79       79  (16)      6 :  0.0050  0.0020  0.0020  0.1009  0.8881  0.0020  
 80       80  (20)      6 :  0.0040  0.0090  0.0330  0.0360  0.9110  0.0070  
 81       81  (10)      6 :  0.0020  0.0030  0.0110  0.0030  0.9730  0.0080  
 82       82  (28)      6 :  0.0050  0.0110  0.0170  0.0070  0.9170  0.0430  
 83       83  (15)      6 :  0.0040  0.0020  0.0020  0.2880  0.7000  0.0040  
 84       84  (19)      6 :  0.0080  0.0040  0.0120  0.1960  0.7690  0.0110  
 85       85  (10)      6 :  0.0150  0.0070  0.0020  0.0070  0.9650  0.0040  
 86       86  (26)      6 :  0.0230  0.0090  0.0270  0.0020  0.9340  0.0050  
 87       87  (47)      6 :  0.0220  0.0360  0.0040  0.0080  0.9239  0.0060  
 88       88  (26)      6 :  0.0030  0.0300  0.0080  0.0120  0.9291  0.0180  
 89       89  (13)      6 :  0.0050  0.0120  0.0160  0.0060  0.9459  0.0150  
 90       90  (26)      6 :  0.1810  0.0070  0.0560  0.0030  0.5400  0.2130  
 91       91  (19)      6 :  0.0470  0.0040  0.1171  0.2442  0.5836  0.0040  
 92       92  (11)      7 :  0.0130  0.0020  0.0030  0.0050  0.0040  0.9730  
 93       93  (20)      7 :  0.0100  0.0030  0.0040  0.0080  0.0040  0.9710  
 94       94  (29)      7 :  0.0030  0.0130  0.0020  0.0120  0.0020  0.9680  
 95       95   (7)      7 :  0.0080  0.0030  0.0060  0.0020  0.0230  0.9580  
 96       96  (41)      7 :  0.0030  0.0020  0.0040  0.0030  0.0040  0.9840  
 97       97  (25)      7 :  0.0130  0.0130  0.0230  0.0200  0.4210  0.5100  
 98       98  (13)      7 :  0.0020  0.0130  0.0040  0.0040  0.0230  0.9540  
 99       99  (21)      7 :  0.0020  0.0020  0.0060  0.0030  0.0030  0.9840  
100      100  (16)      7 :  0.0410  0.0450  0.0030  0.0110  0.0140  0.8859  
101      101  (62)      7 :  0.0750  0.0090  0.0060  0.0040  0.0200  0.8860  
102      102  (15)      7 :  0.0060  0.0150  0.0530  0.0120  0.0190  0.8950  
103      103  (18)      7 :  0.0070  0.0200  0.0340  0.0110  0.0220  0.9060  
104      104  (21)      7 :  0.0050  0.0060  0.0060  0.0040  0.0040  0.9750  
105      105  (18)      7 :  0.0160  0.0750  0.0080  0.0080  0.0180  0.8750  
