  1        1  (18)      1 :  0.0020  0.0030  0.9720  0.0040  0.0030  0.0040  0.0120  
  2        2   (9)      1 :  0.0030  0.0040  0.9740  0.0020  0.0030  0.0080  0.0060  
  3        3  (20)      1 :  0.0040  0.0030  0.9550  0.0130  0.0110  0.0100  0.0040  
  4        4  (12)      1 :  0.0010  0.0310  0.9489  0.0020  0.0120  0.0030  0.0020  
  5        5  (74)      1 :  0.0220  0.0090  0.8951  0.0040  0.0120  0.0110  0.0470  
  6        6  (23)      1 :  0.0030  0.0060  0.9609  0.0080  0.0080  0.0060  0.0080  
  7        7  (22)      1 :  0.0060  0.0030  0.9760  0.0060  0.0020  0.0060  0.0010  
  8        8  (33)      1 :  0.0020  0.0070  0.9650  0.0020  0.0030  0.0030  0.0180  
  9        9  (24)      1 :  0.0070  0.0150  0.8990  0.0310  0.0280  0.0070  0.0130  
 10       10  (31)      1 :  0.0050  0.0030  0.9710  0.0050  0.0050  0.0070  0.0040  
 11       11  (28)      1 :  0.0170  0.0620  0.7320  0.0260  0.0380  0.0510  0.0740  
 12       12  (24)      1 :  0.0050  0.0889  0.8741  0.0210  0.0030  0.0050  0.0030  
 13       13  (10)      1 :  0.0110  0.0040  0.8590  0.0050  0.0030  0.0180  0.1000  
 14       14  (53)      1 :  0.0280  0.0090  0.9210  0.0070  0.0040  0.0230  0.0080  
 15       15  (16)      1 :  0.0180  0.0010  0.9740  0.0010  0.0020  0.0020  0.0020  
 16       16  (15)      2 :  0.0090  0.0020  0.0030  0.8480  0.0090  0.1270  0.0020  
 17       17  (14)      2 :  0.0210  0.0020  0.0040  0.9290  0.0090  0.0230  0.0120  
 18       18  (12)      2 :  0.0410  0.0130  0.0030  0.8910  0.0130  0.0150  0.0240  
 19       19  (13)      2 :  0.0340  0.0470  0.0090  0.7140  0.0050  0.1820  0.0090  
 20       20  (10)      2 :  0.0020  0.0040  0.0050  0.9301  0.0500  0.0050  0.0040  
 21       21  (30)      2 :  0.0040  0.0020  0.0040  0.9760  0.0040  0.0030  0.0070  
 22       22  (12)      2 :  0.0160  0.0040  0.0270  0.8711  0.0370  0.0190  0.0260  
 23       23  (11)      2 :  0.0080  0.0040  0.0020  0.9610  0.0020  0.0030  0.0200  
 24       24  (16)      2 :  0.0110  0.1260  0.0230  0.8110  0.0080  0.0090  0.0120  
 25       25  (46)      2 :  0.0240  0.2687  0.0030  0.5075  0.0050  0.1808  0.0110  
 26       26  (15)      2 :  0.0050  0.0200  0.0590  0.8540  0.0200  0.0020  0.0400  
 27       27  (33)      2 :  0.0010  0.2142  0.0030  0.7668  0.0030  0.0050  0.0070  
 28       28  (17)      2 :  0.0030  0.0020  0.0020  0.9780  0.0080  0.0040  0.0030  
 29       29  (31)      2 :  0.0080  0.0350  0.0040  0.9391  0.0040  0.0070  0.0030  
 30       30  (17)      2 :  0.0030  0.0020  0.0050  0.9790  0.0040  0.0040  0.0030  
 31       31   (9)      2 :  0.0100  0.0020  0.0090  0.9710  0.0030  0.0030  0.0020  
 32       32  (33)      3 :  0.8919  0.0400  0.0060  0.0070  0.0210  0.0090  0.0250  
 33       33  (12)      3 :  0.7500  0.0020  0.0430  0.1430  0.0120  0.0460  0.0040  
 34       34  (30)      3 :  0.8460  0.0940  0.0070  0.0040  0.0230  0.0160  0.0100  
 35       35  (12)      3 :  0.9140  0.0070  0.0210  0.0230  0.0090  0.0120  0.0140  
 36       36  (22)      3 :  0.9329  0.0090  0.0140  0.0060  0.0060  0.0170  0.0150  
 37       37  (52)      3 :  0.9870  0.0010  0.0040  0.0030  0.0010  0.0020  0.0020  
 38       38  (45)      3 :  0.8781  0.0180  0.0100  0.0030  0.0340  0.0500  0.0070  
 39       39  (28)      3 :  0.8940  0.0350  0.0050  0.0120  0.0150  0.0090  0.0300  
 40       40  (14)      3 :  0.7760  0.0050  0.1900  0.0030  0.0090  0.0100  0.0070  
 41       41  (20)      3 :  0.9790  0.0010  0.0080  0.0020  0.0050  0.0030  0.0020  
 42       42  (63)      3 :  0.8950  0.0180  0.0060  0.0580  0.0030  0.0080  0.0120  
 43       43  (13)      3 :  0.7140  0.1460  0.0040  0.1250  0.0020  0.0070  0.0020  
 44       44  (26)      3 :  0.9141  0.0050  0.0040  0.0190  0.0120  0.0120  0.0340  
 45       45  (19)      3 :  0.8550  0.0040  0.0070  0.0290  0.0940  0.0030  0.0080  
 46       46  (22)      3 :  0.9920  0.0020  0.0010  0.0010  0.0010  0.0010  0.0020  
 47       47  (13)      4 :  0.0020  0.0030  0.0040  0.0040  0.0090  0.0180  0.9600  
 48       48  (12)      4 :  0.0080  0.0020  0.0020  0.0030  0.0020  0.0040  0.9790  
 49       49  (10)      4 :  0.0210  0.0030  0.0200  0.1010  0.0050  0.0050  0.8450  
 50       50  (25)      4 :  0.0020  0.0040  0.0020  0.0010  0.0100  0.0050  0.9760  
 51       51   (9)      4 :  0.0030  0.0050  0.0120  0.0070  0.0240  0.0050  0.9440  
 52       52   (9)      4 :  0.0020  0.0050  0.0050  0.0040  0.0030  0.0100  0.9710  
 53       53  (41)      4 :  0.0020  0.0010  0.0010  0.0010  0.0020  0.0030  0.9900  
 54       54  (15)      4 :  0.0040  0.0520  0.0250  0.0310  0.0270  0.0080  0.8530  
 55       55  (18)      4 :  0.0190  0.0110  0.0190  0.0020  0.0030  0.1960  0.7500  
 56       56   (8)      4 :  0.0390  0.0160  0.0040  0.0150  0.0160  0.0100  0.9000  
 57       57  (14)      4 :  0.0579  0.0060  0.0180  0.0110  0.0040  0.0070  0.8961  
 58       58  (10)      4 :  0.1090  0.0080  0.0290  0.0280  0.0490  0.0240  0.7530  
 59       59  (16)      4 :  0.0080  0.0100  0.0520  0.0030  0.0390  0.0260  0.8620  
 60       60  (11)      4 :  0.0060  0.2770  0.0320  0.0070  0.0100  0.0380  0.6300  
 61       61  (35)      5 :  0.0020  0.0040  0.0020  0.0020  0.9810  0.0060  0.0030  
 62       62  (15)      5 :  0.0100  0.0090  0.0460  0.0040  0.9101  0.0050  0.0160  
 63       63  (51)      5 :  0.0050  0.0060  0.0539  0.0040  0.9191  0.0070  0.0050  
 64       64  (20)      5 :  0.0020  0.0320  0.0020  0.0070  0.9361  0.0070  0.0140  
 65       65  (26)      5 :  0.0020  0.0020  0.0010  0.0020  0.9880  0.0030  0.0020  
 66       66  (16)      5 :  0.0060  0.0040  0.0100  0.1191  0.8398  0.0080  0.0130  
 67       67  (10)      5 :  0.0100  0.2370  0.0210  0.0180  0.6880  0.0200  0.0060  
 68       68   (9)      5 :  0.0030  0.0030  0.0080  0.0361  0.9289  0.0140  0.0070  
 69       69  (39)      5 :  0.0010  0.0060  0.0571  0.0110  0.8919  0.0170  0.0160  
 70       70  (17)      5 :  0.0020  0.0430  0.0020  0.0030  0.9449  0.0030  0.0020  
 71       71  (28)      5 :  0.0120  0.0040  0.0040  0.0600  0.8970  0.0120  0.0110  
 72       72  (53)      5 :  0.0640  0.0090  0.0170  0.0150  0.7530  0.0180  0.1240  
 73       73  (21)      5 :  0.0090  0.0020  0.0060  0.0020  0.9740  0.0040  0.0030  
 74       74  (11)      5 :  0.0040  0.0030  0.0030  0.0080  0.9720  0.0050  0.0050  
 75       75  (16)      5 :  0.0030  0.0050  0.0080  0.0070  0.9189  0.0270  0.0310  
 76       76  (23)      6 :  0.0760  0.0310  0.0110  0.0150  0.0620  0.7530  0.0520  
 77       77  (13)      6 :  0.0090  0.0140  0.0770  0.0380  0.0040  0.7860  0.0720  
 78       78  (22)      6 :  0.0060  0.0030  0.0080  0.0030  0.0030  0.9750  0.0020  
 79       79  (16)      6 :  0.0060  0.0010  0.0030  0.0150  0.0010  0.9670  0.0070  
 80       80  (20)      6 :  0.0030  0.0030  0.0050  0.0180  0.0230  0.9440  0.0040  
 81       81  (10)      6 :  0.0030  0.0170  0.0050  0.0030  0.0070  0.9291  0.0360  
 82       82  (28)      6 :  0.0040  0.0250  0.0060  0.0030  0.0130  0.9430  0.0060  
 83       83  (15)      6 :  0.0050  0.0050  0.0020  0.1668  0.0020  0.8132  0.0060  
 84       84  (19)      6 :  0.0050  0.0080  0.0040  0.0250  0.0080  0.9460  0.0040  
 85       85  (10)      6 :  0.0100  0.0050  0.0170  0.0060  0.0040  0.9470  0.0110  
 86       86  (26)      6 :  0.0190  0.0020  0.0050  0.0030  0.0100  0.9560  0.0050  
 87       87  (47)      6 :  0.0130  0.0060  0.0390  0.0040  0.0040  0.9280  0.0060  
 88       88  (26)      6 :  0.0030  0.0050  0.0180  0.0040  0.0020  0.9640  0.0040  
 89       89  (13)      6 :  0.0020  0.0070  0.0070  0.0020  0.0050  0.9590  0.0180  
 90       90  (26)      6 :  0.0990  0.0650  0.0040  0.0020  0.0130  0.8130  0.0040  
 91       91  (19)      6 :  0.0300  0.0020  0.0040  0.0150  0.0700  0.8740  0.0050  
 92       92  (11)      7 :  0.0110  0.9700  0.0020  0.0040  0.0030  0.0080  0.0020  
 93       93  (20)      7 :  0.0060  0.9749  0.0030  0.0070  0.0040  0.0030  0.0020  
 94       94  (29)      7 :  0.0020  0.9660  0.0100  0.0140  0.0040  0.0030  0.0010  
 95       95   (7)      7 :  0.0050  0.9560  0.0030  0.0020  0.0050  0.0190  0.0100  
 96       96  (41)      7 :  0.0020  0.9810  0.0020  0.0030  0.0040  0.0040  0.0040  
 97       97  (25)      7 :  0.0060  0.4330  0.0070  0.0050  0.0070  0.5380  0.0040  
 98       98  (13)      7 :  0.0020  0.9260  0.0160  0.0030  0.0020  0.0060  0.0450  
 99       99  (21)      7 :  0.0030  0.9840  0.0010  0.0030  0.0040  0.0020  0.0030  
100      100  (16)      7 :  0.0210  0.8961  0.0380  0.0100  0.0030  0.0230  0.0090  
101      101  (62)      7 :  0.0769  0.8671  0.0060  0.0050  0.0070  0.0300  0.0080  
102      102  (15)      7 :  0.0040  0.8890  0.0170  0.0070  0.0360  0.0120  0.0350  
103      103  (18)      7 :  0.0080  0.8931  0.0140  0.0110  0.0390  0.0130  0.0220  
104      104  (21)      7 :  0.0060  0.9680  0.0060  0.0050  0.0060  0.0060  0.0030  
105      105  (18)      7 :  0.0200  0.8450  0.0980  0.0070  0.0060  0.0070  0.0170  
