  1        1  (18)      1 :  0.0030  0.0120  0.0100  0.0050  0.9700  
  2        2   (9)      1 :  0.0040  0.0160  0.0040  0.0040  0.9720  
  3        3  (20)      1 :  0.0040  0.0120  0.0050  0.0130  0.9660  
  4        4  (12)      1 :  0.0020  0.0020  0.0050  0.0090  0.9820  
  5        5  (74)      1 :  0.1240  0.0800  0.0050  0.0160  0.7750  
  6        6  (23)      1 :  0.0100  0.0050  0.0060  0.0040  0.9750  
  7        7  (22)      1 :  0.0040  0.0050  0.0040  0.0020  0.9850  
  8        8  (33)      1 :  0.0040  0.0440  0.0050  0.0060  0.9411  
  9        9  (24)      1 :  0.0060  0.0090  0.0200  0.0130  0.9520  
 10       10  (31)      1 :  0.0780  0.0520  0.0230  0.0130  0.8340  
 11       11  (28)      1 :  0.0400  0.0250  0.0310  0.0240  0.8801  
 12       12  (24)      1 :  0.0030  0.0030  0.0110  0.0050  0.9780  
 13       13  (10)      1 :  0.0090  0.0340  0.0060  0.0030  0.9480  
 14       14  (53)      1 :  0.0300  0.0120  0.0070  0.0060  0.9449  
 15       15  (16)      1 :  0.1920  0.0130  0.0010  0.0040  0.7900  
 16       16  (15)      2 :  0.0350  0.0080  0.9401  0.0130  0.0040  
 17       17  (14)      2 :  0.0480  0.0090  0.9331  0.0070  0.0030  
 18       18  (12)      2 :  0.0170  0.0080  0.9590  0.0110  0.0050  
 19       19  (13)      2 :  0.0370  0.0270  0.8981  0.0050  0.0330  
 20       20  (10)      2 :  0.0020  0.0030  0.9620  0.0290  0.0040  
 21       21  (30)      2 :  0.0070  0.0160  0.9610  0.0120  0.0040  
 22       22  (12)      2 :  0.0140  0.0519  0.8561  0.0539  0.0240  
 23       23  (11)      2 :  0.0150  0.0080  0.9660  0.0030  0.0080  
 24       24  (16)      2 :  0.0480  0.0160  0.7000  0.0030  0.2330  
 25       25  (46)      2 :  0.0080  0.0140  0.9630  0.0070  0.0080  
 26       26  (15)      2 :  0.0070  0.0360  0.7852  0.0230  0.1489  
 27       27  (33)      2 :  0.0020  0.0120  0.9540  0.0050  0.0270  
 28       28  (17)      2 :  0.0050  0.0030  0.9780  0.0120  0.0020  
 29       29  (31)      2 :  0.0100  0.0060  0.9720  0.0030  0.0090  
 30       30  (17)      2 :  0.0050  0.0030  0.9830  0.0030  0.0060  
 31       31   (9)      2 :  0.0060  0.0030  0.9740  0.0030  0.0140  
 32       32  (33)      3 :  0.9420  0.0070  0.0060  0.0220  0.0230  
 33       33  (12)      3 :  0.8010  0.0480  0.0610  0.0120  0.0780  
 34       34  (30)      3 :  0.9350  0.0160  0.0070  0.0290  0.0130  
 35       35  (12)      3 :  0.9360  0.0120  0.0150  0.0150  0.0220  
 36       36  (22)      3 :  0.9391  0.0170  0.0160  0.0070  0.0210  
 37       37  (52)      3 :  0.9910  0.0020  0.0030  0.0020  0.0020  
 38       38  (45)      3 :  0.8620  0.0410  0.0070  0.0750  0.0150  
 39       39  (28)      3 :  0.8870  0.0630  0.0160  0.0230  0.0110  
 40       40  (14)      3 :  0.6957  0.1862  0.0060  0.0040  0.1081  
 41       41  (20)      3 :  0.9880  0.0020  0.0030  0.0040  0.0030  
 42       42  (63)      3 :  0.9491  0.0150  0.0250  0.0040  0.0070  
 43       43  (13)      3 :  0.7632  0.0040  0.1019  0.0030  0.1279  
 44       44  (26)      3 :  0.9780  0.0060  0.0080  0.0050  0.0030  
 45       45  (19)      3 :  0.8921  0.0130  0.0160  0.0669  0.0120  
 46       46  (22)      3 :  0.9920  0.0030  0.0020  0.0010  0.0020  
 47       47  (13)      4 :  0.0030  0.9770  0.0050  0.0110  0.0040  
 48       48  (12)      4 :  0.0120  0.9740  0.0040  0.0060  0.0040  
 49       49  (10)      4 :  0.0770  0.7750  0.1350  0.0060  0.0070  
 50       50  (25)      4 :  0.0030  0.9560  0.0010  0.0380  0.0020  
 51       51   (9)      4 :  0.0040  0.9490  0.0060  0.0280  0.0130  
 52       52   (9)      4 :  0.0020  0.9870  0.0030  0.0030  0.0050  
 53       53  (41)      4 :  0.0030  0.9900  0.0020  0.0030  0.0020  
 54       54  (15)      4 :  0.0890  0.8380  0.0280  0.0060  0.0390  
 55       55  (18)      4 :  0.0140  0.9770  0.0020  0.0020  0.0050  
 56       56   (8)      4 :  0.1230  0.5670  0.0320  0.2300  0.0480  
 57       57  (14)      4 :  0.1340  0.8130  0.0320  0.0070  0.0140  
 58       58  (10)      4 :  0.0400  0.9261  0.0090  0.0180  0.0070  
 59       59  (16)      4 :  0.0060  0.8210  0.0050  0.0260  0.1420  
 60       60  (11)      4 :  0.0060  0.5810  0.0040  0.0060  0.4030  
 61       61  (35)      5 :  0.0040  0.0050  0.0020  0.9840  0.0050  
 62       62  (15)      5 :  0.0020  0.0240  0.0170  0.9439  0.0130  
 63       63  (51)      5 :  0.0060  0.0100  0.0040  0.9650  0.0150  
 64       64  (20)      5 :  0.0030  0.0190  0.0140  0.9550  0.0090  
 65       65  (26)      5 :  0.0030  0.0030  0.0020  0.9910  0.0010  
 66       66  (16)      5 :  0.0060  0.0170  0.1120  0.8530  0.0120  
 67       67  (10)      5 :  0.0080  0.0160  0.0330  0.8218  0.1211  
 68       68   (9)      5 :  0.0070  0.0560  0.0130  0.9130  0.0110  
 69       69  (39)      5 :  0.0020  0.0420  0.0160  0.8970  0.0430  
 70       70  (17)      5 :  0.0040  0.0050  0.0110  0.9730  0.0070  
 71       71  (28)      5 :  0.0100  0.0120  0.0400  0.9340  0.0040  
 72       72  (53)      5 :  0.1241  0.0360  0.0100  0.7938  0.0360  
 73       73  (21)      5 :  0.0100  0.0040  0.0020  0.9810  0.0030  
 74       74  (11)      5 :  0.0030  0.0050  0.0030  0.9860  0.0030  
 75       75  (16)      5 :  0.0050  0.1121  0.0170  0.8589  0.0070  
 76       76  (23)      6 :  0.0531  0.6086  0.0310  0.1231  0.1842  
 77       77  (13)      6 :  0.0300  0.9280  0.0150  0.0040  0.0230  
 78       78  (22)      6 :  0.0050  0.9670  0.0080  0.0140  0.0060  
 79       79  (16)      6 :  0.0080  0.8860  0.1000  0.0030  0.0030  
 80       80  (20)      6 :  0.0070  0.8710  0.0550  0.0300  0.0370  
 81       81  (10)      6 :  0.0040  0.9540  0.0120  0.0180  0.0120  
 82       82  (28)      6 :  0.0030  0.9190  0.0100  0.0350  0.0330  
 83       83  (15)      6 :  0.0030  0.6980  0.2880  0.0060  0.0050  
 84       84  (19)      6 :  0.0110  0.6680  0.2320  0.0690  0.0200  
 85       85  (10)      6 :  0.0070  0.9700  0.0140  0.0020  0.0070  
 86       86  (26)      6 :  0.0110  0.9371  0.0040  0.0420  0.0060  
 87       87  (47)      6 :  0.0160  0.9640  0.0070  0.0040  0.0090  
 88       88  (26)      6 :  0.0030  0.9200  0.0330  0.0150  0.0290  
 89       89  (13)      6 :  0.0060  0.8980  0.0090  0.0390  0.0480  
 90       90  (26)      6 :  0.2607  0.2957  0.0040  0.1299  0.3097  
 91       91  (19)      6 :  0.0861  0.7317  0.0380  0.1311  0.0130  
 92       92  (11)      7 :  0.0470  0.0050  0.0210  0.0060  0.9210  
 93       93  (20)      7 :  0.0540  0.0050  0.0050  0.0150  0.9210  
 94       94  (29)      7 :  0.0030  0.0020  0.0040  0.0040  0.9870  
 95       95   (7)      7 :  0.0040  0.0280  0.0040  0.0040  0.9600  
 96       96  (41)      7 :  0.0070  0.0060  0.0060  0.0090  0.9720  
 97       97  (25)      7 :  0.0110  0.2470  0.0110  0.0100  0.7210  
 98       98  (13)      7 :  0.0020  0.0500  0.0050  0.0050  0.9380  
 99       99  (21)      7 :  0.0040  0.0070  0.0040  0.0110  0.9740  
100      100  (16)      7 :  0.0130  0.0090  0.0140  0.0040  0.9600  
101      101  (62)      7 :  0.0820  0.0680  0.0070  0.0110  0.8320  
102      102  (15)      7 :  0.0060  0.0080  0.0130  0.0541  0.9189  
103      103  (18)      7 :  0.0210  0.0400  0.0080  0.0550  0.8760  
104      104  (21)      7 :  0.0090  0.0060  0.0050  0.0200  0.9600  
105      105  (18)      7 :  0.0260  0.0060  0.0090  0.0080  0.9510  
