  1        1  (18)      1 :  0.0040  0.0040  0.0150  0.0040  0.0030  0.0120  0.9560  0.0020  
  2        2   (9)      1 :  0.0020  0.0050  0.0080  0.0040  0.0030  0.0020  0.9720  0.0040  
  3        3  (20)      1 :  0.0120  0.0080  0.0050  0.0030  0.0070  0.0020  0.9600  0.0030  
  4        4  (12)      1 :  0.0040  0.0030  0.0020  0.0100  0.0110  0.0020  0.9670  0.0010  
  5        5  (74)      1 :  0.0040  0.0180  0.0829  0.0130  0.0090  0.0220  0.8282  0.0230  
  6        6  (23)      1 :  0.0050  0.0080  0.0090  0.0140  0.0030  0.0140  0.9440  0.0030  
  7        7  (22)      1 :  0.0030  0.0060  0.0010  0.0020  0.0030  0.0030  0.9790  0.0030  
  8        8  (33)      1 :  0.0030  0.0050  0.0120  0.0040  0.0020  0.0090  0.9620  0.0030  
  9        9  (24)      1 :  0.0349  0.0100  0.0070  0.0200  0.0250  0.0230  0.8703  0.0100  
 10       10  (31)      1 :  0.0060  0.0070  0.0050  0.0030  0.0060  0.0020  0.9610  0.0100  
 11       11  (28)      1 :  0.0140  0.0140  0.0250  0.0210  0.0530  0.0590  0.8060  0.0080  
 12       12  (24)      1 :  0.0070  0.0040  0.0080  0.0739  0.0060  0.0040  0.8931  0.0040  
 13       13  (10)      1 :  0.0030  0.0140  0.0470  0.0050  0.0030  0.0020  0.9160  0.0100  
 14       14  (53)      1 :  0.0100  0.0160  0.0080  0.0280  0.0050  0.0040  0.8990  0.0300  
 15       15  (16)      1 :  0.0010  0.0020  0.0030  0.0010  0.0010  0.0010  0.9720  0.0190  
 16       16  (15)      2 :  0.7027  0.2242  0.0030  0.0020  0.0120  0.0521  0.0010  0.0030  
 17       17  (14)      2 :  0.9310  0.0130  0.0040  0.0010  0.0030  0.0030  0.0040  0.0410  
 18       18  (12)      2 :  0.8681  0.0100  0.0320  0.0090  0.0270  0.0200  0.0040  0.0300  
 19       19  (13)      2 :  0.7680  0.0920  0.0060  0.0630  0.0050  0.0120  0.0090  0.0450  
 20       20  (10)      2 :  0.9540  0.0030  0.0040  0.0020  0.0310  0.0020  0.0030  0.0010  
 21       21  (30)      2 :  0.9520  0.0040  0.0100  0.0030  0.0050  0.0180  0.0040  0.0040  
 22       22  (12)      2 :  0.8800  0.0120  0.0570  0.0030  0.0140  0.0040  0.0230  0.0070  
 23       23  (11)      2 :  0.8790  0.0020  0.0680  0.0160  0.0020  0.0120  0.0040  0.0170  
 24       24  (16)      2 :  0.8640  0.0120  0.0130  0.0230  0.0030  0.0250  0.0520  0.0080  
 25       25  (46)      2 :  0.0020  0.0020  0.0010  0.0020  0.0010  0.9900  0.0010  0.0010  
 26       26  (15)      2 :  0.8070  0.0040  0.0450  0.0160  0.0120  0.0120  0.0930  0.0110  
 27       27  (33)      2 :  0.8860  0.0130  0.0060  0.0760  0.0060  0.0060  0.0040  0.0030  
 28       28  (17)      2 :  0.8761  0.0030  0.0040  0.0020  0.0070  0.1029  0.0030  0.0020  
 29       29  (31)      2 :  0.9350  0.0050  0.0040  0.0280  0.0050  0.0060  0.0050  0.0120  
 30       30  (17)      2 :  0.9780  0.0040  0.0030  0.0040  0.0040  0.0030  0.0020  0.0020  
 31       31   (9)      2 :  0.9350  0.0050  0.0040  0.0040  0.0040  0.0050  0.0230  0.0200  
 32       32  (33)      3 :  0.0050  0.0070  0.0080  0.0150  0.0140  0.0030  0.0030  0.9449  
 33       33  (12)      3 :  0.1926  0.0140  0.0070  0.0309  0.0050  0.0020  0.0309  0.7176  
 34       34  (30)      3 :  0.0050  0.0280  0.0110  0.0909  0.0400  0.0140  0.0030  0.8082  
 35       35  (12)      3 :  0.0310  0.0060  0.0170  0.0050  0.0050  0.0050  0.0130  0.9180  
 36       36  (22)      3 :  0.0050  0.0210  0.0390  0.0100  0.0050  0.0030  0.0130  0.9041  
 37       37  (52)      3 :  0.0070  0.0030  0.0030  0.0020  0.0010  0.0010  0.0040  0.9790  
 38       38  (45)      3 :  0.0040  0.0160  0.0130  0.0040  0.0140  0.2490  0.0030  0.6970  
 39       39  (28)      3 :  0.0140  0.0100  0.0800  0.0190  0.0130  0.0060  0.0050  0.8530  
 40       40  (14)      3 :  0.0020  0.0040  0.0741  0.0040  0.0050  0.0190  0.1553  0.7365  
 41       41  (20)      3 :  0.0020  0.0020  0.0020  0.0010  0.0030  0.0050  0.0110  0.9740  
 42       42  (63)      3 :  0.0260  0.0100  0.0110  0.0380  0.0030  0.0140  0.0070  0.8910  
 43       43  (13)      3 :  0.0320  0.0060  0.0030  0.3073  0.0020  0.0030  0.0060  0.6406  
 44       44  (26)      3 :  0.0100  0.0050  0.0020  0.0040  0.0040  0.0030  0.0040  0.9680  
 45       45  (19)      3 :  0.0210  0.0060  0.0290  0.0060  0.1080  0.0960  0.0150  0.7190  
 46       46  (22)      3 :  0.0020  0.0010  0.0010  0.0020  0.0010  0.0010  0.0010  0.9910  
 47       47  (13)      4 :  0.0090  0.0330  0.9049  0.0040  0.0370  0.0040  0.0060  0.0020  
 48       48  (12)      4 :  0.0080  0.0050  0.9540  0.0030  0.0100  0.0020  0.0040  0.0140  
 49       49  (10)      4 :  0.0160  0.0070  0.8098  0.0040  0.0020  0.1151  0.0220  0.0240  
 50       50  (25)      4 :  0.0010  0.0090  0.9430  0.0030  0.0210  0.0180  0.0020  0.0030  
 51       51   (9)      4 :  0.0040  0.0060  0.9550  0.0030  0.0130  0.0010  0.0140  0.0040  
 52       52   (9)      4 :  0.0030  0.0050  0.9780  0.0050  0.0020  0.0020  0.0030  0.0020  
 53       53  (41)      4 :  0.0020  0.0020  0.9890  0.0010  0.0010  0.0010  0.0010  0.0030  
 54       54  (15)      4 :  0.0190  0.0060  0.8660  0.0210  0.0050  0.0100  0.0650  0.0080  
 55       55  (18)      4 :  0.0020  0.0280  0.9150  0.0300  0.0020  0.0020  0.0110  0.0100  
 56       56   (8)      4 :  0.0060  0.0090  0.8310  0.0100  0.0140  0.0480  0.0040  0.0780  
 57       57  (14)      4 :  0.0220  0.0060  0.8551  0.0030  0.0050  0.0330  0.0090  0.0669  
 58       58  (10)      4 :  0.0160  0.0080  0.8681  0.0040  0.0230  0.0070  0.0070  0.0669  
 59       59  (16)      4 :  0.0050  0.0090  0.7470  0.0050  0.0110  0.0140  0.2010  0.0080  
 60       60  (11)      4 :  0.0040  0.0310  0.7003  0.1978  0.0100  0.0020  0.0500  0.0050  
 61       61  (35)      5 :  0.0020  0.0060  0.0040  0.0050  0.9740  0.0030  0.0040  0.0020  
 62       62  (15)      5 :  0.0040  0.0130  0.0220  0.0190  0.8519  0.0350  0.0440  0.0110  
 63       63  (51)      5 :  0.0050  0.0090  0.0090  0.0040  0.9351  0.0030  0.0310  0.0040  
 64       64  (20)      5 :  0.0070  0.0060  0.0040  0.0390  0.9360  0.0050  0.0020  0.0010  
 65       65  (26)      5 :  0.0020  0.0020  0.0020  0.0020  0.9880  0.0010  0.0010  0.0020  
 66       66  (16)      5 :  0.1690  0.0040  0.0220  0.0040  0.7590  0.0040  0.0340  0.0040  
 67       67  (10)      5 :  0.0150  0.0170  0.0080  0.3704  0.5616  0.0160  0.0070  0.0050  
 68       68   (9)      5 :  0.0120  0.0310  0.0160  0.0050  0.8500  0.0650  0.0190  0.0020  
 69       69  (39)      5 :  0.0120  0.0270  0.0200  0.0040  0.7137  0.1672  0.0541  0.0020  
 70       70  (17)      5 :  0.0040  0.0020  0.0020  0.0631  0.9199  0.0050  0.0020  0.0020  
 71       71  (28)      5 :  0.0330  0.0200  0.0070  0.0220  0.8810  0.0170  0.0030  0.0170  
 72       72  (53)      5 :  0.0060  0.0260  0.1160  0.0100  0.7380  0.0420  0.0160  0.0460  
 73       73  (21)      5 :  0.0020  0.0040  0.0030  0.0020  0.9750  0.0020  0.0060  0.0060  
 74       74  (11)      5 :  0.0170  0.0130  0.0090  0.0040  0.9460  0.0020  0.0040  0.0050  
 75       75  (16)      5 :  0.0050  0.0210  0.0430  0.0040  0.8950  0.0230  0.0060  0.0030  
 76       76  (23)      6 :  0.0220  0.6913  0.0759  0.0529  0.0230  0.0689  0.0150  0.0509  
 77       77  (13)      6 :  0.0150  0.6840  0.2110  0.0190  0.0020  0.0030  0.0550  0.0110  
 78       78  (22)      6 :  0.0030  0.9810  0.0020  0.0030  0.0030  0.0010  0.0040  0.0030  
 79       79  (16)      6 :  0.0140  0.9660  0.0050  0.0010  0.0010  0.0020  0.0020  0.0090  
 80       80  (20)      6 :  0.0080  0.9211  0.0060  0.0040  0.0200  0.0140  0.0220  0.0050  
 81       81  (10)      6 :  0.0100  0.9020  0.0360  0.0150  0.0060  0.0220  0.0060  0.0030  
 82       82  (28)      6 :  0.0060  0.9480  0.0040  0.0180  0.0150  0.0010  0.0040  0.0040  
 83       83  (15)      6 :  0.1798  0.7862  0.0200  0.0030  0.0020  0.0030  0.0020  0.0040  
 84       84  (19)      6 :  0.0110  0.9410  0.0060  0.0040  0.0160  0.0130  0.0040  0.0050  
 85       85  (10)      6 :  0.0050  0.9630  0.0100  0.0050  0.0040  0.0030  0.0060  0.0040  
 86       86  (26)      6 :  0.0020  0.9461  0.0050  0.0040  0.0200  0.0040  0.0040  0.0150  
 87       87  (47)      6 :  0.0040  0.9379  0.0110  0.0040  0.0020  0.0030  0.0250  0.0130  
 88       88  (26)      6 :  0.0160  0.9301  0.0080  0.0080  0.0050  0.0050  0.0250  0.0030  
 89       89  (13)      6 :  0.0040  0.9181  0.0140  0.0280  0.0120  0.0070  0.0150  0.0020  
 90       90  (26)      6 :  0.0030  0.7570  0.0040  0.0990  0.0200  0.0220  0.0100  0.0850  
 91       91  (19)      6 :  0.0070  0.8438  0.0020  0.0030  0.1011  0.0130  0.0030  0.0270  
 92       92  (11)      7 :  0.0060  0.0050  0.0020  0.9550  0.0010  0.0210  0.0030  0.0070  
 93       93  (20)      7 :  0.0040  0.0050  0.0040  0.9560  0.0080  0.0030  0.0040  0.0160  
 94       94  (29)      7 :  0.0130  0.0020  0.0020  0.9660  0.0030  0.0020  0.0100  0.0020  
 95       95   (7)      7 :  0.0020  0.0090  0.0040  0.9710  0.0020  0.0030  0.0050  0.0040  
 96       96  (41)      7 :  0.0020  0.0040  0.0040  0.9780  0.0030  0.0040  0.0020  0.0030  
 97       97  (25)      7 :  0.0040  0.3540  0.0330  0.5810  0.0080  0.0020  0.0040  0.0140  
 98       98  (13)      7 :  0.0050  0.0040  0.0599  0.9081  0.0030  0.0070  0.0110  0.0020  
 99       99  (21)      7 :  0.0030  0.0020  0.0050  0.9690  0.0060  0.0090  0.0020  0.0040  
100      100  (16)      7 :  0.0040  0.0150  0.0070  0.9020  0.0050  0.0080  0.0480  0.0110  
101      101  (62)      7 :  0.0040  0.0190  0.0050  0.9139  0.0040  0.0020  0.0080  0.0440  
102      102  (15)      7 :  0.0190  0.0050  0.0050  0.9310  0.0110  0.0010  0.0250  0.0030  
103      103  (18)      7 :  0.0070  0.0100  0.0960  0.8050  0.0630  0.0040  0.0070  0.0080  
104      104  (21)      7 :  0.0050  0.0070  0.0040  0.9630  0.0060  0.0060  0.0030  0.0060  
105      105  (18)      7 :  0.0100  0.0060  0.0060  0.8779  0.0060  0.0020  0.0310  0.0611  
