  1        1  (18)      1 :  0.0060  0.0050  0.0070  0.0040  0.0020  0.0100  0.9640  0.0020  
  2        2   (9)      1 :  0.0030  0.0070  0.0100  0.0060  0.0020  0.0150  0.9530  0.0040  
  3        3  (20)      1 :  0.0100  0.0060  0.0030  0.0030  0.0080  0.0050  0.9590  0.0060  
  4        4  (12)      1 :  0.0030  0.0030  0.0030  0.0190  0.0190  0.0010  0.9510  0.0010  
  5        5  (74)      1 :  0.0040  0.0080  0.0070  0.0060  0.0070  0.0120  0.9430  0.0130  
  6        6  (23)      1 :  0.0080  0.0110  0.0998  0.0120  0.0050  0.0050  0.8473  0.0120  
  7        7  (22)      1 :  0.0070  0.0120  0.0020  0.0030  0.0010  0.0040  0.9670  0.0040  
  8        8  (33)      1 :  0.0030  0.0030  0.2088  0.0040  0.0020  0.0020  0.7752  0.0020  
  9        9  (24)      1 :  0.0370  0.0110  0.0050  0.0280  0.0170  0.0470  0.8460  0.0090  
 10       10  (31)      1 :  0.0060  0.0130  0.0080  0.0020  0.0070  0.0110  0.9240  0.0290  
 11       11  (28)      1 :  0.0100  0.0170  0.0080  0.0782  0.0140  0.0110  0.8527  0.0090  
 12       12  (24)      1 :  0.0210  0.0070  0.0050  0.1728  0.0080  0.0030  0.7802  0.0030  
 13       13  (10)      1 :  0.0050  0.0180  0.0220  0.0070  0.0030  0.0480  0.8839  0.0130  
 14       14  (53)      1 :  0.0120  0.0310  0.0080  0.0280  0.0060  0.0150  0.8310  0.0690  
 15       15  (16)      1 :  0.0010  0.0030  0.0010  0.0010  0.0020  0.0030  0.9540  0.0350  
 16       16  (15)      2 :  0.8501  0.1209  0.0020  0.0020  0.0140  0.0050  0.0020  0.0040  
 17       17  (14)      2 :  0.9201  0.0190  0.0060  0.0020  0.0090  0.0040  0.0060  0.0340  
 18       18  (12)      2 :  0.9160  0.0180  0.0090  0.0070  0.0140  0.0120  0.0030  0.0210  
 19       19  (13)      2 :  0.8020  0.1310  0.0050  0.0140  0.0060  0.0080  0.0130  0.0210  
 20       20  (10)      2 :  0.9520  0.0030  0.0030  0.0020  0.0320  0.0030  0.0030  0.0020  
 21       21  (30)      2 :  0.9390  0.0080  0.0310  0.0020  0.0050  0.0080  0.0030  0.0040  
 22       22  (12)      2 :  0.7107  0.0661  0.0410  0.0030  0.1211  0.0300  0.0190  0.0090  
 23       23  (11)      2 :  0.9371  0.0020  0.0130  0.0080  0.0020  0.0220  0.0040  0.0120  
 24       24  (16)      2 :  0.6627  0.0040  0.0841  0.0901  0.0040  0.0711  0.0380  0.0460  
 25       25  (46)      2 :  0.6230  0.0340  0.2660  0.0350  0.0060  0.0020  0.0030  0.0310  
 26       26  (15)      2 :  0.7497  0.0080  0.0330  0.0310  0.0430  0.0571  0.0741  0.0040  
 27       27  (33)      2 :  0.9069  0.0050  0.0080  0.0661  0.0040  0.0030  0.0040  0.0030  
 28       28  (17)      2 :  0.9660  0.0030  0.0120  0.0020  0.0050  0.0030  0.0040  0.0050  
 29       29  (31)      2 :  0.9321  0.0050  0.0040  0.0390  0.0040  0.0070  0.0030  0.0060  
 30       30  (17)      2 :  0.9780  0.0030  0.0030  0.0040  0.0020  0.0020  0.0050  0.0030  
 31       31   (9)      2 :  0.9500  0.0110  0.0020  0.0070  0.0030  0.0050  0.0110  0.0110  
 32       32  (33)      3 :  0.0130  0.0080  0.0170  0.0280  0.0290  0.0040  0.0040  0.8969  
 33       33  (12)      3 :  0.2358  0.0100  0.0080  0.0120  0.0100  0.0070  0.0460  0.6713  
 34       34  (30)      3 :  0.0050  0.0100  0.0180  0.0890  0.0100  0.0130  0.0030  0.8520  
 35       35  (12)      3 :  0.0120  0.0130  0.0470  0.0050  0.0050  0.0100  0.0110  0.8970  
 36       36  (22)      3 :  0.0060  0.0190  0.0060  0.0050  0.0040  0.0190  0.0150  0.9259  
 37       37  (52)      3 :  0.0040  0.0020  0.0010  0.0020  0.0010  0.0030  0.0040  0.9830  
 38       38  (45)      3 :  0.0040  0.0661  0.0400  0.0130  0.0661  0.0150  0.0040  0.7918  
 39       39  (28)      3 :  0.0210  0.0100  0.0070  0.0419  0.0210  0.1347  0.0060  0.7585  
 40       40  (14)      3 :  0.0030  0.0100  0.0270  0.0020  0.0130  0.1130  0.1030  0.7290  
 41       41  (20)      3 :  0.0040  0.0030  0.0010  0.0010  0.0030  0.0020  0.0060  0.9800  
 42       42  (63)      3 :  0.1928  0.0140  0.0450  0.0320  0.0050  0.0130  0.0080  0.6903  
 43       43  (13)      3 :  0.0170  0.0030  0.0010  0.2610  0.0020  0.0060  0.0050  0.7050  
 44       44  (26)      3 :  0.0090  0.0110  0.0130  0.0020  0.0130  0.0070  0.0080  0.9369  
 45       45  (19)      3 :  0.0090  0.0070  0.0330  0.0050  0.0260  0.0070  0.0110  0.9020  
 46       46  (22)      3 :  0.0020  0.0020  0.0030  0.0030  0.0010  0.0040  0.0010  0.9840  
 47       47  (13)      4 :  0.0090  0.0651  0.7127  0.0040  0.0320  0.1672  0.0070  0.0030  
 48       48  (12)      4 :  0.0060  0.0050  0.0210  0.0050  0.0110  0.9310  0.0040  0.0170  
 49       49  (10)      4 :  0.2610  0.0080  0.3950  0.0030  0.0040  0.2930  0.0240  0.0120  
 50       50  (25)      4 :  0.0010  0.0110  0.9480  0.0030  0.0240  0.0090  0.0020  0.0020  
 51       51   (9)      4 :  0.0050  0.0130  0.3440  0.0030  0.0100  0.6140  0.0070  0.0040  
 52       52   (9)      4 :  0.0040  0.0070  0.0060  0.0050  0.0020  0.9710  0.0030  0.0020  
 53       53  (41)      4 :  0.0020  0.0030  0.6613  0.0010  0.0020  0.3247  0.0020  0.0040  
 54       54  (15)      4 :  0.0160  0.0090  0.2180  0.0150  0.0040  0.6940  0.0310  0.0130  
 55       55  (18)      4 :  0.0020  0.0100  0.0050  0.0110  0.0030  0.9520  0.0040  0.0130  
 56       56   (8)      4 :  0.0070  0.0170  0.8861  0.0140  0.0150  0.0070  0.0040  0.0500  
 57       57  (14)      4 :  0.0130  0.0020  0.9640  0.0040  0.0030  0.0030  0.0040  0.0070  
 58       58  (10)      4 :  0.0240  0.0300  0.0080  0.0040  0.0210  0.7652  0.0240  0.1239  
 59       59  (16)      4 :  0.0040  0.0120  0.6296  0.0100  0.0270  0.1101  0.2002  0.0070  
 60       60  (11)      4 :  0.0050  0.0220  0.1439  0.1718  0.0050  0.4725  0.1738  0.0060  
 61       61  (35)      5 :  0.0020  0.0040  0.0050  0.0070  0.9730  0.0020  0.0040  0.0030  
 62       62  (15)      5 :  0.0090  0.0150  0.0731  0.0170  0.7738  0.0180  0.0891  0.0050  
 63       63  (51)      5 :  0.0070  0.0160  0.0150  0.0120  0.8740  0.0060  0.0650  0.0050  
 64       64  (20)      5 :  0.0320  0.0090  0.0090  0.0450  0.8709  0.0300  0.0020  0.0020  
 65       65  (26)      5 :  0.0020  0.0030  0.0020  0.0020  0.9850  0.0020  0.0010  0.0030  
 66       66  (16)      5 :  0.1190  0.0200  0.0040  0.0040  0.8160  0.0270  0.0070  0.0030  
 67       67  (10)      5 :  0.0600  0.0390  0.0180  0.2150  0.6300  0.0040  0.0230  0.0110  
 68       68   (9)      5 :  0.0370  0.0110  0.0140  0.0030  0.8971  0.0040  0.0290  0.0050  
 69       69  (39)      5 :  0.0120  0.0230  0.0771  0.0070  0.8258  0.0070  0.0450  0.0030  
 70       70  (17)      5 :  0.0040  0.0030  0.0020  0.0780  0.9020  0.0030  0.0040  0.0040  
 71       71  (28)      5 :  0.0581  0.0100  0.0090  0.0100  0.8909  0.0070  0.0020  0.0130  
 72       72  (53)      5 :  0.0120  0.0680  0.0320  0.0100  0.7030  0.0270  0.0140  0.1340  
 73       73  (21)      5 :  0.0010  0.0030  0.0090  0.0010  0.9750  0.0030  0.0040  0.0040  
 74       74  (11)      5 :  0.0060  0.0050  0.0030  0.0020  0.9770  0.0030  0.0020  0.0020  
 75       75  (16)      5 :  0.0040  0.0110  0.1331  0.0020  0.8128  0.0210  0.0040  0.0120  
 76       76  (23)      6 :  0.0100  0.7540  0.0900  0.0220  0.0410  0.0090  0.0300  0.0440  
 77       77  (13)      6 :  0.0130  0.6670  0.0500  0.0230  0.0030  0.2070  0.0300  0.0070  
 78       78  (22)      6 :  0.0040  0.9730  0.0030  0.0040  0.0040  0.0020  0.0050  0.0050  
 79       79  (16)      6 :  0.0190  0.9530  0.0070  0.0020  0.0020  0.0070  0.0030  0.0070  
 80       80  (20)      6 :  0.0120  0.9430  0.0060  0.0040  0.0130  0.0030  0.0160  0.0030  
 81       81  (10)      6 :  0.0240  0.7900  0.0230  0.0320  0.0180  0.1030  0.0070  0.0030  
 82       82  (28)      6 :  0.0050  0.9439  0.0030  0.0220  0.0070  0.0110  0.0050  0.0030  
 83       83  (15)      6 :  0.0570  0.9140  0.0060  0.0080  0.0020  0.0080  0.0020  0.0030  
 84       84  (19)      6 :  0.0250  0.9310  0.0060  0.0070  0.0170  0.0040  0.0050  0.0050  
 85       85  (10)      6 :  0.0060  0.9499  0.0080  0.0020  0.0050  0.0140  0.0100  0.0050  
 86       86  (26)      6 :  0.0030  0.9309  0.0210  0.0030  0.0090  0.0050  0.0040  0.0240  
 87       87  (47)      6 :  0.0040  0.9269  0.0050  0.0040  0.0030  0.0140  0.0220  0.0210  
 88       88  (26)      6 :  0.0370  0.9111  0.0080  0.0130  0.0070  0.0070  0.0130  0.0040  
 89       89  (13)      6 :  0.0020  0.9130  0.0150  0.0070  0.0100  0.0170  0.0330  0.0030  
 90       90  (26)      6 :  0.0020  0.7307  0.0090  0.0501  0.0260  0.0040  0.0110  0.1672  
 91       91  (19)      6 :  0.0060  0.9090  0.0050  0.0030  0.0480  0.0030  0.0030  0.0230  
 92       92  (11)      7 :  0.0050  0.0070  0.0030  0.9690  0.0020  0.0020  0.0040  0.0080  
 93       93  (20)      7 :  0.0050  0.0100  0.0120  0.9510  0.0050  0.0020  0.0060  0.0090  
 94       94  (29)      7 :  0.0130  0.0020  0.0020  0.9600  0.0040  0.0020  0.0150  0.0020  
 95       95   (7)      7 :  0.0020  0.0130  0.0040  0.9680  0.0030  0.0040  0.0030  0.0030  
 96       96  (41)      7 :  0.0020  0.0040  0.0030  0.9740  0.0050  0.0050  0.0030  0.0040  
 97       97  (25)      7 :  0.0050  0.4555  0.0030  0.5035  0.0040  0.0180  0.0060  0.0050  
 98       98  (13)      7 :  0.0040  0.0030  0.0090  0.8540  0.0040  0.0720  0.0520  0.0020  
 99       99  (21)      7 :  0.0020  0.0030  0.0110  0.9680  0.0050  0.0050  0.0020  0.0040  
100      100  (16)      7 :  0.0100  0.0080  0.0020  0.9419  0.0030  0.0100  0.0200  0.0050  
101      101  (62)      7 :  0.0060  0.0500  0.0090  0.8720  0.0030  0.0280  0.0040  0.0280  
102      102  (15)      7 :  0.0100  0.0100  0.0270  0.8661  0.0380  0.0160  0.0260  0.0070  
103      103  (18)      7 :  0.0070  0.0060  0.0130  0.6807  0.0220  0.2613  0.0040  0.0060  
104      104  (21)      7 :  0.0070  0.0100  0.0080  0.9400  0.0100  0.0040  0.0080  0.0130  
105      105  (18)      7 :  0.0090  0.0070  0.0050  0.8160  0.0050  0.0150  0.0780  0.0650  
