  1        1  (18)      1 :  0.0100  0.0200  0.9700  
  2        2   (9)      1 :  0.0060  0.0120  0.9820  
  3        3  (20)      1 :  0.0170  0.0530  0.9300  
  4        4  (12)      1 :  0.0040  0.0060  0.9900  
  5        5  (74)      1 :  0.0220  0.0890  0.8890  
  6        6  (23)      1 :  0.0170  0.0120  0.9710  
  7        7  (22)      1 :  0.0150  0.0060  0.9790  
  8        8  (33)      1 :  0.0050  0.0110  0.9840  
  9        9  (24)      1 :  0.0500  0.0210  0.9290  
 10       10  (31)      1 :  0.0580  0.0420  0.9000  
 11       11  (28)      1 :  0.0900  0.1130  0.7970  
 12       12  (24)      1 :  0.0110  0.0070  0.9820  
 13       13  (10)      1 :  0.0180  0.0560  0.9260  
 14       14  (53)      1 :  0.0280  0.0220  0.9500  
 15       15  (16)      1 :  0.0150  0.0120  0.9730  
 16       16  (15)      2 :  0.9190  0.0710  0.0100  
 17       17  (14)      2 :  0.9780  0.0170  0.0050  
 18       18  (12)      2 :  0.9730  0.0190  0.0080  
 19       19  (13)      2 :  0.9550  0.0210  0.0240  
 20       20  (10)      2 :  0.8240  0.1620  0.0140  
 21       21  (30)      2 :  0.9790  0.0130  0.0080  
 22       22  (12)      2 :  0.9070  0.0660  0.0270  
 23       23  (11)      2 :  0.9830  0.0080  0.0090  
 24       24  (16)      2 :  0.6454  0.0200  0.3347  
 25       25  (46)      2 :  0.9030  0.0590  0.0380  
 26       26  (15)      2 :  0.7010  0.0230  0.2760  
 27       27  (33)      2 :  0.4520  0.0160  0.5320  
 28       28  (17)      2 :  0.9700  0.0230  0.0070  
 29       29  (31)      2 :  0.9680  0.0130  0.0190  
 30       30  (17)      2 :  0.9720  0.0120  0.0160  
 31       31   (9)      2 :  0.9870  0.0050  0.0080  
 32       32  (33)      3 :  0.9510  0.0240  0.0250  
 33       33  (12)      3 :  0.9440  0.0260  0.0300  
 34       34  (30)      3 :  0.8621  0.0929  0.0450  
 35       35  (12)      3 :  0.9740  0.0130  0.0130  
 36       36  (22)      3 :  0.9220  0.0480  0.0300  
 37       37  (52)      3 :  0.9830  0.0050  0.0120  
 38       38  (45)      3 :  0.8250  0.1410  0.0340  
 39       39  (28)      3 :  0.9580  0.0290  0.0130  
 40       40  (14)      3 :  0.8310  0.0290  0.1400  
 41       41  (20)      3 :  0.9850  0.0080  0.0070  
 42       42  (63)      3 :  0.9790  0.0100  0.0110  
 43       43  (13)      3 :  0.9600  0.0050  0.0350  
 44       44  (26)      3 :  0.9660  0.0250  0.0090  
 45       45  (19)      3 :  0.9710  0.0220  0.0070  
 46       46  (22)      3 :  0.9910  0.0050  0.0040  
 47       47  (13)      4 :  0.0070  0.9780  0.0150  
 48       48  (12)      4 :  0.0340  0.9580  0.0080  
 49       49  (10)      4 :  0.5245  0.4304  0.0450  
 50       50  (25)      4 :  0.0050  0.9900  0.0050  
 51       51   (9)      4 :  0.0120  0.9670  0.0210  
 52       52   (9)      4 :  0.0110  0.9530  0.0360  
 53       53  (41)      4 :  0.0070  0.9890  0.0040  
 54       54  (15)      4 :  0.0440  0.6970  0.2590  
 55       55  (18)      4 :  0.0160  0.9231  0.0609  
 56       56   (8)      4 :  0.0949  0.8851  0.0200  
 57       57  (14)      4 :  0.4446  0.4156  0.1399  
 58       58  (10)      4 :  0.2190  0.7520  0.0290  
 59       59  (16)      4 :  0.0080  0.9200  0.0720  
 60       60  (11)      4 :  0.0100  0.7170  0.2730  
 61       61  (35)      5 :  0.0050  0.9880  0.0070  
 62       62  (15)      5 :  0.0090  0.9540  0.0370  
 63       63  (51)      5 :  0.0090  0.9160  0.0750  
 64       64  (20)      5 :  0.0090  0.9830  0.0080  
 65       65  (26)      5 :  0.0050  0.9920  0.0030  
 66       66  (16)      5 :  0.0660  0.9160  0.0180  
 67       67  (10)      5 :  0.0590  0.7160  0.2250  
 68       68   (9)      5 :  0.0300  0.9580  0.0120  
 69       69  (39)      5 :  0.0090  0.9640  0.0270  
 70       70  (17)      5 :  0.0070  0.9590  0.0340  
 71       71  (28)      5 :  0.0460  0.9459  0.0080  
 72       72  (53)      5 :  0.0340  0.9460  0.0200  
 73       73  (21)      5 :  0.0130  0.9780  0.0090  
 74       74  (11)      5 :  0.0100  0.9840  0.0060  
 75       75  (16)      5 :  0.0060  0.9870  0.0070  
 76       76  (23)      6 :  0.1059  0.8432  0.0509  
 77       77  (13)      6 :  0.3370  0.6140  0.0490  
 78       78  (22)      6 :  0.0160  0.9630  0.0210  
 79       79  (16)      6 :  0.5150  0.4790  0.0060  
 80       80  (20)      6 :  0.0660  0.9040  0.0300  
 81       81  (10)      6 :  0.0100  0.9660  0.0240  
 82       82  (28)      6 :  0.0150  0.9420  0.0430  
 83       83  (15)      6 :  0.4364  0.5556  0.0080  
 84       84  (19)      6 :  0.2380  0.7500  0.0120  
 85       85  (10)      6 :  0.1341  0.8438  0.0220  
 86       86  (26)      6 :  0.0140  0.9730  0.0130  
 87       87  (47)      6 :  0.0560  0.7870  0.1570  
 88       88  (26)      6 :  0.0140  0.8850  0.1010  
 89       89  (13)      6 :  0.0100  0.9321  0.0579  
 90       90  (26)      6 :  0.0450  0.7770  0.1780  
 91       91  (19)      6 :  0.4930  0.4980  0.0090  
 92       92  (11)      7 :  0.0530  0.0080  0.9390  
 93       93  (20)      7 :  0.0560  0.0100  0.9340  
 94       94  (29)      7 :  0.0070  0.0030  0.9900  
 95       95   (7)      7 :  0.0130  0.0580  0.9290  
 96       96  (41)      7 :  0.0110  0.0200  0.9690  
 97       97  (25)      7 :  0.1120  0.3130  0.5750  
 98       98  (13)      7 :  0.0060  0.0350  0.9590  
 99       99  (21)      7 :  0.0080  0.0150  0.9770  
100      100  (16)      7 :  0.0350  0.0140  0.9510  
101      101  (62)      7 :  0.0410  0.0360  0.9230  
102      102  (15)      7 :  0.0100  0.1131  0.8769  
103      103  (18)      7 :  0.0160  0.0700  0.9140  
104      104  (21)      7 :  0.0100  0.0310  0.9590  
105      105  (18)      7 :  0.0210  0.0230  0.9560  
