 1        1   (8)      1 :  0.0010  0.0060  0.9890  0.0020  0.0020  
 2        2   (9)      1 :  0.0040  0.0290  0.3840  0.0510  0.5320  
 3        3   (9)      1 :  0.0030  0.2873  0.0981  0.0010  0.6106  
 4        4  (18)      1 :  0.0020  0.1840  0.3630  0.0200  0.4310  
 5        5  (22)      1 :  0.0010  0.0020  0.0020  0.0010  0.9940  
 6        6   (9)      1 :  0.0270  0.3874  0.2112  0.3443  0.0300  
 7        7  (13)      1 :  0.0020  0.1059  0.6793  0.0060  0.2068  
 8        8  (14)      1 :  0.0020  0.0090  0.2700  0.1920  0.5270  
 9        9   (5)      1 :  0.0010  0.1099  0.3157  0.1209  0.4525  
10       10  (10)      1 :  0.0020  0.0030  0.2727  0.0480  0.6743  
11       11  (21)      1 :  0.0070  0.4400  0.1670  0.2770  0.1090  
12       12   (7)      1 :  0.0380  0.3133  0.0821  0.3303  0.2362  
13       13  (26)      1 :  0.0010  0.0050  0.0060  0.0020  0.9860  
14       14   (8)      2 :  0.0010  0.1710  0.0060  0.8070  0.0150  
15       15   (7)      2 :  0.0020  0.2142  0.0811  0.6967  0.0060  
16       16   (7)      2 :  0.0010  0.9840  0.0040  0.0090  0.0020  
17       17   (7)      2 :  0.0330  0.4870  0.0140  0.3380  0.1280  
18       18  (13)      2 :  0.0020  0.4520  0.1560  0.3820  0.0080  
19       19  (15)      2 :  0.0100  0.9080  0.0040  0.0440  0.0340  
20       20   (6)      2 :  0.0030  0.4905  0.0180  0.4865  0.0020  
21       21   (5)      2 :  0.0020  0.7140  0.0010  0.2810  0.0020  
22       22   (8)      2 :  0.0050  0.4575  0.0180  0.4464  0.0731  
23       23   (5)      2 :  0.0010  0.7467  0.0050  0.2362  0.0110  
24       24  (12)      2 :  0.0010  0.7812  0.0020  0.2128  0.0030  
25       25  (10)      2 :  0.0030  0.0300  0.0030  0.9311  0.0330  
26       26  (10)      2 :  0.0010  0.2943  0.0010  0.7027  0.0010  
27       27  (49)      2 :  0.0030  0.2843  0.0030  0.6376  0.0721  
28       28  (20)      2 :  0.0010  0.9730  0.0020  0.0060  0.0180  
29       29   (9)      3 :  0.0010  0.0220  0.9730  0.0020  0.0020  
30       30   (8)      3 :  0.0010  0.0010  0.9910  0.0010  0.0060  
31       31  (19)      3 :  0.0010  0.0410  0.6990  0.0480  0.2110  
32       32  (13)      3 :  0.0390  0.2420  0.5460  0.0450  0.1280  
33       33   (6)      3 :  0.0280  0.0010  0.3570  0.0160  0.5980  
34       34  (10)      3 :  0.0030  0.1780  0.6390  0.0120  0.1680  
35       35   (4)      3 :  0.0030  0.3110  0.1820  0.0250  0.4790  
36       36  (17)      3 :  0.0210  0.0070  0.4040  0.0030  0.5650  
37       37   (8)      3 :  0.0080  0.0320  0.1522  0.1281  0.6797  
38       38   (9)      3 :  0.0030  0.1481  0.5836  0.0050  0.2603  
39       39  (15)      3 :  0.0761  0.0711  0.7508  0.0360  0.0661  
40       40  (15)      3 :  0.1600  0.0030  0.7080  0.0020  0.1270  
41       41   (5)      4 :  0.0020  0.0060  0.0020  0.9510  0.0390  
42       42   (8)      4 :  0.0030  0.4950  0.0050  0.4940  0.0030  
43       43  (16)      4 :  0.0010  0.9910  0.0020  0.0040  0.0020  
44       44  (33)      4 :  0.0070  0.4396  0.1099  0.4246  0.0190  
45       45  (17)      4 :  0.0050  0.4226  0.0020  0.5514  0.0190  
46       46  (14)      4 :  0.0030  0.6697  0.1181  0.0961  0.1131  
47       47   (5)      4 :  0.0030  0.0920  0.0030  0.8990  0.0030  
48       48  (24)      4 :  0.0080  0.6124  0.0040  0.3676  0.0080  
49       49  (32)      4 :  0.0020  0.5914  0.0040  0.3946  0.0080  
50       50  (24)      4 :  0.0020  0.3227  0.0120  0.6593  0.0040  
51       51  (17)      4 :  0.0060  0.5736  0.0100  0.4014  0.0090  
52       52   (5)      4 :  0.0010  0.4545  0.0020  0.3824  0.1602  
53       53  (11)      4 :  0.0340  0.4280  0.0020  0.5240  0.0120  
54       54   (9)      4 :  0.0100  0.3453  0.0621  0.4725  0.1101  
55       55  (27)      5 :  0.1760  0.4860  0.0180  0.1760  0.1440  
56       56  (15)      5 :  0.0020  0.0070  0.4056  0.2498  0.3357  
57       57  (15)      5 :  0.0070  0.0270  0.0190  0.0130  0.9341  
58       58   (5)      5 :  0.0020  0.0010  0.5430  0.0010  0.4530  
59       59   (7)      5 :  0.0010  0.3720  0.0160  0.0070  0.6040  
60       60   (9)      5 :  0.0370  0.2510  0.6960  0.0080  0.0080  
61       61  (17)      5 :  0.0030  0.2963  0.1622  0.0751  0.4635  
62       62  (10)      5 :  0.0090  0.2248  0.5475  0.0100  0.2088  
63       63  (12)      5 :  0.1770  0.2040  0.0150  0.0430  0.5610  
64       64  (16)      5 :  0.0930  0.2710  0.4410  0.1110  0.0840  
65       65  (17)      5 :  0.0130  0.3407  0.0140  0.0639  0.5684  
66       66  (15)      5 :  0.0519  0.2178  0.4615  0.0410  0.2278  
67       67  (12)      5 :  0.1320  0.3230  0.1060  0.0040  0.4350  
68       68   (8)      5 :  0.0010  0.5470  0.4430  0.0040  0.0050  
69       69  (13)      5 :  0.1230  0.2090  0.2510  0.0420  0.3750  
70       70   (8)      5 :  0.0050  0.0450  0.0260  0.2052  0.7187  
71       71  (19)      6 :  0.0020  0.2890  0.0030  0.6900  0.0160  
72       72   (6)      6 :  0.0010  0.1592  0.0010  0.8368  0.0020  
73       73  (40)      6 :  0.0020  0.0950  0.0040  0.8320  0.0670  
74       74  (25)      6 :  0.0010  0.2740  0.0020  0.7200  0.0030  
75       75  (15)      6 :  0.0050  0.0080  0.0060  0.9670  0.0140  
76       76  (36)      6 :  0.0170  0.2773  0.0751  0.5786  0.0521  
77       77   (8)      6 :  0.0659  0.0150  0.0040  0.8911  0.0240  
78       78   (9)      6 :  0.0020  0.0641  0.0030  0.9289  0.0020  
79       79   (8)      6 :  0.0130  0.4210  0.0050  0.5560  0.0050  
80       80   (8)      6 :  0.0060  0.3716  0.1099  0.4655  0.0470  
81       81   (8)      6 :  0.1480  0.2730  0.0020  0.5420  0.0350  
82       82   (9)      6 :  0.0050  0.1740  0.0020  0.8150  0.0040  
83       83   (9)      5 :  0.1100  0.3290  0.1940  0.0050  0.3620  
84       84  (29)      7 :  0.5050  0.0880  0.1240  0.0040  0.2790  
85       85   (8)      7 :  0.6140  0.0320  0.0240  0.0630  0.2670  
86       86  (10)      7 :  0.8711  0.0549  0.0340  0.0130  0.0270  
87       87   (8)      7 :  0.6400  0.2500  0.0920  0.0030  0.0150  
88       88  (10)      7 :  0.8150  0.0970  0.0040  0.0240  0.0600  
89       89  (25)      7 :  0.1490  0.4140  0.0060  0.0050  0.4260  
90       90  (11)      7 :  0.7650  0.0040  0.0030  0.0030  0.2250  
91       91  (18)      7 :  0.7080  0.0130  0.2640  0.0100  0.0050  
92       92  (13)      7 :  0.6240  0.0190  0.0030  0.0020  0.3520  
93       93  (10)      7 :  0.9600  0.0070  0.0060  0.0200  0.0070  
94       94  (11)      7 :  0.0080  0.2930  0.1590  0.0030  0.5370  
95       95   (7)      7 :  0.8330  0.1240  0.0090  0.0020  0.0320  
96       96  (22)      7 :  0.9920  0.0010  0.0030  0.0020  0.0020  
97       97   (5)      7 :  0.4416  0.0130  0.0420  0.0170  0.4865  
