 1        1   (8)      1 :  0.0010  0.0020  0.9930  0.0020  0.0020  
 2        2   (9)      1 :  0.0030  0.0030  0.4060  0.0950  0.4930  
 3        3   (9)      1 :  0.0030  0.6116  0.2813  0.0070  0.0971  
 4        4  (18)      1 :  0.0020  0.2260  0.3750  0.1020  0.2950  
 5        5  (22)      1 :  0.0010  0.0020  0.0020  0.0010  0.9940  
 6        6   (9)      1 :  0.0230  0.1948  0.1658  0.5714  0.0450  
 7        7  (13)      1 :  0.0020  0.0040  0.6464  0.0170  0.3307  
 8        8  (14)      1 :  0.0010  0.0070  0.2870  0.2000  0.5050  
 9        9   (5)      1 :  0.0010  0.5425  0.2883  0.1291  0.0390  
10       10  (10)      1 :  0.0020  0.1880  0.2730  0.0050  0.5320  
11       11  (21)      1 :  0.0130  0.2352  0.1461  0.5075  0.0981  
12       12   (7)      1 :  0.0739  0.2837  0.1109  0.4046  0.1269  
13       13  (26)      1 :  0.0010  0.0030  0.0080  0.0020  0.9860  
14       14   (8)      2 :  0.0010  0.0979  0.0040  0.8941  0.0030  
15       15   (7)      2 :  0.0020  0.2550  0.0070  0.7340  0.0020  
16       16   (7)      2 :  0.0010  0.0370  0.0400  0.9169  0.0050  
17       17   (7)      2 :  0.0050  0.3063  0.0130  0.6406  0.0350  
18       18  (13)      2 :  0.0010  0.2028  0.1798  0.6144  0.0020  
19       19  (15)      2 :  0.0030  0.1450  0.0040  0.6550  0.1930  
20       20   (6)      2 :  0.0020  0.2080  0.0200  0.7690  0.0010  
21       21   (5)      2 :  0.0020  0.2060  0.0020  0.7890  0.0010  
22       22   (8)      2 :  0.0030  0.4430  0.0030  0.5440  0.0070  
23       23   (5)      2 :  0.0010  0.2520  0.0030  0.7330  0.0110  
24       24  (12)      2 :  0.0010  0.2160  0.0020  0.7780  0.0030  
25       25  (10)      2 :  0.0160  0.0060  0.0030  0.9510  0.0240  
26       26  (10)      2 :  0.0010  0.0010  0.0020  0.9940  0.0020  
27       27  (49)      2 :  0.0060  0.0710  0.0040  0.8200  0.0990  
28       28  (20)      2 :  0.0010  0.3187  0.0040  0.6444  0.0320  
29       29   (9)      3 :  0.0010  0.0070  0.9870  0.0020  0.0030  
30       30   (8)      3 :  0.0010  0.0020  0.9910  0.0010  0.0050  
31       31  (19)      3 :  0.0010  0.0090  0.6627  0.0210  0.3063  
32       32  (13)      3 :  0.0110  0.1650  0.5450  0.2440  0.0350  
33       33   (6)      3 :  0.0370  0.0050  0.4030  0.0020  0.5530  
34       34  (10)      3 :  0.0030  0.0581  0.6507  0.1041  0.1842  
35       35   (4)      3 :  0.0020  0.5475  0.1682  0.0310  0.2513  
36       36  (17)      3 :  0.0050  0.3500  0.3880  0.0020  0.2550  
37       37   (8)      3 :  0.0100  0.3460  0.1140  0.1210  0.4090  
38       38   (9)      3 :  0.0030  0.2450  0.6120  0.0120  0.1280  
39       39  (15)      3 :  0.0679  0.0989  0.7293  0.0480  0.0559  
40       40  (15)      3 :  0.1670  0.0440  0.7350  0.0020  0.0520  
41       41   (5)      4 :  0.0010  0.0030  0.0010  0.8960  0.0990  
42       42   (8)      4 :  0.0040  0.1161  0.0040  0.8739  0.0020  
43       43  (16)      4 :  0.0040  0.1788  0.0180  0.7952  0.0040  
44       44  (33)      4 :  0.0050  0.0030  0.0340  0.7680  0.1900  
45       45  (17)      4 :  0.0050  0.1500  0.0020  0.8400  0.0030  
46       46  (14)      4 :  0.0030  0.1738  0.1349  0.5604  0.1279  
47       47   (5)      4 :  0.0050  0.0120  0.0020  0.9650  0.0160  
48       48  (24)      4 :  0.0080  0.1069  0.0040  0.8232  0.0579  
49       49  (32)      4 :  0.0010  0.2620  0.0040  0.7280  0.0050  
50       50  (24)      4 :  0.0020  0.0100  0.0230  0.9610  0.0040  
51       51  (17)      4 :  0.0050  0.1838  0.0070  0.8002  0.0040  
52       52   (5)      4 :  0.0010  0.0200  0.0030  0.7043  0.2717  
53       53  (11)      4 :  0.0150  0.1499  0.0020  0.7852  0.0480  
54       54   (9)      4 :  0.0040  0.0330  0.0550  0.6810  0.2270  
55       55  (27)      5 :  0.1742  0.2723  0.0110  0.5145  0.0280  
56       56  (15)      5 :  0.0020  0.0300  0.4250  0.1720  0.3710  
57       57  (15)      5 :  0.0030  0.5155  0.0581  0.0040  0.4194  
58       58   (5)      5 :  0.0020  0.0020  0.5890  0.0010  0.4060  
59       59   (7)      5 :  0.0010  0.6430  0.0620  0.1250  0.1690  
60       60   (9)      5 :  0.0480  0.0150  0.7380  0.1790  0.0200  
61       61  (17)      5 :  0.0030  0.2840  0.1480  0.2680  0.2970  
62       62  (10)      5 :  0.0060  0.2853  0.5636  0.0681  0.0771  
63       63  (12)      5 :  0.1540  0.4680  0.0090  0.0800  0.2890  
64       64  (16)      5 :  0.0600  0.2610  0.4170  0.2060  0.0560  
65       65  (17)      5 :  0.0030  0.5480  0.0200  0.0880  0.3410  
66       66  (15)      5 :  0.0240  0.2627  0.4645  0.1558  0.0929  
67       67  (12)      5 :  0.0030  0.9870  0.0060  0.0020  0.0020  
68       68   (8)      5 :  0.0010  0.3760  0.4280  0.1930  0.0020  
69       69  (13)      5 :  0.1080  0.1490  0.3020  0.1200  0.3210  
70       70   (8)      5 :  0.0040  0.3280  0.0350  0.1950  0.4380  
71       71  (19)      6 :  0.0020  0.1239  0.0030  0.8651  0.0060  
72       72   (6)      6 :  0.0010  0.0020  0.0010  0.9940  0.0020  
73       73  (40)      6 :  0.0020  0.0060  0.0020  0.8490  0.1410  
74       74  (25)      6 :  0.0010  0.0030  0.0030  0.9880  0.0050  
75       75  (15)      6 :  0.0200  0.0050  0.0040  0.9200  0.0510  
76       76  (36)      6 :  0.0200  0.0970  0.1050  0.7610  0.0170  
77       77   (8)      6 :  0.1370  0.0040  0.0020  0.8390  0.0180  
78       78   (9)      6 :  0.0050  0.0030  0.0020  0.9860  0.0040  
79       79   (8)      6 :  0.0240  0.1039  0.0050  0.8641  0.0030  
80       80   (8)      6 :  0.0040  0.2352  0.0901  0.6687  0.0020  
81       81   (8)      6 :  0.1530  0.0610  0.0020  0.7240  0.0600  
82       82   (9)      6 :  0.0130  0.0100  0.0030  0.9680  0.0060  
83       83   (9)      5 :  0.0750  0.4780  0.2230  0.0930  0.1310  
84       84  (29)      7 :  0.4680  0.2210  0.0990  0.0080  0.2040  
85       85   (8)      7 :  0.5944  0.1998  0.0260  0.0609  0.1189  
86       86  (10)      7 :  0.7612  0.2028  0.0210  0.0110  0.0040  
87       87   (8)      7 :  0.6480  0.1790  0.1120  0.0480  0.0130  
88       88  (10)      7 :  0.7320  0.0200  0.0040  0.1030  0.1410  
89       89  (25)      7 :  0.0050  0.9449  0.0040  0.0100  0.0360  
90       90  (11)      7 :  0.6923  0.2817  0.0030  0.0020  0.0210  
91       91  (18)      7 :  0.6700  0.0170  0.2690  0.0400  0.0040  
92       92  (13)      7 :  0.5375  0.2593  0.0050  0.0030  0.1952  
93       93  (10)      7 :  0.9600  0.0070  0.0040  0.0240  0.0050  
94       94  (11)      7 :  0.0040  0.5610  0.1710  0.0040  0.2600  
95       95   (7)      7 :  0.7463  0.1429  0.0050  0.0070  0.0989  
96       96  (22)      7 :  0.9940  0.0010  0.0030  0.0010  0.0010  
97       97   (5)      7 :  0.2767  0.6933  0.0100  0.0030  0.0170  
