 1        1   (8)      1 :  0.0010  0.0010  0.9950  0.0010  0.0010  0.0000  0.0010  
 2        2   (9)      1 :  0.2833  0.0030  0.0601  0.1431  0.0551  0.0030  0.4525  
 3        3   (9)      1 :  0.0070  0.0020  0.0310  0.9560  0.0010  0.0010  0.0020  
 4        4  (18)      1 :  0.2890  0.0190  0.0040  0.3210  0.0860  0.0010  0.2800  
 5        5  (22)      1 :  0.0010  0.0010  0.0010  0.0010  0.0010  0.0010  0.9940  
 6        6   (9)      1 :  0.1780  0.2800  0.0040  0.0030  0.5040  0.0070  0.0240  
 7        7  (13)      1 :  0.5636  0.0030  0.0400  0.0060  0.0931  0.0010  0.2933  
 8        8  (14)      1 :  0.1962  0.0060  0.0541  0.1652  0.0490  0.0010  0.5285  
 9        9   (5)      1 :  0.2100  0.0020  0.0010  0.7700  0.0140  0.0010  0.0020  
10       10  (10)      1 :  0.2492  0.2182  0.0010  0.0050  0.0030  0.0010  0.5225  
11       11  (21)      1 :  0.0601  0.0291  0.0130  0.2906  0.5120  0.0080  0.0872  
12       12   (7)      1 :  0.0030  0.2663  0.0831  0.1842  0.3423  0.0250  0.0961  
13       13  (26)      1 :  0.0320  0.0030  0.0010  0.0140  0.0010  0.0010  0.9480  
14       14   (8)      2 :  0.0060  0.0850  0.0010  0.0060  0.8990  0.0010  0.0020  
15       15   (7)      2 :  0.0040  0.0020  0.0020  0.2623  0.7267  0.0010  0.0020  
16       16   (7)      2 :  0.0230  0.0070  0.0050  0.0130  0.9460  0.0010  0.0050  
17       17   (7)      2 :  0.0020  0.3666  0.0490  0.0130  0.5644  0.0020  0.0030  
18       18  (13)      2 :  0.0999  0.0460  0.0420  0.1778  0.6324  0.0010  0.0010  
19       19  (15)      2 :  0.0010  0.0130  0.0020  0.1550  0.6490  0.0020  0.1780  
20       20   (6)      2 :  0.0259  0.1986  0.0020  0.0040  0.7665  0.0020  0.0010  
21       21   (5)      2 :  0.0010  0.0100  0.0030  0.1800  0.8030  0.0020  0.0010  
22       22   (8)      2 :  0.0020  0.4316  0.0020  0.0519  0.5075  0.0020  0.0030  
23       23   (5)      2 :  0.0070  0.3217  0.0010  0.0020  0.6633  0.0010  0.0040  
24       24  (12)      2 :  0.0020  0.0969  0.0040  0.0969  0.7972  0.0010  0.0020  
25       25  (10)      2 :  0.0020  0.0020  0.0010  0.0810  0.9060  0.0030  0.0050  
26       26  (10)      2 :  0.0010  0.0010  0.0010  0.0010  0.9940  0.0010  0.0010  
27       27  (49)      2 :  0.0020  0.0490  0.0529  0.0539  0.7632  0.0020  0.0769  
28       28  (20)      2 :  0.0050  0.1009  0.0110  0.2258  0.6484  0.0010  0.0080  
29       29   (9)      3 :  0.9710  0.0120  0.0070  0.0040  0.0030  0.0010  0.0020  
30       30   (8)      3 :  0.9930  0.0010  0.0020  0.0010  0.0010  0.0010  0.0010  
31       31  (19)      3 :  0.3330  0.0170  0.2880  0.0030  0.0660  0.0010  0.2920  
32       32  (13)      3 :  0.2360  0.2410  0.2760  0.0050  0.2120  0.0110  0.0190  
33       33   (6)      3 :  0.1403  0.0030  0.2325  0.0060  0.0010  0.0070  0.6102  
34       34  (10)      3 :  0.6374  0.1778  0.0100  0.0070  0.0539  0.0020  0.1119  
35       35   (4)      3 :  0.0060  0.7816  0.1212  0.0020  0.0200  0.0010  0.0681  
36       36  (17)      3 :  0.1872  0.4104  0.1682  0.0130  0.0010  0.0050  0.2152  
37       37   (8)      3 :  0.1080  0.4300  0.0340  0.0090  0.0550  0.0040  0.3600  
38       38   (9)      3 :  0.5900  0.2420  0.0030  0.1310  0.0080  0.0020  0.0240  
39       39  (15)      3 :  0.7210  0.0590  0.0030  0.0500  0.0960  0.0480  0.0230  
40       40  (15)      3 :  0.6730  0.0450  0.0550  0.0070  0.0010  0.1830  0.0360  
41       41   (5)      4 :  0.0010  0.0040  0.0010  0.0010  0.8670  0.0010  0.1250  
42       42   (8)      4 :  0.0080  0.0530  0.0020  0.0140  0.9160  0.0040  0.0030  
43       43  (16)      4 :  0.0030  0.0040  0.0150  0.2080  0.7650  0.0030  0.0020  
44       44  (33)      4 :  0.0839  0.0040  0.0030  0.0030  0.7682  0.0050  0.1329  
45       45  (17)      4 :  0.0010  0.1409  0.0180  0.0040  0.8292  0.0020  0.0050  
46       46  (14)      4 :  0.1441  0.0040  0.0030  0.3023  0.5315  0.0010  0.0140  
47       47   (5)      4 :  0.0020  0.0030  0.0020  0.0040  0.9730  0.0040  0.0120  
48       48  (24)      4 :  0.0030  0.0370  0.0030  0.0690  0.8110  0.0040  0.0730  
49       49  (32)      4 :  0.0050  0.3560  0.0020  0.0030  0.6310  0.0010  0.0020  
50       50  (24)      4 :  0.0230  0.0080  0.0100  0.0050  0.9500  0.0020  0.0020  
51       51  (17)      4 :  0.0120  0.1111  0.0020  0.1081  0.7598  0.0050  0.0020  
52       52   (5)      4 :  0.0020  0.0110  0.0020  0.0741  0.6757  0.0010  0.2342  
53       53  (11)      4 :  0.0010  0.1932  0.0010  0.0040  0.7538  0.0160  0.0310  
54       54   (9)      4 :  0.0600  0.2580  0.0010  0.0670  0.5620  0.0040  0.0480  
55       55  (27)      5 :  0.0120  0.2900  0.0070  0.0330  0.4700  0.1600  0.0280  
56       56  (15)      5 :  0.1810  0.1930  0.1530  0.0060  0.0920  0.0010  0.3740  
57       57  (15)      5 :  0.0090  0.3370  0.1000  0.1400  0.0040  0.0090  0.4010  
58       58   (5)      5 :  0.4990  0.0030  0.0260  0.0990  0.0010  0.0020  0.3700  
59       59   (7)      5 :  0.0020  0.0070  0.0010  0.9530  0.0210  0.0010  0.0150  
60       60   (9)      5 :  0.0040  0.1231  0.7007  0.0080  0.0921  0.0160  0.0561  
61       61  (17)      5 :  0.0170  0.3057  0.1049  0.1069  0.2507  0.0020  0.2128  
62       62  (10)      5 :  0.2830  0.2020  0.2600  0.1390  0.0540  0.0060  0.0560  
63       63  (12)      5 :  0.0040  0.3776  0.0210  0.1518  0.0629  0.1409  0.2418  
64       64  (16)      5 :  0.3150  0.1130  0.0630  0.1650  0.2100  0.0780  0.0560  
65       65  (17)      5 :  0.0150  0.7470  0.0020  0.0020  0.0270  0.0020  0.2050  
66       66  (15)      5 :  0.1150  0.2270  0.3250  0.0370  0.1620  0.0170  0.1170  
67       67  (12)      5 :  0.0020  0.9379  0.0060  0.0490  0.0020  0.0020  0.0010  
68       68   (8)      5 :  0.1672  0.3093  0.2272  0.0731  0.2212  0.0010  0.0010  
69       69  (13)      5 :  0.2320  0.1310  0.0170  0.1280  0.0820  0.1190  0.2910  
70       70   (8)      5 :  0.0090  0.3470  0.0030  0.1260  0.0680  0.0020  0.4450  
71       71  (19)      6 :  0.0020  0.1290  0.0040  0.0160  0.8450  0.0010  0.0030  
72       72   (6)      6 :  0.0010  0.0020  0.0010  0.0020  0.9910  0.0010  0.0020  
73       73  (40)      6 :  0.0020  0.0030  0.0020  0.0030  0.7848  0.0010  0.2042  
74       74  (25)      6 :  0.0010  0.0020  0.0280  0.0050  0.9580  0.0010  0.0050  
75       75  (15)      6 :  0.0020  0.0050  0.0030  0.0020  0.8730  0.0040  0.1110  
76       76  (36)      6 :  0.0040  0.1718  0.1159  0.0050  0.6873  0.0040  0.0120  
77       77   (8)      6 :  0.0020  0.0040  0.0010  0.0970  0.7870  0.1050  0.0040  
78       78   (9)      6 :  0.0020  0.0080  0.0040  0.0020  0.9720  0.0030  0.0090  
79       79   (8)      6 :  0.0020  0.1089  0.0320  0.0280  0.8122  0.0150  0.0020  
80       80   (8)      6 :  0.0020  0.0140  0.0939  0.2258  0.6563  0.0060  0.0020  
81       81   (8)      6 :  0.0020  0.0210  0.0020  0.0450  0.7023  0.1748  0.0529  
82       82   (9)      6 :  0.0020  0.0570  0.0010  0.0020  0.9290  0.0070  0.0020  
83       83   (9)      5 :  0.0560  0.4560  0.1580  0.1120  0.0220  0.0570  0.1390  
84       84  (29)      7 :  0.1170  0.1990  0.0110  0.0050  0.0060  0.4950  0.1670  
85       85   (8)      7 :  0.0449  0.1178  0.0040  0.1098  0.0539  0.5938  0.0758  
86       86  (10)      7 :  0.0040  0.1349  0.0190  0.0390  0.0160  0.7842  0.0030  
87       87   (8)      7 :  0.0040  0.1582  0.1091  0.0080  0.0631  0.6446  0.0130  
88       88  (10)      7 :  0.0020  0.0500  0.0050  0.0020  0.0450  0.7530  0.1430  
89       89  (25)      7 :  0.0040  0.8180  0.0010  0.1520  0.0080  0.0110  0.0060  
90       90  (11)      7 :  0.0020  0.2680  0.0020  0.0060  0.0020  0.6990  0.0210  
91       91  (18)      7 :  0.2402  0.0040  0.0040  0.0060  0.0430  0.6987  0.0040  
92       92  (13)      7 :  0.0040  0.1940  0.0020  0.0270  0.0020  0.6370  0.1340  
93       93  (10)      7 :  0.0090  0.0030  0.0010  0.0150  0.0160  0.9530  0.0030  
94       94  (11)      7 :  0.2462  0.3724  0.0010  0.1572  0.0100  0.0040  0.2092  
95       95   (7)      7 :  0.0020  0.1620  0.0310  0.0020  0.0020  0.7430  0.0580  
96       96  (22)      7 :  0.0180  0.0010  0.0010  0.0010  0.0010  0.9770  0.0010  
97       97   (5)      7 :  0.0060  0.7960  0.0050  0.0040  0.0020  0.1830  0.0040  
