 1        1   (8)      1 :  0.9960  0.0010  0.0030  
 2        2   (9)      1 :  0.8288  0.0040  0.1672  
 3        3   (9)      1 :  0.8690  0.0050  0.1260  
 4        4  (18)      1 :  0.8032  0.0020  0.1948  
 5        5  (22)      1 :  0.8700  0.1270  0.0030  
 6        6   (9)      1 :  0.3010  0.0210  0.6780  
 7        7  (13)      1 :  0.9220  0.0020  0.0760  
 8        8  (14)      1 :  0.7790  0.0010  0.2200  
 9        9   (5)      1 :  0.7460  0.0020  0.2520  
10       10  (10)      1 :  0.9089  0.0050  0.0861  
11       11  (21)      1 :  0.3630  0.0170  0.6200  
12       12   (7)      1 :  0.3367  0.0939  0.5694  
13       13  (26)      1 :  0.9880  0.0080  0.0040  
14       14   (8)      2 :  0.0060  0.0010  0.9930  
15       15   (7)      2 :  0.0980  0.0020  0.9000  
16       16   (7)      2 :  0.0110  0.0010  0.9880  
17       17   (7)      2 :  0.2120  0.0180  0.7700  
18       18  (13)      2 :  0.2150  0.0010  0.7840  
19       19  (15)      2 :  0.0490  0.0620  0.8890  
20       20   (6)      2 :  0.0090  0.0060  0.9850  
21       21   (5)      2 :  0.0020  0.0030  0.9950  
22       22   (8)      2 :  0.1490  0.0040  0.8470  
23       23   (5)      2 :  0.0609  0.0020  0.9371  
24       24  (12)      2 :  0.0040  0.0020  0.9940  
25       25  (10)      2 :  0.0110  0.0040  0.9850  
26       26  (10)      2 :  0.0010  0.0010  0.9980  
27       27  (49)      2 :  0.0150  0.0050  0.9800  
28       28  (20)      2 :  0.1221  0.0010  0.8769  
29       29   (9)      3 :  0.9920  0.0010  0.0070  
30       30   (8)      3 :  0.9980  0.0010  0.0010  
31       31  (19)      3 :  0.9600  0.0010  0.0390  
32       32  (13)      3 :  0.6897  0.0290  0.2813  
33       33   (6)      3 :  0.9059  0.0891  0.0050  
34       34  (10)      3 :  0.8570  0.0020  0.1410  
35       35   (4)      3 :  0.6560  0.0080  0.3360  
36       36  (17)      3 :  0.9660  0.0300  0.0040  
37       37   (8)      3 :  0.7460  0.0730  0.1810  
38       38   (9)      3 :  0.9140  0.0060  0.0800  
39       39  (15)      3 :  0.8430  0.0540  0.1030  
40       40  (15)      3 :  0.8350  0.1630  0.0020  
41       41   (5)      4 :  0.0060  0.0040  0.9900  
42       42   (8)      4 :  0.0040  0.0050  0.9910  
43       43  (16)      4 :  0.0230  0.0070  0.9700  
44       44  (33)      4 :  0.1500  0.0090  0.8410  
45       45  (17)      4 :  0.0040  0.0070  0.9890  
46       46  (14)      4 :  0.3330  0.0030  0.6640  
47       47   (5)      4 :  0.0030  0.0030  0.9940  
48       48  (24)      4 :  0.0180  0.0561  0.9259  
49       49  (32)      4 :  0.0120  0.0020  0.9860  
50       50  (24)      4 :  0.0060  0.0020  0.9920  
51       51  (17)      4 :  0.0380  0.0270  0.9350  
52       52   (5)      4 :  0.1830  0.0020  0.8150  
53       53  (11)      4 :  0.0040  0.0740  0.9220  
54       54   (9)      4 :  0.1910  0.0030  0.8060  
55       55  (27)      5 :  0.1712  0.2312  0.5976  
56       56  (15)      5 :  0.7512  0.0020  0.2468  
57       57  (15)      5 :  0.7700  0.1930  0.0370  
58       58   (5)      5 :  0.9970  0.0020  0.0010  
59       59   (7)      5 :  0.6354  0.0020  0.3626  
60       60   (9)      5 :  0.7598  0.0380  0.2022  
61       61  (17)      5 :  0.5820  0.0100  0.4080  
62       62  (10)      5 :  0.8240  0.0140  0.1620  
63       63  (12)      5 :  0.5310  0.2230  0.2460  
64       64  (16)      5 :  0.6130  0.0630  0.3240  
65       65  (17)      5 :  0.6060  0.0350  0.3590  
66       66  (15)      5 :  0.7120  0.0540  0.2340  
67       67  (12)      5 :  0.6170  0.1560  0.2270  
68       68   (8)      5 :  0.6430  0.0020  0.3550  
69       69  (13)      5 :  0.6290  0.1640  0.2070  
70       70   (8)      5 :  0.6180  0.0450  0.3370  
71       71  (19)      6 :  0.0040  0.0010  0.9950  
72       72   (6)      6 :  0.0020  0.0010  0.9970  
73       73  (40)      6 :  0.0090  0.0020  0.9890  
74       74  (25)      6 :  0.0020  0.0010  0.9970  
75       75  (15)      6 :  0.0060  0.0609  0.9331  
76       76  (36)      6 :  0.1590  0.0150  0.8260  
77       77   (8)      6 :  0.0030  0.0920  0.9050  
78       78   (9)      6 :  0.0030  0.0040  0.9930  
79       79   (8)      6 :  0.0080  0.0170  0.9750  
80       80   (8)      6 :  0.1770  0.0070  0.8160  
81       81   (8)      6 :  0.0070  0.1680  0.8250  
82       82   (9)      6 :  0.0020  0.0060  0.9920  
83       83   (9)      5 :  0.5890  0.1340  0.2770  
84       84  (29)      7 :  0.4190  0.5690  0.0120  
85       85   (8)      7 :  0.2650  0.6280  0.1070  
86       86  (10)      7 :  0.1000  0.8440  0.0560  
87       87   (8)      7 :  0.2310  0.6300  0.1390  
88       88  (10)      7 :  0.0250  0.7910  0.1840  
89       89  (25)      7 :  0.4330  0.3260  0.2410  
90       90  (11)      7 :  0.1230  0.8710  0.0060  
91       91  (18)      7 :  0.2820  0.6960  0.0220  
92       92  (13)      7 :  0.2667  0.7273  0.0060  
93       93  (10)      7 :  0.0100  0.9740  0.0160  
94       94  (11)      7 :  0.6733  0.1279  0.1988  
95       95   (7)      7 :  0.0840  0.8900  0.0260  
96       96  (22)      7 :  0.0030  0.9960  0.0010  
97       97   (5)      7 :  0.5060  0.4600  0.0340  
