 1        1   (8)      1 :  0.0010  0.9960  0.0010  0.0010  0.0000  0.0010  
 2        2   (9)      1 :  0.2210  0.0330  0.0340  0.0020  0.0030  0.7070  
 3        3   (9)      1 :  0.0210  0.0641  0.0040  0.6496  0.0020  0.2593  
 4        4  (18)      1 :  0.2817  0.0050  0.0380  0.2887  0.0010  0.3856  
 5        5  (22)      1 :  0.0020  0.0010  0.0010  0.0020  0.0010  0.9930  
 6        6   (9)      1 :  0.1882  0.0130  0.5195  0.2422  0.0070  0.0300  
 7        7  (13)      1 :  0.4625  0.0260  0.0310  0.0070  0.0010  0.4725  
 8        8  (14)      1 :  0.0420  0.0640  0.1560  0.0140  0.0010  0.7230  
 9        9   (5)      1 :  0.2660  0.0010  0.1210  0.5950  0.0010  0.0160  
10       10  (10)      1 :  0.2733  0.0010  0.0050  0.1351  0.0020  0.5836  
11       11  (21)      1 :  0.0510  0.0140  0.5080  0.3030  0.0070  0.1170  
12       12   (7)      1 :  0.0040  0.0940  0.3920  0.3150  0.0430  0.1520  
13       13  (26)      1 :  0.0180  0.0010  0.0020  0.0030  0.0010  0.9750  
14       14   (8)      2 :  0.0080  0.0010  0.8810  0.1070  0.0010  0.0020  
15       15   (7)      2 :  0.0060  0.0040  0.7197  0.2673  0.0010  0.0020  
16       16   (7)      2 :  0.0530  0.0040  0.7940  0.1450  0.0010  0.0030  
17       17   (7)      2 :  0.0020  0.1171  0.5846  0.2563  0.0040  0.0360  
18       18  (13)      2 :  0.0821  0.0490  0.6557  0.2102  0.0010  0.0020  
19       19  (15)      2 :  0.0020  0.0020  0.5600  0.3120  0.0040  0.1200  
20       20   (6)      2 :  0.0230  0.0010  0.7157  0.2573  0.0020  0.0010  
21       21   (5)      2 :  0.0010  0.0040  0.7320  0.2600  0.0020  0.0010  
22       22   (8)      2 :  0.0030  0.0020  0.5340  0.4540  0.0020  0.0050  
23       23   (5)      2 :  0.0120  0.0010  0.6683  0.3067  0.0010  0.0110  
24       24  (12)      2 :  0.0010  0.0020  0.6977  0.2963  0.0010  0.0020  
25       25  (10)      2 :  0.0030  0.0010  0.9430  0.0040  0.0020  0.0470  
26       26  (10)      2 :  0.0020  0.0010  0.9940  0.0010  0.0010  0.0010  
27       27  (49)      2 :  0.0020  0.0230  0.7938  0.1381  0.0040  0.0390  
28       28  (20)      2 :  0.0020  0.0050  0.4780  0.5090  0.0010  0.0050  
29       29   (9)      3 :  0.9570  0.0140  0.0030  0.0200  0.0010  0.0050  
30       30   (8)      3 :  0.9940  0.0020  0.0010  0.0010  0.0010  0.0010  
31       31  (19)      3 :  0.2503  0.2963  0.0340  0.0190  0.0010  0.3994  
32       32  (13)      3 :  0.2490  0.2830  0.2040  0.1950  0.0150  0.0540  
33       33   (6)      3 :  0.0310  0.2340  0.0020  0.0030  0.0100  0.7200  
34       34  (10)      3 :  0.6076  0.0090  0.0641  0.0961  0.0020  0.2212  
35       35   (4)      3 :  0.0050  0.1230  0.0950  0.4260  0.0020  0.3490  
36       36  (17)      3 :  0.0550  0.2120  0.0020  0.3040  0.0110  0.4160  
37       37   (8)      3 :  0.0290  0.0230  0.0879  0.3027  0.0060  0.5514  
38       38   (9)      3 :  0.5600  0.0040  0.0120  0.2610  0.0020  0.1610  
39       39  (15)      3 :  0.6970  0.0030  0.0550  0.1080  0.0270  0.1100  
40       40  (15)      3 :  0.6670  0.0720  0.0010  0.0570  0.1590  0.0440  
41       41   (5)      4 :  0.0010  0.0010  0.8760  0.0020  0.0010  0.1190  
42       42   (8)      4 :  0.0060  0.0020  0.8170  0.1700  0.0030  0.0020  
43       43  (16)      4 :  0.0030  0.0130  0.6840  0.2920  0.0040  0.0040  
44       44  (33)      4 :  0.0490  0.0080  0.7360  0.0020  0.0060  0.1990  
45       45  (17)      4 :  0.0010  0.0160  0.8068  0.1712  0.0030  0.0020  
46       46  (14)      4 :  0.0290  0.0020  0.4895  0.3053  0.0020  0.1722  
47       47   (5)      4 :  0.0020  0.0010  0.9600  0.0170  0.0060  0.0140  
48       48  (24)      4 :  0.0020  0.0030  0.7678  0.1612  0.0080  0.0581  
49       49  (32)      4 :  0.0060  0.0020  0.7220  0.2650  0.0010  0.0040  
50       50  (24)      4 :  0.0220  0.0100  0.9460  0.0140  0.0020  0.0060  
51       51  (17)      4 :  0.0100  0.0040  0.7810  0.1980  0.0040  0.0030  
52       52   (5)      4 :  0.0010  0.0020  0.6727  0.0981  0.0010  0.2252  
53       53  (11)      4 :  0.0020  0.0010  0.7732  0.1648  0.0310  0.0280  
54       54   (9)      4 :  0.0070  0.0020  0.6570  0.0740  0.0060  0.2540  
55       55  (27)      5 :  0.0170  0.0050  0.4765  0.3083  0.1702  0.0230  
56       56  (15)      5 :  0.0440  0.1698  0.1758  0.0110  0.0020  0.5974  
57       57  (15)      5 :  0.0070  0.0940  0.0030  0.3880  0.0040  0.5040  
58       58   (5)      5 :  0.4162  0.0230  0.0010  0.0020  0.0020  0.5559  
59       59   (7)      5 :  0.0020  0.0010  0.0290  0.6617  0.0010  0.3053  
60       60   (9)      5 :  0.0050  0.7117  0.1251  0.0080  0.0160  0.1341  
61       61  (17)      5 :  0.0060  0.0711  0.1972  0.3143  0.0020  0.4094  
62       62  (10)      5 :  0.2747  0.2517  0.0649  0.2837  0.0080  0.1169  
63       63  (12)      5 :  0.0020  0.0060  0.0599  0.4565  0.1648  0.3107  
64       64  (16)      5 :  0.3330  0.0610  0.1920  0.3070  0.0710  0.0360  
65       65  (17)      5 :  0.0070  0.0030  0.1110  0.4920  0.0040  0.3830  
66       66  (15)      5 :  0.0619  0.3363  0.1607  0.2515  0.0220  0.1677  
67       67  (12)      5 :  0.0060  0.0080  0.0020  0.9700  0.0110  0.0030  
68       68   (8)      5 :  0.1310  0.2130  0.1690  0.4840  0.0010  0.0020  
69       69  (13)      5 :  0.1620  0.0160  0.0900  0.1850  0.1080  0.4390  
70       70   (8)      5 :  0.0050  0.0040  0.0799  0.3417  0.0040  0.5654  
71       71  (19)      6 :  0.0020  0.0030  0.8392  0.1479  0.0020  0.0060  
72       72   (6)      6 :  0.0020  0.0010  0.9920  0.0020  0.0010  0.0020  
73       73  (40)      6 :  0.0020  0.0020  0.8500  0.0050  0.0020  0.1390  
74       74  (25)      6 :  0.0010  0.0110  0.9800  0.0030  0.0010  0.0040  
75       75  (15)      6 :  0.0020  0.0020  0.9020  0.0040  0.0160  0.0740  
76       76  (36)      6 :  0.0040  0.0920  0.6970  0.1820  0.0070  0.0180  
77       77   (8)      6 :  0.0020  0.0010  0.8450  0.0030  0.1010  0.0480  
78       78   (9)      6 :  0.0020  0.0040  0.9820  0.0030  0.0050  0.0040  
79       79   (8)      6 :  0.0020  0.0340  0.8100  0.1380  0.0110  0.0050  
80       80   (8)      6 :  0.0030  0.0851  0.6276  0.2753  0.0040  0.0050  
81       81   (8)      6 :  0.0020  0.0020  0.6930  0.1090  0.1600  0.0340  
82       82   (9)      6 :  0.0030  0.0010  0.9780  0.0050  0.0090  0.0040  
83       83   (9)      5 :  0.0170  0.1660  0.0250  0.4800  0.1120  0.2000  
84       84  (29)      7 :  0.0671  0.0230  0.0050  0.1752  0.5225  0.2072  
85       85   (8)      7 :  0.0200  0.0040  0.0500  0.1750  0.6120  0.1390  
86       86  (10)      7 :  0.0050  0.0110  0.0080  0.2030  0.7700  0.0030  
87       87   (8)      7 :  0.0040  0.1039  0.0440  0.1798  0.6563  0.0120  
88       88  (10)      7 :  0.0020  0.0060  0.0550  0.0170  0.7880  0.1320  
89       89  (25)      7 :  0.0030  0.0010  0.0100  0.9461  0.0120  0.0280  
90       90  (11)      7 :  0.0020  0.0020  0.0020  0.2410  0.7410  0.0120  
91       91  (18)      7 :  0.2470  0.0040  0.0260  0.0100  0.7090  0.0040  
92       92  (13)      7 :  0.0030  0.0020  0.0020  0.1830  0.6380  0.1720  
93       93  (10)      7 :  0.0100  0.0010  0.0170  0.0080  0.9600  0.0040  
94       94  (11)      7 :  0.2320  0.0010  0.0030  0.5530  0.0030  0.2080  
95       95   (7)      7 :  0.0030  0.0410  0.0040  0.1011  0.8218  0.0290  
96       96  (22)      7 :  0.0090  0.0010  0.0010  0.0010  0.9860  0.0020  
97       97   (5)      7 :  0.0120  0.0110  0.0030  0.6264  0.3397  0.0080  
