 1        1   (8)      1 :  0.9950  0.0010  0.0040  
 2        2   (9)      1 :  0.8140  0.0050  0.1810  
 3        3   (9)      1 :  0.8569  0.0030  0.1401  
 4        4  (18)      1 :  0.8030  0.0020  0.1950  
 5        5  (22)      1 :  0.8370  0.1600  0.0030  
 6        6   (9)      1 :  0.2900  0.0220  0.6880  
 7        7  (13)      1 :  0.9500  0.0020  0.0480  
 8        8  (14)      1 :  0.7578  0.0010  0.2412  
 9        9   (5)      1 :  0.7652  0.0020  0.2328  
10       10  (10)      1 :  0.8570  0.0090  0.1340  
11       11  (21)      1 :  0.3810  0.0060  0.6130  
12       12   (7)      1 :  0.3510  0.1030  0.5460  
13       13  (26)      1 :  0.9740  0.0210  0.0050  
14       14   (8)      2 :  0.0070  0.0010  0.9920  
15       15   (7)      2 :  0.1270  0.0030  0.8700  
16       16   (7)      2 :  0.0090  0.0010  0.9900  
17       17   (7)      2 :  0.2230  0.0100  0.7670  
18       18  (13)      2 :  0.2140  0.0010  0.7850  
19       19  (15)      2 :  0.0680  0.0910  0.8410  
20       20   (6)      2 :  0.0070  0.0050  0.9880  
21       21   (5)      2 :  0.0030  0.0030  0.9940  
22       22   (8)      2 :  0.1630  0.0060  0.8310  
23       23   (5)      2 :  0.0630  0.0010  0.9360  
24       24  (12)      2 :  0.0040  0.0020  0.9940  
25       25  (10)      2 :  0.0080  0.0100  0.9820  
26       26  (10)      2 :  0.0010  0.0010  0.9980  
27       27  (49)      2 :  0.0150  0.0050  0.9800  
28       28  (20)      2 :  0.0750  0.0010  0.9240  
29       29   (9)      3 :  0.9920  0.0010  0.0070  
30       30   (8)      3 :  0.9980  0.0010  0.0010  
31       31  (19)      3 :  0.9560  0.0020  0.0420  
32       32  (13)      3 :  0.7170  0.0180  0.2650  
33       33   (6)      3 :  0.8879  0.1041  0.0080  
34       34  (10)      3 :  0.8640  0.0020  0.1340  
35       35   (4)      3 :  0.6410  0.0050  0.3540  
36       36  (17)      3 :  0.9890  0.0070  0.0040  
37       37   (8)      3 :  0.7578  0.0250  0.2172  
38       38   (9)      3 :  0.8871  0.0050  0.1079  
39       39  (15)      3 :  0.8400  0.0510  0.1090  
40       40  (15)      3 :  0.8480  0.1490  0.0030  
41       41   (5)      4 :  0.0050  0.0030  0.9920  
42       42   (8)      4 :  0.0030  0.0070  0.9900  
43       43  (16)      4 :  0.0180  0.0040  0.9780  
44       44  (33)      4 :  0.1642  0.0060  0.8298  
45       45  (17)      4 :  0.0050  0.0080  0.9870  
46       46  (14)      4 :  0.3530  0.0030  0.6440  
47       47   (5)      4 :  0.0020  0.0030  0.9950  
48       48  (24)      4 :  0.0190  0.0679  0.9131  
49       49  (32)      4 :  0.0090  0.0020  0.9890  
50       50  (24)      4 :  0.0060  0.0020  0.9920  
51       51  (17)      4 :  0.0510  0.0260  0.9230  
52       52   (5)      4 :  0.1900  0.0030  0.8070  
53       53  (11)      4 :  0.0040  0.0810  0.9150  
54       54   (9)      4 :  0.2130  0.0070  0.7800  
55       55  (27)      5 :  0.2010  0.2110  0.5880  
56       56  (15)      5 :  0.7490  0.0010  0.2500  
57       57  (15)      5 :  0.8040  0.1430  0.0530  
58       58   (5)      5 :  0.9970  0.0020  0.0010  
59       59   (7)      5 :  0.6354  0.0020  0.3626  
60       60   (9)      5 :  0.7920  0.0240  0.1840  
61       61  (17)      5 :  0.5890  0.0080  0.4030  
62       62  (10)      5 :  0.8172  0.0110  0.1718  
63       63  (12)      5 :  0.5400  0.2240  0.2360  
64       64  (16)      5 :  0.6290  0.0640  0.3070  
65       65  (17)      5 :  0.6424  0.0230  0.3347  
66       66  (15)      5 :  0.7070  0.0500  0.2430  
67       67  (12)      5 :  0.6370  0.1400  0.2230  
68       68   (8)      5 :  0.6580  0.0020  0.3400  
69       69  (13)      5 :  0.6563  0.1329  0.2108  
70       70   (8)      5 :  0.6240  0.0170  0.3590  
71       71  (19)      6 :  0.0040  0.0010  0.9950  
72       72   (6)      6 :  0.0010  0.0010  0.9980  
73       73  (40)      6 :  0.0050  0.0020  0.9930  
74       74  (25)      6 :  0.0020  0.0010  0.9970  
75       75  (15)      6 :  0.0060  0.0440  0.9500  
76       76  (36)      6 :  0.1670  0.0190  0.8140  
77       77   (8)      6 :  0.0030  0.1210  0.8760  
78       78   (9)      6 :  0.0030  0.0040  0.9930  
79       79   (8)      6 :  0.0070  0.0130  0.9800  
80       80   (8)      6 :  0.1850  0.0060  0.8090  
81       81   (8)      6 :  0.0080  0.1760  0.8160  
82       82   (9)      6 :  0.0020  0.0050  0.9930  
83       83   (9)      5 :  0.5960  0.1280  0.2760  
84       84  (29)      7 :  0.4440  0.5400  0.0160  
85       85   (8)      7 :  0.2630  0.6390  0.0980  
86       86  (10)      7 :  0.1189  0.8402  0.0410  
87       87   (8)      7 :  0.2270  0.6270  0.1460  
88       88  (10)      7 :  0.0420  0.8210  0.1370  
89       89  (25)      7 :  0.4420  0.3120  0.2460  
90       90  (11)      7 :  0.1450  0.8510  0.0040  
91       91  (18)      7 :  0.2940  0.6840  0.0220  
92       92  (13)      7 :  0.2853  0.7077  0.0070  
93       93  (10)      7 :  0.0090  0.9730  0.0180  
94       94  (11)      7 :  0.6790  0.1230  0.1980  
95       95   (7)      7 :  0.1089  0.8731  0.0180  
96       96  (22)      7 :  0.0020  0.9970  0.0010  
97       97   (5)      7 :  0.5190  0.4400  0.0410  
