 1        1   (8)      1 :  0.9840  0.0160  
 2        2   (9)      1 :  0.8640  0.1360  
 3        3   (9)      1 :  0.8500  0.1500  
 4        4  (18)      1 :  0.7530  0.2470  
 5        5  (22)      1 :  0.9930  0.0070  
 6        6   (9)      1 :  0.2870  0.7130  
 7        7  (13)      1 :  0.9130  0.0870  
 8        8  (14)      1 :  0.7300  0.2700  
 9        9   (5)      1 :  0.7420  0.2580  
10       10  (10)      1 :  0.8830  0.1170  
11       11  (21)      1 :  0.3410  0.6590  
12       12   (7)      1 :  0.3480  0.6520  
13       13  (26)      1 :  0.9890  0.0110  
14       14   (8)      2 :  0.0070  0.9930  
15       15   (7)      2 :  0.0740  0.9260  
16       16   (7)      2 :  0.0060  0.9940  
17       17   (7)      2 :  0.2090  0.7910  
18       18  (13)      2 :  0.1370  0.8630  
19       19  (15)      2 :  0.0680  0.9320  
20       20   (6)      2 :  0.0080  0.9920  
21       21   (5)      2 :  0.0040  0.9960  
22       22   (8)      2 :  0.1360  0.8640  
23       23   (5)      2 :  0.0140  0.9860  
24       24  (12)      2 :  0.0050  0.9950  
25       25  (10)      2 :  0.0160  0.9840  
26       26  (10)      2 :  0.0020  0.9980  
27       27  (49)      2 :  0.0090  0.9910  
28       28  (20)      2 :  0.0370  0.9630  
29       29   (9)      3 :  0.9820  0.0180  
30       30   (8)      3 :  0.9980  0.0020  
31       31  (19)      3 :  0.8690  0.1310  
32       32  (13)      3 :  0.7340  0.2660  
33       33   (6)      3 :  0.9690  0.0310  
34       34  (10)      3 :  0.8270  0.1730  
35       35   (4)      3 :  0.6500  0.3500  
36       36  (17)      3 :  0.9910  0.0090  
37       37   (8)      3 :  0.8020  0.1980  
38       38   (9)      3 :  0.9090  0.0910  
39       39  (15)      3 :  0.9050  0.0950  
40       40  (15)      3 :  0.9950  0.0050  
41       41   (5)      4 :  0.0060  0.9940  
42       42   (8)      4 :  0.0060  0.9940  
43       43  (16)      4 :  0.0190  0.9810  
44       44  (33)      4 :  0.1160  0.8840  
45       45  (17)      4 :  0.0100  0.9900  
46       46  (14)      4 :  0.2870  0.7130  
47       47   (5)      4 :  0.0040  0.9960  
48       48  (24)      4 :  0.0130  0.9870  
49       49  (32)      4 :  0.0080  0.9920  
50       50  (24)      4 :  0.0060  0.9940  
51       51  (17)      4 :  0.0530  0.9470  
52       52   (5)      4 :  0.0950  0.9050  
53       53  (11)      4 :  0.0150  0.9850  
54       54   (9)      4 :  0.1640  0.8360  
55       55  (27)      5 :  0.3570  0.6430  
56       56  (15)      5 :  0.6720  0.3280  
57       57  (15)      5 :  0.9400  0.0600  
58       58   (5)      5 :  0.9980  0.0020  
59       59   (7)      5 :  0.6130  0.3870  
60       60   (9)      5 :  0.7390  0.2610  
61       61  (17)      5 :  0.5570  0.4430  
62       62  (10)      5 :  0.8270  0.1730  
63       63  (12)      5 :  0.6860  0.3140  
64       64  (16)      5 :  0.6650  0.3350  
65       65  (17)      5 :  0.6260  0.3740  
66       66  (15)      5 :  0.7360  0.2640  
67       67  (12)      5 :  0.7460  0.2540  
68       68   (8)      5 :  0.5800  0.4200  
69       69  (13)      5 :  0.7660  0.2340  
70       70   (8)      5 :  0.6810  0.3190  
71       71  (19)      6 :  0.0040  0.9960  
72       72   (6)      6 :  0.0020  0.9980  
73       73  (40)      6 :  0.0080  0.9920  
74       74  (25)      6 :  0.0030  0.9970  
75       75  (15)      6 :  0.0090  0.9910  
76       76  (36)      6 :  0.1590  0.8410  
77       77   (8)      6 :  0.0130  0.9870  
78       78   (9)      6 :  0.0050  0.9950  
79       79   (8)      6 :  0.0310  0.9690  
80       80   (8)      6 :  0.1560  0.8440  
81       81   (8)      6 :  0.1820  0.8180  
82       82   (9)      6 :  0.0040  0.9960  
83       83   (9)      5 :  0.7150  0.2850  
84       84  (29)      7 :  0.8410  0.1590  
85       85   (8)      7 :  0.7740  0.2260  
86       86  (10)      7 :  0.7630  0.2370  
87       87   (8)      7 :  0.7410  0.2590  
88       88  (10)      7 :  0.7470  0.2530  
89       89  (25)      7 :  0.7070  0.2930  
90       90  (11)      7 :  0.8810  0.1190  
91       91  (18)      7 :  0.8240  0.1760  
92       92  (13)      7 :  0.9140  0.0860  
93       93  (10)      7 :  0.7930  0.2070  
94       94  (11)      7 :  0.8270  0.1730  
95       95   (7)      7 :  0.7860  0.2140  
96       96  (22)      7 :  0.9160  0.0840  
97       97   (5)      7 :  0.8070  0.1930  
