 1        1   (8)      1 :  0.0010  0.0020  0.0020  0.9950  
 2        2   (9)      1 :  0.0040  0.1100  0.5010  0.3850  
 3        3   (9)      1 :  0.0030  0.0750  0.6370  0.2850  
 4        4  (18)      1 :  0.0020  0.1530  0.4680  0.3770  
 5        5  (22)      1 :  0.0010  0.0010  0.9960  0.0020  
 6        6   (9)      1 :  0.0370  0.6490  0.1030  0.2110  
 7        7  (13)      1 :  0.0020  0.0500  0.2687  0.6793  
 8        8  (14)      1 :  0.0020  0.1800  0.5680  0.2500  
 9        9   (5)      1 :  0.0010  0.1910  0.4710  0.3370  
10       10  (10)      1 :  0.0020  0.0090  0.7200  0.2690  
11       11  (21)      1 :  0.0080  0.6280  0.1690  0.1950  
12       12   (7)      1 :  0.0430  0.5660  0.3100  0.0810  
13       13  (26)      1 :  0.0010  0.0030  0.9870  0.0090  
14       14   (8)      2 :  0.0010  0.9710  0.0250  0.0030  
15       15   (7)      2 :  0.0020  0.8859  0.0230  0.0891  
16       16   (7)      2 :  0.0010  0.9710  0.0030  0.0250  
17       17   (7)      2 :  0.0310  0.7400  0.2180  0.0110  
18       18  (13)      2 :  0.0010  0.7958  0.0110  0.1922  
19       19  (15)      2 :  0.0070  0.7890  0.1910  0.0130  
20       20   (6)      2 :  0.0030  0.9329  0.0020  0.0621  
21       21   (5)      2 :  0.0030  0.9890  0.0050  0.0030  
22       22   (8)      2 :  0.0050  0.8128  0.1552  0.0270  
23       23   (5)      2 :  0.0010  0.8900  0.1000  0.0090  
24       24  (12)      2 :  0.0010  0.9880  0.0090  0.0020  
25       25  (10)      2 :  0.0030  0.9650  0.0300  0.0020  
26       26  (10)      2 :  0.0010  0.9970  0.0010  0.0010  
27       27  (49)      2 :  0.0040  0.8751  0.1179  0.0030  
28       28  (20)      2 :  0.0010  0.8270  0.1670  0.0050  
29       29   (9)      3 :  0.0010  0.0030  0.0030  0.9930  
30       30   (8)      3 :  0.0010  0.0010  0.0030  0.9950  
31       31  (19)      3 :  0.0020  0.0340  0.2730  0.6910  
32       32  (13)      3 :  0.0220  0.2597  0.1678  0.5504  
33       33   (6)      3 :  0.0420  0.0030  0.5790  0.3760  
34       34  (10)      3 :  0.0020  0.1310  0.2170  0.6500  
35       35   (4)      3 :  0.0030  0.2760  0.5430  0.1780  
36       36  (17)      3 :  0.0150  0.0030  0.5900  0.3920  
37       37   (8)      3 :  0.0070  0.1500  0.7010  0.1420  
38       38   (9)      3 :  0.0040  0.0750  0.3120  0.6090  
39       39  (15)      3 :  0.0770  0.0980  0.0820  0.7430  
40       40  (15)      3 :  0.1560  0.0020  0.1190  0.7230  
41       41   (5)      4 :  0.0020  0.9491  0.0470  0.0020  
42       42   (8)      4 :  0.0050  0.9860  0.0040  0.0050  
43       43  (16)      4 :  0.0040  0.9450  0.0090  0.0420  
44       44  (33)      4 :  0.0090  0.8320  0.0340  0.1250  
45       45  (17)      4 :  0.0070  0.9590  0.0320  0.0020  
46       46  (14)      4 :  0.0030  0.6600  0.1870  0.1500  
47       47   (5)      4 :  0.0040  0.9900  0.0040  0.0020  
48       48  (24)      4 :  0.0150  0.9231  0.0559  0.0060  
49       49  (32)      4 :  0.0020  0.9780  0.0160  0.0040  
50       50  (24)      4 :  0.0020  0.9850  0.0040  0.0090  
51       51  (17)      4 :  0.0180  0.9230  0.0360  0.0230  
52       52   (5)      4 :  0.0010  0.7620  0.2340  0.0030  
53       53  (11)      4 :  0.0390  0.9070  0.0520  0.0020  
54       54   (9)      4 :  0.0070  0.7420  0.2060  0.0450  
55       55  (27)      5 :  0.1732  0.5876  0.2012  0.0380  
56       56  (15)      5 :  0.0020  0.2500  0.3590  0.3890  
57       57  (15)      5 :  0.0060  0.0170  0.9311  0.0460  
58       58   (5)      5 :  0.0020  0.0010  0.4370  0.5600  
59       59   (7)      5 :  0.0010  0.2563  0.6957  0.0470  
60       60   (9)      5 :  0.0410  0.2080  0.0130  0.7380  
61       61  (17)      5 :  0.0030  0.3390  0.4810  0.1770  
62       62  (10)      5 :  0.0090  0.1670  0.2530  0.5710  
63       63  (12)      5 :  0.1640  0.1850  0.6290  0.0220  
64       64  (16)      5 :  0.0780  0.3300  0.1430  0.4490  
65       65  (17)      5 :  0.0110  0.3320  0.6470  0.0100  
66       66  (15)      5 :  0.0280  0.2150  0.2750  0.4820  
67       67  (12)      5 :  0.1280  0.1890  0.5580  0.1250  
68       68   (8)      5 :  0.0020  0.3716  0.0779  0.5485  
69       69  (13)      5 :  0.1080  0.2020  0.4100  0.2800  
70       70   (8)      5 :  0.0040  0.2510  0.7270  0.0180  
71       71  (19)      6 :  0.0020  0.9760  0.0200  0.0020  
72       72   (6)      6 :  0.0010  0.9960  0.0020  0.0010  
73       73  (40)      6 :  0.0020  0.9179  0.0771  0.0030  
74       74  (25)      6 :  0.0010  0.9940  0.0030  0.0020  
75       75  (15)      6 :  0.0180  0.9590  0.0200  0.0030  
76       76  (36)      6 :  0.0160  0.7840  0.1440  0.0560  
77       77   (8)      6 :  0.0940  0.9000  0.0040  0.0020  
78       78   (9)      6 :  0.0030  0.9910  0.0040  0.0020  
79       79   (8)      6 :  0.0300  0.9540  0.0080  0.0080  
80       80   (8)      6 :  0.0050  0.7898  0.0811  0.1241  
81       81   (8)      6 :  0.1550  0.7870  0.0560  0.0020  
82       82   (9)      6 :  0.0070  0.9870  0.0040  0.0020  
83       83   (9)      5 :  0.1050  0.2330  0.4120  0.2500  
84       84  (29)      7 :  0.5160  0.0110  0.3370  0.1360  
85       85   (8)      7 :  0.6150  0.0920  0.2640  0.0290  
86       86  (10)      7 :  0.8761  0.0320  0.0480  0.0440  
87       87   (8)      7 :  0.6777  0.1271  0.0761  0.1191  
88       88  (10)      7 :  0.7910  0.0760  0.1280  0.0050  
89       89  (25)      7 :  0.1842  0.2102  0.5976  0.0080  
90       90  (11)      7 :  0.7360  0.0030  0.2590  0.0020  
91       91  (18)      7 :  0.6990  0.0210  0.0080  0.2720  
92       92  (13)      7 :  0.5934  0.0040  0.3986  0.0040  
93       93  (10)      7 :  0.9650  0.0200  0.0080  0.0070  
94       94  (11)      7 :  0.0180  0.1310  0.6280  0.2230  
95       95   (7)      7 :  0.8472  0.0150  0.1249  0.0130  
96       96  (22)      7 :  0.9950  0.0010  0.0010  0.0030  
97       97   (5)      7 :  0.3890  0.0140  0.5750  0.0220  
