 1        1   (8)      1 :  0.9840  0.0160  
 2        2   (9)      1 :  0.8350  0.1650  
 3        3   (9)      1 :  0.8390  0.1610  
 4        4  (18)      1 :  0.7370  0.2630  
 5        5  (22)      1 :  0.9950  0.0050  
 6        6   (9)      1 :  0.2880  0.7120  
 7        7  (13)      1 :  0.8970  0.1030  
 8        8  (14)      1 :  0.7140  0.2860  
 9        9   (5)      1 :  0.7030  0.2970  
10       10  (10)      1 :  0.9280  0.0720  
11       11  (21)      1 :  0.3280  0.6720  
12       12   (7)      1 :  0.3550  0.6450  
13       13  (26)      1 :  0.9910  0.0090  
14       14   (8)      2 :  0.0050  0.9950  
15       15   (7)      2 :  0.0320  0.9680  
16       16   (7)      2 :  0.0050  0.9950  
17       17   (7)      2 :  0.2140  0.7860  
18       18  (13)      2 :  0.1350  0.8650  
19       19  (15)      2 :  0.0650  0.9350  
20       20   (6)      2 :  0.0100  0.9900  
21       21   (5)      2 :  0.0040  0.9960  
22       22   (8)      2 :  0.0940  0.9060  
23       23   (5)      2 :  0.0140  0.9860  
24       24  (12)      2 :  0.0040  0.9960  
25       25  (10)      2 :  0.0110  0.9890  
26       26  (10)      2 :  0.0020  0.9980  
27       27  (49)      2 :  0.0130  0.9870  
28       28  (20)      2 :  0.0170  0.9830  
29       29   (9)      3 :  0.9700  0.0300  
30       30   (8)      3 :  0.9970  0.0030  
31       31  (19)      3 :  0.9020  0.0980  
32       32  (13)      3 :  0.7090  0.2910  
33       33   (6)      3 :  0.9820  0.0180  
34       34  (10)      3 :  0.8170  0.1830  
35       35   (4)      3 :  0.6310  0.3690  
36       36  (17)      3 :  0.9930  0.0070  
37       37   (8)      3 :  0.8180  0.1820  
38       38   (9)      3 :  0.9270  0.0730  
39       39  (15)      3 :  0.8930  0.1070  
40       40  (15)      3 :  0.9960  0.0040  
41       41   (5)      4 :  0.0060  0.9940  
42       42   (8)      4 :  0.0060  0.9940  
43       43  (16)      4 :  0.0180  0.9820  
44       44  (33)      4 :  0.1270  0.8730  
45       45  (17)      4 :  0.0090  0.9910  
46       46  (14)      4 :  0.2750  0.7250  
47       47   (5)      4 :  0.0040  0.9960  
48       48  (24)      4 :  0.0390  0.9610  
49       49  (32)      4 :  0.0070  0.9930  
50       50  (24)      4 :  0.0050  0.9950  
51       51  (17)      4 :  0.0590  0.9410  
52       52   (5)      4 :  0.1080  0.8920  
53       53  (11)      4 :  0.0290  0.9710  
54       54   (9)      4 :  0.1470  0.8530  
55       55  (27)      5 :  0.3720  0.6280  
56       56  (15)      5 :  0.6550  0.3450  
57       57  (15)      5 :  0.9520  0.0480  
58       58   (5)      5 :  0.9980  0.0020  
59       59   (7)      5 :  0.5760  0.4240  
60       60   (9)      5 :  0.7440  0.2560  
61       61  (17)      5 :  0.5280  0.4720  
62       62  (10)      5 :  0.8360  0.1640  
63       63  (12)      5 :  0.6910  0.3090  
64       64  (16)      5 :  0.6480  0.3520  
65       65  (17)      5 :  0.6030  0.3970  
66       66  (15)      5 :  0.7440  0.2560  
67       67  (12)      5 :  0.7190  0.2810  
68       68   (8)      5 :  0.5820  0.4180  
69       69  (13)      5 :  0.7560  0.2440  
70       70   (8)      5 :  0.6590  0.3410  
71       71  (19)      6 :  0.0050  0.9950  
72       72   (6)      6 :  0.0020  0.9980  
73       73  (40)      6 :  0.0090  0.9910  
74       74  (25)      6 :  0.0030  0.9970  
75       75  (15)      6 :  0.0240  0.9760  
76       76  (36)      6 :  0.1500  0.8500  
77       77   (8)      6 :  0.0120  0.9880  
78       78   (9)      6 :  0.0060  0.9940  
79       79   (8)      6 :  0.0260  0.9740  
80       80   (8)      6 :  0.1450  0.8550  
81       81   (8)      6 :  0.1760  0.8240  
82       82   (9)      6 :  0.0040  0.9960  
83       83   (9)      5 :  0.6910  0.3090  
84       84  (29)      7 :  0.8740  0.1260  
85       85   (8)      7 :  0.7910  0.2090  
86       86  (10)      7 :  0.7790  0.2210  
87       87   (8)      7 :  0.7620  0.2380  
88       88  (10)      7 :  0.7530  0.2470  
89       89  (25)      7 :  0.7000  0.3000  
90       90  (11)      7 :  0.8930  0.1070  
91       91  (18)      7 :  0.8490  0.1510  
92       92  (13)      7 :  0.9580  0.0420  
93       93  (10)      7 :  0.8210  0.1790  
94       94  (11)      7 :  0.7990  0.2010  
95       95   (7)      7 :  0.8240  0.1760  
96       96  (22)      7 :  0.9450  0.0550  
97       97   (5)      7 :  0.8370  0.1630  
