 1        1   (8)      1 :  0.0010  0.9960  0.0010  0.0010  0.0000  0.0010  
 2        2   (9)      1 :  0.2510  0.0390  0.0500  0.0040  0.0060  0.6500  
 3        3   (9)      1 :  0.0620  0.0710  0.0060  0.6760  0.0040  0.1810  
 4        4  (18)      1 :  0.2600  0.0040  0.0530  0.3040  0.0010  0.3780  
 5        5  (22)      1 :  0.0020  0.0010  0.0010  0.0020  0.0020  0.9920  
 6        6   (9)      1 :  0.1722  0.0080  0.5485  0.2062  0.0110  0.0541  
 7        7  (13)      1 :  0.4486  0.0200  0.0290  0.0060  0.0010  0.4955  
 8        8  (14)      1 :  0.0560  0.0850  0.1470  0.0120  0.0010  0.6990  
 9        9   (5)      1 :  0.2787  0.0020  0.1369  0.5754  0.0010  0.0060  
10       10  (10)      1 :  0.2540  0.0010  0.0030  0.1720  0.0020  0.5680  
11       11  (21)      1 :  0.0480  0.0180  0.4960  0.2640  0.0080  0.1660  
12       12   (7)      1 :  0.0040  0.0890  0.3990  0.3240  0.0400  0.1440  
13       13  (26)      1 :  0.0220  0.0010  0.0020  0.0030  0.0010  0.9710  
14       14   (8)      2 :  0.0060  0.0010  0.8811  0.1089  0.0010  0.0020  
15       15   (7)      2 :  0.0070  0.0040  0.7027  0.2813  0.0020  0.0030  
16       16   (7)      2 :  0.0710  0.0040  0.8550  0.0660  0.0010  0.0030  
17       17   (7)      2 :  0.0020  0.0470  0.5930  0.2870  0.0050  0.0660  
18       18  (13)      2 :  0.0240  0.0750  0.6210  0.2770  0.0010  0.0020  
19       19  (15)      2 :  0.0010  0.0020  0.6326  0.2082  0.0040  0.1522  
20       20   (6)      2 :  0.0180  0.0020  0.7502  0.2278  0.0010  0.0010  
21       21   (5)      2 :  0.0010  0.0030  0.7968  0.1972  0.0010  0.0010  
22       22   (8)      2 :  0.0030  0.0020  0.5435  0.4396  0.0030  0.0090  
23       23   (5)      2 :  0.0080  0.0010  0.7080  0.2730  0.0010  0.0090  
24       24  (12)      2 :  0.0010  0.0030  0.7340  0.2590  0.0010  0.0020  
25       25  (10)      2 :  0.0040  0.0010  0.9191  0.0040  0.0050  0.0669  
26       26  (10)      2 :  0.0010  0.0010  0.9950  0.0010  0.0010  0.0010  
27       27  (49)      2 :  0.0020  0.0580  0.8290  0.0790  0.0030  0.0290  
28       28  (20)      2 :  0.0020  0.0040  0.5105  0.4775  0.0010  0.0050  
29       29   (9)      3 :  0.9480  0.0200  0.0030  0.0150  0.0010  0.0130  
30       30   (8)      3 :  0.9950  0.0010  0.0010  0.0010  0.0010  0.0010  
31       31  (19)      3 :  0.2150  0.2860  0.0460  0.0080  0.0010  0.4440  
32       32  (13)      3 :  0.2468  0.2807  0.2048  0.1948  0.0120  0.0609  
33       33   (6)      3 :  0.0550  0.2240  0.0020  0.0020  0.0080  0.7090  
34       34  (10)      3 :  0.5764  0.0160  0.0609  0.0899  0.0020  0.2547  
35       35   (4)      3 :  0.0080  0.1129  0.0679  0.4396  0.0030  0.3686  
36       36  (17)      3 :  0.0731  0.1822  0.0010  0.3193  0.0040  0.4204  
37       37   (8)      3 :  0.0210  0.0300  0.0679  0.2917  0.0070  0.5824  
38       38   (9)      3 :  0.5600  0.0050  0.0140  0.2580  0.0020  0.1610  
39       39  (15)      3 :  0.6913  0.0040  0.0699  0.0919  0.0280  0.1149  
40       40  (15)      3 :  0.6880  0.0480  0.0020  0.0550  0.1650  0.0420  
41       41   (5)      4 :  0.0010  0.0010  0.8880  0.0020  0.0010  0.1070  
42       42   (8)      4 :  0.0050  0.0020  0.8830  0.1050  0.0030  0.0020  
43       43  (16)      4 :  0.0040  0.0140  0.7240  0.2510  0.0050  0.0020  
44       44  (33)      4 :  0.0240  0.0060  0.7572  0.0020  0.0040  0.2068  
45       45  (17)      4 :  0.0010  0.0150  0.8352  0.1409  0.0050  0.0030  
46       46  (14)      4 :  0.1000  0.0030  0.5130  0.2340  0.0030  0.1470  
47       47   (5)      4 :  0.0010  0.0010  0.9580  0.0170  0.0030  0.0200  
48       48  (24)      4 :  0.0020  0.0020  0.8280  0.1470  0.0040  0.0170  
49       49  (32)      4 :  0.0040  0.0020  0.7330  0.2540  0.0010  0.0060  
50       50  (24)      4 :  0.0080  0.0080  0.9680  0.0090  0.0020  0.0050  
51       51  (17)      4 :  0.0080  0.0020  0.8278  0.1532  0.0050  0.0040  
52       52   (5)      4 :  0.0020  0.0020  0.6943  0.0320  0.0010  0.2687  
53       53  (11)      4 :  0.0010  0.0010  0.7872  0.1598  0.0250  0.0260  
54       54   (9)      4 :  0.0080  0.0010  0.6400  0.0630  0.0030  0.2850  
55       55  (27)      5 :  0.0190  0.0130  0.4945  0.2977  0.1608  0.0150  
56       56  (15)      5 :  0.0490  0.1550  0.1240  0.0110  0.0010  0.6600  
57       57  (15)      5 :  0.0090  0.0840  0.0030  0.3750  0.0060  0.5230  
58       58   (5)      5 :  0.4520  0.0330  0.0010  0.0030  0.0010  0.5100  
59       59   (7)      5 :  0.0050  0.0010  0.0220  0.6990  0.0010  0.2720  
60       60   (9)      5 :  0.0050  0.6973  0.1349  0.0080  0.0190  0.1359  
61       61  (17)      5 :  0.0070  0.0840  0.2130  0.3040  0.0020  0.3900  
62       62  (10)      5 :  0.2720  0.2520  0.0820  0.2670  0.0060  0.1210  
63       63  (12)      5 :  0.0020  0.0140  0.0681  0.4505  0.1542  0.3113  
64       64  (16)      5 :  0.3113  0.0671  0.2052  0.2743  0.0420  0.1001  
65       65  (17)      5 :  0.0060  0.0030  0.0771  0.4695  0.0070  0.4374  
66       66  (15)      5 :  0.0900  0.3310  0.1740  0.2430  0.0150  0.1470  
67       67  (12)      5 :  0.0050  0.0110  0.0020  0.9700  0.0090  0.0030  
68       68   (8)      5 :  0.1340  0.2400  0.1950  0.4290  0.0010  0.0010  
69       69  (13)      5 :  0.1970  0.0230  0.0930  0.1270  0.1210  0.4390  
70       70   (8)      5 :  0.0040  0.0040  0.0520  0.3610  0.0040  0.5750  
71       71  (19)      6 :  0.0020  0.0040  0.8911  0.0979  0.0010  0.0040  
72       72   (6)      6 :  0.0010  0.0010  0.9930  0.0020  0.0010  0.0020  
73       73  (40)      6 :  0.0020  0.0030  0.8720  0.0060  0.0020  0.1150  
74       74  (25)      6 :  0.0010  0.0250  0.9680  0.0020  0.0010  0.0030  
75       75  (15)      6 :  0.0040  0.0030  0.9471  0.0040  0.0120  0.0300  
76       76  (36)      6 :  0.0040  0.1100  0.6950  0.1760  0.0070  0.0080  
77       77   (8)      6 :  0.0020  0.0010  0.8440  0.0050  0.1260  0.0220  
78       78   (9)      6 :  0.0020  0.0030  0.9840  0.0030  0.0040  0.0040  
79       79   (8)      6 :  0.0020  0.0280  0.8370  0.1140  0.0160  0.0030  
80       80   (8)      6 :  0.0020  0.0930  0.6530  0.2450  0.0040  0.0030  
81       81   (8)      6 :  0.0020  0.0020  0.7033  0.0819  0.1718  0.0390  
82       82   (9)      6 :  0.0020  0.0010  0.9810  0.0030  0.0080  0.0050  
83       83   (9)      5 :  0.0150  0.1640  0.0250  0.4650  0.1060  0.2250  
84       84  (29)      7 :  0.0991  0.0170  0.0040  0.1812  0.4895  0.2092  
85       85   (8)      7 :  0.0400  0.0030  0.0410  0.1832  0.6296  0.1031  
86       86  (10)      7 :  0.0050  0.0130  0.0110  0.1990  0.7680  0.0040  
87       87   (8)      7 :  0.0030  0.1071  0.0541  0.1461  0.6647  0.0250  
88       88  (10)      7 :  0.0020  0.0070  0.0709  0.0110  0.7732  0.1359  
89       89  (25)      7 :  0.0030  0.0020  0.0060  0.9480  0.0040  0.0370  
90       90  (11)      7 :  0.0020  0.0020  0.0020  0.2570  0.7220  0.0150  
91       91  (18)      7 :  0.2560  0.0050  0.0370  0.0080  0.6890  0.0050  
92       92  (13)      7 :  0.0050  0.0020  0.0030  0.1978  0.6104  0.1818  
93       93  (10)      7 :  0.0070  0.0010  0.0160  0.0040  0.9680  0.0040  
94       94  (11)      7 :  0.2773  0.0010  0.0040  0.5275  0.0030  0.1872  
95       95   (7)      7 :  0.0030  0.0350  0.0050  0.1459  0.7762  0.0350  
96       96  (22)      7 :  0.0180  0.0010  0.0010  0.0010  0.9780  0.0010  
97       97   (5)      7 :  0.0090  0.0060  0.0030  0.6617  0.3103  0.0100  
