 1        1   (8)      1 :  0.0010  0.0030  0.9920  0.0020  0.0020  
 2        2   (9)      1 :  0.0040  0.0050  0.4440  0.1340  0.4130  
 3        3   (9)      1 :  0.0030  0.6670  0.2790  0.0100  0.0410  
 4        4  (18)      1 :  0.0020  0.2597  0.3986  0.0989  0.2408  
 5        5  (22)      1 :  0.0010  0.0020  0.0020  0.0010  0.9940  
 6        6   (9)      1 :  0.0280  0.2228  0.1449  0.5465  0.0579  
 7        7  (13)      1 :  0.0020  0.0020  0.7320  0.0370  0.2270  
 8        8  (14)      1 :  0.0010  0.0100  0.3660  0.1880  0.4350  
 9        9   (5)      1 :  0.0010  0.6070  0.2630  0.1140  0.0150  
10       10  (10)      1 :  0.0030  0.1920  0.2660  0.0060  0.5330  
11       11  (21)      1 :  0.0100  0.2318  0.2058  0.5035  0.0490  
12       12   (7)      1 :  0.0550  0.3140  0.1330  0.4190  0.0790  
13       13  (26)      1 :  0.0010  0.0160  0.0580  0.0030  0.9220  
14       14   (8)      2 :  0.0010  0.1210  0.0030  0.8710  0.0040  
15       15   (7)      2 :  0.0020  0.2430  0.0170  0.7360  0.0020  
16       16   (7)      2 :  0.0010  0.0820  0.0250  0.8870  0.0050  
17       17   (7)      2 :  0.0140  0.3307  0.0120  0.6064  0.0370  
18       18  (13)      2 :  0.0010  0.1690  0.1880  0.6400  0.0020  
19       19  (15)      2 :  0.0030  0.1980  0.0040  0.6280  0.1670  
20       20   (6)      2 :  0.0020  0.2110  0.0100  0.7760  0.0010  
21       21   (5)      2 :  0.0010  0.2072  0.0020  0.7888  0.0010  
22       22   (8)      2 :  0.0030  0.4454  0.0040  0.5435  0.0040  
23       23   (5)      2 :  0.0010  0.2830  0.0040  0.6940  0.0180  
24       24  (12)      2 :  0.0010  0.2270  0.0020  0.7680  0.0020  
25       25  (10)      2 :  0.0080  0.0060  0.0040  0.9650  0.0170  
26       26  (10)      2 :  0.0010  0.0010  0.0020  0.9950  0.0010  
27       27  (49)      2 :  0.0050  0.0380  0.0030  0.7980  0.1560  
28       28  (20)      2 :  0.0010  0.3930  0.0040  0.5950  0.0070  
29       29   (9)      3 :  0.0010  0.0080  0.9860  0.0030  0.0020  
30       30   (8)      3 :  0.0010  0.0020  0.9900  0.0010  0.0060  
31       31  (19)      3 :  0.0010  0.0050  0.6867  0.0841  0.2232  
32       32  (13)      3 :  0.0130  0.1952  0.5385  0.2182  0.0350  
33       33   (6)      3 :  0.0150  0.0040  0.4230  0.0020  0.5560  
34       34  (10)      3 :  0.0030  0.0340  0.6833  0.1359  0.1439  
35       35   (4)      3 :  0.0020  0.4270  0.2090  0.1430  0.2190  
36       36  (17)      3 :  0.0070  0.3270  0.4550  0.0020  0.2090  
37       37   (8)      3 :  0.0180  0.2707  0.2438  0.1099  0.3576  
38       38   (9)      3 :  0.0030  0.2480  0.6190  0.0210  0.1090  
39       39  (15)      3 :  0.0760  0.0780  0.7240  0.0940  0.0280  
40       40  (15)      3 :  0.1528  0.0549  0.7153  0.0020  0.0749  
41       41   (5)      4 :  0.0010  0.0020  0.0020  0.8709  0.1241  
42       42   (8)      4 :  0.0030  0.1211  0.0040  0.8689  0.0030  
43       43  (16)      4 :  0.0050  0.2418  0.0140  0.7363  0.0030  
44       44  (33)      4 :  0.0050  0.0030  0.0519  0.8022  0.1379  
45       45  (17)      4 :  0.0030  0.1340  0.0020  0.8570  0.0040  
46       46  (14)      4 :  0.0020  0.2633  0.1281  0.5415  0.0651  
47       47   (5)      4 :  0.0060  0.0110  0.0020  0.9650  0.0160  
48       48  (24)      4 :  0.0060  0.1430  0.0030  0.8050  0.0430  
49       49  (32)      4 :  0.0010  0.3000  0.0030  0.6910  0.0050  
50       50  (24)      4 :  0.0020  0.0110  0.0170  0.9680  0.0020  
51       51  (17)      4 :  0.0030  0.1720  0.0080  0.8140  0.0030  
52       52   (5)      4 :  0.0010  0.0889  0.0040  0.6813  0.2248  
53       53  (11)      4 :  0.0210  0.1720  0.0020  0.7660  0.0390  
54       54   (9)      4 :  0.0100  0.1750  0.0760  0.6310  0.1080  
55       55  (27)      5 :  0.1858  0.2917  0.0150  0.4725  0.0350  
56       56  (15)      5 :  0.0020  0.0160  0.4750  0.2040  0.3030  
57       57  (15)      5 :  0.0030  0.4590  0.1030  0.0050  0.4300  
58       58   (5)      5 :  0.0020  0.0030  0.6204  0.0010  0.3736  
59       59   (7)      5 :  0.0010  0.7353  0.1079  0.1059  0.0500  
60       60   (9)      5 :  0.0520  0.0310  0.7470  0.1630  0.0070  
61       61  (17)      5 :  0.0030  0.2933  0.1952  0.2863  0.2222  
62       62  (10)      5 :  0.0090  0.2737  0.5624  0.0849  0.0699  
63       63  (12)      5 :  0.1461  0.4595  0.0150  0.1151  0.2643  
64       64  (16)      5 :  0.0970  0.2820  0.4140  0.1810  0.0260  
65       65  (17)      5 :  0.0060  0.5360  0.0290  0.1370  0.2920  
66       66  (15)      5 :  0.0150  0.2537  0.4915  0.1558  0.0839  
67       67  (12)      5 :  0.0030  0.9800  0.0130  0.0020  0.0020  
68       68   (8)      5 :  0.0020  0.3810  0.4260  0.1900  0.0010  
69       69  (13)      5 :  0.1059  0.1489  0.3217  0.1279  0.2957  
70       70   (8)      5 :  0.0040  0.3750  0.0390  0.1690  0.4130  
71       71  (19)      6 :  0.0010  0.1758  0.0030  0.8152  0.0050  
72       72   (6)      6 :  0.0010  0.0020  0.0020  0.9930  0.0020  
73       73  (40)      6 :  0.0020  0.0050  0.0030  0.8310  0.1590  
74       74  (25)      6 :  0.0010  0.0030  0.0020  0.9780  0.0160  
75       75  (15)      6 :  0.0160  0.0050  0.0050  0.9120  0.0620  
76       76  (36)      6 :  0.0100  0.1518  0.0849  0.7143  0.0390  
77       77   (8)      6 :  0.1330  0.0100  0.0030  0.8500  0.0040  
78       78   (9)      6 :  0.0060  0.0050  0.0030  0.9770  0.0090  
79       79   (8)      6 :  0.0240  0.1210  0.0070  0.8450  0.0030  
80       80   (8)      6 :  0.0040  0.2270  0.1060  0.6610  0.0020  
81       81   (8)      6 :  0.1470  0.1260  0.0030  0.6830  0.0410  
82       82   (9)      6 :  0.0080  0.0070  0.0030  0.9760  0.0060  
83       83   (9)      5 :  0.0770  0.4760  0.2530  0.0930  0.1010  
84       84  (29)      7 :  0.4850  0.1970  0.1240  0.0100  0.1840  
85       85   (8)      7 :  0.5960  0.2080  0.0290  0.0610  0.1060  
86       86  (10)      7 :  0.7483  0.2178  0.0130  0.0160  0.0050  
87       87   (8)      7 :  0.6364  0.1419  0.1479  0.0629  0.0110  
88       88  (10)      7 :  0.7670  0.0230  0.0040  0.0790  0.1270  
89       89  (25)      7 :  0.0080  0.9399  0.0060  0.0120  0.0340  
90       90  (11)      7 :  0.6873  0.2717  0.0030  0.0030  0.0350  
91       91  (18)      7 :  0.6670  0.0100  0.2720  0.0460  0.0050  
92       92  (13)      7 :  0.5475  0.2322  0.0070  0.0030  0.2102  
93       93  (10)      7 :  0.9700  0.0090  0.0050  0.0130  0.0030  
94       94  (11)      7 :  0.0040  0.5620  0.1740  0.0060  0.2540  
95       95   (7)      7 :  0.7632  0.1538  0.0070  0.0060  0.0699  
96       96  (22)      7 :  0.9950  0.0010  0.0020  0.0010  0.0010  
97       97   (5)      7 :  0.2843  0.6827  0.0100  0.0040  0.0190  
