 1        1   (8)      1 :  0.0010  0.0020  0.9930  0.0020  0.0020  
 2        2   (9)      1 :  0.0030  0.0040  0.4650  0.1320  0.3960  
 3        3   (9)      1 :  0.0050  0.6130  0.3530  0.0080  0.0210  
 4        4  (18)      1 :  0.0020  0.2120  0.4380  0.1100  0.2380  
 5        5  (22)      1 :  0.0010  0.0020  0.0010  0.0010  0.9950  
 6        6   (9)      1 :  0.0360  0.2130  0.1470  0.5360  0.0680  
 7        7  (13)      1 :  0.0020  0.0040  0.6950  0.0500  0.2490  
 8        8  (14)      1 :  0.0010  0.0050  0.3576  0.1988  0.4376  
 9        9   (5)      1 :  0.0010  0.5375  0.2983  0.1411  0.0220  
10       10  (10)      1 :  0.0020  0.2150  0.2780  0.0050  0.5000  
11       11  (21)      1 :  0.0130  0.2000  0.2380  0.5170  0.0320  
12       12   (7)      1 :  0.0721  0.2813  0.1461  0.4314  0.0691  
13       13  (26)      1 :  0.0010  0.0050  0.0180  0.0030  0.9730  
14       14   (8)      2 :  0.0010  0.0840  0.0030  0.9050  0.0070  
15       15   (7)      2 :  0.0020  0.2458  0.0070  0.7433  0.0020  
16       16   (7)      2 :  0.0010  0.1290  0.0290  0.8350  0.0060  
17       17   (7)      2 :  0.0070  0.3310  0.0410  0.6120  0.0090  
18       18  (13)      2 :  0.0010  0.1320  0.2050  0.6610  0.0010  
19       19  (15)      2 :  0.0020  0.1910  0.0030  0.6420  0.1620  
20       20   (6)      2 :  0.0030  0.2140  0.0110  0.7710  0.0010  
21       21   (5)      2 :  0.0020  0.2190  0.0020  0.7760  0.0010  
22       22   (8)      2 :  0.0030  0.4100  0.0040  0.5780  0.0050  
23       23   (5)      2 :  0.0010  0.2720  0.0040  0.6940  0.0290  
24       24  (12)      2 :  0.0010  0.2380  0.0020  0.7570  0.0020  
25       25  (10)      2 :  0.0080  0.0050  0.0040  0.9500  0.0330  
26       26  (10)      2 :  0.0010  0.0010  0.0020  0.9950  0.0010  
27       27  (49)      2 :  0.0050  0.0470  0.0030  0.7920  0.1530  
28       28  (20)      2 :  0.0010  0.3900  0.0060  0.5880  0.0150  
29       29   (9)      3 :  0.0020  0.0080  0.9840  0.0030  0.0030  
30       30   (8)      3 :  0.0010  0.0020  0.9910  0.0010  0.0050  
31       31  (19)      3 :  0.0010  0.0080  0.6990  0.0410  0.2510  
32       32  (13)      3 :  0.0240  0.1848  0.5385  0.2238  0.0290  
33       33   (6)      3 :  0.0200  0.0040  0.4565  0.0030  0.5165  
34       34  (10)      3 :  0.0030  0.0450  0.6913  0.1279  0.1329  
35       35   (4)      3 :  0.0030  0.5095  0.2048  0.0699  0.2128  
36       36  (17)      3 :  0.0130  0.3053  0.4515  0.0020  0.2282  
37       37   (8)      3 :  0.0190  0.2583  0.2643  0.1321  0.3263  
38       38   (9)      3 :  0.0060  0.2402  0.6246  0.0140  0.1151  
39       39  (15)      3 :  0.0870  0.0820  0.7210  0.0690  0.0410  
40       40  (15)      3 :  0.1720  0.0410  0.7210  0.0020  0.0640  
41       41   (5)      4 :  0.0010  0.0020  0.0020  0.8730  0.1220  
42       42   (8)      4 :  0.0030  0.1300  0.0050  0.8590  0.0030  
43       43  (16)      4 :  0.0050  0.2408  0.0150  0.7363  0.0030  
44       44  (33)      4 :  0.0060  0.0040  0.0380  0.7770  0.1750  
45       45  (17)      4 :  0.0040  0.1750  0.0020  0.8160  0.0030  
46       46  (14)      4 :  0.0040  0.2418  0.1189  0.5355  0.0999  
47       47   (5)      4 :  0.0060  0.0180  0.0020  0.9520  0.0220  
48       48  (24)      4 :  0.0130  0.1239  0.0060  0.7952  0.0619  
49       49  (32)      4 :  0.0020  0.2880  0.0040  0.7030  0.0030  
50       50  (24)      4 :  0.0020  0.0110  0.0270  0.9580  0.0020  
51       51  (17)      4 :  0.0070  0.1650  0.0100  0.8150  0.0030  
52       52   (5)      4 :  0.0010  0.0571  0.0040  0.7047  0.2332  
53       53  (11)      4 :  0.0290  0.1600  0.0020  0.7710  0.0380  
54       54   (9)      4 :  0.0050  0.0849  0.0959  0.7023  0.1119  
55       55  (27)      5 :  0.1982  0.2773  0.0100  0.4735  0.0410  
56       56  (15)      5 :  0.0020  0.0270  0.4750  0.2210  0.2750  
57       57  (15)      5 :  0.0040  0.4785  0.1311  0.0040  0.3824  
58       58   (5)      5 :  0.0020  0.0020  0.6284  0.0010  0.3666  
59       59   (7)      5 :  0.0010  0.6380  0.1980  0.1270  0.0360  
60       60   (9)      5 :  0.0510  0.0210  0.7550  0.1660  0.0070  
61       61  (17)      5 :  0.0040  0.2597  0.2078  0.2757  0.2527  
62       62  (10)      5 :  0.0100  0.2710  0.5730  0.0740  0.0720  
63       63  (12)      5 :  0.1512  0.4484  0.0290  0.1091  0.2623  
64       64  (16)      5 :  0.0530  0.3070  0.3990  0.2110  0.0300  
65       65  (17)      5 :  0.0050  0.5534  0.0190  0.1429  0.2797  
66       66  (15)      5 :  0.0240  0.2398  0.4865  0.1568  0.0929  
67       67  (12)      5 :  0.0030  0.9840  0.0090  0.0020  0.0020  
68       68   (8)      5 :  0.0010  0.3984  0.4174  0.1822  0.0010  
69       69  (13)      5 :  0.1170  0.1500  0.3300  0.1440  0.2590  
70       70   (8)      5 :  0.0050  0.2980  0.0740  0.2090  0.4140  
71       71  (19)      6 :  0.0020  0.1200  0.0030  0.8690  0.0060  
72       72   (6)      6 :  0.0010  0.0030  0.0020  0.9920  0.0020  
73       73  (40)      6 :  0.0020  0.0050  0.0030  0.8278  0.1622  
74       74  (25)      6 :  0.0010  0.0040  0.0020  0.9670  0.0260  
75       75  (15)      6 :  0.0210  0.0040  0.0040  0.8740  0.0970  
76       76  (36)      6 :  0.0120  0.1000  0.0880  0.7330  0.0670  
77       77   (8)      6 :  0.1270  0.0060  0.0040  0.8570  0.0060  
78       78   (9)      6 :  0.0060  0.0050  0.0030  0.9760  0.0100  
79       79   (8)      6 :  0.0250  0.1250  0.0080  0.8390  0.0030  
80       80   (8)      6 :  0.0050  0.1942  0.1241  0.6747  0.0020  
81       81   (8)      6 :  0.1490  0.0810  0.0030  0.7170  0.0500  
82       82   (9)      6 :  0.0090  0.0080  0.0030  0.9730  0.0070  
83       83   (9)      5 :  0.0841  0.4424  0.2713  0.0841  0.1181  
84       84  (29)      7 :  0.4925  0.1798  0.1189  0.0060  0.2028  
85       85   (8)      7 :  0.5780  0.1810  0.0370  0.0660  0.1380  
86       86  (10)      7 :  0.7678  0.2012  0.0130  0.0130  0.0050  
87       87   (8)      7 :  0.6204  0.1868  0.1169  0.0659  0.0100  
88       88  (10)      7 :  0.7340  0.0170  0.0040  0.1170  0.1280  
89       89  (25)      7 :  0.0070  0.9540  0.0040  0.0120  0.0230  
90       90  (11)      7 :  0.6947  0.2753  0.0040  0.0020  0.0240  
91       91  (18)      7 :  0.6940  0.0150  0.2530  0.0320  0.0060  
92       92  (13)      7 :  0.5866  0.2042  0.0060  0.0020  0.2012  
93       93  (10)      7 :  0.9640  0.0060  0.0050  0.0210  0.0040  
94       94  (11)      7 :  0.0050  0.5520  0.1600  0.0050  0.2780  
95       95   (7)      7 :  0.7622  0.1558  0.0060  0.0060  0.0699  
96       96  (22)      7 :  0.9940  0.0010  0.0020  0.0010  0.0020  
97       97   (5)      7 :  0.2917  0.6543  0.0080  0.0040  0.0420  
