 1        1   (8)      1 :  0.0010  0.0030  0.0030  0.9930  
 2        2   (9)      1 :  0.0060  0.1622  0.0050  0.8268  
 3        3   (9)      1 :  0.0050  0.0150  0.6960  0.2840  
 4        4  (18)      1 :  0.0020  0.1140  0.2990  0.5850  
 5        5  (22)      1 :  0.0510  0.0030  0.3110  0.6350  
 6        6   (9)      1 :  0.0260  0.5680  0.1860  0.2200  
 7        7  (13)      1 :  0.0020  0.0550  0.0050  0.9380  
 8        8  (14)      1 :  0.0020  0.2420  0.0090  0.7470  
 9        9   (5)      1 :  0.0010  0.1050  0.6000  0.2940  
10       10  (10)      1 :  0.0050  0.0850  0.2650  0.6450  
11       11  (21)      1 :  0.0080  0.5250  0.2470  0.2200  
12       12   (7)      1 :  0.0410  0.4580  0.3420  0.1590  
13       13  (26)      1 :  0.0020  0.0020  0.3714  0.6246  
14       14   (8)      2 :  0.0010  0.8920  0.1040  0.0030  
15       15   (7)      2 :  0.0020  0.7257  0.2683  0.0040  
16       16   (7)      2 :  0.0010  0.9400  0.0370  0.0220  
17       17   (7)      2 :  0.0070  0.6274  0.3506  0.0150  
18       18  (13)      2 :  0.0010  0.6640  0.2240  0.1110  
19       19  (15)      2 :  0.0040  0.6270  0.3650  0.0040  
20       20   (6)      2 :  0.0030  0.8220  0.1700  0.0050  
21       21   (5)      2 :  0.0020  0.8192  0.1768  0.0020  
22       22   (8)      2 :  0.0040  0.5910  0.4010  0.0040  
23       23   (5)      2 :  0.0010  0.7460  0.2480  0.0050  
24       24  (12)      2 :  0.0010  0.7600  0.2370  0.0020  
25       25  (10)      2 :  0.0200  0.9610  0.0110  0.0080  
26       26  (10)      2 :  0.0010  0.9970  0.0010  0.0010  
27       27  (49)      2 :  0.0030  0.8340  0.1580  0.0050  
28       28  (20)      2 :  0.0010  0.5500  0.4450  0.0040  
29       29   (9)      3 :  0.0010  0.0050  0.0180  0.9760  
30       30   (8)      3 :  0.0010  0.0010  0.0020  0.9960  
31       31  (19)      3 :  0.0010  0.1050  0.0070  0.8870  
32       32  (13)      3 :  0.0130  0.2120  0.1630  0.6120  
33       33   (6)      3 :  0.1100  0.0170  0.0130  0.8600  
34       34  (10)      3 :  0.0030  0.1440  0.0600  0.7930  
35       35   (4)      3 :  0.0040  0.1740  0.4120  0.4100  
36       36  (17)      3 :  0.0060  0.0020  0.3300  0.6620  
37       37   (8)      3 :  0.0150  0.1610  0.2470  0.5770  
38       38   (9)      3 :  0.0030  0.0420  0.2360  0.7190  
39       39  (15)      3 :  0.0670  0.0850  0.0700  0.7780  
40       40  (15)      3 :  0.1660  0.0020  0.0290  0.8030  
41       41   (5)      4 :  0.0030  0.9810  0.0090  0.0070  
42       42   (8)      4 :  0.0040  0.9010  0.0910  0.0040  
43       43  (16)      4 :  0.0050  0.7600  0.2280  0.0070  
44       44  (33)      4 :  0.0050  0.8270  0.0040  0.1640  
45       45  (17)      4 :  0.0050  0.8430  0.1500  0.0020  
46       46  (14)      4 :  0.0030  0.5500  0.2460  0.2010  
47       47   (5)      4 :  0.0040  0.9660  0.0280  0.0020  
48       48  (24)      4 :  0.0040  0.8370  0.1560  0.0030  
49       49  (32)      4 :  0.0010  0.7508  0.2442  0.0040  
50       50  (24)      4 :  0.0020  0.9790  0.0120  0.0070  
51       51  (17)      4 :  0.0080  0.8530  0.1320  0.0070  
52       52   (5)      4 :  0.0020  0.7113  0.2128  0.0739  
53       53  (11)      4 :  0.0260  0.8110  0.1610  0.0020  
54       54   (9)      4 :  0.0050  0.6610  0.2090  0.1250  
55       55  (27)      5 :  0.1578  0.5075  0.3107  0.0240  
56       56  (15)      5 :  0.0020  0.2500  0.0170  0.7310  
57       57  (15)      5 :  0.0130  0.0080  0.5090  0.4700  
58       58   (5)      5 :  0.0020  0.0010  0.0130  0.9840  
59       59   (7)      5 :  0.0010  0.1180  0.7800  0.1010  
60       60   (9)      5 :  0.0430  0.1930  0.0190  0.7450  
61       61  (17)      5 :  0.0030  0.3050  0.3300  0.3620  
62       62  (10)      5 :  0.0070  0.1059  0.2607  0.6264  
63       63  (12)      5 :  0.1350  0.1490  0.5240  0.1920  
64       64  (16)      5 :  0.0420  0.2222  0.2773  0.4585  
65       65  (17)      5 :  0.0060  0.1812  0.5345  0.2783  
66       66  (15)      5 :  0.0200  0.1890  0.2270  0.5640  
67       67  (12)      5 :  0.0190  0.0070  0.9049  0.0691  
68       68   (8)      5 :  0.0010  0.2452  0.3634  0.3904  
69       69  (13)      5 :  0.1330  0.1600  0.1430  0.5640  
70       70   (8)      5 :  0.0070  0.2210  0.3660  0.4060  
71       71  (19)      6 :  0.0020  0.9360  0.0590  0.0030  
72       72   (6)      6 :  0.0010  0.9950  0.0020  0.0020  
73       73  (40)      6 :  0.0020  0.9800  0.0090  0.0090  
74       74  (25)      6 :  0.0010  0.9940  0.0030  0.0020  
75       75  (15)      6 :  0.0190  0.9690  0.0050  0.0070  
76       76  (36)      6 :  0.0120  0.6933  0.2118  0.0829  
77       77   (8)      6 :  0.1229  0.8681  0.0050  0.0040  
78       78   (9)      6 :  0.0030  0.9910  0.0030  0.0030  
79       79   (8)      6 :  0.0270  0.8919  0.0761  0.0050  
80       80   (8)      6 :  0.0040  0.6910  0.2070  0.0980  
81       81   (8)      6 :  0.1650  0.7260  0.1050  0.0040  
82       82   (9)      6 :  0.0100  0.9830  0.0040  0.0030  
83       83   (9)      5 :  0.0850  0.0790  0.5000  0.3360  
84       84  (29)      7 :  0.4710  0.0090  0.2240  0.2960  
85       85   (8)      7 :  0.6216  0.0611  0.2232  0.0941  
86       86  (10)      7 :  0.7590  0.0180  0.2130  0.0100  
87       87   (8)      7 :  0.6226  0.0801  0.1702  0.1271  
88       88  (10)      7 :  0.7862  0.1518  0.0380  0.0240  
89       89  (25)      7 :  0.0040  0.0140  0.9750  0.0070  
90       90  (11)      7 :  0.6730  0.0020  0.3200  0.0050  
91       91  (18)      7 :  0.6840  0.0340  0.0140  0.2680  
92       92  (13)      7 :  0.6290  0.0040  0.3210  0.0460  
93       93  (10)      7 :  0.9610  0.0200  0.0140  0.0050  
94       94  (11)      7 :  0.0050  0.0070  0.6114  0.3766  
95       95   (7)      7 :  0.7718  0.0110  0.2062  0.0110  
96       96  (22)      7 :  0.9940  0.0020  0.0010  0.0030  
97       97   (5)      7 :  0.2660  0.0040  0.7210  0.0090  
