 1        1   (8)      1 :  0.9930  0.0020  0.0010  0.0020  0.0010  0.0010  
 2        2   (9)      1 :  0.3910  0.1460  0.0230  0.0020  0.0030  0.4350  
 3        3   (9)      1 :  0.0110  0.9790  0.0020  0.0020  0.0010  0.0050  
 4        4  (18)      1 :  0.3410  0.3360  0.0510  0.0040  0.0010  0.2670  
 5        5  (22)      1 :  0.0010  0.0010  0.0010  0.0010  0.0010  0.9950  
 6        6   (9)      1 :  0.1840  0.0040  0.5530  0.1980  0.0190  0.0420  
 7        7  (13)      1 :  0.6474  0.0080  0.0260  0.0030  0.0010  0.3147  
 8        8  (14)      1 :  0.2590  0.1540  0.0530  0.0050  0.0010  0.5280  
 9        9   (5)      1 :  0.1960  0.7960  0.0040  0.0010  0.0010  0.0020  
10       10  (10)      1 :  0.2690  0.0100  0.0040  0.2230  0.0020  0.4920  
11       11  (21)      1 :  0.0830  0.2560  0.5390  0.0310  0.0070  0.0840  
12       12   (7)      1 :  0.0400  0.1740  0.3900  0.2620  0.0520  0.0820  
13       13  (26)      1 :  0.0030  0.0190  0.0010  0.0020  0.0010  0.9740  
14       14   (8)      2 :  0.0030  0.0170  0.9260  0.0500  0.0010  0.0030  
15       15   (7)      2 :  0.0030  0.2460  0.7420  0.0060  0.0010  0.0020  
16       16   (7)      2 :  0.0270  0.0160  0.9440  0.0060  0.0010  0.0060  
17       17   (7)      2 :  0.0040  0.0080  0.6204  0.3596  0.0020  0.0060  
18       18  (13)      2 :  0.1430  0.1740  0.6770  0.0040  0.0010  0.0010  
19       19  (15)      2 :  0.0030  0.0851  0.7067  0.0160  0.0020  0.1872  
20       20   (6)      2 :  0.0200  0.0030  0.8010  0.1730  0.0020  0.0010  
21       21   (5)      2 :  0.0010  0.1548  0.8232  0.0180  0.0020  0.0010  
22       22   (8)      2 :  0.0040  0.0740  0.5760  0.3410  0.0020  0.0030  
23       23   (5)      2 :  0.0040  0.0020  0.7530  0.2130  0.0010  0.0270  
24       24  (12)      2 :  0.0020  0.1050  0.8460  0.0440  0.0010  0.0020  
25       25  (10)      2 :  0.0010  0.0739  0.9161  0.0020  0.0030  0.0040  
26       26  (10)      2 :  0.0010  0.0010  0.9950  0.0010  0.0010  0.0010  
27       27  (49)      2 :  0.0020  0.0300  0.8240  0.0330  0.0040  0.1070  
28       28  (20)      2 :  0.0070  0.2710  0.6840  0.0290  0.0010  0.0080  
29       29   (9)      3 :  0.9860  0.0050  0.0030  0.0030  0.0010  0.0020  
30       30   (8)      3 :  0.9790  0.0010  0.0010  0.0010  0.0010  0.0170  
31       31  (19)      3 :  0.6770  0.0020  0.0390  0.0090  0.0010  0.2720  
32       32  (13)      3 :  0.5455  0.0040  0.2198  0.1918  0.0080  0.0310  
33       33   (6)      3 :  0.4046  0.0150  0.0020  0.0030  0.0290  0.5465  
34       34  (10)      3 :  0.6560  0.0160  0.1120  0.0770  0.0020  0.1370  
35       35   (4)      3 :  0.1790  0.0030  0.0270  0.6400  0.0010  0.1500  
36       36  (17)      3 :  0.3846  0.0100  0.0020  0.3946  0.0030  0.2058  
37       37   (8)      3 :  0.1240  0.0060  0.0780  0.3870  0.0040  0.4010  
38       38   (9)      3 :  0.6024  0.1149  0.0100  0.1938  0.0030  0.0759  
39       39  (15)      3 :  0.7180  0.0670  0.0790  0.0140  0.0750  0.0470  
40       40  (15)      3 :  0.7140  0.0060  0.0020  0.0560  0.1680  0.0540  
41       41   (5)      4 :  0.0010  0.0010  0.9070  0.0020  0.0010  0.0880  
42       42   (8)      4 :  0.0050  0.0230  0.9191  0.0450  0.0040  0.0040  
43       43  (16)      4 :  0.0070  0.2052  0.7758  0.0050  0.0050  0.0020  
44       44  (33)      4 :  0.0640  0.0030  0.7490  0.0030  0.0080  0.1730  
45       45  (17)      4 :  0.0020  0.0020  0.8428  0.1481  0.0020  0.0030  
46       46  (14)      4 :  0.0430  0.3020  0.5620  0.0050  0.0030  0.0850  
47       47   (5)      4 :  0.0020  0.0060  0.9590  0.0060  0.0050  0.0220  
48       48  (24)      4 :  0.0030  0.0410  0.8210  0.0840  0.0070  0.0440  
49       49  (32)      4 :  0.0030  0.0030  0.6840  0.3050  0.0010  0.0040  
50       50  (24)      4 :  0.0150  0.0070  0.9650  0.0090  0.0020  0.0020  
51       51  (17)      4 :  0.0060  0.0690  0.7970  0.1210  0.0040  0.0030  
52       52   (5)      4 :  0.0030  0.0250  0.7040  0.0100  0.0010  0.2570  
53       53  (11)      4 :  0.0010  0.0030  0.8150  0.1320  0.0170  0.0320  
54       54   (9)      4 :  0.0420  0.0440  0.6260  0.1440  0.0030  0.1410  
55       55  (27)      5 :  0.0070  0.0290  0.5220  0.2630  0.1590  0.0200  
56       56  (15)      5 :  0.3826  0.0040  0.1029  0.1459  0.0020  0.3626  
57       57  (15)      5 :  0.0150  0.0360  0.0020  0.5940  0.0030  0.3500  
58       58   (5)      5 :  0.5085  0.1139  0.0010  0.0020  0.0020  0.3726  
59       59   (7)      5 :  0.0020  0.9130  0.0160  0.0210  0.0010  0.0470  
60       60   (9)      5 :  0.7107  0.0030  0.1371  0.1231  0.0120  0.0140  
61       61  (17)      5 :  0.1420  0.1250  0.2050  0.2610  0.0020  0.2650  
62       62  (10)      5 :  0.5576  0.1291  0.0430  0.2092  0.0040  0.0571  
63       63  (12)      5 :  0.0070  0.0939  0.0829  0.4456  0.1209  0.2498  
64       64  (16)      5 :  0.3876  0.1588  0.2048  0.1479  0.0400  0.0609  
65       65  (17)      5 :  0.0160  0.0030  0.0420  0.6950  0.0020  0.2420  
66       66  (15)      5 :  0.4685  0.0270  0.1552  0.2563  0.0110  0.0821  
67       67  (12)      5 :  0.0080  0.0780  0.0020  0.9090  0.0010  0.0020  
68       68   (8)      5 :  0.4735  0.0370  0.2282  0.2593  0.0010  0.0010  
69       69  (13)      5 :  0.2783  0.0681  0.0971  0.1421  0.1331  0.2813  
70       70   (8)      5 :  0.0120  0.1662  0.1191  0.2603  0.0020  0.4404  
71       71  (19)      6 :  0.0020  0.0270  0.9360  0.0300  0.0010  0.0040  
72       72   (6)      6 :  0.0010  0.0010  0.9930  0.0020  0.0010  0.0020  
73       73  (40)      6 :  0.0020  0.0030  0.8328  0.0050  0.0020  0.1552  
74       74  (25)      6 :  0.0010  0.0080  0.9810  0.0030  0.0010  0.0060  
75       75  (15)      6 :  0.0040  0.0020  0.9260  0.0050  0.0140  0.0490  
76       76  (36)      6 :  0.0881  0.0100  0.7628  0.1171  0.0050  0.0170  
77       77   (8)      6 :  0.0010  0.0810  0.7940  0.0020  0.1170  0.0050  
78       78   (9)      6 :  0.0030  0.0020  0.9780  0.0090  0.0030  0.0050  
79       79   (8)      6 :  0.0060  0.0340  0.8500  0.0760  0.0310  0.0030  
80       80   (8)      6 :  0.0950  0.1920  0.6870  0.0210  0.0030  0.0020  
81       81   (8)      6 :  0.0020  0.0260  0.7538  0.0150  0.1612  0.0420  
82       82   (9)      6 :  0.0020  0.0010  0.9250  0.0630  0.0060  0.0030  
83       83   (9)      5 :  0.2342  0.1191  0.0671  0.4585  0.0170  0.1041  
84       84  (29)      7 :  0.1508  0.0050  0.0060  0.2158  0.4565  0.1658  
85       85   (8)      7 :  0.0130  0.1119  0.0310  0.1768  0.5954  0.0719  
86       86  (10)      7 :  0.0070  0.0290  0.0090  0.1778  0.7732  0.0040  
87       87   (8)      7 :  0.1000  0.0060  0.0450  0.2090  0.6310  0.0090  
88       88  (10)      7 :  0.0030  0.0020  0.0480  0.0780  0.7460  0.1230  
89       89  (25)      7 :  0.0030  0.0550  0.0110  0.9240  0.0020  0.0050  
90       90  (11)      7 :  0.0020  0.0040  0.0010  0.3040  0.6760  0.0130  
91       91  (18)      7 :  0.2342  0.0090  0.0180  0.0080  0.7277  0.0030  
92       92  (13)      7 :  0.0030  0.0350  0.0020  0.2540  0.6090  0.0970  
93       93  (10)      7 :  0.0030  0.0110  0.0110  0.0030  0.9700  0.0020  
94       94  (11)      7 :  0.1109  0.1728  0.0060  0.4605  0.0030  0.2468  
95       95   (7)      7 :  0.0040  0.0020  0.0060  0.2462  0.7047  0.0370  
96       96  (22)      7 :  0.0020  0.0010  0.0010  0.0010  0.9940  0.0010  
97       97   (5)      7 :  0.0020  0.0040  0.0020  0.9401  0.0490  0.0030  
