 1        1   (8)      1 :  0.9960  0.0010  0.0030  
 2        2   (9)      1 :  0.8560  0.0040  0.1400  
 3        3   (9)      1 :  0.8670  0.0090  0.1240  
 4        4  (18)      1 :  0.7960  0.0020  0.2020  
 5        5  (22)      1 :  0.9410  0.0560  0.0030  
 6        6   (9)      1 :  0.3060  0.0160  0.6780  
 7        7  (13)      1 :  0.9270  0.0010  0.0720  
 8        8  (14)      1 :  0.8030  0.0010  0.1960  
 9        9   (5)      1 :  0.7600  0.0020  0.2380  
10       10  (10)      1 :  0.8550  0.0050  0.1400  
11       11  (21)      1 :  0.3630  0.0100  0.6270  
12       12   (7)      1 :  0.3610  0.0880  0.5510  
13       13  (26)      1 :  0.9930  0.0030  0.0040  
14       14   (8)      2 :  0.0090  0.0010  0.9900  
15       15   (7)      2 :  0.0780  0.0020  0.9200  
16       16   (7)      2 :  0.0090  0.0010  0.9900  
17       17   (7)      2 :  0.2260  0.0100  0.7640  
18       18  (13)      2 :  0.2140  0.0010  0.7850  
19       19  (15)      2 :  0.0950  0.0470  0.8580  
20       20   (6)      2 :  0.0120  0.0060  0.9820  
21       21   (5)      2 :  0.0020  0.0030  0.9950  
22       22   (8)      2 :  0.1340  0.0060  0.8600  
23       23   (5)      2 :  0.0930  0.0010  0.9060  
24       24  (12)      2 :  0.0040  0.0010  0.9950  
25       25  (10)      2 :  0.0080  0.0040  0.9880  
26       26  (10)      2 :  0.0010  0.0010  0.9980  
27       27  (49)      2 :  0.0110  0.0050  0.9840  
28       28  (20)      2 :  0.1650  0.0010  0.8340  
29       29   (9)      3 :  0.9910  0.0010  0.0080  
30       30   (8)      3 :  0.9980  0.0010  0.0010  
31       31  (19)      3 :  0.9300  0.0010  0.0690  
32       32  (13)      3 :  0.7130  0.0120  0.2750  
33       33   (6)      3 :  0.9000  0.0940  0.0060  
34       34  (10)      3 :  0.8510  0.0020  0.1470  
35       35   (4)      3 :  0.6770  0.0050  0.3180  
36       36  (17)      3 :  0.9860  0.0100  0.0040  
37       37   (8)      3 :  0.7590  0.0390  0.2020  
38       38   (9)      3 :  0.9050  0.0030  0.0920  
39       39  (15)      3 :  0.8282  0.0490  0.1229  
40       40  (15)      3 :  0.8350  0.1620  0.0030  
41       41   (5)      4 :  0.0030  0.0010  0.9960  
42       42   (8)      4 :  0.0050  0.0060  0.9890  
43       43  (16)      4 :  0.0250  0.0090  0.9660  
44       44  (33)      4 :  0.1768  0.0080  0.8152  
45       45  (17)      4 :  0.0050  0.0050  0.9900  
46       46  (14)      4 :  0.3327  0.0030  0.6643  
47       47   (5)      4 :  0.0020  0.0030  0.9950  
48       48  (24)      4 :  0.0150  0.0340  0.9510  
49       49  (32)      4 :  0.0300  0.0020  0.9680  
50       50  (24)      4 :  0.0060  0.0020  0.9920  
51       51  (17)      4 :  0.0530  0.0120  0.9350  
52       52   (5)      4 :  0.2230  0.0020  0.7750  
53       53  (11)      4 :  0.0040  0.0490  0.9469  
54       54   (9)      4 :  0.2010  0.0040  0.7950  
55       55  (27)      5 :  0.1662  0.1972  0.6366  
56       56  (15)      5 :  0.7780  0.0010  0.2210  
57       57  (15)      5 :  0.7740  0.1880  0.0380  
58       58   (5)      5 :  0.9970  0.0020  0.0010  
59       59   (7)      5 :  0.6360  0.0030  0.3610  
60       60   (9)      5 :  0.7740  0.0250  0.2010  
61       61  (17)      5 :  0.6290  0.0060  0.3650  
62       62  (10)      5 :  0.8280  0.0090  0.1630  
63       63  (12)      5 :  0.5440  0.2190  0.2370  
64       64  (16)      5 :  0.6244  0.0629  0.3127  
65       65  (17)      5 :  0.6016  0.0290  0.3694  
66       66  (15)      5 :  0.7370  0.0310  0.2320  
67       67  (12)      5 :  0.6350  0.1640  0.2010  
68       68   (8)      5 :  0.6424  0.0020  0.3556  
69       69  (13)      5 :  0.6420  0.1530  0.2050  
70       70   (8)      5 :  0.6540  0.0140  0.3320  
71       71  (19)      6 :  0.0030  0.0010  0.9960  
72       72   (6)      6 :  0.0010  0.0010  0.9980  
73       73  (40)      6 :  0.0090  0.0020  0.9890  
74       74  (25)      6 :  0.0020  0.0010  0.9970  
75       75  (15)      6 :  0.0060  0.0240  0.9700  
76       76  (36)      6 :  0.1420  0.0140  0.8440  
77       77   (8)      6 :  0.0030  0.1149  0.8821  
78       78   (9)      6 :  0.0030  0.0040  0.9930  
79       79   (8)      6 :  0.0100  0.0220  0.9680  
80       80   (8)      6 :  0.1808  0.0070  0.8122  
81       81   (8)      6 :  0.0060  0.1610  0.8330  
82       82   (9)      6 :  0.0030  0.0110  0.9860  
83       83   (9)      5 :  0.6110  0.0970  0.2920  
84       84  (29)      7 :  0.4430  0.5410  0.0160  
85       85   (8)      7 :  0.2330  0.6460  0.1210  
86       86  (10)      7 :  0.0940  0.8580  0.0480  
87       87   (8)      7 :  0.2250  0.6430  0.1320  
88       88  (10)      7 :  0.0410  0.8140  0.1450  
89       89  (25)      7 :  0.4370  0.3060  0.2570  
90       90  (11)      7 :  0.1021  0.8939  0.0040  
91       91  (18)      7 :  0.2710  0.7050  0.0240  
92       92  (13)      7 :  0.2452  0.7487  0.0060  
93       93  (10)      7 :  0.0090  0.9700  0.0210  
94       94  (11)      7 :  0.6907  0.1041  0.2052  
95       95   (7)      7 :  0.0770  0.8840  0.0390  
96       96  (22)      7 :  0.0020  0.9970  0.0010  
97       97   (5)      7 :  0.4925  0.4565  0.0511  
