 1        1   (8)      1 :  0.0010  0.0030  0.0030  0.9930  
 2        2   (9)      1 :  0.0050  0.1460  0.3920  0.4570  
 3        3   (9)      1 :  0.0050  0.0880  0.6160  0.2910  
 4        4  (18)      1 :  0.0020  0.1678  0.3956  0.4346  
 5        5  (22)      1 :  0.0010  0.0020  0.9930  0.0040  
 6        6   (9)      1 :  0.0340  0.6710  0.0990  0.1960  
 7        7  (13)      1 :  0.0020  0.0380  0.0699  0.8901  
 8        8  (14)      1 :  0.0010  0.2000  0.3370  0.4620  
 9        9   (5)      1 :  0.0010  0.1882  0.4805  0.3303  
10       10  (10)      1 :  0.0020  0.0200  0.6660  0.3120  
11       11  (21)      1 :  0.0100  0.5910  0.1410  0.2580  
12       12   (7)      1 :  0.0520  0.5310  0.2800  0.1370  
13       13  (26)      1 :  0.0010  0.0030  0.9440  0.0520  
14       14   (8)      2 :  0.0010  0.9170  0.0800  0.0020  
15       15   (7)      2 :  0.0020  0.8680  0.0260  0.1040  
16       16   (7)      2 :  0.0010  0.9800  0.0030  0.0160  
17       17   (7)      2 :  0.0110  0.7270  0.2570  0.0050  
18       18  (13)      2 :  0.0010  0.7838  0.0110  0.2042  
19       19  (15)      2 :  0.0030  0.7500  0.2410  0.0060  
20       20   (6)      2 :  0.0030  0.9540  0.0040  0.0390  
21       21   (5)      2 :  0.0020  0.9920  0.0040  0.0020  
22       22   (8)      2 :  0.0060  0.7590  0.2150  0.0200  
23       23   (5)      2 :  0.0010  0.8370  0.1540  0.0080  
24       24  (12)      2 :  0.0010  0.9790  0.0170  0.0030  
25       25  (10)      2 :  0.0050  0.9800  0.0110  0.0040  
26       26  (10)      2 :  0.0010  0.9970  0.0010  0.0010  
27       27  (49)      2 :  0.0040  0.8799  0.1131  0.0030  
28       28  (20)      2 :  0.0010  0.7958  0.2002  0.0030  
29       29   (9)      3 :  0.0010  0.0020  0.0030  0.9940  
30       30   (8)      3 :  0.0010  0.0010  0.0020  0.9960  
31       31  (19)      3 :  0.0020  0.0860  0.1310  0.7810  
32       32  (13)      3 :  0.0110  0.2600  0.2000  0.5290  
33       33   (6)      3 :  0.0490  0.0030  0.5220  0.4260  
34       34  (10)      3 :  0.0020  0.1351  0.1812  0.6817  
35       35   (4)      3 :  0.0030  0.2620  0.5310  0.2040  
36       36  (17)      3 :  0.0060  0.0030  0.5544  0.4366  
37       37   (8)      3 :  0.0120  0.1522  0.5465  0.2893  
38       38   (9)      3 :  0.0030  0.0521  0.3193  0.6256  
39       39  (15)      3 :  0.0750  0.1340  0.0350  0.7560  
40       40  (15)      3 :  0.1310  0.0020  0.1640  0.7030  
41       41   (5)      4 :  0.0010  0.9240  0.0730  0.0020  
42       42   (8)      4 :  0.0030  0.9880  0.0050  0.0040  
43       43  (16)      4 :  0.0080  0.9440  0.0100  0.0380  
44       44  (33)      4 :  0.0090  0.8452  0.0130  0.1329  
45       45  (17)      4 :  0.0040  0.9490  0.0450  0.0020  
46       46  (14)      4 :  0.0030  0.6600  0.1070  0.2300  
47       47   (5)      4 :  0.0030  0.9920  0.0030  0.0020  
48       48  (24)      4 :  0.0060  0.9300  0.0580  0.0060  
49       49  (32)      4 :  0.0020  0.9250  0.0680  0.0050  
50       50  (24)      4 :  0.0020  0.9860  0.0040  0.0080  
51       51  (17)      4 :  0.0080  0.9210  0.0590  0.0120  
52       52   (5)      4 :  0.0010  0.7280  0.2670  0.0040  
53       53  (11)      4 :  0.0200  0.8730  0.1050  0.0020  
54       54   (9)      4 :  0.0090  0.7130  0.1910  0.0870  
55       55  (27)      5 :  0.1792  0.5536  0.2432  0.0240  
56       56  (15)      5 :  0.0020  0.2388  0.2208  0.5385  
57       57  (15)      5 :  0.0030  0.0110  0.9600  0.0260  
58       58   (5)      5 :  0.0020  0.0010  0.3660  0.6310  
59       59   (7)      5 :  0.0010  0.2462  0.6376  0.1151  
60       60   (9)      5 :  0.0520  0.1800  0.0050  0.7630  
61       61  (17)      5 :  0.0040  0.3646  0.4026  0.2288  
62       62  (10)      5 :  0.0070  0.1500  0.2710  0.5720  
63       63  (12)      5 :  0.1380  0.2140  0.6230  0.0250  
64       64  (16)      5 :  0.0950  0.2860  0.1660  0.4530  
65       65  (17)      5 :  0.0060  0.2690  0.7050  0.0200  
66       66  (15)      5 :  0.0170  0.2050  0.2870  0.4910  
67       67  (12)      5 :  0.0640  0.1130  0.7770  0.0460  
68       68   (8)      5 :  0.0020  0.3430  0.1490  0.5060  
69       69  (13)      5 :  0.0960  0.1630  0.3850  0.3560  
70       70   (8)      5 :  0.0030  0.2450  0.6850  0.0670  
71       71  (19)      6 :  0.0010  0.9570  0.0400  0.0020  
72       72   (6)      6 :  0.0010  0.9960  0.0020  0.0010  
73       73  (40)      6 :  0.0020  0.9209  0.0741  0.0030  
74       74  (25)      6 :  0.0010  0.9930  0.0040  0.0020  
75       75  (15)      6 :  0.0170  0.9670  0.0110  0.0050  
76       76  (36)      6 :  0.0130  0.7948  0.1131  0.0791  
77       77   (8)      6 :  0.1100  0.8830  0.0030  0.0040  
78       78   (9)      6 :  0.0030  0.9910  0.0040  0.0020  
79       79   (8)      6 :  0.0310  0.9500  0.0110  0.0080  
80       80   (8)      6 :  0.0050  0.7870  0.0940  0.1140  
81       81   (8)      6 :  0.1410  0.7610  0.0960  0.0020  
82       82   (9)      6 :  0.0050  0.9880  0.0050  0.0020  
83       83   (9)      5 :  0.0609  0.2398  0.4625  0.2368  
84       84  (29)      7 :  0.4735  0.0130  0.3856  0.1279  
85       85   (8)      7 :  0.5930  0.0840  0.3020  0.0210  
86       86  (10)      7 :  0.7868  0.0420  0.1401  0.0310  
87       87   (8)      7 :  0.6326  0.1071  0.1141  0.1461  
88       88  (10)      7 :  0.7660  0.1180  0.1100  0.0060  
89       89  (25)      7 :  0.0220  0.2010  0.7670  0.0100  
90       90  (11)      7 :  0.6650  0.0020  0.3300  0.0030  
91       91  (18)      7 :  0.6670  0.0490  0.0100  0.2740  
92       92  (13)      7 :  0.5220  0.0040  0.4690  0.0050  
93       93  (10)      7 :  0.9670  0.0210  0.0070  0.0050  
94       94  (11)      7 :  0.0050  0.0510  0.7470  0.1970  
95       95   (7)      7 :  0.7640  0.0090  0.2210  0.0060  
96       96  (22)      7 :  0.9950  0.0010  0.0010  0.0030  
97       97   (5)      7 :  0.2880  0.0080  0.6950  0.0090  
