 1        1   (8)      1 :  0.0010  0.0010  0.9950  0.0010  0.0010  0.0000  0.0010  
 2        2   (9)      1 :  0.2280  0.0030  0.0310  0.0160  0.0180  0.0040  0.7000  
 3        3   (9)      1 :  0.0200  0.5175  0.0380  0.1958  0.0010  0.0030  0.2248  
 4        4  (18)      1 :  0.2723  0.2142  0.0040  0.0731  0.0380  0.0010  0.3974  
 5        5  (22)      1 :  0.0020  0.0020  0.0010  0.0010  0.0010  0.0020  0.9910  
 6        6   (9)      1 :  0.1970  0.0470  0.0090  0.2940  0.3750  0.0050  0.0730  
 7        7  (13)      1 :  0.4276  0.0030  0.0140  0.0200  0.0160  0.0010  0.5185  
 8        8  (14)      1 :  0.0370  0.0080  0.0731  0.0140  0.1171  0.0010  0.7497  
 9        9   (5)      1 :  0.2770  0.5720  0.0020  0.0050  0.1360  0.0010  0.0070  
10       10  (10)      1 :  0.2490  0.2070  0.0010  0.0020  0.0160  0.0020  0.5230  
11       11  (21)      1 :  0.0240  0.1700  0.0110  0.3420  0.2550  0.0070  0.1910  
12       12   (7)      1 :  0.0030  0.2533  0.0761  0.1011  0.3253  0.0470  0.1942  
13       13  (26)      1 :  0.0140  0.0030  0.0010  0.0020  0.0010  0.0010  0.9780  
14       14   (8)      2 :  0.0220  0.0869  0.0010  0.0889  0.7982  0.0010  0.0020  
15       15   (7)      2 :  0.0050  0.2068  0.0020  0.1239  0.6583  0.0020  0.0020  
16       16   (7)      2 :  0.0070  0.0020  0.0020  0.9830  0.0040  0.0010  0.0010  
17       17   (7)      2 :  0.0020  0.0180  0.0689  0.4665  0.2897  0.0040  0.1508  
18       18  (13)      2 :  0.0480  0.1009  0.0649  0.4276  0.3536  0.0010  0.0040  
19       19  (15)      2 :  0.0020  0.0170  0.0020  0.7812  0.0519  0.0030  0.1429  
20       20   (6)      2 :  0.0510  0.0610  0.0020  0.4340  0.4480  0.0020  0.0020  
21       21   (5)      2 :  0.0010  0.0050  0.0010  0.7377  0.2533  0.0010  0.0010  
22       22   (8)      2 :  0.0030  0.3470  0.0020  0.1700  0.4690  0.0020  0.0070  
23       23   (5)      2 :  0.0250  0.0110  0.0010  0.6693  0.2418  0.0010  0.0509  
24       24  (12)      2 :  0.0020  0.0040  0.0020  0.8002  0.1878  0.0010  0.0030  
25       25  (10)      2 :  0.0070  0.0040  0.0010  0.0821  0.8899  0.0030  0.0130  
26       26  (10)      2 :  0.0010  0.0010  0.0010  0.3187  0.6763  0.0010  0.0010  
27       27  (49)      2 :  0.0020  0.0671  0.0430  0.2282  0.6386  0.0040  0.0170  
28       28  (20)      2 :  0.0030  0.1880  0.0040  0.7880  0.0080  0.0010  0.0080  
29       29   (9)      3 :  0.9520  0.0060  0.0130  0.0180  0.0020  0.0010  0.0080  
30       30   (8)      3 :  0.9930  0.0010  0.0020  0.0010  0.0010  0.0000  0.0020  
31       31  (19)      3 :  0.2120  0.0060  0.2860  0.0230  0.0180  0.0020  0.4530  
32       32  (13)      3 :  0.2318  0.1459  0.2827  0.1738  0.0859  0.0110  0.0689  
33       33   (6)      3 :  0.0160  0.0070  0.2260  0.0010  0.0050  0.0280  0.7170  
34       34  (10)      3 :  0.5844  0.0160  0.0130  0.1269  0.0080  0.0020  0.2498  
35       35   (4)      3 :  0.0090  0.2977  0.1179  0.1778  0.0110  0.0030  0.3836  
36       36  (17)      3 :  0.0649  0.3187  0.1718  0.0030  0.0020  0.0050  0.4346  
37       37   (8)      3 :  0.0100  0.2603  0.0230  0.0230  0.0741  0.0090  0.6006  
38       38   (9)      3 :  0.5415  0.2248  0.0050  0.0829  0.0030  0.0020  0.1409  
39       39  (15)      3 :  0.6940  0.0530  0.0040  0.0200  0.0740  0.0300  0.1250  
40       40  (15)      3 :  0.6800  0.0340  0.0710  0.0030  0.0020  0.1700  0.0400  
41       41   (5)      4 :  0.0010  0.0030  0.0020  0.0100  0.9411  0.0010  0.0420  
42       42   (8)      4 :  0.0050  0.0090  0.0020  0.4770  0.5010  0.0030  0.0030  
43       43  (16)      4 :  0.0020  0.0030  0.0030  0.9850  0.0030  0.0020  0.0020  
44       44  (33)      4 :  0.0150  0.0020  0.0070  0.5410  0.2740  0.0060  0.1550  
45       45  (17)      4 :  0.0010  0.0600  0.0130  0.3630  0.5550  0.0030  0.0050  
46       46  (14)      4 :  0.0890  0.0240  0.0030  0.6330  0.0430  0.0030  0.2050  
47       47   (5)      4 :  0.0010  0.0050  0.0010  0.0781  0.9009  0.0030  0.0110  
48       48  (24)      4 :  0.0020  0.0450  0.0030  0.5734  0.3457  0.0080  0.0230  
49       49  (32)      4 :  0.0080  0.0841  0.0020  0.6046  0.2923  0.0010  0.0080  
50       50  (24)      4 :  0.0070  0.0060  0.0060  0.3017  0.6733  0.0020  0.0040  
51       51  (17)      4 :  0.0070  0.0310  0.0030  0.6070  0.3450  0.0030  0.0040  
52       52   (5)      4 :  0.0010  0.0040  0.0010  0.3720  0.3440  0.0010  0.2770  
53       53  (11)      4 :  0.0010  0.0460  0.0010  0.3996  0.5055  0.0200  0.0270  
54       54   (9)      4 :  0.0060  0.0060  0.0010  0.2088  0.4705  0.0020  0.3057  
55       55  (27)      5 :  0.0060  0.2078  0.0030  0.4715  0.1329  0.1648  0.0140  
56       56  (15)      5 :  0.0220  0.0030  0.1491  0.0030  0.1361  0.0010  0.6857  
57       57  (15)      5 :  0.0070  0.5225  0.0350  0.0030  0.0020  0.0050  0.4254  
58       58   (5)      5 :  0.3970  0.0030  0.0280  0.0010  0.0010  0.0020  0.5680  
59       59   (7)      5 :  0.0030  0.5864  0.0010  0.1309  0.0050  0.0010  0.2727  
60       60   (9)      5 :  0.0020  0.0010  0.6750  0.1700  0.0040  0.0110  0.1370  
61       61  (17)      5 :  0.0050  0.2840  0.0660  0.1810  0.0370  0.0030  0.4240  
62       62  (10)      5 :  0.2850  0.2270  0.2480  0.0990  0.0140  0.0060  0.1210  
63       63  (12)      5 :  0.0030  0.4090  0.0110  0.0840  0.0260  0.1540  0.3130  
64       64  (16)      5 :  0.3203  0.2372  0.0641  0.0521  0.1692  0.0370  0.1201  
65       65  (17)      5 :  0.0070  0.4730  0.0030  0.0540  0.1050  0.0030  0.3550  
66       66  (15)      5 :  0.0960  0.2270  0.3230  0.0700  0.1130  0.0180  0.1530  
67       67  (12)      5 :  0.0020  0.9870  0.0050  0.0020  0.0010  0.0010  0.0020  
68       68   (8)      5 :  0.1552  0.2913  0.2012  0.3393  0.0100  0.0010  0.0020  
69       69  (13)      5 :  0.1890  0.0640  0.0060  0.1650  0.0140  0.1230  0.4390  
70       70   (8)      5 :  0.0030  0.3260  0.0030  0.0270  0.0700  0.0020  0.5690  
71       71  (19)      6 :  0.0020  0.0490  0.0030  0.3390  0.6030  0.0010  0.0030  
72       72   (6)      6 :  0.0010  0.0020  0.0010  0.1520  0.8410  0.0010  0.0020  
73       73  (40)      6 :  0.0020  0.0100  0.0030  0.0970  0.8010  0.0020  0.0850  
74       74  (25)      6 :  0.0010  0.0020  0.0170  0.2913  0.6847  0.0010  0.0030  
75       75  (15)      6 :  0.0040  0.0060  0.0030  0.0030  0.9720  0.0060  0.0060  
76       76  (36)      6 :  0.0050  0.0440  0.1171  0.2122  0.6046  0.0060  0.0110  
77       77   (8)      6 :  0.0010  0.0030  0.0010  0.0040  0.8252  0.0739  0.0919  
78       78   (9)      6 :  0.0020  0.0020  0.0030  0.0640  0.9240  0.0020  0.0030  
79       79   (8)      6 :  0.0020  0.0599  0.0170  0.3716  0.5335  0.0120  0.0040  
80       80   (8)      6 :  0.0030  0.1678  0.0799  0.3237  0.4166  0.0040  0.0050  
81       81   (8)      6 :  0.0020  0.0160  0.0020  0.3120  0.5000  0.1540  0.0140  
82       82   (9)      6 :  0.0020  0.0040  0.0010  0.2660  0.7190  0.0060  0.0020  
83       83   (9)      5 :  0.0170  0.3690  0.1460  0.2250  0.0040  0.0310  0.2080  
84       84  (29)      7 :  0.1540  0.1220  0.0120  0.0320  0.0030  0.4970  0.1800  
85       85   (8)      7 :  0.0390  0.2448  0.0020  0.0160  0.0569  0.5974  0.0440  
86       86  (10)      7 :  0.0030  0.1682  0.0130  0.0120  0.0090  0.7918  0.0030  
87       87   (8)      7 :  0.0030  0.0280  0.0980  0.2070  0.0030  0.6370  0.0240  
88       88  (10)      7 :  0.0010  0.0050  0.0080  0.0441  0.0210  0.7856  0.1353  
89       89  (25)      7 :  0.0150  0.8749  0.0010  0.0901  0.0060  0.0040  0.0090  
90       90  (11)      7 :  0.0020  0.2498  0.0020  0.0020  0.0020  0.7293  0.0130  
91       91  (18)      7 :  0.2310  0.0040  0.0030  0.0240  0.0110  0.7230  0.0040  
92       92  (13)      7 :  0.0040  0.1900  0.0020  0.0080  0.0020  0.6870  0.1070  
93       93  (10)      7 :  0.0070  0.0040  0.0010  0.0060  0.0120  0.9670  0.0030  
94       94  (11)      7 :  0.2480  0.5250  0.0010  0.0420  0.0020  0.0030  0.1790  
95       95   (7)      7 :  0.0020  0.1051  0.0350  0.0490  0.0010  0.7728  0.0350  
96       96  (22)      7 :  0.0160  0.0010  0.0010  0.0010  0.0010  0.9790  0.0010  
97       97   (5)      7 :  0.0060  0.7253  0.0070  0.0020  0.0070  0.2498  0.0030  
