 1        1   (8)      1 :  0.9890  0.0110  
 2        2   (9)      1 :  0.8790  0.1210  
 3        3   (9)      1 :  0.8710  0.1290  
 4        4  (18)      1 :  0.7490  0.2510  
 5        5  (22)      1 :  0.9930  0.0070  
 6        6   (9)      1 :  0.2870  0.7130  
 7        7  (13)      1 :  0.9110  0.0890  
 8        8  (14)      1 :  0.7360  0.2640  
 9        9   (5)      1 :  0.7320  0.2680  
10       10  (10)      1 :  0.9020  0.0980  
11       11  (21)      1 :  0.3180  0.6820  
12       12   (7)      1 :  0.3750  0.6250  
13       13  (26)      1 :  0.9890  0.0110  
14       14   (8)      2 :  0.0060  0.9940  
15       15   (7)      2 :  0.0300  0.9700  
16       16   (7)      2 :  0.0060  0.9940  
17       17   (7)      2 :  0.2160  0.7840  
18       18  (13)      2 :  0.1290  0.8710  
19       19  (15)      2 :  0.1130  0.8870  
20       20   (6)      2 :  0.0110  0.9890  
21       21   (5)      2 :  0.0040  0.9960  
22       22   (8)      2 :  0.0810  0.9190  
23       23   (5)      2 :  0.0180  0.9820  
24       24  (12)      2 :  0.0050  0.9950  
25       25  (10)      2 :  0.0090  0.9910  
26       26  (10)      2 :  0.0020  0.9980  
27       27  (49)      2 :  0.0120  0.9880  
28       28  (20)      2 :  0.0390  0.9610  
29       29   (9)      3 :  0.9740  0.0260  
30       30   (8)      3 :  0.9970  0.0030  
31       31  (19)      3 :  0.8950  0.1050  
32       32  (13)      3 :  0.7240  0.2760  
33       33   (6)      3 :  0.9810  0.0190  
34       34  (10)      3 :  0.8070  0.1930  
35       35   (4)      3 :  0.6560  0.3440  
36       36  (17)      3 :  0.9900  0.0100  
37       37   (8)      3 :  0.8170  0.1830  
38       38   (9)      3 :  0.9200  0.0800  
39       39  (15)      3 :  0.8840  0.1160  
40       40  (15)      3 :  0.9950  0.0050  
41       41   (5)      4 :  0.0040  0.9960  
42       42   (8)      4 :  0.0080  0.9920  
43       43  (16)      4 :  0.0220  0.9780  
44       44  (33)      4 :  0.1580  0.8420  
45       45  (17)      4 :  0.0080  0.9920  
46       46  (14)      4 :  0.2800  0.7200  
47       47   (5)      4 :  0.0040  0.9960  
48       48  (24)      4 :  0.0270  0.9730  
49       49  (32)      4 :  0.0100  0.9900  
50       50  (24)      4 :  0.0060  0.9940  
51       51  (17)      4 :  0.0700  0.9300  
52       52   (5)      4 :  0.1310  0.8690  
53       53  (11)      4 :  0.0160  0.9840  
54       54   (9)      4 :  0.1550  0.8450  
55       55  (27)      5 :  0.3410  0.6590  
56       56  (15)      5 :  0.6860  0.3140  
57       57  (15)      5 :  0.9480  0.0520  
58       58   (5)      5 :  0.9970  0.0030  
59       59   (7)      5 :  0.5990  0.4010  
60       60   (9)      5 :  0.7460  0.2540  
61       61  (17)      5 :  0.5700  0.4300  
62       62  (10)      5 :  0.8370  0.1630  
63       63  (12)      5 :  0.7040  0.2960  
64       64  (16)      5 :  0.6650  0.3350  
65       65  (17)      5 :  0.6050  0.3950  
66       66  (15)      5 :  0.7560  0.2440  
67       67  (12)      5 :  0.7450  0.2550  
68       68   (8)      5 :  0.5900  0.4100  
69       69  (13)      5 :  0.7580  0.2420  
70       70   (8)      5 :  0.6740  0.3260  
71       71  (19)      6 :  0.0040  0.9960  
72       72   (6)      6 :  0.0020  0.9980  
73       73  (40)      6 :  0.0100  0.9900  
74       74  (25)      6 :  0.0030  0.9970  
75       75  (15)      6 :  0.0100  0.9900  
76       76  (36)      6 :  0.1330  0.8670  
77       77   (8)      6 :  0.0130  0.9870  
78       78   (9)      6 :  0.0060  0.9940  
79       79   (8)      6 :  0.0380  0.9620  
80       80   (8)      6 :  0.1550  0.8450  
81       81   (8)      6 :  0.1610  0.8390  
82       82   (9)      6 :  0.0050  0.9950  
83       83   (9)      5 :  0.6850  0.3150  
84       84  (29)      7 :  0.8560  0.1440  
85       85   (8)      7 :  0.7760  0.2240  
86       86  (10)      7 :  0.7740  0.2260  
87       87   (8)      7 :  0.7550  0.2450  
88       88  (10)      7 :  0.7610  0.2390  
89       89  (25)      7 :  0.6940  0.3060  
90       90  (11)      7 :  0.8970  0.1030  
91       91  (18)      7 :  0.8440  0.1560  
92       92  (13)      7 :  0.9200  0.0800  
93       93  (10)      7 :  0.8160  0.1840  
94       94  (11)      7 :  0.8090  0.1910  
95       95   (7)      7 :  0.8070  0.1930  
96       96  (22)      7 :  0.9410  0.0590  
97       97   (5)      7 :  0.8090  0.1910  
