 1        1   (8)      1 :  0.0010  0.0010  0.9960  0.0000  0.0010  0.0000  0.0010  
 2        2   (9)      1 :  0.3077  0.0030  0.0599  0.1369  0.0330  0.0030  0.4565  
 3        3   (9)      1 :  0.0110  0.0020  0.0130  0.9670  0.0020  0.0010  0.0040  
 4        4  (18)      1 :  0.3410  0.0090  0.0050  0.3470  0.0340  0.0010  0.2630  
 5        5  (22)      1 :  0.0010  0.0010  0.0010  0.0010  0.0010  0.0010  0.9940  
 6        6   (9)      1 :  0.1840  0.2850  0.0080  0.0030  0.4920  0.0050  0.0230  
 7        7  (13)      1 :  0.6100  0.0080  0.0410  0.0070  0.0370  0.0010  0.2960  
 8        8  (14)      1 :  0.1728  0.0080  0.0509  0.0809  0.1259  0.0010  0.5604  
 9        9   (5)      1 :  0.2300  0.0020  0.0010  0.7570  0.0070  0.0010  0.0020  
10       10  (10)      1 :  0.2990  0.1970  0.0010  0.0040  0.0020  0.0010  0.4960  
11       11  (21)      1 :  0.0531  0.0280  0.0100  0.3233  0.5365  0.0060  0.0430  
12       12   (7)      1 :  0.0040  0.2560  0.0800  0.1840  0.3780  0.0270  0.0710  
13       13  (26)      1 :  0.0210  0.0020  0.0010  0.0070  0.0010  0.0010  0.9670  
14       14   (8)      2 :  0.0070  0.0820  0.0010  0.0060  0.9010  0.0010  0.0020  
15       15   (7)      2 :  0.0060  0.0040  0.0030  0.2430  0.7410  0.0010  0.0020  
16       16   (7)      2 :  0.0579  0.0050  0.0060  0.0320  0.8941  0.0010  0.0040  
17       17   (7)      2 :  0.0020  0.3330  0.0640  0.0190  0.5760  0.0030  0.0030  
18       18  (13)      2 :  0.0490  0.0070  0.0661  0.1812  0.6947  0.0010  0.0010  
19       19  (15)      2 :  0.0020  0.0240  0.0030  0.1290  0.6710  0.0020  0.1690  
20       20   (6)      2 :  0.0220  0.2012  0.0020  0.0020  0.7708  0.0010  0.0010  
21       21   (5)      2 :  0.0010  0.0140  0.0040  0.1820  0.7970  0.0010  0.0010  
22       22   (8)      2 :  0.0020  0.4140  0.0010  0.0570  0.5210  0.0020  0.0030  
23       23   (5)      2 :  0.0080  0.2990  0.0010  0.0030  0.6840  0.0010  0.0040  
24       24  (12)      2 :  0.0010  0.0710  0.0020  0.1270  0.7960  0.0010  0.0020  
25       25  (10)      2 :  0.0030  0.0020  0.0010  0.0660  0.9150  0.0030  0.0100  
26       26  (10)      2 :  0.0010  0.0010  0.0010  0.0010  0.9940  0.0010  0.0010  
27       27  (49)      2 :  0.0010  0.0521  0.0270  0.0140  0.7888  0.0030  0.1141  
28       28  (20)      2 :  0.0030  0.0560  0.0080  0.2890  0.6350  0.0010  0.0080  
29       29   (9)      3 :  0.9790  0.0060  0.0050  0.0040  0.0020  0.0010  0.0030  
30       30   (8)      3 :  0.9920  0.0010  0.0030  0.0010  0.0010  0.0000  0.0020  
31       31  (19)      3 :  0.3580  0.0140  0.2890  0.0030  0.0380  0.0010  0.2970  
32       32  (13)      3 :  0.2587  0.2258  0.2807  0.0040  0.1978  0.0110  0.0220  
33       33   (6)      3 :  0.1159  0.0040  0.2258  0.0280  0.0020  0.0160  0.6084  
34       34  (10)      3 :  0.6663  0.1329  0.0090  0.0080  0.0659  0.0020  0.1159  
35       35   (4)      3 :  0.0070  0.7490  0.1110  0.0020  0.0190  0.0010  0.1110  
36       36  (17)      3 :  0.1732  0.4064  0.1672  0.0080  0.0020  0.0080  0.2352  
37       37   (8)      3 :  0.1230  0.4300  0.0200  0.0060  0.0580  0.0020  0.3610  
38       38   (9)      3 :  0.6090  0.2310  0.0040  0.0970  0.0100  0.0020  0.0470  
39       39  (15)      3 :  0.7377  0.0751  0.0020  0.0501  0.0631  0.0370  0.0350  
40       40  (15)      3 :  0.6727  0.0470  0.0751  0.0060  0.0010  0.1632  0.0350  
41       41   (5)      4 :  0.0010  0.0020  0.0010  0.0010  0.8701  0.0010  0.1239  
42       42   (8)      4 :  0.0070  0.0450  0.0020  0.0240  0.9160  0.0040  0.0020  
43       43  (16)      4 :  0.0030  0.0040  0.0100  0.2350  0.7430  0.0040  0.0010  
44       44  (33)      4 :  0.0890  0.0030  0.0040  0.0020  0.7530  0.0040  0.1450  
45       45  (17)      4 :  0.0010  0.1528  0.0160  0.0030  0.8222  0.0030  0.0020  
46       46  (14)      4 :  0.1040  0.0050  0.0020  0.3140  0.5270  0.0020  0.0460  
47       47   (5)      4 :  0.0020  0.0040  0.0010  0.0040  0.9690  0.0060  0.0140  
48       48  (24)      4 :  0.0030  0.0689  0.0030  0.0290  0.8232  0.0060  0.0669  
49       49  (32)      4 :  0.0040  0.2817  0.0010  0.0030  0.7063  0.0010  0.0030  
50       50  (24)      4 :  0.0190  0.0070  0.0080  0.0050  0.9580  0.0010  0.0020  
51       51  (17)      4 :  0.0090  0.0962  0.0030  0.1042  0.7796  0.0060  0.0020  
52       52   (5)      4 :  0.0030  0.0080  0.0010  0.0370  0.7197  0.0010  0.2302  
53       53  (11)      4 :  0.0010  0.1490  0.0010  0.0020  0.7910  0.0230  0.0330  
54       54   (9)      4 :  0.0580  0.2030  0.0010  0.0460  0.6150  0.0050  0.0720  
55       55  (27)      5 :  0.0120  0.2980  0.0040  0.0170  0.4990  0.1470  0.0230  
56       56  (15)      5 :  0.1950  0.1850  0.1490  0.0080  0.1250  0.0010  0.3370  
57       57  (15)      5 :  0.0070  0.4174  0.0571  0.0801  0.0030  0.0050  0.4304  
58       58   (5)      5 :  0.4835  0.0010  0.0420  0.0761  0.0010  0.0010  0.3954  
59       59   (7)      5 :  0.0020  0.0030  0.0010  0.9321  0.0130  0.0010  0.0480  
60       60   (9)      5 :  0.0050  0.1001  0.6947  0.0100  0.1061  0.0220  0.0621  
61       61  (17)      5 :  0.0170  0.2770  0.0850  0.1150  0.2200  0.0020  0.2840  
62       62  (10)      5 :  0.2873  0.2012  0.2543  0.1351  0.0581  0.0050  0.0591  
63       63  (12)      5 :  0.0030  0.4136  0.0080  0.1269  0.0509  0.1459  0.2517  
64       64  (16)      5 :  0.3470  0.1600  0.0590  0.1570  0.2030  0.0580  0.0160  
65       65  (17)      5 :  0.0120  0.7050  0.0020  0.0050  0.0220  0.0010  0.2530  
66       66  (15)      5 :  0.0740  0.2350  0.3350  0.0450  0.1680  0.0150  0.1280  
67       67  (12)      5 :  0.0030  0.9349  0.0070  0.0511  0.0010  0.0010  0.0020  
68       68   (8)      5 :  0.1572  0.3483  0.2232  0.0551  0.2142  0.0010  0.0010  
69       69  (13)      5 :  0.2192  0.1682  0.0110  0.0871  0.0991  0.1101  0.3053  
70       70   (8)      5 :  0.0110  0.3283  0.0050  0.1291  0.0751  0.0020  0.4494  
71       71  (19)      6 :  0.0020  0.0581  0.0040  0.0160  0.9079  0.0010  0.0110  
72       72   (6)      6 :  0.0010  0.0010  0.0010  0.0010  0.9930  0.0010  0.0020  
73       73  (40)      6 :  0.0020  0.0040  0.0010  0.0020  0.8090  0.0020  0.1800  
74       74  (25)      6 :  0.0010  0.0020  0.0150  0.0050  0.9700  0.0010  0.0060  
75       75  (15)      6 :  0.0020  0.0030  0.0030  0.0010  0.8979  0.0050  0.0881  
76       76  (36)      6 :  0.0050  0.1670  0.0860  0.0080  0.7090  0.0030  0.0220  
77       77   (8)      6 :  0.0020  0.0030  0.0010  0.0600  0.8310  0.0970  0.0060  
78       78   (9)      6 :  0.0020  0.0040  0.0030  0.0020  0.9800  0.0040  0.0050  
79       79   (8)      6 :  0.0020  0.1070  0.0270  0.0210  0.8260  0.0150  0.0020  
80       80   (8)      6 :  0.0020  0.0250  0.0921  0.2142  0.6607  0.0040  0.0020  
81       81   (8)      6 :  0.0020  0.0130  0.0010  0.0250  0.7350  0.1670  0.0570  
82       82   (9)      6 :  0.0030  0.0450  0.0010  0.0010  0.9419  0.0050  0.0030  
83       83   (9)      5 :  0.0320  0.4530  0.1590  0.1080  0.0360  0.0700  0.1420  
84       84  (29)      7 :  0.0720  0.2260  0.0210  0.0040  0.0060  0.5040  0.1670  
85       85   (8)      7 :  0.0150  0.1401  0.0050  0.0561  0.0450  0.6166  0.1221  
86       86  (10)      7 :  0.0030  0.1491  0.0150  0.0330  0.0100  0.7878  0.0020  
87       87   (8)      7 :  0.0050  0.2070  0.1000  0.0060  0.0310  0.6450  0.0060  
88       88  (10)      7 :  0.0020  0.0920  0.0040  0.0010  0.0340  0.7530  0.1140  
89       89  (25)      7 :  0.0020  0.8919  0.0010  0.0841  0.0080  0.0040  0.0090  
90       90  (11)      7 :  0.0020  0.2695  0.0010  0.0050  0.0010  0.7144  0.0070  
91       91  (18)      7 :  0.2462  0.0040  0.0040  0.0040  0.0200  0.7177  0.0040  
92       92  (13)      7 :  0.0030  0.1540  0.0020  0.0140  0.0020  0.6450  0.1800  
93       93  (10)      7 :  0.0100  0.0030  0.0010  0.0120  0.0100  0.9610  0.0030  
94       94  (11)      7 :  0.2126  0.4401  0.0020  0.1178  0.0040  0.0030  0.2206  
95       95   (7)      7 :  0.0020  0.1710  0.0320  0.0020  0.0040  0.7410  0.0480  
96       96  (22)      7 :  0.0070  0.0010  0.0010  0.0010  0.0010  0.9880  0.0010  
97       97   (5)      7 :  0.0060  0.7810  0.0030  0.0040  0.0010  0.2020  0.0030  
