 1        1   (8)      1 :  0.0010  0.0040  0.0030  0.9920  
 2        2   (9)      1 :  0.0050  0.1740  0.0040  0.8170  
 3        3   (9)      1 :  0.0050  0.0240  0.6306  0.3403  
 4        4  (18)      1 :  0.0020  0.1200  0.2720  0.6060  
 5        5  (22)      1 :  0.0420  0.0030  0.3167  0.6384  
 6        6   (9)      1 :  0.0190  0.5564  0.2318  0.1928  
 7        7  (13)      1 :  0.0020  0.0670  0.0100  0.9210  
 8        8  (14)      1 :  0.0010  0.2620  0.0100  0.7270  
 9        9   (5)      1 :  0.0010  0.0740  0.6360  0.2890  
10       10  (10)      1 :  0.0040  0.0751  0.2723  0.6486  
11       11  (21)      1 :  0.0120  0.5390  0.2180  0.2310  
12       12   (7)      1 :  0.0490  0.4575  0.2817  0.2118  
13       13  (26)      1 :  0.0020  0.0030  0.3640  0.6310  
14       14   (8)      2 :  0.0010  0.9000  0.0960  0.0030  
15       15   (7)      2 :  0.0020  0.7477  0.2442  0.0060  
16       16   (7)      2 :  0.0010  0.9520  0.0250  0.0220  
17       17   (7)      2 :  0.0160  0.6850  0.2780  0.0210  
18       18  (13)      2 :  0.0010  0.7160  0.1180  0.1650  
19       19  (15)      2 :  0.0030  0.6240  0.3560  0.0170  
20       20   (6)      2 :  0.0030  0.7890  0.2030  0.0050  
21       21   (5)      2 :  0.0030  0.8092  0.1858  0.0020  
22       22   (8)      2 :  0.0030  0.5950  0.3980  0.0040  
23       23   (5)      2 :  0.0010  0.7532  0.2408  0.0050  
24       24  (12)      2 :  0.0010  0.7888  0.2082  0.0020  
25       25  (10)      2 :  0.0100  0.9690  0.0100  0.0110  
26       26  (10)      2 :  0.0010  0.9970  0.0010  0.0010  
27       27  (49)      2 :  0.0020  0.7610  0.2310  0.0060  
28       28  (20)      2 :  0.0010  0.6376  0.3584  0.0030  
29       29   (9)      3 :  0.0010  0.0080  0.0200  0.9710  
30       30   (8)      3 :  0.0010  0.0010  0.0020  0.9960  
31       31  (19)      3 :  0.0010  0.1050  0.0040  0.8900  
32       32  (13)      3 :  0.0190  0.2070  0.1650  0.6090  
33       33   (6)      3 :  0.1101  0.0120  0.0250  0.8529  
34       34  (10)      3 :  0.0020  0.1650  0.0480  0.7850  
35       35   (4)      3 :  0.0040  0.2378  0.3606  0.3976  
36       36  (17)      3 :  0.0120  0.0030  0.3090  0.6760  
37       37   (8)      3 :  0.0110  0.1220  0.2730  0.5940  
38       38   (9)      3 :  0.0030  0.0460  0.2530  0.6980  
39       39  (15)      3 :  0.0539  0.1129  0.0699  0.7632  
40       40  (15)      3 :  0.1632  0.0020  0.0480  0.7868  
41       41   (5)      4 :  0.0020  0.9810  0.0090  0.0080  
42       42   (8)      4 :  0.0040  0.8819  0.1111  0.0030  
43       43  (16)      4 :  0.0030  0.7397  0.2523  0.0050  
44       44  (33)      4 :  0.0050  0.8058  0.0030  0.1862  
45       45  (17)      4 :  0.0050  0.8500  0.1420  0.0030  
46       46  (14)      4 :  0.0030  0.5490  0.2570  0.1910  
47       47   (5)      4 :  0.0040  0.9610  0.0320  0.0030  
48       48  (24)      4 :  0.0060  0.8220  0.1650  0.0070  
49       49  (32)      4 :  0.0010  0.7430  0.2520  0.0040  
50       50  (24)      4 :  0.0020  0.9830  0.0070  0.0080  
51       51  (17)      4 :  0.0050  0.8460  0.1420  0.0070  
52       52   (5)      4 :  0.0020  0.6890  0.2340  0.0750  
53       53  (11)      4 :  0.0310  0.7898  0.1762  0.0030  
54       54   (9)      4 :  0.0100  0.6697  0.1822  0.1381  
55       55  (27)      5 :  0.1660  0.5110  0.3050  0.0180  
56       56  (15)      5 :  0.0020  0.2620  0.0090  0.7270  
57       57  (15)      5 :  0.0040  0.0070  0.5110  0.4780  
58       58   (5)      5 :  0.0020  0.0010  0.0050  0.9920  
59       59   (7)      5 :  0.0010  0.1281  0.6757  0.1952  
60       60   (9)      5 :  0.0390  0.2072  0.0110  0.7427  
61       61  (17)      5 :  0.0040  0.3020  0.3280  0.3660  
62       62  (10)      5 :  0.0070  0.0999  0.2687  0.6244  
63       63  (12)      5 :  0.1379  0.1309  0.5275  0.2038  
64       64  (16)      5 :  0.0721  0.1822  0.2983  0.4474  
65       65  (17)      5 :  0.0070  0.2178  0.5235  0.2517  
66       66  (15)      5 :  0.0300  0.1828  0.2428  0.5445  
67       67  (12)      5 :  0.0160  0.0050  0.9230  0.0560  
68       68   (8)      5 :  0.0020  0.2370  0.3780  0.3830  
69       69  (13)      5 :  0.1110  0.1690  0.1620  0.5580  
70       70   (8)      5 :  0.0070  0.2090  0.3820  0.4020  
71       71  (19)      6 :  0.0010  0.8900  0.1060  0.0030  
72       72   (6)      6 :  0.0010  0.9950  0.0020  0.0020  
73       73  (40)      6 :  0.0020  0.9440  0.0480  0.0060  
74       74  (25)      6 :  0.0010  0.9920  0.0050  0.0020  
75       75  (15)      6 :  0.0210  0.9640  0.0050  0.0100  
76       76  (36)      6 :  0.0230  0.6990  0.2210  0.0570  
77       77   (8)      6 :  0.1350  0.8560  0.0060  0.0030  
78       78   (9)      6 :  0.0050  0.9810  0.0090  0.0050  
79       79   (8)      6 :  0.0280  0.8901  0.0739  0.0080  
80       80   (8)      6 :  0.0050  0.6870  0.1930  0.1150  
81       81   (8)      6 :  0.1479  0.7103  0.1379  0.0040  
82       82   (9)      6 :  0.0160  0.9750  0.0060  0.0030  
83       83   (9)      5 :  0.0920  0.1100  0.4550  0.3430  
84       84  (29)      7 :  0.4695  0.0090  0.2268  0.2947  
85       85   (8)      7 :  0.5930  0.0630  0.2300  0.1140  
86       86  (10)      7 :  0.7510  0.0180  0.2180  0.0130  
87       87   (8)      7 :  0.6130  0.0970  0.1680  0.1220  
88       88  (10)      7 :  0.7720  0.1630  0.0380  0.0270  
89       89  (25)      7 :  0.0030  0.0330  0.9570  0.0070  
90       90  (11)      7 :  0.6780  0.0030  0.3140  0.0050  
91       91  (18)      7 :  0.6820  0.0360  0.0160  0.2660  
92       92  (13)      7 :  0.6194  0.0040  0.3407  0.0360  
93       93  (10)      7 :  0.9640  0.0170  0.0140  0.0050  
94       94  (11)      7 :  0.0040  0.0080  0.6300  0.3580  
95       95   (7)      7 :  0.7800  0.0150  0.1910  0.0140  
96       96  (22)      7 :  0.9950  0.0020  0.0010  0.0020  
97       97   (5)      7 :  0.2370  0.0030  0.7440  0.0160  
