 1        1   (8)      1 :  0.9940  0.0010  0.0050  
 2        2   (9)      1 :  0.8140  0.0040  0.1820  
 3        3   (9)      1 :  0.8462  0.0070  0.1469  
 4        4  (18)      1 :  0.8030  0.0020  0.1950  
 5        5  (22)      1 :  0.9419  0.0541  0.0040  
 6        6   (9)      1 :  0.2860  0.0180  0.6960  
 7        7  (13)      1 :  0.9150  0.0010  0.0840  
 8        8  (14)      1 :  0.7480  0.0010  0.2510  
 9        9   (5)      1 :  0.7860  0.0010  0.2130  
10       10  (10)      1 :  0.8511  0.0060  0.1429  
11       11  (21)      1 :  0.3680  0.0110  0.6210  
12       12   (7)      1 :  0.3640  0.0610  0.5750  
13       13  (26)      1 :  0.9930  0.0030  0.0040  
14       14   (8)      2 :  0.0070  0.0010  0.9920  
15       15   (7)      2 :  0.1260  0.0020  0.8720  
16       16   (7)      2 :  0.0080  0.0010  0.9910  
17       17   (7)      2 :  0.1700  0.0210  0.8090  
18       18  (13)      2 :  0.2042  0.0010  0.7948  
19       19  (15)      2 :  0.1090  0.0330  0.8580  
20       20   (6)      2 :  0.0110  0.0040  0.9850  
21       21   (5)      2 :  0.0020  0.0030  0.9950  
22       22   (8)      2 :  0.1490  0.0050  0.8460  
23       23   (5)      2 :  0.0330  0.0010  0.9660  
24       24  (12)      2 :  0.0030  0.0010  0.9960  
25       25  (10)      2 :  0.0090  0.0050  0.9860  
26       26  (10)      2 :  0.0010  0.0010  0.9980  
27       27  (49)      2 :  0.0190  0.0030  0.9780  
28       28  (20)      2 :  0.0540  0.0010  0.9450  
29       29   (9)      3 :  0.9900  0.0010  0.0090  
30       30   (8)      3 :  0.9980  0.0010  0.0010  
31       31  (19)      3 :  0.8969  0.0010  0.1021  
32       32  (13)      3 :  0.7173  0.0230  0.2597  
33       33   (6)      3 :  0.9090  0.0790  0.0120  
34       34  (10)      3 :  0.8400  0.0020  0.1580  
35       35   (4)      3 :  0.6300  0.0050  0.3650  
36       36  (17)      3 :  0.9820  0.0150  0.0030  
37       37   (8)      3 :  0.8010  0.0150  0.1840  
38       38   (9)      3 :  0.8820  0.0030  0.1150  
39       39  (15)      3 :  0.8268  0.0420  0.1311  
40       40  (15)      3 :  0.8478  0.1502  0.0020  
41       41   (5)      4 :  0.0040  0.0020  0.9940  
42       42   (8)      4 :  0.0030  0.0060  0.9910  
43       43  (16)      4 :  0.0190  0.0050  0.9760  
44       44  (33)      4 :  0.1620  0.0070  0.8310  
45       45  (17)      4 :  0.0050  0.0090  0.9860  
46       46  (14)      4 :  0.3310  0.0020  0.6670  
47       47   (5)      4 :  0.0020  0.0030  0.9950  
48       48  (24)      4 :  0.0260  0.0150  0.9590  
49       49  (32)      4 :  0.0100  0.0010  0.9890  
50       50  (24)      4 :  0.0040  0.0010  0.9950  
51       51  (17)      4 :  0.0450  0.0090  0.9460  
52       52   (5)      4 :  0.1868  0.0020  0.8112  
53       53  (11)      4 :  0.0060  0.0570  0.9370  
54       54   (9)      4 :  0.1992  0.0110  0.7898  
55       55  (27)      5 :  0.2090  0.1700  0.6210  
56       56  (15)      5 :  0.7310  0.0020  0.2670  
57       57  (15)      5 :  0.8250  0.0700  0.1050  
58       58   (5)      5 :  0.9970  0.0020  0.0010  
59       59   (7)      5 :  0.6470  0.0020  0.3510  
60       60   (9)      5 :  0.7390  0.0270  0.2340  
61       61  (17)      5 :  0.6000  0.0070  0.3930  
62       62  (10)      5 :  0.8110  0.0060  0.1830  
63       63  (12)      5 :  0.5570  0.1950  0.2480  
64       64  (16)      5 :  0.6246  0.0821  0.2933  
65       65  (17)      5 :  0.5870  0.0150  0.3980  
66       66  (15)      5 :  0.7083  0.0460  0.2458  
67       67  (12)      5 :  0.6680  0.1380  0.1940  
68       68   (8)      5 :  0.6310  0.0010  0.3680  
69       69  (13)      5 :  0.6633  0.1239  0.2128  
70       70   (8)      5 :  0.6460  0.0190  0.3350  
71       71  (19)      6 :  0.0030  0.0010  0.9960  
72       72   (6)      6 :  0.0010  0.0010  0.9980  
73       73  (40)      6 :  0.0050  0.0020  0.9930  
74       74  (25)      6 :  0.0020  0.0010  0.9970  
75       75  (15)      6 :  0.0040  0.0110  0.9850  
76       76  (36)      6 :  0.1290  0.0310  0.8400  
77       77   (8)      6 :  0.0020  0.1100  0.8880  
78       78   (9)      6 :  0.0030  0.0040  0.9930  
79       79   (8)      6 :  0.0060  0.0190  0.9750  
80       80   (8)      6 :  0.1932  0.0050  0.8018  
81       81   (8)      6 :  0.0090  0.1682  0.8228  
82       82   (9)      6 :  0.0020  0.0080  0.9900  
83       83   (9)      5 :  0.6240  0.1220  0.2540  
84       84  (29)      7 :  0.4650  0.5170  0.0180  
85       85   (8)      7 :  0.2900  0.6110  0.0990  
86       86  (10)      7 :  0.1590  0.8030  0.0380  
87       87   (8)      7 :  0.2220  0.6170  0.1610  
88       88  (10)      7 :  0.0360  0.7788  0.1852  
89       89  (25)      7 :  0.4800  0.2260  0.2940  
90       90  (11)      7 :  0.1490  0.8450  0.0060  
91       91  (18)      7 :  0.3090  0.6640  0.0270  
92       92  (13)      7 :  0.3290  0.6640  0.0070  
93       93  (10)      7 :  0.0100  0.9690  0.0210  
94       94  (11)      7 :  0.7140  0.0330  0.2530  
95       95   (7)      7 :  0.1040  0.8490  0.0470  
96       96  (22)      7 :  0.0020  0.9970  0.0010  
97       97   (5)      7 :  0.5814  0.3976  0.0210  
