 1        1   (8)      1 :  0.9950  0.0010  0.0040  
 2        2   (9)      1 :  0.8310  0.0040  0.1650  
 3        3   (9)      1 :  0.8910  0.0060  0.1030  
 4        4  (18)      1 :  0.8160  0.0020  0.1820  
 5        5  (22)      1 :  0.9199  0.0781  0.0020  
 6        6   (9)      1 :  0.2930  0.0150  0.6920  
 7        7  (13)      1 :  0.9449  0.0010  0.0541  
 8        8  (14)      1 :  0.7730  0.0010  0.2260  
 9        9   (5)      1 :  0.7710  0.0010  0.2280  
10       10  (10)      1 :  0.8580  0.0040  0.1380  
11       11  (21)      1 :  0.3660  0.0240  0.6100  
12       12   (7)      1 :  0.3766  0.0919  0.5315  
13       13  (26)      1 :  0.9930  0.0040  0.0030  
14       14   (8)      2 :  0.0070  0.0010  0.9920  
15       15   (7)      2 :  0.1090  0.0030  0.8880  
16       16   (7)      2 :  0.0090  0.0010  0.9900  
17       17   (7)      2 :  0.2150  0.0110  0.7740  
18       18  (13)      2 :  0.2370  0.0010  0.7620  
19       19  (15)      2 :  0.0889  0.0519  0.8591  
20       20   (6)      2 :  0.0100  0.0030  0.9870  
21       21   (5)      2 :  0.0020  0.0030  0.9950  
22       22   (8)      2 :  0.1780  0.0120  0.8100  
23       23   (5)      2 :  0.0671  0.0010  0.9319  
24       24  (12)      2 :  0.0040  0.0010  0.9950  
25       25  (10)      2 :  0.0120  0.0100  0.9780  
26       26  (10)      2 :  0.0010  0.0010  0.9980  
27       27  (49)      2 :  0.0150  0.0060  0.9790  
28       28  (20)      2 :  0.0900  0.0010  0.9090  
29       29   (9)      3 :  0.9940  0.0010  0.0050  
30       30   (8)      3 :  0.9980  0.0010  0.0010  
31       31  (19)      3 :  0.9610  0.0010  0.0380  
32       32  (13)      3 :  0.7000  0.0110  0.2890  
33       33   (6)      3 :  0.9031  0.0919  0.0050  
34       34  (10)      3 :  0.8730  0.0030  0.1240  
35       35   (4)      3 :  0.6850  0.0080  0.3070  
36       36  (17)      3 :  0.9890  0.0080  0.0030  
37       37   (8)      3 :  0.7500  0.0580  0.1920  
38       38   (9)      3 :  0.9270  0.0050  0.0680  
39       39  (15)      3 :  0.8519  0.0501  0.0981  
40       40  (15)      3 :  0.8368  0.1612  0.0020  
41       41   (5)      4 :  0.0040  0.0020  0.9940  
42       42   (8)      4 :  0.0030  0.0080  0.9890  
43       43  (16)      4 :  0.0190  0.0050  0.9760  
44       44  (33)      4 :  0.1540  0.0050  0.8410  
45       45  (17)      4 :  0.0040  0.0090  0.9870  
46       46  (14)      4 :  0.3373  0.0020  0.6607  
47       47   (5)      4 :  0.0020  0.0040  0.9940  
48       48  (24)      4 :  0.0150  0.0260  0.9590  
49       49  (32)      4 :  0.0160  0.0020  0.9820  
50       50  (24)      4 :  0.0070  0.0010  0.9920  
51       51  (17)      4 :  0.0560  0.0150  0.9290  
52       52   (5)      4 :  0.2050  0.0020  0.7930  
53       53  (11)      4 :  0.0070  0.0530  0.9400  
54       54   (9)      4 :  0.2160  0.0030  0.7810  
55       55  (27)      5 :  0.1790  0.1980  0.6230  
56       56  (15)      5 :  0.7942  0.0020  0.2038  
57       57  (15)      5 :  0.7888  0.1371  0.0741  
58       58   (5)      5 :  0.9970  0.0020  0.0010  
59       59   (7)      5 :  0.6520  0.0020  0.3460  
60       60   (9)      5 :  0.7818  0.0310  0.1872  
61       61  (17)      5 :  0.5900  0.0070  0.4030  
62       62  (10)      5 :  0.8300  0.0080  0.1620  
63       63  (12)      5 :  0.5460  0.2260  0.2280  
64       64  (16)      5 :  0.6320  0.0640  0.3040  
65       65  (17)      5 :  0.6630  0.0290  0.3080  
66       66  (15)      5 :  0.7190  0.0450  0.2360  
67       67  (12)      5 :  0.6360  0.1740  0.1900  
68       68   (8)      5 :  0.6510  0.0020  0.3470  
69       69  (13)      5 :  0.6590  0.1500  0.1910  
70       70   (8)      5 :  0.6390  0.0110  0.3500  
71       71  (19)      6 :  0.0050  0.0010  0.9940  
72       72   (6)      6 :  0.0010  0.0010  0.9980  
73       73  (40)      6 :  0.0060  0.0020  0.9920  
74       74  (25)      6 :  0.0020  0.0010  0.9970  
75       75  (15)      6 :  0.0040  0.0140  0.9820  
76       76  (36)      6 :  0.1240  0.0270  0.8490  
77       77   (8)      6 :  0.0030  0.1110  0.8860  
78       78   (9)      6 :  0.0020  0.0030  0.9950  
79       79   (8)      6 :  0.0050  0.0130  0.9820  
80       80   (8)      6 :  0.1782  0.0060  0.8158  
81       81   (8)      6 :  0.0060  0.1700  0.8240  
82       82   (9)      6 :  0.0020  0.0040  0.9940  
83       83   (9)      5 :  0.5840  0.1460  0.2700  
84       84  (29)      7 :  0.4320  0.5510  0.0170  
85       85   (8)      7 :  0.2488  0.6434  0.1079  
86       86  (10)      7 :  0.1321  0.8308  0.0370  
87       87   (8)      7 :  0.2360  0.6620  0.1020  
88       88  (10)      7 :  0.0260  0.7970  0.1770  
89       89  (25)      7 :  0.4270  0.3450  0.2280  
90       90  (11)      7 :  0.0921  0.9039  0.0040  
91       91  (18)      7 :  0.2900  0.6820  0.0280  
92       92  (13)      7 :  0.2860  0.7080  0.0060  
93       93  (10)      7 :  0.0110  0.9640  0.0250  
94       94  (11)      7 :  0.7040  0.1090  0.1870  
95       95   (7)      7 :  0.0900  0.8820  0.0280  
96       96  (22)      7 :  0.0020  0.9970  0.0010  
97       97   (5)      7 :  0.5290  0.4480  0.0230  
