 1        1   (8)      1 :  0.9800  0.0200  
 2        2   (9)      1 :  0.8280  0.1720  
 3        3   (9)      1 :  0.8390  0.1610  
 4        4  (18)      1 :  0.7320  0.2680  
 5        5  (22)      1 :  0.9930  0.0070  
 6        6   (9)      1 :  0.2850  0.7150  
 7        7  (13)      1 :  0.9350  0.0650  
 8        8  (14)      1 :  0.7020  0.2980  
 9        9   (5)      1 :  0.7240  0.2760  
10       10  (10)      1 :  0.9000  0.1000  
11       11  (21)      1 :  0.3310  0.6690  
12       12   (7)      1 :  0.3750  0.6250  
13       13  (26)      1 :  0.9890  0.0110  
14       14   (8)      2 :  0.0060  0.9940  
15       15   (7)      2 :  0.0790  0.9210  
16       16   (7)      2 :  0.0060  0.9940  
17       17   (7)      2 :  0.2180  0.7820  
18       18  (13)      2 :  0.1370  0.8630  
19       19  (15)      2 :  0.1300  0.8700  
20       20   (6)      2 :  0.0080  0.9920  
21       21   (5)      2 :  0.0050  0.9950  
22       22   (8)      2 :  0.1250  0.8750  
23       23   (5)      2 :  0.0150  0.9850  
24       24  (12)      2 :  0.0040  0.9960  
25       25  (10)      2 :  0.0100  0.9900  
26       26  (10)      2 :  0.0020  0.9980  
27       27  (49)      2 :  0.0170  0.9830  
28       28  (20)      2 :  0.0170  0.9830  
29       29   (9)      3 :  0.9750  0.0250  
30       30   (8)      3 :  0.9970  0.0030  
31       31  (19)      3 :  0.9110  0.0890  
32       32  (13)      3 :  0.7320  0.2680  
33       33   (6)      3 :  0.9760  0.0240  
34       34  (10)      3 :  0.8280  0.1720  
35       35   (4)      3 :  0.6130  0.3870  
36       36  (17)      3 :  0.9890  0.0110  
37       37   (8)      3 :  0.8000  0.2000  
38       38   (9)      3 :  0.9040  0.0960  
39       39  (15)      3 :  0.8910  0.1090  
40       40  (15)      3 :  0.9950  0.0050  
41       41   (5)      4 :  0.0070  0.9930  
42       42   (8)      4 :  0.0060  0.9940  
43       43  (16)      4 :  0.0160  0.9840  
44       44  (33)      4 :  0.1510  0.8490  
45       45  (17)      4 :  0.0110  0.9890  
46       46  (14)      4 :  0.2990  0.7010  
47       47   (5)      4 :  0.0040  0.9960  
48       48  (24)      4 :  0.0440  0.9560  
49       49  (32)      4 :  0.0070  0.9930  
50       50  (24)      4 :  0.0060  0.9940  
51       51  (17)      4 :  0.0880  0.9120  
52       52   (5)      4 :  0.1340  0.8660  
53       53  (11)      4 :  0.0360  0.9640  
54       54   (9)      4 :  0.1810  0.8190  
55       55  (27)      5 :  0.3830  0.6170  
56       56  (15)      5 :  0.6660  0.3340  
57       57  (15)      5 :  0.9470  0.0530  
58       58   (5)      5 :  0.9980  0.0020  
59       59   (7)      5 :  0.5890  0.4110  
60       60   (9)      5 :  0.7630  0.2370  
61       61  (17)      5 :  0.5390  0.4610  
62       62  (10)      5 :  0.8280  0.1720  
63       63  (12)      5 :  0.7060  0.2940  
64       64  (16)      5 :  0.6670  0.3330  
65       65  (17)      5 :  0.6360  0.3640  
66       66  (15)      5 :  0.7360  0.2640  
67       67  (12)      5 :  0.7220  0.2780  
68       68   (8)      5 :  0.6040  0.3960  
69       69  (13)      5 :  0.7550  0.2450  
70       70   (8)      5 :  0.6420  0.3580  
71       71  (19)      6 :  0.0050  0.9950  
72       72   (6)      6 :  0.0030  0.9970  
73       73  (40)      6 :  0.0060  0.9940  
74       74  (25)      6 :  0.0030  0.9970  
75       75  (15)      6 :  0.0190  0.9810  
76       76  (36)      6 :  0.1700  0.8300  
77       77   (8)      6 :  0.0270  0.9730  
78       78   (9)      6 :  0.0060  0.9940  
79       79   (8)      6 :  0.0260  0.9740  
80       80   (8)      6 :  0.1580  0.8420  
81       81   (8)      6 :  0.1910  0.8090  
82       82   (9)      6 :  0.0040  0.9960  
83       83   (9)      5 :  0.6920  0.3080  
84       84  (29)      7 :  0.8610  0.1390  
85       85   (8)      7 :  0.7950  0.2050  
86       86  (10)      7 :  0.7780  0.2220  
87       87   (8)      7 :  0.7540  0.2460  
88       88  (10)      7 :  0.7790  0.2210  
89       89  (25)      7 :  0.7000  0.3000  
90       90  (11)      7 :  0.8980  0.1020  
91       91  (18)      7 :  0.8460  0.1540  
92       92  (13)      7 :  0.9420  0.0580  
93       93  (10)      7 :  0.8210  0.1790  
94       94  (11)      7 :  0.8020  0.1980  
95       95   (7)      7 :  0.8320  0.1680  
96       96  (22)      7 :  0.9410  0.0590  
97       97   (5)      7 :  0.8400  0.1600  
