 1        1   (8)      1 :  0.0000  0.0010  0.0010  0.9980  
 2        2   (9)      1 :  0.0060  0.1630  0.8070  0.0240  
 3        3   (9)      1 :  0.0050  0.1449  0.7802  0.0699  
 4        4  (18)      1 :  0.0010  0.1930  0.8020  0.0040  
 5        5  (22)      1 :  0.0290  0.0020  0.9680  0.0010  
 6        6   (9)      1 :  0.0140  0.6750  0.3060  0.0050  
 7        7  (13)      1 :  0.0010  0.0790  0.9130  0.0070  
 8        8  (14)      1 :  0.0010  0.2270  0.7470  0.0250  
 9        9   (5)      1 :  0.0010  0.2513  0.7457  0.0020  
10       10  (10)      1 :  0.0030  0.0180  0.9780  0.0010  
11       11  (21)      1 :  0.0190  0.6426  0.3113  0.0270  
12       12   (7)      1 :  0.0920  0.5760  0.2360  0.0960  
13       13  (26)      1 :  0.0010  0.0020  0.9960  0.0010  
14       14   (8)      2 :  0.0010  0.9900  0.0080  0.0010  
15       15   (7)      2 :  0.0020  0.9310  0.0560  0.0110  
16       16   (7)      2 :  0.0010  0.9850  0.0110  0.0030  
17       17   (7)      2 :  0.0100  0.8148  0.0460  0.1291  
18       18  (13)      2 :  0.0010  0.8140  0.1510  0.0340  
19       19  (15)      2 :  0.0440  0.8860  0.0680  0.0020  
20       20   (6)      2 :  0.0050  0.9860  0.0070  0.0020  
21       21   (5)      2 :  0.0020  0.9920  0.0020  0.0040  
22       22   (8)      2 :  0.0070  0.8640  0.1210  0.0080  
23       23   (5)      2 :  0.0010  0.9170  0.0810  0.0010  
24       24  (12)      2 :  0.0010  0.9940  0.0030  0.0020  
25       25  (10)      2 :  0.0030  0.9760  0.0200  0.0010  
26       26  (10)      2 :  0.0010  0.9970  0.0010  0.0010  
27       27  (49)      2 :  0.0030  0.9640  0.0070  0.0260  
28       28  (20)      2 :  0.0010  0.9140  0.0670  0.0180  
29       29   (9)      3 :  0.0010  0.0040  0.9880  0.0070  
30       30   (8)      3 :  0.0010  0.0010  0.9930  0.0050  
31       31  (19)      3 :  0.0010  0.0400  0.6900  0.2690  
32       32  (13)      3 :  0.0180  0.2923  0.4054  0.2843  
33       33   (6)      3 :  0.0700  0.0030  0.7210  0.2060  
34       34  (10)      3 :  0.0020  0.1120  0.8740  0.0120  
35       35   (4)      3 :  0.0070  0.3463  0.5085  0.1381  
36       36  (17)      3 :  0.0240  0.0030  0.7780  0.1950  
37       37   (8)      3 :  0.0500  0.2060  0.7110  0.0330  
38       38   (9)      3 :  0.0050  0.0819  0.9081  0.0050  
39       39  (15)      3 :  0.0410  0.0990  0.8570  0.0030  
40       40  (15)      3 :  0.1670  0.0020  0.7790  0.0520  
41       41   (5)      4 :  0.0020  0.9900  0.0060  0.0020  
42       42   (8)      4 :  0.0040  0.9920  0.0030  0.0010  
43       43  (16)      4 :  0.0080  0.9700  0.0110  0.0110  
44       44  (33)      4 :  0.0050  0.8440  0.1480  0.0030  
45       45  (17)      4 :  0.0070  0.9750  0.0030  0.0150  
46       46  (14)      4 :  0.0020  0.6590  0.3370  0.0020  
47       47   (5)      4 :  0.0030  0.9940  0.0020  0.0010  
48       48  (24)      4 :  0.0500  0.9330  0.0100  0.0070  
49       49  (32)      4 :  0.0020  0.9860  0.0100  0.0020  
50       50  (24)      4 :  0.0020  0.9890  0.0040  0.0050  
51       51  (17)      4 :  0.0230  0.9420  0.0260  0.0090  
52       52   (5)      4 :  0.0010  0.8070  0.1900  0.0020  
53       53  (11)      4 :  0.0690  0.9240  0.0060  0.0010  
54       54   (9)      4 :  0.0030  0.8030  0.1920  0.0020  
55       55  (27)      5 :  0.2800  0.6340  0.0600  0.0260  
56       56  (15)      5 :  0.0010  0.2480  0.6010  0.1500  
57       57  (15)      5 :  0.2080  0.0340  0.6050  0.1530  
58       58   (5)      5 :  0.0020  0.0010  0.9750  0.0220  
59       59   (7)      5 :  0.0020  0.3604  0.6366  0.0010  
60       60   (9)      5 :  0.0210  0.1940  0.0680  0.7170  
61       61  (17)      5 :  0.0070  0.4166  0.4825  0.0939  
62       62  (10)      5 :  0.0090  0.1760  0.5510  0.2640  
63       63  (12)      5 :  0.2418  0.2507  0.4875  0.0200  
64       64  (16)      5 :  0.0639  0.3257  0.5415  0.0689  
65       65  (17)      5 :  0.0300  0.3644  0.6016  0.0040  
66       66  (15)      5 :  0.0540  0.2600  0.3560  0.3300  
67       67  (12)      5 :  0.1680  0.2330  0.5790  0.0200  
68       68   (8)      5 :  0.0020  0.3890  0.3660  0.2430  
69       69  (13)      5 :  0.1642  0.2052  0.6076  0.0230  
70       70   (8)      5 :  0.0250  0.3370  0.6350  0.0030  
71       71  (19)      6 :  0.0010  0.9920  0.0030  0.0040  
72       72   (6)      6 :  0.0010  0.9970  0.0010  0.0010  
73       73  (40)      6 :  0.0020  0.9890  0.0070  0.0020  
74       74  (25)      6 :  0.0010  0.9830  0.0020  0.0140  
75       75  (15)      6 :  0.0510  0.9420  0.0050  0.0020  
76       76  (36)      6 :  0.0080  0.8720  0.0100  0.1100  
77       77   (8)      6 :  0.0980  0.8980  0.0030  0.0010  
78       78   (9)      6 :  0.0030  0.9920  0.0020  0.0030  
79       79   (8)      6 :  0.0080  0.9610  0.0030  0.0280  
80       80   (8)      6 :  0.0120  0.8460  0.0560  0.0860  
81       81   (8)      6 :  0.1700  0.8230  0.0050  0.0020  
82       82   (9)      6 :  0.0040  0.9930  0.0020  0.0010  
83       83   (9)      5 :  0.1400  0.2770  0.4330  0.1500  
84       84  (29)      7 :  0.5870  0.0080  0.3950  0.0100  
85       85   (8)      7 :  0.6440  0.1040  0.2480  0.0040  
86       86  (10)      7 :  0.9030  0.0430  0.0240  0.0300  
87       87   (8)      7 :  0.6880  0.1590  0.0290  0.1240  
88       88  (10)      7 :  0.8220  0.1640  0.0060  0.0080  
89       89  (25)      7 :  0.3250  0.2370  0.4350  0.0030  
90       90  (11)      7 :  0.9099  0.0040  0.0831  0.0030  
91       91  (18)      7 :  0.7127  0.0200  0.2633  0.0040  
92       92  (13)      7 :  0.7287  0.0040  0.2653  0.0020  
93       93  (10)      7 :  0.9790  0.0130  0.0070  0.0010  
94       94  (11)      7 :  0.1010  0.1920  0.7050  0.0020  
95       95   (7)      7 :  0.9240  0.0110  0.0140  0.0510  
96       96  (22)      7 :  0.9960  0.0010  0.0020  0.0010  
97       97   (5)      7 :  0.5050  0.0170  0.4660  0.0120  
