 1        1   (8)      1 :  0.9870  0.0050  0.0020  0.0030  0.0010  0.0020  
 2        2   (9)      1 :  0.4400  0.0140  0.0850  0.0040  0.0040  0.4530  
 3        3   (9)      1 :  0.2540  0.1860  0.0010  0.5230  0.0030  0.0330  
 4        4  (18)      1 :  0.3666  0.0659  0.0749  0.2278  0.0020  0.2627  
 5        5  (22)      1 :  0.0010  0.0010  0.0010  0.0020  0.0010  0.9940  
 6        6   (9)      1 :  0.1740  0.2900  0.3260  0.1220  0.0260  0.0620  
 7        7  (13)      1 :  0.6530  0.0600  0.0170  0.0030  0.0020  0.2650  
 8        8  (14)      1 :  0.3490  0.0120  0.1450  0.0230  0.0020  0.4690  
 9        9   (5)      1 :  0.3026  0.0060  0.1333  0.5431  0.0010  0.0140  
10       10  (10)      1 :  0.2543  0.0020  0.0140  0.2222  0.0020  0.5055  
11       11  (21)      1 :  0.1950  0.3230  0.2590  0.1380  0.0080  0.0770  
12       12   (7)      1 :  0.1189  0.1079  0.3487  0.2837  0.0240  0.1169  
13       13  (26)      1 :  0.0120  0.0050  0.0020  0.0050  0.0010  0.9750  
14       14   (8)      2 :  0.0040  0.1369  0.7612  0.0929  0.0010  0.0040  
15       15   (7)      2 :  0.0080  0.1548  0.6364  0.1968  0.0020  0.0020  
16       16   (7)      2 :  0.0050  0.9760  0.0140  0.0020  0.0010  0.0020  
17       17   (7)      2 :  0.0150  0.4340  0.3030  0.2140  0.0120  0.0220  
18       18  (13)      2 :  0.2110  0.4290  0.3220  0.0360  0.0010  0.0010  
19       19  (15)      2 :  0.0020  0.7193  0.0539  0.0190  0.0020  0.2038  
20       20   (6)      2 :  0.0240  0.4480  0.4560  0.0690  0.0020  0.0010  
21       21   (5)      2 :  0.0020  0.7070  0.2770  0.0100  0.0030  0.0010  
22       22   (8)      2 :  0.0020  0.1580  0.4290  0.4050  0.0020  0.0040  
23       23   (5)      2 :  0.0060  0.6180  0.2230  0.1310  0.0010  0.0210  
24       24  (12)      2 :  0.0030  0.7950  0.1910  0.0060  0.0010  0.0040  
25       25  (10)      2 :  0.0030  0.0700  0.8960  0.0080  0.0050  0.0180  
26       26  (10)      2 :  0.0010  0.3370  0.6580  0.0010  0.0010  0.0020  
27       27  (49)      2 :  0.0040  0.3060  0.5510  0.0350  0.0020  0.1020  
28       28  (20)      2 :  0.0030  0.8050  0.0080  0.1590  0.0010  0.0240  
29       29   (9)      3 :  0.9740  0.0150  0.0020  0.0050  0.0020  0.0020  
30       30   (8)      3 :  0.9910  0.0010  0.0010  0.0010  0.0010  0.0050  
31       31  (19)      3 :  0.6630  0.0400  0.0390  0.0050  0.0020  0.2510  
32       32  (13)      3 :  0.5175  0.1882  0.0641  0.1722  0.0190  0.0390  
33       33   (6)      3 :  0.4444  0.0010  0.0050  0.0070  0.0280  0.5145  
34       34  (10)      3 :  0.6543  0.1528  0.0120  0.0360  0.0030  0.1419  
35       35   (4)      3 :  0.2012  0.1682  0.0160  0.4244  0.0020  0.1882  
36       36  (17)      3 :  0.4070  0.0040  0.0020  0.3720  0.0070  0.2080  
37       37   (8)      3 :  0.1760  0.0250  0.1020  0.3260  0.0060  0.3650  
38       38   (9)      3 :  0.5980  0.0640  0.0040  0.2420  0.0030  0.0890  
39       39  (15)      3 :  0.7180  0.0300  0.0580  0.0640  0.0850  0.0450  
40       40  (15)      3 :  0.7150  0.0030  0.0020  0.0390  0.1820  0.0590  
41       41   (5)      4 :  0.0020  0.0080  0.8860  0.0040  0.0010  0.0990  
42       42   (8)      4 :  0.0050  0.4730  0.5030  0.0130  0.0040  0.0020  
43       43  (16)      4 :  0.0030  0.9860  0.0030  0.0030  0.0020  0.0030  
44       44  (33)      4 :  0.0170  0.5080  0.2950  0.0020  0.0080  0.1700  
45       45  (17)      4 :  0.0020  0.4180  0.5150  0.0530  0.0020  0.0100  
46       46  (14)      4 :  0.1970  0.6220  0.0600  0.0270  0.0040  0.0900  
47       47   (5)      4 :  0.0020  0.1642  0.8108  0.0050  0.0030  0.0150  
48       48  (24)      4 :  0.0030  0.6070  0.3050  0.0300  0.0040  0.0510  
49       49  (32)      4 :  0.0050  0.5425  0.2763  0.1682  0.0010  0.0070  
50       50  (24)      4 :  0.0220  0.3050  0.6610  0.0070  0.0020  0.0030  
51       51  (17)      4 :  0.0090  0.5550  0.3480  0.0790  0.0050  0.0040  
52       52   (5)      4 :  0.0040  0.3860  0.3630  0.0160  0.0010  0.2300  
53       53  (11)      4 :  0.0020  0.3906  0.4625  0.0929  0.0210  0.0310  
54       54   (9)      4 :  0.0529  0.1698  0.4745  0.1219  0.0070  0.1738  
55       55  (27)      5 :  0.0070  0.4580  0.0990  0.2410  0.1540  0.0410  
56       56  (15)      5 :  0.4280  0.0060  0.2270  0.0310  0.0020  0.3060  
57       57  (15)      5 :  0.0800  0.0060  0.0060  0.5220  0.0050  0.3810  
58       58   (5)      5 :  0.6220  0.0010  0.0010  0.0030  0.0020  0.3710  
59       59   (7)      5 :  0.1209  0.1429  0.0340  0.6464  0.0020  0.0539  
60       60   (9)      5 :  0.6850  0.2160  0.0110  0.0270  0.0430  0.0180  
61       61  (17)      5 :  0.1670  0.1940  0.1140  0.2720  0.0030  0.2500  
62       62  (10)      5 :  0.5425  0.1101  0.0120  0.2573  0.0060  0.0721  
63       63  (12)      5 :  0.0180  0.0900  0.0510  0.4460  0.1410  0.2540  
64       64  (16)      5 :  0.4000  0.0870  0.1500  0.2310  0.0680  0.0640  
65       65  (17)      5 :  0.0250  0.0380  0.1239  0.5465  0.0050  0.2617  
66       66  (15)      5 :  0.4720  0.0760  0.0950  0.2550  0.0170  0.0850  
67       67  (12)      5 :  0.0050  0.0020  0.0020  0.9870  0.0020  0.0020  
68       68   (8)      5 :  0.3910  0.3630  0.0060  0.2370  0.0010  0.0020  
69       69  (13)      5 :  0.2993  0.1331  0.0280  0.1141  0.1241  0.3013  
70       70   (8)      5 :  0.0150  0.0090  0.1610  0.3880  0.0030  0.4240  
71       71  (19)      6 :  0.0030  0.2790  0.5940  0.1190  0.0010  0.0040  
72       72   (6)      6 :  0.0010  0.1812  0.8118  0.0030  0.0010  0.0020  
73       73  (40)      6 :  0.0040  0.0580  0.7610  0.0060  0.0020  0.1690  
74       74  (25)      6 :  0.0020  0.3113  0.6757  0.0030  0.0010  0.0070  
75       75  (15)      6 :  0.0030  0.0040  0.9260  0.0060  0.0040  0.0570  
76       76  (36)      6 :  0.0930  0.2630  0.5290  0.0880  0.0100  0.0170  
77       77   (8)      6 :  0.0070  0.0290  0.8360  0.0080  0.0970  0.0230  
78       78   (9)      6 :  0.0020  0.0460  0.9390  0.0060  0.0030  0.0040  
79       79   (8)      6 :  0.0060  0.3634  0.5385  0.0731  0.0170  0.0020  
80       80   (8)      6 :  0.1190  0.2960  0.4230  0.1570  0.0030  0.0020  
81       81   (8)      6 :  0.0020  0.2690  0.4770  0.0600  0.1540  0.0380  
82       82   (9)      6 :  0.0020  0.2268  0.7542  0.0080  0.0060  0.0030  
83       83   (9)      5 :  0.2250  0.1880  0.0040  0.3910  0.0530  0.1390  
84       84  (29)      7 :  0.1210  0.0320  0.0040  0.1630  0.4880  0.1920  
85       85   (8)      7 :  0.0340  0.0200  0.0531  0.2352  0.5636  0.0941  
86       86  (10)      7 :  0.0150  0.0080  0.0170  0.1920  0.7630  0.0050  
87       87   (8)      7 :  0.0939  0.1888  0.0050  0.0739  0.6244  0.0140  
88       88  (10)      7 :  0.0040  0.0549  0.0200  0.0140  0.7552  0.1518  
89       89  (25)      7 :  0.0030  0.0581  0.0060  0.9149  0.0100  0.0080  
90       90  (11)      7 :  0.0030  0.0020  0.0020  0.2683  0.6837  0.0410  
91       91  (18)      7 :  0.2517  0.0360  0.0110  0.0070  0.6883  0.0060  
92       92  (13)      7 :  0.0050  0.0110  0.0020  0.2132  0.5936  0.1752  
93       93  (10)      7 :  0.0050  0.0060  0.0170  0.0060  0.9620  0.0040  
94       94  (11)      7 :  0.1850  0.0580  0.0040  0.4940  0.0040  0.2550  
95       95   (7)      7 :  0.0060  0.0529  0.0030  0.1099  0.7413  0.0869  
96       96  (22)      7 :  0.0040  0.0010  0.0020  0.0010  0.9910  0.0010  
97       97   (5)      7 :  0.0060  0.0020  0.0070  0.7470  0.2300  0.0080  
