 1        1   (8)      1 :  0.0010  0.0010  0.9950  0.0010  0.0010  0.0000  0.0010  
 2        2   (9)      1 :  0.2793  0.0030  0.0531  0.0460  0.0400  0.0040  0.5746  
 3        3   (9)      1 :  0.1540  0.5710  0.0240  0.1940  0.0010  0.0030  0.0530  
 4        4  (18)      1 :  0.3207  0.2028  0.0040  0.1149  0.0350  0.0020  0.3207  
 5        5  (22)      1 :  0.0030  0.0020  0.0010  0.0010  0.0010  0.0010  0.9910  
 6        6   (9)      1 :  0.1828  0.0659  0.0050  0.2997  0.3447  0.0080  0.0939  
 7        7  (13)      1 :  0.5395  0.0050  0.0120  0.0260  0.0270  0.0010  0.3896  
 8        8  (14)      1 :  0.1700  0.0130  0.0870  0.0070  0.1630  0.0010  0.5590  
 9        9   (5)      1 :  0.3107  0.5275  0.0020  0.0060  0.1469  0.0010  0.0060  
10       10  (10)      1 :  0.2503  0.2162  0.0010  0.0020  0.0090  0.0020  0.5195  
11       11  (21)      1 :  0.0270  0.2268  0.0120  0.3307  0.2557  0.0080  0.1399  
12       12   (7)      1 :  0.0060  0.2900  0.0740  0.1340  0.3340  0.0230  0.1390  
13       13  (26)      1 :  0.0370  0.0030  0.0010  0.0040  0.0010  0.0010  0.9530  
14       14   (8)      2 :  0.0090  0.0611  0.0010  0.1722  0.7528  0.0010  0.0030  
15       15   (7)      2 :  0.0050  0.2068  0.0070  0.1339  0.6434  0.0020  0.0020  
16       16   (7)      2 :  0.0050  0.0020  0.0020  0.9840  0.0040  0.0010  0.0020  
17       17   (7)      2 :  0.0030  0.1041  0.0611  0.4434  0.2933  0.0080  0.0871  
18       18  (13)      2 :  0.0450  0.1740  0.0600  0.3870  0.3310  0.0010  0.0020  
19       19  (15)      2 :  0.0020  0.0200  0.0020  0.7500  0.0310  0.0030  0.1920  
20       20   (6)      2 :  0.0250  0.0560  0.0020  0.4890  0.4250  0.0020  0.0010  
21       21   (5)      2 :  0.0010  0.0080  0.0020  0.7758  0.2112  0.0010  0.0010  
22       22   (8)      2 :  0.0020  0.3920  0.0020  0.1830  0.4120  0.0020  0.0070  
23       23   (5)      2 :  0.0240  0.0420  0.0010  0.6920  0.1820  0.0010  0.0580  
24       24  (12)      2 :  0.0020  0.0070  0.0030  0.8030  0.1800  0.0010  0.0040  
25       25  (10)      2 :  0.0090  0.0090  0.0010  0.1360  0.8280  0.0050  0.0120  
26       26  (10)      2 :  0.0010  0.0010  0.0010  0.3604  0.6346  0.0010  0.0010  
27       27  (49)      2 :  0.0020  0.0490  0.0180  0.3800  0.5020  0.0050  0.0440  
28       28  (20)      2 :  0.0020  0.1220  0.0040  0.8430  0.0050  0.0010  0.0230  
29       29   (9)      3 :  0.9530  0.0070  0.0080  0.0250  0.0020  0.0010  0.0040  
30       30   (8)      3 :  0.9920  0.0010  0.0020  0.0010  0.0010  0.0010  0.0020  
31       31  (19)      3 :  0.2657  0.0080  0.2867  0.0140  0.0819  0.0020  0.3417  
32       32  (13)      3 :  0.2450  0.1580  0.2870  0.1780  0.0700  0.0140  0.0480  
33       33   (6)      3 :  0.1179  0.0120  0.2168  0.0010  0.0050  0.0180  0.6294  
34       34  (10)      3 :  0.6070  0.0390  0.0200  0.1280  0.0140  0.0020  0.1900  
35       35   (4)      3 :  0.0100  0.3564  0.1081  0.2172  0.0100  0.0030  0.2953  
36       36  (17)      3 :  0.1410  0.3110  0.2150  0.0040  0.0020  0.0050  0.3220  
37       37   (8)      3 :  0.0490  0.3580  0.0320  0.0140  0.0730  0.0090  0.4650  
38       38   (9)      3 :  0.5694  0.2318  0.0030  0.0989  0.0040  0.0020  0.0909  
39       39  (15)      3 :  0.7107  0.0501  0.0050  0.0360  0.0921  0.0390  0.0671  
40       40  (15)      3 :  0.6797  0.0220  0.0591  0.0040  0.0020  0.1802  0.0531  
41       41   (5)      4 :  0.0010  0.0020  0.0020  0.0050  0.8599  0.0010  0.1291  
42       42   (8)      4 :  0.0050  0.0090  0.0020  0.4935  0.4855  0.0030  0.0020  
43       43  (16)      4 :  0.0030  0.0030  0.0030  0.9860  0.0020  0.0010  0.0020  
44       44  (33)      4 :  0.0450  0.0020  0.0110  0.5085  0.2867  0.0060  0.1409  
45       45  (17)      4 :  0.0010  0.0770  0.0140  0.4100  0.4900  0.0050  0.0030  
46       46  (14)      4 :  0.1960  0.0340  0.0020  0.6210  0.0370  0.0040  0.1060  
47       47   (5)      4 :  0.0020  0.0040  0.0010  0.1522  0.8248  0.0040  0.0120  
48       48  (24)      4 :  0.0020  0.0691  0.0030  0.5261  0.3637  0.0060  0.0301  
49       49  (32)      4 :  0.0050  0.1540  0.0020  0.5510  0.2820  0.0010  0.0050  
50       50  (24)      4 :  0.0120  0.0100  0.0100  0.2810  0.6820  0.0020  0.0030  
51       51  (17)      4 :  0.0110  0.0850  0.0020  0.5560  0.3380  0.0040  0.0040  
52       52   (5)      4 :  0.0020  0.0050  0.0020  0.3946  0.3457  0.0010  0.2498  
53       53  (11)      4 :  0.0020  0.0930  0.0010  0.3850  0.4570  0.0200  0.0420  
54       54   (9)      4 :  0.0250  0.0420  0.0020  0.1962  0.4835  0.0030  0.2482  
55       55  (27)      5 :  0.0050  0.2358  0.0030  0.4156  0.1429  0.1678  0.0300  
56       56  (15)      5 :  0.1371  0.0801  0.1321  0.0040  0.2172  0.0020  0.4274  
57       57  (15)      5 :  0.0070  0.4410  0.0910  0.0040  0.0040  0.0100  0.4430  
58       58   (5)      5 :  0.4695  0.0060  0.0929  0.0010  0.0010  0.0020  0.4276  
59       59   (7)      5 :  0.0120  0.6693  0.0010  0.1798  0.0070  0.0010  0.1299  
60       60   (9)      5 :  0.0030  0.0040  0.6850  0.1650  0.0060  0.0260  0.1110  
61       61  (17)      5 :  0.0190  0.2680  0.0710  0.2490  0.0310  0.0030  0.3590  
62       62  (10)      5 :  0.2743  0.2222  0.2663  0.1261  0.0110  0.0060  0.0941  
63       63  (12)      5 :  0.0030  0.4046  0.0070  0.1079  0.0340  0.1558  0.2877  
64       64  (16)      5 :  0.3257  0.2468  0.0649  0.1069  0.1469  0.0410  0.0679  
65       65  (17)      5 :  0.0180  0.5175  0.0030  0.0899  0.0539  0.0040  0.3137  
66       66  (15)      5 :  0.0860  0.2290  0.3410  0.0780  0.1080  0.0200  0.1380  
67       67  (12)      5 :  0.0030  0.9840  0.0060  0.0020  0.0020  0.0010  0.0020  
68       68   (8)      5 :  0.1090  0.3050  0.1940  0.3840  0.0050  0.0010  0.0020  
69       69  (13)      5 :  0.1940  0.0870  0.0120  0.1650  0.0180  0.1380  0.3860  
70       70   (8)      5 :  0.0060  0.3040  0.0100  0.0580  0.0960  0.0030  0.5230  
71       71  (19)      6 :  0.0020  0.0761  0.0040  0.3113  0.6016  0.0010  0.0040  
72       72   (6)      6 :  0.0010  0.0020  0.0010  0.1670  0.8260  0.0010  0.0020  
73       73  (40)      6 :  0.0030  0.0100  0.0030  0.0950  0.7480  0.0020  0.1390  
74       74  (25)      6 :  0.0020  0.0020  0.0130  0.3720  0.6050  0.0010  0.0050  
75       75  (15)      6 :  0.0040  0.0080  0.0030  0.0040  0.9500  0.0030  0.0280  
76       76  (36)      6 :  0.0060  0.0609  0.1069  0.1928  0.6084  0.0070  0.0180  
77       77   (8)      6 :  0.0080  0.0080  0.0010  0.0070  0.8560  0.0650  0.0550  
78       78   (9)      6 :  0.0020  0.0020  0.0030  0.0990  0.8880  0.0030  0.0030  
79       79   (8)      6 :  0.0020  0.0500  0.0200  0.3780  0.5360  0.0110  0.0030  
80       80   (8)      6 :  0.0030  0.1880  0.0850  0.3190  0.3980  0.0040  0.0030  
81       81   (8)      6 :  0.0020  0.0180  0.0020  0.2940  0.4630  0.1610  0.0600  
82       82   (9)      6 :  0.0030  0.0040  0.0010  0.2750  0.7070  0.0060  0.0040  
83       83   (9)      5 :  0.0140  0.3814  0.1732  0.2092  0.0040  0.0571  0.1612  
84       84  (29)      7 :  0.0880  0.1190  0.0390  0.0260  0.0040  0.4920  0.2320  
85       85   (8)      7 :  0.0490  0.1880  0.0090  0.0130  0.0650  0.6030  0.0730  
86       86  (10)      7 :  0.0070  0.1520  0.0230  0.0150  0.0150  0.7830  0.0050  
87       87   (8)      7 :  0.0030  0.0781  0.0981  0.1832  0.0020  0.6146  0.0210  
88       88  (10)      7 :  0.0020  0.0060  0.0140  0.0280  0.0140  0.7710  0.1650  
89       89  (25)      7 :  0.0060  0.9201  0.0020  0.0509  0.0060  0.0040  0.0110  
90       90  (11)      7 :  0.0020  0.2640  0.0020  0.0020  0.0020  0.7020  0.0260  
91       91  (18)      7 :  0.2465  0.0050  0.0050  0.0200  0.0120  0.7066  0.0050  
92       92  (13)      7 :  0.0040  0.1752  0.0020  0.0070  0.0020  0.5956  0.2142  
93       93  (10)      7 :  0.0100  0.0050  0.0010  0.0050  0.0160  0.9600  0.0030  
94       94  (11)      7 :  0.2577  0.4426  0.0020  0.0679  0.0030  0.0040  0.2228  
95       95   (7)      7 :  0.0030  0.1109  0.0390  0.0280  0.0020  0.7502  0.0669  
96       96  (22)      7 :  0.0130  0.0010  0.0010  0.0010  0.0020  0.9810  0.0010  
97       97   (5)      7 :  0.0040  0.6990  0.0060  0.0020  0.0050  0.2790  0.0050  
