 1        1   (8)      1 :  0.9860  0.0080  0.0010  0.0020  0.0010  0.0020  
 2        2   (9)      1 :  0.4406  0.0260  0.0999  0.0060  0.0050  0.4226  
 3        3   (9)      1 :  0.1390  0.1690  0.0020  0.6790  0.0020  0.0090  
 4        4  (18)      1 :  0.3806  0.0989  0.0400  0.2368  0.0020  0.2418  
 5        5  (22)      1 :  0.0010  0.0010  0.0010  0.0010  0.0010  0.9950  
 6        6   (9)      1 :  0.1620  0.3100  0.3690  0.0450  0.0290  0.0850  
 7        7  (13)      1 :  0.6813  0.0250  0.0130  0.0030  0.0020  0.2757  
 8        8  (14)      1 :  0.3123  0.0110  0.2002  0.0110  0.0010  0.4645  
 9        9   (5)      1 :  0.2720  0.0030  0.1210  0.5970  0.0010  0.0060  
10       10  (10)      1 :  0.2613  0.0020  0.0140  0.2372  0.0020  0.4835  
11       11  (21)      1 :  0.1470  0.3270  0.2510  0.1930  0.0060  0.0760  
12       12   (7)      1 :  0.0870  0.1290  0.3500  0.2640  0.0710  0.0990  
13       13  (26)      1 :  0.0180  0.0060  0.0020  0.0100  0.0010  0.9630  
14       14   (8)      2 :  0.0040  0.1430  0.7750  0.0740  0.0010  0.0030  
15       15   (7)      2 :  0.0110  0.0972  0.6453  0.2445  0.0010  0.0010  
16       16   (7)      2 :  0.0040  0.9820  0.0090  0.0020  0.0010  0.0020  
17       17   (7)      2 :  0.0180  0.4860  0.3140  0.0990  0.0150  0.0680  
18       18  (13)      2 :  0.1400  0.3680  0.3620  0.1280  0.0010  0.0010  
19       19  (15)      2 :  0.0020  0.6406  0.1652  0.0060  0.0020  0.1842  
20       20   (6)      2 :  0.0230  0.4310  0.5060  0.0360  0.0030  0.0010  
21       21   (5)      2 :  0.0020  0.7050  0.2650  0.0250  0.0020  0.0010  
22       22   (8)      2 :  0.0040  0.1630  0.4710  0.3550  0.0030  0.0040  
23       23   (5)      2 :  0.0060  0.7087  0.2412  0.0150  0.0010  0.0280  
24       24  (12)      2 :  0.0030  0.7540  0.2340  0.0050  0.0010  0.0030  
25       25  (10)      2 :  0.0030  0.0350  0.9329  0.0110  0.0070  0.0110  
26       26  (10)      2 :  0.0010  0.3100  0.6860  0.0010  0.0010  0.0010  
27       27  (49)      2 :  0.0040  0.1171  0.6977  0.1121  0.0040  0.0651  
28       28  (20)      2 :  0.0030  0.9251  0.0110  0.0519  0.0010  0.0080  
29       29   (9)      3 :  0.9740  0.0170  0.0020  0.0030  0.0010  0.0030  
30       30   (8)      3 :  0.9910  0.0010  0.0010  0.0020  0.0010  0.0040  
31       31  (19)      3 :  0.6873  0.0260  0.0190  0.0040  0.0020  0.2617  
32       32  (13)      3 :  0.5350  0.1650  0.0750  0.1530  0.0200  0.0520  
33       33   (6)      3 :  0.4210  0.0010  0.0090  0.0110  0.0270  0.5310  
34       34  (10)      3 :  0.6707  0.1502  0.0130  0.0130  0.0020  0.1512  
35       35   (4)      3 :  0.2088  0.2288  0.0250  0.3287  0.0030  0.2058  
36       36  (17)      3 :  0.4440  0.0030  0.0020  0.2990  0.0050  0.2470  
37       37   (8)      3 :  0.1932  0.0110  0.1431  0.2793  0.0090  0.3644  
38       38   (9)      3 :  0.5740  0.0950  0.0040  0.2320  0.0040  0.0910  
39       39  (15)      3 :  0.7293  0.0310  0.0549  0.0480  0.0909  0.0460  
40       40  (15)      3 :  0.7203  0.0030  0.0020  0.0340  0.1708  0.0699  
41       41   (5)      4 :  0.0020  0.0030  0.8940  0.0020  0.0010  0.0980  
42       42   (8)      4 :  0.0030  0.4600  0.5250  0.0060  0.0040  0.0020  
43       43  (16)      4 :  0.0030  0.9840  0.0060  0.0030  0.0020  0.0020  
44       44  (33)      4 :  0.0390  0.5260  0.3100  0.0020  0.0060  0.1170  
45       45  (17)      4 :  0.0020  0.3820  0.5230  0.0860  0.0040  0.0030  
46       46  (14)      4 :  0.1940  0.6200  0.0720  0.0260  0.0040  0.0840  
47       47   (5)      4 :  0.0030  0.0530  0.9230  0.0090  0.0030  0.0090  
48       48  (24)      4 :  0.0030  0.5105  0.3784  0.0330  0.0100  0.0651  
49       49  (32)      4 :  0.0040  0.5600  0.2940  0.1350  0.0010  0.0060  
50       50  (24)      4 :  0.0120  0.2650  0.7100  0.0090  0.0020  0.0020  
51       51  (17)      4 :  0.0050  0.5770  0.3670  0.0430  0.0050  0.0030  
52       52   (5)      4 :  0.0040  0.3706  0.3846  0.0060  0.0010  0.2338  
53       53  (11)      4 :  0.0010  0.3453  0.5265  0.0531  0.0230  0.0511  
54       54   (9)      4 :  0.0700  0.1810  0.5120  0.0310  0.0070  0.1990  
55       55  (27)      5 :  0.0070  0.4230  0.1340  0.2110  0.1940  0.0310  
56       56  (15)      5 :  0.4370  0.0040  0.2300  0.0130  0.0020  0.3140  
57       57  (15)      5 :  0.0330  0.0040  0.0040  0.5465  0.0030  0.4096  
58       58   (5)      5 :  0.5980  0.0010  0.0010  0.0060  0.0020  0.3920  
59       59   (7)      5 :  0.0310  0.1678  0.0150  0.7752  0.0010  0.0100  
60       60   (9)      5 :  0.7227  0.2022  0.0090  0.0050  0.0420  0.0190  
61       61  (17)      5 :  0.1910  0.2130  0.1060  0.2220  0.0030  0.2650  
62       62  (10)      5 :  0.5500  0.1260  0.0150  0.2230  0.0110  0.0750  
63       63  (12)      5 :  0.0100  0.0890  0.0350  0.4340  0.1630  0.2690  
64       64  (16)      5 :  0.4104  0.1351  0.1261  0.2262  0.0611  0.0410  
65       65  (17)      5 :  0.0250  0.1280  0.0500  0.5350  0.0040  0.2580  
66       66  (15)      5 :  0.4720  0.0870  0.0920  0.2250  0.0440  0.0800  
67       67  (12)      5 :  0.0060  0.0030  0.0020  0.9850  0.0020  0.0020  
68       68   (8)      5 :  0.3960  0.3550  0.0060  0.2410  0.0010  0.0010  
69       69  (13)      5 :  0.3013  0.1522  0.0340  0.0811  0.1141  0.3173  
70       70   (8)      5 :  0.0230  0.0070  0.2032  0.3544  0.0020  0.4104  
71       71  (19)      6 :  0.0040  0.2620  0.6570  0.0700  0.0010  0.0060  
72       72   (6)      6 :  0.0020  0.1680  0.8240  0.0030  0.0010  0.0020  
73       73  (40)      6 :  0.0020  0.0560  0.8250  0.0080  0.0020  0.1070  
74       74  (25)      6 :  0.0020  0.2893  0.7007  0.0020  0.0010  0.0050  
75       75  (15)      6 :  0.0050  0.0040  0.9350  0.0060  0.0070  0.0430  
76       76  (36)      6 :  0.1570  0.0870  0.6510  0.0710  0.0140  0.0200  
77       77   (8)      6 :  0.0060  0.0190  0.8182  0.0070  0.1309  0.0190  
78       78   (9)      6 :  0.0040  0.0280  0.9590  0.0040  0.0020  0.0030  
79       79   (8)      6 :  0.0070  0.3744  0.5696  0.0340  0.0130  0.0020  
80       80   (8)      6 :  0.0880  0.2470  0.4700  0.1900  0.0030  0.0020  
81       81   (8)      6 :  0.0030  0.2478  0.5055  0.0539  0.1499  0.0400  
82       82   (9)      6 :  0.0020  0.2038  0.7822  0.0040  0.0050  0.0030  
83       83   (9)      5 :  0.2198  0.2108  0.0050  0.3516  0.0799  0.1329  
84       84  (29)      7 :  0.1680  0.0260  0.0050  0.0970  0.5050  0.1990  
85       85   (8)      7 :  0.0300  0.0190  0.0340  0.2240  0.6070  0.0860  
86       86  (10)      7 :  0.0150  0.0160  0.0110  0.1540  0.7980  0.0060  
87       87   (8)      7 :  0.0819  0.2238  0.0040  0.0450  0.6254  0.0200  
88       88  (10)      7 :  0.0050  0.0330  0.0260  0.0050  0.7792  0.1518  
89       89  (25)      7 :  0.0040  0.1260  0.0070  0.8320  0.0120  0.0190  
90       90  (11)      7 :  0.0030  0.0020  0.0020  0.2610  0.7040  0.0280  
91       91  (18)      7 :  0.2510  0.0220  0.0090  0.0050  0.7070  0.0060  
92       92  (13)      7 :  0.0060  0.0150  0.0020  0.0910  0.6110  0.2750  
93       93  (10)      7 :  0.0030  0.0040  0.0150  0.0060  0.9690  0.0030  
94       94  (11)      7 :  0.1970  0.0650  0.0040  0.4730  0.0050  0.2560  
95       95   (7)      7 :  0.0060  0.0391  0.0020  0.0962  0.7455  0.1112  
96       96  (22)      7 :  0.0030  0.0010  0.0020  0.0010  0.9920  0.0010  
97       97   (5)      7 :  0.0050  0.0020  0.0070  0.6730  0.2970  0.0160  
