 1        1   (8)      1 :  0.0010  0.0070  0.9880  0.0010  0.0030  
 2        2   (9)      1 :  0.0040  0.0250  0.3760  0.0620  0.5330  
 3        3   (9)      1 :  0.0030  0.2910  0.0340  0.0010  0.6710  
 4        4  (18)      1 :  0.0020  0.1380  0.3400  0.0620  0.4580  
 5        5  (22)      1 :  0.0020  0.0020  0.0020  0.0010  0.9930  
 6        6   (9)      1 :  0.0180  0.3980  0.2050  0.3570  0.0220  
 7        7  (13)      1 :  0.0010  0.0930  0.6400  0.0130  0.2530  
 8        8  (14)      1 :  0.0010  0.0100  0.2670  0.1690  0.5530  
 9        9   (5)      1 :  0.0010  0.1190  0.2750  0.1240  0.4810  
10       10  (10)      1 :  0.0020  0.0030  0.2640  0.0740  0.6570  
11       11  (21)      1 :  0.0120  0.4480  0.1260  0.2600  0.1540  
12       12   (7)      1 :  0.0689  0.2787  0.0759  0.3067  0.2697  
13       13  (26)      1 :  0.0010  0.0040  0.0090  0.0010  0.9850  
14       14   (8)      2 :  0.0010  0.1690  0.0060  0.8130  0.0110  
15       15   (7)      2 :  0.0030  0.2470  0.0360  0.7010  0.0130  
16       16   (7)      2 :  0.0010  0.9880  0.0040  0.0060  0.0010  
17       17   (7)      2 :  0.0090  0.5075  0.0100  0.3127  0.1608  
18       18  (13)      2 :  0.0010  0.4995  0.1542  0.3373  0.0080  
19       19  (15)      2 :  0.0060  0.9520  0.0030  0.0170  0.0220  
20       20   (6)      2 :  0.0040  0.5205  0.0130  0.4605  0.0020  
21       21   (5)      2 :  0.0010  0.7220  0.0010  0.2740  0.0020  
22       22   (8)      2 :  0.0050  0.4404  0.0130  0.4635  0.0781  
23       23   (5)      2 :  0.0010  0.7317  0.0040  0.2533  0.0100  
24       24  (12)      2 :  0.0010  0.7690  0.0020  0.2250  0.0030  
25       25  (10)      2 :  0.0030  0.0380  0.0030  0.9260  0.0300  
26       26  (10)      2 :  0.0010  0.2500  0.0010  0.7470  0.0010  
27       27  (49)      2 :  0.0040  0.2933  0.0030  0.6426  0.0571  
28       28  (20)      2 :  0.0010  0.9550  0.0030  0.0070  0.0340  
29       29   (9)      3 :  0.0010  0.0200  0.9750  0.0020  0.0020  
30       30   (8)      3 :  0.0010  0.0010  0.9850  0.0010  0.0120  
31       31  (19)      3 :  0.0010  0.0140  0.6930  0.0860  0.2060  
32       32  (13)      3 :  0.0170  0.2520  0.5350  0.0540  0.1420  
33       33   (6)      3 :  0.0370  0.0010  0.3193  0.0250  0.6176  
34       34  (10)      3 :  0.0030  0.1858  0.6244  0.0100  0.1768  
35       35   (4)      3 :  0.0030  0.2893  0.2032  0.0170  0.4875  
36       36  (17)      3 :  0.0040  0.0070  0.4030  0.0020  0.5840  
37       37   (8)      3 :  0.0090  0.0390  0.0931  0.1291  0.7297  
38       38   (9)      3 :  0.0030  0.1469  0.5804  0.0050  0.2647  
39       39  (15)      3 :  0.0671  0.0791  0.7377  0.0601  0.0561  
40       40  (15)      3 :  0.1612  0.0040  0.6967  0.0020  0.1361  
41       41   (5)      4 :  0.0010  0.0080  0.0020  0.9730  0.0160  
42       42   (8)      4 :  0.0030  0.4955  0.0040  0.4935  0.0040  
43       43  (16)      4 :  0.0020  0.9900  0.0020  0.0040  0.0020  
44       44  (33)      4 :  0.0090  0.5190  0.0890  0.3640  0.0190  
45       45  (17)      4 :  0.0030  0.3810  0.0020  0.5760  0.0380  
46       46  (14)      4 :  0.0030  0.6670  0.0870  0.0990  0.1440  
47       47   (5)      4 :  0.0020  0.0570  0.0020  0.9340  0.0050  
48       48  (24)      4 :  0.0090  0.6573  0.0030  0.3237  0.0070  
49       49  (32)      4 :  0.0020  0.6390  0.0060  0.3400  0.0130  
50       50  (24)      4 :  0.0020  0.3220  0.0100  0.6620  0.0040  
51       51  (17)      4 :  0.0040  0.6170  0.0060  0.3670  0.0060  
52       52   (5)      4 :  0.0010  0.4590  0.0030  0.3450  0.1920  
53       53  (11)      4 :  0.0210  0.4635  0.0020  0.5035  0.0100  
54       54   (9)      4 :  0.0030  0.3890  0.0650  0.4300  0.1130  
55       55  (27)      5 :  0.1780  0.5380  0.0070  0.1490  0.1280  
56       56  (15)      5 :  0.0020  0.0050  0.3590  0.2240  0.4100  
57       57  (15)      5 :  0.0120  0.0120  0.0240  0.0120  0.9399  
58       58   (5)      5 :  0.0020  0.0010  0.4995  0.0010  0.4965  
59       59   (7)      5 :  0.0020  0.3590  0.0040  0.0050  0.6300  
60       60   (9)      5 :  0.0300  0.2730  0.6800  0.0080  0.0090  
61       61  (17)      5 :  0.0040  0.3070  0.1200  0.0480  0.5210  
62       62  (10)      5 :  0.0100  0.2000  0.5620  0.0100  0.2180  
63       63  (12)      5 :  0.1700  0.1870  0.0110  0.0550  0.5770  
64       64  (16)      5 :  0.0640  0.2370  0.4270  0.1330  0.1390  
65       65  (17)      5 :  0.0080  0.3150  0.0330  0.0950  0.5490  
66       66  (15)      5 :  0.0440  0.2170  0.4670  0.0370  0.2350  
67       67  (12)      5 :  0.1340  0.3210  0.0840  0.0050  0.4560  
68       68   (8)      5 :  0.0020  0.5205  0.4635  0.0070  0.0070  
69       69  (13)      5 :  0.1232  0.1954  0.2665  0.0391  0.3758  
70       70   (8)      5 :  0.0040  0.0620  0.0120  0.1790  0.7430  
71       71  (19)      6 :  0.0010  0.3390  0.0030  0.6520  0.0050  
72       72   (6)      6 :  0.0010  0.1630  0.0020  0.8320  0.0020  
73       73  (40)      6 :  0.0020  0.1662  0.0040  0.7908  0.0370  
74       74  (25)      6 :  0.0010  0.2923  0.0020  0.7017  0.0030  
75       75  (15)      6 :  0.0090  0.0080  0.0060  0.9710  0.0060  
76       76  (36)      6 :  0.0180  0.3170  0.0900  0.5600  0.0150  
77       77   (8)      6 :  0.1060  0.0150  0.0030  0.8540  0.0220  
78       78   (9)      6 :  0.0020  0.0791  0.0030  0.9139  0.0020  
79       79   (8)      6 :  0.0150  0.4350  0.0050  0.5390  0.0060  
80       80   (8)      6 :  0.0060  0.3976  0.1089  0.4545  0.0330  
81       81   (8)      6 :  0.1471  0.3103  0.0020  0.5295  0.0110  
82       82   (9)      6 :  0.0070  0.1982  0.0020  0.7898  0.0030  
83       83   (9)      5 :  0.0619  0.3596  0.2038  0.0050  0.3696  
84       84  (29)      7 :  0.4790  0.0960  0.1680  0.0040  0.2530  
85       85   (8)      7 :  0.6226  0.0350  0.0140  0.0611  0.2673  
86       86  (10)      7 :  0.8710  0.0370  0.0250  0.0230  0.0440  
87       87   (8)      7 :  0.6340  0.2450  0.0850  0.0030  0.0330  
88       88  (10)      7 :  0.8118  0.1031  0.0050  0.0240  0.0561  
89       89  (25)      7 :  0.0829  0.4505  0.0120  0.0050  0.4496  
90       90  (11)      7 :  0.7598  0.0020  0.0020  0.0020  0.2342  
91       91  (18)      7 :  0.7230  0.0170  0.2430  0.0120  0.0050  
92       92  (13)      7 :  0.6270  0.0300  0.0030  0.0020  0.3380  
93       93  (10)      7 :  0.9640  0.0070  0.0040  0.0190  0.0060  
94       94  (11)      7 :  0.0060  0.2873  0.1391  0.0030  0.5646  
95       95   (7)      7 :  0.8120  0.1420  0.0080  0.0020  0.0360  
96       96  (22)      7 :  0.9920  0.0010  0.0030  0.0020  0.0020  
97       97   (5)      7 :  0.4060  0.0190  0.0430  0.0380  0.4940  
