 1        1   (8)      1 :  0.9950  0.0010  0.0010  0.0010  0.0010  0.0010  
 2        2   (9)      1 :  0.4110  0.0240  0.1290  0.0020  0.0040  0.4300  
 3        3   (9)      1 :  0.2573  0.6486  0.0180  0.0661  0.0020  0.0080  
 4        4  (18)      1 :  0.2610  0.3530  0.0980  0.0120  0.0010  0.2750  
 5        5  (22)      1 :  0.0010  0.0020  0.0010  0.0010  0.0010  0.9940  
 6        6   (9)      1 :  0.1260  0.0180  0.5150  0.2660  0.0230  0.0520  
 7        7  (13)      1 :  0.5950  0.1220  0.0150  0.0030  0.0010  0.2640  
 8        8  (14)      1 :  0.3167  0.0290  0.1718  0.0060  0.0010  0.4755  
 9        9   (5)      1 :  0.0010  0.9960  0.0010  0.0010  0.0000  0.0010  
10       10  (10)      1 :  0.0070  0.3007  0.0030  0.1149  0.0020  0.5724  
11       11  (21)      1 :  0.2160  0.1140  0.5330  0.0610  0.0100  0.0660  
12       12   (7)      1 :  0.1089  0.0519  0.3986  0.3197  0.0440  0.0769  
13       13  (26)      1 :  0.0140  0.0180  0.0020  0.0040  0.0010  0.9610  
14       14   (8)      2 :  0.0020  0.0140  0.8790  0.1010  0.0010  0.0030  
15       15   (7)      2 :  0.0200  0.0600  0.7600  0.1570  0.0020  0.0010  
16       16   (7)      2 :  0.0040  0.1151  0.8729  0.0050  0.0010  0.0020  
17       17   (7)      2 :  0.0080  0.0040  0.5970  0.3770  0.0040  0.0100  
18       18  (13)      2 :  0.1722  0.1031  0.6847  0.0380  0.0010  0.0010  
19       19  (15)      2 :  0.0020  0.0310  0.6406  0.1461  0.0020  0.1782  
20       20   (6)      2 :  0.0090  0.0020  0.7720  0.2140  0.0020  0.0010  
21       21   (5)      2 :  0.0020  0.0050  0.8280  0.1630  0.0010  0.0010  
22       22   (8)      2 :  0.0030  0.0040  0.5075  0.4805  0.0020  0.0030  
23       23   (5)      2 :  0.0040  0.0010  0.6677  0.3184  0.0010  0.0080  
24       24  (12)      2 :  0.0020  0.0050  0.8168  0.1732  0.0010  0.0020  
25       25  (10)      2 :  0.0020  0.0180  0.9580  0.0030  0.0060  0.0130  
26       26  (10)      2 :  0.0010  0.0010  0.9950  0.0010  0.0010  0.0010  
27       27  (49)      2 :  0.0030  0.0600  0.8050  0.0170  0.0030  0.1120  
28       28  (20)      2 :  0.0040  0.0110  0.6530  0.3210  0.0010  0.0100  
29       29   (9)      3 :  0.9840  0.0070  0.0020  0.0040  0.0010  0.0020  
30       30   (8)      3 :  0.9790  0.0030  0.0010  0.0010  0.0010  0.0150  
31       31  (19)      3 :  0.7037  0.0010  0.0380  0.0040  0.0010  0.2523  
32       32  (13)      3 :  0.4875  0.0851  0.1962  0.1912  0.0100  0.0300  
33       33   (6)      3 :  0.4220  0.0080  0.0020  0.0030  0.0120  0.5530  
34       34  (10)      3 :  0.6853  0.0050  0.1039  0.0609  0.0020  0.1429  
35       35   (4)      3 :  0.2020  0.0020  0.0580  0.5810  0.0010  0.1560  
36       36  (17)      3 :  0.4410  0.0030  0.0020  0.3580  0.0040  0.1920  
37       37   (8)      3 :  0.2388  0.0020  0.0420  0.3726  0.0080  0.3367  
38       38   (9)      3 :  0.5770  0.1450  0.0150  0.1600  0.0030  0.1000  
39       39  (15)      3 :  0.7227  0.0340  0.0901  0.0330  0.0791  0.0410  
40       40  (15)      3 :  0.6710  0.0720  0.0020  0.0320  0.1470  0.0760  
41       41   (5)      4 :  0.0020  0.0010  0.8590  0.0020  0.0010  0.1350  
42       42   (8)      4 :  0.0030  0.0060  0.8900  0.0960  0.0030  0.0020  
43       43  (16)      4 :  0.0200  0.0920  0.8350  0.0440  0.0060  0.0030  
44       44  (33)      4 :  0.0751  0.0010  0.7848  0.0020  0.0040  0.1331  
45       45  (17)      4 :  0.0020  0.0010  0.8160  0.1770  0.0020  0.0020  
46       46  (14)      4 :  0.1400  0.2010  0.5870  0.0090  0.0020  0.0610  
47       47   (5)      4 :  0.0030  0.0030  0.9600  0.0080  0.0040  0.0220  
48       48  (24)      4 :  0.0040  0.0060  0.8320  0.0930  0.0060  0.0590  
49       49  (32)      4 :  0.0020  0.0050  0.6637  0.3253  0.0010  0.0030  
50       50  (24)      4 :  0.0230  0.0030  0.9610  0.0090  0.0020  0.0020  
51       51  (17)      4 :  0.0060  0.0290  0.8088  0.1491  0.0040  0.0030  
52       52   (5)      4 :  0.0040  0.0050  0.6987  0.0490  0.0010  0.2422  
53       53  (11)      4 :  0.0020  0.0020  0.7582  0.1888  0.0140  0.0350  
54       54   (9)      4 :  0.0709  0.0070  0.5884  0.2278  0.0090  0.0969  
55       55  (27)      5 :  0.0130  0.0050  0.4540  0.3260  0.1750  0.0270  
56       56  (15)      5 :  0.4630  0.0020  0.1160  0.1230  0.0020  0.2940  
57       57  (15)      5 :  0.0660  0.0030  0.0030  0.5200  0.0020  0.4060  
58       58   (5)      5 :  0.4424  0.2002  0.0010  0.0010  0.0010  0.3544  
59       59   (7)      5 :  0.0070  0.4400  0.1390  0.3900  0.0010  0.0230  
60       60   (9)      5 :  0.7810  0.0010  0.0830  0.1080  0.0190  0.0080  
61       61  (17)      5 :  0.1880  0.0430  0.2640  0.2710  0.0020  0.2320  
62       62  (10)      5 :  0.5165  0.1469  0.0589  0.2038  0.0060  0.0679  
63       63  (12)      5 :  0.0140  0.0430  0.1070  0.4370  0.1390  0.2600  
64       64  (16)      5 :  0.3320  0.2160  0.1820  0.1480  0.0960  0.0260  
65       65  (17)      5 :  0.0160  0.0020  0.0220  0.6620  0.0020  0.2960  
66       66  (15)      5 :  0.4895  0.0030  0.1522  0.2452  0.0090  0.1011  
67       67  (12)      5 :  0.0060  0.0430  0.0020  0.9450  0.0020  0.0020  
68       68   (8)      5 :  0.4565  0.0050  0.1902  0.3463  0.0010  0.0010  
69       69  (13)      5 :  0.2910  0.0430  0.1090  0.1420  0.1080  0.3070  
70       70   (8)      5 :  0.0260  0.0400  0.1310  0.3700  0.0040  0.4290  
71       71  (19)      6 :  0.0030  0.0070  0.8120  0.1730  0.0010  0.0040  
72       72   (6)      6 :  0.0010  0.0010  0.9920  0.0030  0.0010  0.0020  
73       73  (40)      6 :  0.0020  0.0020  0.8158  0.0030  0.0010  0.1762  
74       74  (25)      6 :  0.0020  0.0020  0.9830  0.0030  0.0010  0.0090  
75       75  (15)      6 :  0.0030  0.0010  0.9019  0.0070  0.0100  0.0771  
76       76  (36)      6 :  0.0410  0.0060  0.6980  0.1850  0.0050  0.0650  
77       77   (8)      6 :  0.0020  0.0050  0.8590  0.0040  0.1240  0.0060  
78       78   (9)      6 :  0.0040  0.0010  0.9710  0.0090  0.0040  0.0110  
79       79   (8)      6 :  0.0070  0.0030  0.8340  0.1280  0.0260  0.0020  
80       80   (8)      6 :  0.1050  0.0520  0.6720  0.1660  0.0030  0.0020  
81       81   (8)      6 :  0.0020  0.0050  0.7050  0.0830  0.1540  0.0510  
82       82   (9)      6 :  0.0030  0.0010  0.9660  0.0190  0.0080  0.0030  
83       83   (9)      5 :  0.2653  0.0310  0.0541  0.5075  0.0551  0.0871  
84       84  (29)      7 :  0.1310  0.0030  0.0050  0.2120  0.4670  0.1820  
85       85   (8)      7 :  0.0360  0.0740  0.0430  0.1350  0.6070  0.1050  
86       86  (10)      7 :  0.0110  0.0380  0.0190  0.1728  0.7552  0.0040  
87       87   (8)      7 :  0.1572  0.0010  0.0350  0.1812  0.6176  0.0080  
88       88  (10)      7 :  0.0030  0.0010  0.0601  0.0541  0.7548  0.1271  
89       89  (25)      7 :  0.0030  0.0030  0.0080  0.9690  0.0030  0.0140  
90       90  (11)      7 :  0.0030  0.0020  0.0020  0.2917  0.6763  0.0250  
91       91  (18)      7 :  0.1489  0.1319  0.0280  0.0040  0.6813  0.0060  
92       92  (13)      7 :  0.0040  0.0250  0.0020  0.2010  0.5660  0.2020  
93       93  (10)      7 :  0.0020  0.0200  0.0110  0.0050  0.9600  0.0020  
94       94  (11)      7 :  0.0751  0.1001  0.0030  0.5355  0.0030  0.2833  
95       95   (7)      7 :  0.0070  0.0010  0.0030  0.2040  0.7190  0.0660  
96       96  (22)      7 :  0.0020  0.0010  0.0010  0.0010  0.9940  0.0010  
97       97   (5)      7 :  0.0090  0.0020  0.0020  0.7922  0.1858  0.0090  
