 1        1   (8)      1 :  0.9860  0.0030  0.0010  0.0050  0.0020  0.0010  0.0020  
 2        2   (9)      1 :  0.4394  0.0030  0.0020  0.0100  0.1552  0.0030  0.3874  
 3        3   (9)      1 :  0.1682  0.6146  0.0020  0.1862  0.0010  0.0020  0.0260  
 4        4  (18)      1 :  0.3984  0.2032  0.0080  0.1331  0.0380  0.0020  0.2172  
 5        5  (22)      1 :  0.0010  0.0010  0.0010  0.0010  0.0010  0.0010  0.9940  
 6        6   (9)      1 :  0.1558  0.0849  0.3526  0.3077  0.0110  0.0230  0.0649  
 7        7  (13)      1 :  0.6853  0.0020  0.1289  0.0030  0.0020  0.0010  0.1778  
 8        8  (14)      1 :  0.3750  0.0060  0.0250  0.0060  0.2140  0.0010  0.3730  
 9        9   (5)      1 :  0.2647  0.5934  0.0040  0.0030  0.1289  0.0010  0.0050  
10       10  (10)      1 :  0.2680  0.1730  0.1000  0.0020  0.0040  0.0020  0.4510  
11       11  (21)      1 :  0.2260  0.1160  0.0620  0.2780  0.2640  0.0060  0.0480  
12       12   (7)      1 :  0.0969  0.2418  0.0210  0.2028  0.3387  0.0220  0.0769  
13       13  (26)      1 :  0.0260  0.0090  0.0020  0.0080  0.0030  0.0010  0.9510  
14       14   (8)      2 :  0.0030  0.0991  0.5696  0.1091  0.2162  0.0010  0.0020  
15       15   (7)      2 :  0.0150  0.1780  0.2570  0.1200  0.4270  0.0020  0.0010  
16       16   (7)      2 :  0.0060  0.0020  0.0080  0.9720  0.0090  0.0010  0.0020  
17       17   (7)      2 :  0.0270  0.0691  0.0060  0.5055  0.2913  0.0150  0.0861  
18       18  (13)      2 :  0.1722  0.0831  0.2062  0.3273  0.2082  0.0010  0.0020  
19       19  (15)      2 :  0.0020  0.0040  0.1852  0.6416  0.0030  0.0020  0.1622  
20       20   (6)      2 :  0.0080  0.0820  0.4880  0.4160  0.0030  0.0020  0.0010  
21       21   (5)      2 :  0.0020  0.0050  0.0390  0.8220  0.1300  0.0010  0.0010  
22       22   (8)      2 :  0.0030  0.3654  0.3323  0.2262  0.0671  0.0030  0.0030  
23       23   (5)      2 :  0.0050  0.0970  0.1340  0.6610  0.0780  0.0010  0.0240  
24       24  (12)      2 :  0.0020  0.0040  0.1958  0.7822  0.0080  0.0010  0.0070  
25       25  (10)      2 :  0.0040  0.0090  0.5530  0.0970  0.3240  0.0030  0.0100  
26       26  (10)      2 :  0.0010  0.0010  0.4050  0.3880  0.2030  0.0010  0.0010  
27       27  (49)      2 :  0.0040  0.0210  0.4520  0.1630  0.2490  0.0040  0.1070  
28       28  (20)      2 :  0.0020  0.1300  0.0070  0.8470  0.0040  0.0010  0.0090  
29       29   (9)      3 :  0.9720  0.0060  0.0030  0.0150  0.0010  0.0010  0.0020  
30       30   (8)      3 :  0.9860  0.0020  0.0010  0.0010  0.0010  0.0010  0.0080  
31       31  (19)      3 :  0.6700  0.0050  0.1350  0.0100  0.0030  0.0010  0.1760  
32       32  (13)      3 :  0.5210  0.1520  0.0050  0.1880  0.0950  0.0160  0.0230  
33       33   (6)      3 :  0.3900  0.0120  0.0590  0.0010  0.0030  0.0320  0.5030  
34       34  (10)      3 :  0.6757  0.0180  0.0741  0.0771  0.0090  0.0020  0.1441  
35       35   (4)      3 :  0.1968  0.3247  0.0290  0.2288  0.0040  0.0030  0.2138  
36       36  (17)      3 :  0.4364  0.3303  0.0020  0.0030  0.0020  0.0060  0.2202  
37       37   (8)      3 :  0.2360  0.2530  0.1300  0.0120  0.0040  0.0070  0.3580  
38       38   (9)      3 :  0.5970  0.2250  0.0090  0.0780  0.0030  0.0030  0.0850  
39       39  (15)      3 :  0.7226  0.0369  0.0130  0.0210  0.1028  0.0788  0.0250  
40       40  (15)      3 :  0.7110  0.0410  0.0020  0.0040  0.0020  0.1590  0.0810  
41       41   (5)      4 :  0.0020  0.0020  0.6266  0.0040  0.3063  0.0010  0.0581  
42       42   (8)      4 :  0.0030  0.0060  0.2238  0.4605  0.3027  0.0020  0.0020  
43       43  (16)      4 :  0.0060  0.0110  0.0070  0.9060  0.0630  0.0040  0.0030  
44       44  (33)      4 :  0.0170  0.0020  0.2607  0.5814  0.0260  0.0060  0.1069  
45       45  (17)      4 :  0.0020  0.0280  0.4370  0.4330  0.0930  0.0020  0.0050  
46       46  (14)      4 :  0.1972  0.0430  0.0150  0.5966  0.0921  0.0030  0.0531  
47       47   (5)      4 :  0.0010  0.0020  0.9870  0.0040  0.0030  0.0010  0.0020  
48       48  (24)      4 :  0.0040  0.0699  0.2537  0.4625  0.1918  0.0060  0.0120  
49       49  (32)      4 :  0.0030  0.1180  0.0950  0.6180  0.1610  0.0010  0.0040  
50       50  (24)      4 :  0.0090  0.0060  0.2108  0.2018  0.5684  0.0020  0.0020  
51       51  (17)      4 :  0.0070  0.0160  0.1389  0.5814  0.2488  0.0040  0.0040  
52       52   (5)      4 :  0.0040  0.0080  0.2400  0.3150  0.2140  0.0010  0.2180  
53       53  (11)      4 :  0.0020  0.0870  0.3120  0.3470  0.1950  0.0170  0.0400  
54       54   (9)      4 :  0.0580  0.0110  0.0030  0.3120  0.4710  0.0080  0.1370  
55       55  (27)      5 :  0.0070  0.2252  0.0390  0.4414  0.0761  0.1922  0.0190  
56       56  (15)      5 :  0.4840  0.0120  0.2220  0.0060  0.0140  0.0020  0.2600  
57       57  (15)      5 :  0.0400  0.4835  0.0040  0.0040  0.0220  0.0040  0.4426  
58       58   (5)      5 :  0.6034  0.0030  0.0010  0.0010  0.0010  0.0020  0.3886  
59       59   (7)      5 :  0.0760  0.6650  0.0020  0.1380  0.0970  0.0010  0.0210  
60       60   (9)      5 :  0.6860  0.0020  0.0030  0.2460  0.0080  0.0440  0.0110  
61       61  (17)      5 :  0.1890  0.2340  0.0480  0.2530  0.0360  0.0030  0.2370  
62       62  (10)      5 :  0.5471  0.2325  0.0140  0.1122  0.0210  0.0080  0.0651  
63       63  (12)      5 :  0.0170  0.4010  0.0170  0.0620  0.1000  0.1470  0.2560  
64       64  (16)      5 :  0.4126  0.2108  0.0240  0.1369  0.0859  0.1019  0.0280  
65       65  (17)      5 :  0.0220  0.4820  0.0580  0.0610  0.0850  0.0060  0.2860  
66       66  (15)      5 :  0.4830  0.2430  0.0270  0.0470  0.1200  0.0170  0.0630  
67       67  (12)      5 :  0.0050  0.9840  0.0020  0.0030  0.0020  0.0020  0.0020  
68       68   (8)      5 :  0.3974  0.2442  0.0070  0.3423  0.0070  0.0010  0.0010  
69       69  (13)      5 :  0.3180  0.0910  0.0660  0.1050  0.0060  0.1140  0.3000  
70       70   (8)      5 :  0.0250  0.3876  0.0220  0.0549  0.1029  0.0040  0.4036  
71       71  (19)      6 :  0.0030  0.0830  0.1770  0.3360  0.3950  0.0010  0.0050  
72       72   (6)      6 :  0.0010  0.0020  0.1410  0.0910  0.7620  0.0010  0.0020  
73       73  (40)      6 :  0.0030  0.0060  0.1190  0.1120  0.6900  0.0020  0.0680  
74       74  (25)      6 :  0.0010  0.0020  0.0060  0.3157  0.6713  0.0010  0.0030  
75       75  (15)      6 :  0.0020  0.0020  0.0080  0.0020  0.9810  0.0010  0.0040  
76       76  (36)      6 :  0.1131  0.0511  0.2523  0.1391  0.4184  0.0080  0.0180  
77       77   (8)      6 :  0.0060  0.0040  0.3057  0.0310  0.5764  0.0709  0.0060  
78       78   (9)      6 :  0.0020  0.0020  0.2428  0.0340  0.7143  0.0020  0.0030  
79       79   (8)      6 :  0.0050  0.0400  0.1708  0.3746  0.3896  0.0180  0.0020  
80       80   (8)      6 :  0.0910  0.1440  0.0800  0.3560  0.3240  0.0030  0.0020  
81       81   (8)      6 :  0.0030  0.0320  0.0551  0.3123  0.4164  0.1562  0.0250  
82       82   (9)      6 :  0.0020  0.0020  0.3800  0.2400  0.3690  0.0040  0.0030  
83       83   (9)      5 :  0.2148  0.3776  0.0070  0.2338  0.0030  0.0519  0.1119  
84       84  (29)      7 :  0.1250  0.1670  0.0070  0.0240  0.0040  0.4850  0.1880  
85       85   (8)      7 :  0.0230  0.2372  0.0170  0.0190  0.0280  0.5946  0.0811  
86       86  (10)      7 :  0.0140  0.1748  0.0390  0.0100  0.0040  0.7542  0.0040  
87       87   (8)      7 :  0.1250  0.0290  0.0030  0.2130  0.0030  0.6130  0.0140  
88       88  (10)      7 :  0.0050  0.0080  0.0070  0.0500  0.0300  0.7870  0.1130  
89       89  (25)      7 :  0.0040  0.9040  0.0070  0.0310  0.0190  0.0050  0.0300  
90       90  (11)      7 :  0.0030  0.2603  0.0020  0.0020  0.0030  0.6967  0.0330  
91       91  (18)      7 :  0.2583  0.0040  0.0030  0.0410  0.0120  0.6767  0.0050  
92       92  (13)      7 :  0.0050  0.1658  0.0030  0.0070  0.0020  0.5774  0.2398  
93       93  (10)      7 :  0.0050  0.0050  0.0110  0.0040  0.0130  0.9590  0.0030  
94       94  (11)      7 :  0.1510  0.5310  0.0260  0.0350  0.0020  0.0040  0.2510  
95       95   (7)      7 :  0.0060  0.1239  0.0030  0.0250  0.0030  0.7562  0.0829  
96       96  (22)      7 :  0.0020  0.0010  0.0020  0.0010  0.0010  0.9920  0.0010  
97       97   (5)      7 :  0.0080  0.6583  0.0999  0.0020  0.0020  0.2208  0.0090  
