 1        1   (8)      1 :  0.9760  0.0240  
 2        2   (9)      1 :  0.8530  0.1470  
 3        3   (9)      1 :  0.8520  0.1480  
 4        4  (18)      1 :  0.7160  0.2840  
 5        5  (22)      1 :  0.9940  0.0060  
 6        6   (9)      1 :  0.2950  0.7050  
 7        7  (13)      1 :  0.8890  0.1110  
 8        8  (14)      1 :  0.7340  0.2660  
 9        9   (5)      1 :  0.7100  0.2900  
10       10  (10)      1 :  0.9020  0.0980  
11       11  (21)      1 :  0.3310  0.6690  
12       12   (7)      1 :  0.3550  0.6450  
13       13  (26)      1 :  0.9880  0.0120  
14       14   (8)      2 :  0.0060  0.9940  
15       15   (7)      2 :  0.0420  0.9580  
16       16   (7)      2 :  0.0040  0.9960  
17       17   (7)      2 :  0.2170  0.7830  
18       18  (13)      2 :  0.1510  0.8490  
19       19  (15)      2 :  0.1020  0.8980  
20       20   (6)      2 :  0.0090  0.9910  
21       21   (5)      2 :  0.0050  0.9950  
22       22   (8)      2 :  0.1320  0.8680  
23       23   (5)      2 :  0.0190  0.9810  
24       24  (12)      2 :  0.0040  0.9960  
25       25  (10)      2 :  0.0100  0.9900  
26       26  (10)      2 :  0.0020  0.9980  
27       27  (49)      2 :  0.0100  0.9900  
28       28  (20)      2 :  0.0260  0.9740  
29       29   (9)      3 :  0.9820  0.0180  
30       30   (8)      3 :  0.9970  0.0030  
31       31  (19)      3 :  0.8580  0.1420  
32       32  (13)      3 :  0.7050  0.2950  
33       33   (6)      3 :  0.9840  0.0160  
34       34  (10)      3 :  0.8210  0.1790  
35       35   (4)      3 :  0.6430  0.3570  
36       36  (17)      3 :  0.9900  0.0100  
37       37   (8)      3 :  0.8160  0.1840  
38       38   (9)      3 :  0.9380  0.0620  
39       39  (15)      3 :  0.8900  0.1100  
40       40  (15)      3 :  0.9950  0.0050  
41       41   (5)      4 :  0.0060  0.9940  
42       42   (8)      4 :  0.0050  0.9950  
43       43  (16)      4 :  0.0140  0.9860  
44       44  (33)      4 :  0.1350  0.8650  
45       45  (17)      4 :  0.0080  0.9920  
46       46  (14)      4 :  0.2760  0.7240  
47       47   (5)      4 :  0.0030  0.9970  
48       48  (24)      4 :  0.0220  0.9780  
49       49  (32)      4 :  0.0090  0.9910  
50       50  (24)      4 :  0.0060  0.9940  
51       51  (17)      4 :  0.0810  0.9190  
52       52   (5)      4 :  0.1240  0.8760  
53       53  (11)      4 :  0.0280  0.9720  
54       54   (9)      4 :  0.1720  0.8280  
55       55  (27)      5 :  0.3700  0.6300  
56       56  (15)      5 :  0.6540  0.3460  
57       57  (15)      5 :  0.9440  0.0560  
58       58   (5)      5 :  0.9970  0.0030  
59       59   (7)      5 :  0.6000  0.4000  
60       60   (9)      5 :  0.7170  0.2830  
61       61  (17)      5 :  0.5180  0.4820  
62       62  (10)      5 :  0.8340  0.1660  
63       63  (12)      5 :  0.6960  0.3040  
64       64  (16)      5 :  0.6710  0.3290  
65       65  (17)      5 :  0.6200  0.3800  
66       66  (15)      5 :  0.7470  0.2530  
67       67  (12)      5 :  0.7570  0.2430  
68       68   (8)      5 :  0.5740  0.4260  
69       69  (13)      5 :  0.7700  0.2300  
70       70   (8)      5 :  0.6490  0.3510  
71       71  (19)      6 :  0.0040  0.9960  
72       72   (6)      6 :  0.0020  0.9980  
73       73  (40)      6 :  0.0100  0.9900  
74       74  (25)      6 :  0.0030  0.9970  
75       75  (15)      6 :  0.0120  0.9880  
76       76  (36)      6 :  0.1420  0.8580  
77       77   (8)      6 :  0.0140  0.9860  
78       78   (9)      6 :  0.0050  0.9950  
79       79   (8)      6 :  0.0330  0.9670  
80       80   (8)      6 :  0.1570  0.8430  
81       81   (8)      6 :  0.1890  0.8110  
82       82   (9)      6 :  0.0050  0.9950  
83       83   (9)      5 :  0.7280  0.2720  
84       84  (29)      7 :  0.8780  0.1220  
85       85   (8)      7 :  0.7870  0.2130  
86       86  (10)      7 :  0.7910  0.2090  
87       87   (8)      7 :  0.7590  0.2410  
88       88  (10)      7 :  0.7740  0.2260  
89       89  (25)      7 :  0.7220  0.2780  
90       90  (11)      7 :  0.9110  0.0890  
91       91  (18)      7 :  0.8520  0.1480  
92       92  (13)      7 :  0.9430  0.0570  
93       93  (10)      7 :  0.8260  0.1740  
94       94  (11)      7 :  0.8000  0.2000  
95       95   (7)      7 :  0.8390  0.1610  
96       96  (22)      7 :  0.9500  0.0500  
97       97   (5)      7 :  0.8450  0.1550  
