 1        1   (8)      1 :  0.9940  0.0010  0.0050  
 2        2   (9)      1 :  0.8322  0.0050  0.1628  
 3        3   (9)      1 :  0.8621  0.0070  0.1309  
 4        4  (18)      1 :  0.7770  0.0020  0.2210  
 5        5  (22)      1 :  0.9331  0.0639  0.0030  
 6        6   (9)      1 :  0.3030  0.0230  0.6740  
 7        7  (13)      1 :  0.9090  0.0010  0.0900  
 8        8  (14)      1 :  0.8088  0.0010  0.1902  
 9        9   (5)      1 :  0.7410  0.0020  0.2570  
10       10  (10)      1 :  0.8630  0.0040  0.1330  
11       11  (21)      1 :  0.3650  0.0120  0.6230  
12       12   (7)      1 :  0.3606  0.0619  0.5774  
13       13  (26)      1 :  0.9920  0.0040  0.0040  
14       14   (8)      2 :  0.0090  0.0010  0.9900  
15       15   (7)      2 :  0.0860  0.0030  0.9110  
16       16   (7)      2 :  0.0050  0.0010  0.9940  
17       17   (7)      2 :  0.2060  0.0230  0.7710  
18       18  (13)      2 :  0.2302  0.0010  0.7688  
19       19  (15)      2 :  0.0680  0.0620  0.8700  
20       20   (6)      2 :  0.0090  0.0050  0.9860  
21       21   (5)      2 :  0.0020  0.0030  0.9950  
22       22   (8)      2 :  0.1598  0.0080  0.8322  
23       23   (5)      2 :  0.0860  0.0010  0.9130  
24       24  (12)      2 :  0.0040  0.0010  0.9950  
25       25  (10)      2 :  0.0070  0.0050  0.9880  
26       26  (10)      2 :  0.0010  0.0010  0.9980  
27       27  (49)      2 :  0.0120  0.0030  0.9850  
28       28  (20)      2 :  0.1360  0.0010  0.8630  
29       29   (9)      3 :  0.9930  0.0010  0.0060  
30       30   (8)      3 :  0.9980  0.0010  0.0010  
31       31  (19)      3 :  0.8970  0.0010  0.1020  
32       32  (13)      3 :  0.6930  0.0200  0.2870  
33       33   (6)      3 :  0.9240  0.0720  0.0040  
34       34  (10)      3 :  0.8639  0.0020  0.1341  
35       35   (4)      3 :  0.6667  0.0050  0.3283  
36       36  (17)      3 :  0.9860  0.0100  0.0040  
37       37   (8)      3 :  0.7708  0.0220  0.2072  
38       38   (9)      3 :  0.9159  0.0040  0.0801  
39       39  (15)      3 :  0.8310  0.0650  0.1040  
40       40  (15)      3 :  0.8350  0.1630  0.0020  
41       41   (5)      4 :  0.0060  0.0030  0.9910  
42       42   (8)      4 :  0.0050  0.0050  0.9900  
43       43  (16)      4 :  0.0140  0.0040  0.9820  
44       44  (33)      4 :  0.1460  0.0070  0.8470  
45       45  (17)      4 :  0.0050  0.0030  0.9920  
46       46  (14)      4 :  0.3290  0.0030  0.6680  
47       47   (5)      4 :  0.0020  0.0020  0.9960  
48       48  (24)      4 :  0.0140  0.0220  0.9640  
49       49  (32)      4 :  0.0180  0.0020  0.9800  
50       50  (24)      4 :  0.0060  0.0020  0.9920  
51       51  (17)      4 :  0.0510  0.0170  0.9320  
52       52   (5)      4 :  0.2000  0.0020  0.7980  
53       53  (11)      4 :  0.0050  0.0619  0.9331  
54       54   (9)      4 :  0.1980  0.0070  0.7950  
55       55  (27)      5 :  0.2080  0.1810  0.6110  
56       56  (15)      5 :  0.7433  0.0020  0.2547  
57       57  (15)      5 :  0.8000  0.1260  0.0740  
58       58   (5)      5 :  0.9970  0.0020  0.0010  
59       59   (7)      5 :  0.6270  0.0030  0.3700  
60       60   (9)      5 :  0.7450  0.0280  0.2270  
61       61  (17)      5 :  0.5810  0.0040  0.4150  
62       62  (10)      5 :  0.8200  0.0090  0.1710  
63       63  (12)      5 :  0.5485  0.1998  0.2517  
64       64  (16)      5 :  0.6160  0.0730  0.3110  
65       65  (17)      5 :  0.6260  0.0270  0.3470  
66       66  (15)      5 :  0.7280  0.0370  0.2350  
67       67  (12)      5 :  0.6410  0.1630  0.1960  
68       68   (8)      5 :  0.6320  0.0020  0.3660  
69       69  (13)      5 :  0.6610  0.1410  0.1980  
70       70   (8)      5 :  0.6290  0.0230  0.3480  
71       71  (19)      6 :  0.0040  0.0020  0.9940  
72       72   (6)      6 :  0.0010  0.0010  0.9980  
73       73  (40)      6 :  0.0100  0.0020  0.9880  
74       74  (25)      6 :  0.0020  0.0010  0.9970  
75       75  (15)      6 :  0.0050  0.0170  0.9780  
76       76  (36)      6 :  0.1440  0.0160  0.8400  
77       77   (8)      6 :  0.0020  0.0960  0.9020  
78       78   (9)      6 :  0.0030  0.0030  0.9940  
79       79   (8)      6 :  0.0080  0.0190  0.9730  
80       80   (8)      6 :  0.1830  0.0060  0.8110  
81       81   (8)      6 :  0.0060  0.1750  0.8190  
82       82   (9)      6 :  0.0020  0.0080  0.9900  
83       83   (9)      5 :  0.6364  0.1109  0.2527  
84       84  (29)      7 :  0.4380  0.5500  0.0120  
85       85   (8)      7 :  0.2643  0.6076  0.1281  
86       86  (10)      7 :  0.1070  0.8410  0.0520  
87       87   (8)      7 :  0.2180  0.6320  0.1500  
88       88  (10)      7 :  0.0220  0.8050  0.1730  
89       89  (25)      7 :  0.4290  0.3430  0.2280  
90       90  (11)      7 :  0.1420  0.8540  0.0040  
91       91  (18)      7 :  0.2900  0.6820  0.0280  
92       92  (13)      7 :  0.2630  0.7300  0.0070  
93       93  (10)      7 :  0.0110  0.9650  0.0240  
94       94  (11)      7 :  0.6910  0.0830  0.2260  
95       95   (7)      7 :  0.0950  0.8860  0.0190  
96       96  (22)      7 :  0.0030  0.9960  0.0010  
97       97   (5)      7 :  0.5125  0.4505  0.0370  
