 1        1   (8)      1 :  0.0010  0.0050  0.9900  0.0020  0.0020  
 2        2   (9)      1 :  0.0040  0.0030  0.7730  0.1620  0.0580  
 3        3   (9)      1 :  0.0010  0.0030  0.0520  0.0110  0.9330  
 4        4  (18)      1 :  0.0020  0.0110  0.5430  0.0920  0.3520  
 5        5  (22)      1 :  0.0210  0.0701  0.6326  0.0020  0.2743  
 6        6   (9)      1 :  0.0140  0.2340  0.1920  0.5520  0.0080  
 7        7  (13)      1 :  0.0020  0.0020  0.8250  0.0210  0.1500  
 8        8  (14)      1 :  0.0010  0.0060  0.6950  0.2140  0.0840  
 9        9   (5)      1 :  0.0010  0.0010  0.0610  0.0010  0.9360  
10       10  (10)      1 :  0.0020  0.3580  0.6190  0.0090  0.0120  
11       11  (21)      1 :  0.0120  0.0170  0.1350  0.5660  0.2700  
12       12   (7)      1 :  0.0340  0.2550  0.1150  0.4370  0.1590  
13       13  (26)      1 :  0.0010  0.0120  0.5580  0.0020  0.4270  
14       14   (8)      2 :  0.0010  0.0400  0.0030  0.9400  0.0160  
15       15   (7)      2 :  0.0010  0.0040  0.0050  0.7588  0.2312  
16       16   (7)      2 :  0.0010  0.0070  0.0170  0.9610  0.0140  
17       17   (7)      2 :  0.0020  0.3453  0.0030  0.6466  0.0030  
18       18  (13)      2 :  0.0010  0.0080  0.0899  0.7532  0.1479  
19       19  (15)      2 :  0.0020  0.0060  0.0050  0.6683  0.3187  
20       20   (6)      2 :  0.0020  0.1690  0.0030  0.8230  0.0030  
21       21   (5)      2 :  0.0030  0.0531  0.0020  0.9169  0.0250  
22       22   (8)      2 :  0.0020  0.3926  0.0030  0.5924  0.0100  
23       23   (5)      2 :  0.0010  0.2268  0.0030  0.7672  0.0020  
24       24  (12)      2 :  0.0010  0.0890  0.0020  0.8880  0.0200  
25       25  (10)      2 :  0.0030  0.0020  0.0020  0.9429  0.0501  
26       26  (10)      2 :  0.0010  0.0010  0.0010  0.9960  0.0010  
27       27  (49)      2 :  0.0020  0.1360  0.0040  0.7920  0.0660  
28       28  (20)      2 :  0.0010  0.0240  0.0040  0.7600  0.2110  
29       29   (9)      3 :  0.0010  0.0030  0.9730  0.0050  0.0180  
30       30   (8)      3 :  0.0010  0.0010  0.9960  0.0010  0.0010  
31       31  (19)      3 :  0.0010  0.0060  0.9421  0.0490  0.0020  
32       32  (13)      3 :  0.0130  0.2050  0.5900  0.1890  0.0030  
33       33   (6)      3 :  0.1030  0.0340  0.7750  0.0050  0.0830  
34       34  (10)      3 :  0.0020  0.0520  0.7720  0.1480  0.0260  
35       35   (4)      3 :  0.0010  0.6286  0.2863  0.0831  0.0010  
36       36  (17)      3 :  0.0050  0.4080  0.5790  0.0020  0.0060  
37       37   (8)      3 :  0.0030  0.3840  0.5470  0.0600  0.0060  
38       38   (9)      3 :  0.0020  0.1880  0.6610  0.0190  0.1300  
39       39  (15)      3 :  0.0601  0.0230  0.7718  0.1021  0.0430  
40       40  (15)      3 :  0.1722  0.0450  0.7578  0.0010  0.0240  
41       41   (5)      4 :  0.0010  0.0160  0.0050  0.9770  0.0010  
42       42   (8)      4 :  0.0040  0.0400  0.0030  0.9491  0.0040  
43       43  (16)      4 :  0.0040  0.0150  0.0040  0.8150  0.1620  
44       44  (33)      4 :  0.0050  0.0030  0.1970  0.7930  0.0020  
45       45  (17)      4 :  0.0030  0.1570  0.0020  0.8350  0.0030  
46       46  (14)      4 :  0.0020  0.0040  0.0960  0.5660  0.3320  
47       47   (5)      4 :  0.0030  0.0070  0.0030  0.9810  0.0060  
48       48  (24)      4 :  0.0070  0.0470  0.0100  0.8779  0.0581  
49       49  (32)      4 :  0.0010  0.2597  0.0030  0.7303  0.0060  
50       50  (24)      4 :  0.0020  0.0030  0.0050  0.9860  0.0040  
51       51  (17)      4 :  0.0040  0.0640  0.0030  0.8330  0.0960  
52       52   (5)      4 :  0.0010  0.0070  0.0090  0.6917  0.2913  
53       53  (11)      4 :  0.0220  0.1510  0.0020  0.8100  0.0150  
54       54   (9)      4 :  0.0070  0.2248  0.1139  0.6164  0.0380  
55       55  (27)      5 :  0.1560  0.2650  0.0170  0.5330  0.0290  
56       56  (15)      5 :  0.0020  0.1180  0.6680  0.2060  0.0060  
57       57  (15)      5 :  0.0020  0.6480  0.3420  0.0030  0.0050  
58       58   (5)      5 :  0.0020  0.0020  0.8410  0.0010  0.1540  
59       59   (7)      5 :  0.0010  0.1450  0.0030  0.1240  0.7270  
60       60   (9)      5 :  0.0120  0.1200  0.7160  0.1500  0.0020  
61       61  (17)      5 :  0.0020  0.2687  0.3197  0.2737  0.1359  
62       62  (10)      5 :  0.0050  0.2208  0.5904  0.0729  0.1109  
63       63  (12)      5 :  0.1240  0.4890  0.0920  0.1020  0.1930  
64       64  (16)      5 :  0.0690  0.1410  0.4140  0.1930  0.1830  
65       65  (17)      5 :  0.0020  0.7818  0.1461  0.0681  0.0020  
66       66  (15)      5 :  0.0140  0.2620  0.5190  0.1760  0.0290  
67       67  (12)      5 :  0.0010  0.9309  0.0070  0.0020  0.0591  
68       68   (8)      5 :  0.0010  0.3073  0.4214  0.2603  0.0100  
69       69  (13)      5 :  0.1160  0.1700  0.4640  0.1190  0.1310  
70       70   (8)      5 :  0.0030  0.3614  0.3574  0.1542  0.1241  
71       71  (19)      6 :  0.0010  0.0509  0.0020  0.9401  0.0060  
72       72   (6)      6 :  0.0010  0.0020  0.0010  0.9950  0.0010  
73       73  (40)      6 :  0.0010  0.0110  0.0050  0.9670  0.0160  
74       74  (25)      6 :  0.0010  0.0030  0.0020  0.9910  0.0030  
75       75  (15)      6 :  0.0110  0.0040  0.0100  0.9740  0.0010  
76       76  (36)      6 :  0.0100  0.1882  0.0561  0.7297  0.0160  
77       77   (8)      6 :  0.1410  0.0030  0.0030  0.8440  0.0090  
78       78   (9)      6 :  0.0030  0.0110  0.0040  0.9800  0.0020  
79       79   (8)      6 :  0.0320  0.0480  0.0050  0.9100  0.0050  
80       80   (8)      6 :  0.0040  0.0280  0.0860  0.7340  0.1480  
81       81   (8)      6 :  0.1700  0.0410  0.0030  0.7530  0.0330  
82       82   (9)      6 :  0.0150  0.0160  0.0020  0.9650  0.0020  
83       83   (9)      5 :  0.0490  0.4460  0.3070  0.0690  0.1290  
84       84  (29)      7 :  0.4660  0.2430  0.2810  0.0060  0.0040  
85       85   (8)      7 :  0.6190  0.1460  0.0740  0.0290  0.1320  
86       86  (10)      7 :  0.7710  0.1940  0.0120  0.0110  0.0120  
87       87   (8)      7 :  0.6126  0.2172  0.1191  0.0470  0.0040  
88       88  (10)      7 :  0.7508  0.1351  0.0190  0.0941  0.0010  
89       89  (25)      7 :  0.0020  0.9401  0.0030  0.0200  0.0350  
90       90  (11)      7 :  0.6580  0.3340  0.0030  0.0020  0.0030  
91       91  (18)      7 :  0.7207  0.0040  0.2422  0.0230  0.0100  
92       92  (13)      7 :  0.6406  0.3283  0.0150  0.0030  0.0130  
93       93  (10)      7 :  0.9700  0.0030  0.0030  0.0100  0.0140  
94       94  (11)      7 :  0.0030  0.4520  0.2680  0.0050  0.2720  
95       95   (7)      7 :  0.7173  0.2667  0.0060  0.0060  0.0040  
96       96  (22)      7 :  0.9960  0.0010  0.0010  0.0010  0.0010  
97       97   (5)      7 :  0.0421  0.9479  0.0040  0.0010  0.0050  
