 1        1   (8)      1 :  0.9940  0.0010  0.0010  0.0020  0.0010  0.0010  
 2        2   (9)      1 :  0.4580  0.0080  0.1300  0.0030  0.0040  0.3970  
 3        3   (9)      1 :  0.3350  0.0120  0.0100  0.6110  0.0050  0.0270  
 4        4  (18)      1 :  0.4250  0.0020  0.1080  0.2110  0.0010  0.2530  
 5        5  (22)      1 :  0.0010  0.0020  0.0010  0.0010  0.0010  0.9940  
 6        6   (9)      1 :  0.1510  0.0470  0.5450  0.1830  0.0280  0.0460  
 7        7  (13)      1 :  0.6810  0.0020  0.0460  0.0030  0.0010  0.2670  
 8        8  (14)      1 :  0.3500  0.0140  0.1910  0.0030  0.0010  0.4410  
 9        9   (5)      1 :  0.2920  0.0040  0.1420  0.5340  0.0010  0.0270  
10       10  (10)      1 :  0.2790  0.0130  0.0050  0.1950  0.0010  0.5070  
11       11  (21)      1 :  0.2420  0.0480  0.5310  0.1510  0.0030  0.0250  
12       12   (7)      1 :  0.1640  0.1080  0.4410  0.2570  0.0040  0.0260  
13       13  (26)      1 :  0.0100  0.0010  0.0020  0.0040  0.0010  0.9820  
14       14   (8)      2 :  0.0030  0.0010  0.9100  0.0800  0.0010  0.0050  
15       15   (7)      2 :  0.0030  0.0010  0.7377  0.2553  0.0010  0.0020  
16       16   (7)      2 :  0.0280  0.0010  0.8859  0.0771  0.0010  0.0070  
17       17   (7)      2 :  0.0160  0.1471  0.6386  0.1912  0.0010  0.0060  
18       18  (13)      2 :  0.2080  0.0020  0.6820  0.1060  0.0010  0.0010  
19       19  (15)      2 :  0.0020  0.0010  0.6507  0.1812  0.0020  0.1632  
20       20   (6)      2 :  0.0150  0.0030  0.7880  0.1910  0.0020  0.0010  
21       21   (5)      2 :  0.0020  0.0260  0.8130  0.1570  0.0010  0.0010  
22       22   (8)      2 :  0.0030  0.0060  0.5864  0.3986  0.0020  0.0040  
23       23   (5)      2 :  0.0020  0.0010  0.6983  0.2777  0.0010  0.0200  
24       24  (12)      2 :  0.0020  0.0040  0.7892  0.2018  0.0010  0.0020  
25       25  (10)      2 :  0.0030  0.0020  0.9500  0.0060  0.0060  0.0330  
26       26  (10)      2 :  0.0010  0.0010  0.9950  0.0010  0.0010  0.0010  
27       27  (49)      2 :  0.0030  0.0030  0.8022  0.0360  0.0040  0.1518  
28       28  (20)      2 :  0.0050  0.0010  0.6326  0.3514  0.0010  0.0090  
29       29   (9)      3 :  0.9860  0.0020  0.0030  0.0060  0.0010  0.0020  
30       30   (8)      3 :  0.9900  0.0010  0.0010  0.0010  0.0010  0.0060  
31       31  (19)      3 :  0.7047  0.0020  0.0300  0.0040  0.0010  0.2583  
32       32  (13)      3 :  0.5425  0.0080  0.2372  0.1702  0.0140  0.0280  
33       33   (6)      3 :  0.4470  0.0010  0.0020  0.0040  0.0300  0.5160  
34       34  (10)      3 :  0.6883  0.0080  0.1339  0.0340  0.0020  0.1339  
35       35   (4)      3 :  0.2042  0.0040  0.0801  0.4875  0.0020  0.2222  
36       36  (17)      3 :  0.4400  0.0130  0.0020  0.2980  0.0150  0.2320  
37       37   (8)      3 :  0.2560  0.0100  0.1310  0.2490  0.0150  0.3390  
38       38   (9)      3 :  0.6230  0.0070  0.0160  0.2380  0.0040  0.1120  
39       39  (15)      3 :  0.7207  0.0030  0.0531  0.0891  0.0851  0.0490  
40       40  (15)      3 :  0.7223  0.0050  0.0020  0.0370  0.1748  0.0589  
41       41   (5)      4 :  0.0010  0.0020  0.8699  0.0020  0.0010  0.1241  
42       42   (8)      4 :  0.0030  0.0030  0.8790  0.1090  0.0030  0.0030  
43       43  (16)      4 :  0.0120  0.0909  0.7552  0.1369  0.0030  0.0020  
44       44  (33)      4 :  0.0340  0.0040  0.7600  0.0030  0.0130  0.1860  
45       45  (17)      4 :  0.0020  0.0010  0.8258  0.1662  0.0030  0.0020  
46       46  (14)      4 :  0.1110  0.0020  0.5450  0.2250  0.0040  0.1130  
47       47   (5)      4 :  0.0020  0.0020  0.9441  0.0170  0.0060  0.0290  
48       48  (24)      4 :  0.0040  0.1930  0.7620  0.0350  0.0020  0.0040  
49       49  (32)      4 :  0.0030  0.0010  0.7083  0.2837  0.0010  0.0030  
50       50  (24)      4 :  0.0200  0.0020  0.9640  0.0100  0.0020  0.0020  
51       51  (17)      4 :  0.0070  0.0500  0.7970  0.1390  0.0040  0.0030  
52       52   (5)      4 :  0.0030  0.0100  0.7043  0.0460  0.0010  0.2358  
53       53  (11)      4 :  0.0010  0.0140  0.7848  0.1391  0.0280  0.0330  
54       54   (9)      4 :  0.0910  0.0760  0.6970  0.0340  0.0030  0.0990  
55       55  (27)      5 :  0.0110  0.0750  0.4870  0.2600  0.1470  0.0200  
56       56  (15)      5 :  0.4635  0.0010  0.2152  0.0200  0.0010  0.2993  
57       57  (15)      5 :  0.0689  0.1658  0.0030  0.4406  0.0020  0.3197  
58       58   (5)      5 :  0.6100  0.0700  0.0010  0.0010  0.0010  0.3170  
59       59   (7)      5 :  0.1784  0.0020  0.1433  0.6383  0.0010  0.0371  
60       60   (9)      5 :  0.7522  0.0060  0.1778  0.0100  0.0470  0.0070  
61       61  (17)      5 :  0.1988  0.0080  0.2807  0.2517  0.0030  0.2577  
62       62  (10)      5 :  0.5629  0.0539  0.0699  0.2625  0.0050  0.0459  
63       63  (12)      5 :  0.0230  0.0590  0.1190  0.4320  0.1160  0.2510  
64       64  (16)      5 :  0.3980  0.0020  0.2150  0.2970  0.0600  0.0280  
65       65  (17)      5 :  0.0100  0.0060  0.1210  0.5700  0.0050  0.2880  
66       66  (15)      5 :  0.4870  0.0710  0.1630  0.2060  0.0100  0.0630  
67       67  (12)      5 :  0.0070  0.0010  0.0010  0.9880  0.0020  0.0010  
68       68   (8)      5 :  0.4194  0.0010  0.1942  0.3834  0.0010  0.0010  
69       69  (13)      5 :  0.3260  0.0090  0.1330  0.1440  0.1260  0.2620  
70       70   (8)      5 :  0.0500  0.0050  0.2078  0.3127  0.0050  0.4196  
71       71  (19)      6 :  0.0020  0.0010  0.8539  0.1381  0.0010  0.0040  
72       72   (6)      6 :  0.0010  0.0020  0.9930  0.0020  0.0010  0.0010  
73       73  (40)      6 :  0.0020  0.0050  0.8382  0.0050  0.0020  0.1479  
74       74  (25)      6 :  0.0020  0.0020  0.9770  0.0030  0.0010  0.0150  
75       75  (15)      6 :  0.0030  0.0370  0.8660  0.0050  0.0040  0.0850  
76       76  (36)      6 :  0.0420  0.1818  0.7093  0.0330  0.0030  0.0310  
77       77   (8)      6 :  0.0020  0.0010  0.8300  0.0040  0.1590  0.0040  
78       78   (9)      6 :  0.0030  0.0020  0.9780  0.0030  0.0050  0.0090  
79       79   (8)      6 :  0.0050  0.0020  0.8530  0.1010  0.0370  0.0020  
80       80   (8)      6 :  0.1261  0.0060  0.6867  0.1772  0.0030  0.0010  
81       81   (8)      6 :  0.0020  0.0100  0.7240  0.0670  0.1510  0.0460  
82       82   (9)      6 :  0.0020  0.0030  0.9750  0.0070  0.0080  0.0050  
83       83   (9)      5 :  0.2660  0.0150  0.1110  0.4320  0.0720  0.1040  
84       84  (29)      7 :  0.1261  0.1832  0.0090  0.1201  0.3834  0.1782  
85       85   (8)      7 :  0.0260  0.0190  0.0501  0.1952  0.5726  0.1371  
86       86  (10)      7 :  0.0090  0.0140  0.0100  0.1950  0.7680  0.0040  
87       87   (8)      7 :  0.1121  0.0581  0.0400  0.1862  0.5976  0.0060  
88       88  (10)      7 :  0.0040  0.0970  0.1050  0.0090  0.6770  0.1080  
89       89  (25)      7 :  0.0030  0.0651  0.0080  0.9089  0.0030  0.0120  
90       90  (11)      7 :  0.0030  0.0919  0.0020  0.2627  0.6264  0.0140  
91       91  (18)      7 :  0.2170  0.3490  0.0130  0.0030  0.4150  0.0030  
92       92  (13)      7 :  0.0010  0.9940  0.0010  0.0010  0.0010  0.0020  
93       93  (10)      7 :  0.0030  0.0100  0.0080  0.0070  0.9690  0.0030  
94       94  (11)      7 :  0.1508  0.0060  0.0040  0.5674  0.0040  0.2677  
95       95   (7)      7 :  0.0080  0.1420  0.0050  0.1260  0.6840  0.0350  
96       96  (22)      7 :  0.0020  0.0020  0.0010  0.0010  0.9930  0.0010  
97       97   (5)      7 :  0.0080  0.1788  0.0030  0.6314  0.1698  0.0090  
