 1        1   (8)      1 :  0.0010  0.9960  0.0010  0.0010  0.0000  0.0010  
 2        2   (9)      1 :  0.2280  0.0230  0.0590  0.0020  0.0030  0.6850  
 3        3   (9)      1 :  0.0460  0.0850  0.0050  0.6290  0.0030  0.2320  
 4        4  (18)      1 :  0.2743  0.0040  0.0871  0.2352  0.0010  0.3984  
 5        5  (22)      1 :  0.0040  0.0010  0.0010  0.0030  0.0020  0.9890  
 6        6   (9)      1 :  0.1748  0.0060  0.5774  0.1818  0.0050  0.0549  
 7        7  (13)      1 :  0.4184  0.0250  0.0220  0.0050  0.0010  0.5285  
 8        8  (14)      1 :  0.0501  0.0751  0.1752  0.0080  0.0010  0.6907  
 9        9   (5)      1 :  0.2760  0.0020  0.1480  0.5640  0.0010  0.0090  
10       10  (10)      1 :  0.2550  0.0010  0.0050  0.1690  0.0020  0.5680  
11       11  (21)      1 :  0.0280  0.0120  0.4975  0.2777  0.0150  0.1698  
12       12   (7)      1 :  0.0040  0.1050  0.3650  0.2780  0.0730  0.1750  
13       13  (26)      1 :  0.0230  0.0010  0.0010  0.0030  0.0010  0.9710  
14       14   (8)      2 :  0.0060  0.0010  0.8981  0.0919  0.0010  0.0020  
15       15   (7)      2 :  0.0060  0.0030  0.7227  0.2653  0.0010  0.0020  
16       16   (7)      2 :  0.0650  0.0050  0.9040  0.0220  0.0010  0.0030  
17       17   (7)      2 :  0.0030  0.0579  0.6234  0.2308  0.0050  0.0799  
18       18  (13)      2 :  0.0980  0.0300  0.6160  0.2530  0.0010  0.0020  
19       19  (15)      2 :  0.0020  0.0030  0.6330  0.1980  0.0030  0.1610  
20       20   (6)      2 :  0.0350  0.0010  0.7387  0.2232  0.0010  0.0010  
21       21   (5)      2 :  0.0020  0.0030  0.7800  0.2130  0.0010  0.0010  
22       22   (8)      2 :  0.0030  0.0020  0.5415  0.4436  0.0030  0.0070  
23       23   (5)      2 :  0.0160  0.0010  0.7243  0.2498  0.0010  0.0080  
24       24  (12)      2 :  0.0010  0.0030  0.7670  0.2260  0.0010  0.0020  
25       25  (10)      2 :  0.0100  0.0010  0.9480  0.0050  0.0140  0.0220  
26       26  (10)      2 :  0.0010  0.0010  0.9940  0.0010  0.0010  0.0020  
27       27  (49)      2 :  0.0030  0.0790  0.8120  0.0700  0.0050  0.0310  
28       28  (20)      2 :  0.0020  0.0080  0.6220  0.3510  0.0010  0.0160  
29       29   (9)      3 :  0.9560  0.0110  0.0030  0.0160  0.0010  0.0130  
30       30   (8)      3 :  0.9960  0.0010  0.0010  0.0010  0.0000  0.0010  
31       31  (19)      3 :  0.2110  0.2930  0.0140  0.0100  0.0020  0.4700  
32       32  (13)      3 :  0.2470  0.2780  0.2430  0.1630  0.0090  0.0600  
33       33   (6)      3 :  0.0490  0.2150  0.0010  0.0040  0.0270  0.7040  
34       34  (10)      3 :  0.5846  0.0110  0.0751  0.0741  0.0020  0.2533  
35       35   (4)      3 :  0.0040  0.1120  0.0230  0.4860  0.0020  0.3730  
36       36  (17)      3 :  0.0639  0.1768  0.0020  0.3207  0.0050  0.4316  
37       37   (8)      3 :  0.0110  0.0230  0.1010  0.3140  0.0070  0.5440  
38       38   (9)      3 :  0.5510  0.0040  0.0110  0.2700  0.0020  0.1620  
39       39  (15)      3 :  0.6967  0.0020  0.0701  0.0961  0.0210  0.1141  
40       40  (15)      3 :  0.6947  0.0521  0.0020  0.0561  0.1592  0.0360  
41       41   (5)      4 :  0.0010  0.0010  0.8920  0.0020  0.0010  0.1030  
42       42   (8)      4 :  0.0040  0.0020  0.8651  0.1209  0.0050  0.0030  
43       43  (16)      4 :  0.0050  0.0130  0.7760  0.1990  0.0030  0.0040  
44       44  (33)      4 :  0.0340  0.0050  0.7630  0.0030  0.0050  0.1900  
45       45  (17)      4 :  0.0010  0.0120  0.8388  0.1431  0.0030  0.0020  
46       46  (14)      4 :  0.1091  0.0030  0.5375  0.1892  0.0020  0.1592  
47       47   (5)      4 :  0.0020  0.0020  0.9720  0.0090  0.0050  0.0100  
48       48  (24)      4 :  0.0020  0.0020  0.8198  0.1211  0.0050  0.0501  
49       49  (32)      4 :  0.0050  0.0020  0.7300  0.2570  0.0010  0.0050  
50       50  (24)      4 :  0.0150  0.0130  0.9580  0.0070  0.0020  0.0050  
51       51  (17)      4 :  0.0080  0.0030  0.7888  0.1932  0.0040  0.0030  
52       52   (5)      4 :  0.0020  0.0020  0.6803  0.0220  0.0010  0.2927  
53       53  (11)      4 :  0.0020  0.0010  0.7772  0.1598  0.0160  0.0440  
54       54   (9)      4 :  0.0090  0.0020  0.6650  0.0190  0.0020  0.3030  
55       55  (27)      5 :  0.0110  0.0060  0.5150  0.2820  0.1730  0.0130  
56       56  (15)      5 :  0.0601  0.1562  0.1001  0.0140  0.0010  0.6687  
57       57  (15)      5 :  0.0170  0.0430  0.0030  0.4625  0.0040  0.4705  
58       58   (5)      5 :  0.4414  0.0200  0.0010  0.0020  0.0010  0.5345  
59       59   (7)      5 :  0.0030  0.0010  0.0700  0.6350  0.0010  0.2900  
60       60   (9)      5 :  0.0030  0.7167  0.1051  0.0040  0.0140  0.1572  
61       61  (17)      5 :  0.0050  0.0881  0.2422  0.2703  0.0020  0.3924  
62       62  (10)      5 :  0.2740  0.2560  0.0640  0.2790  0.0060  0.1210  
63       63  (12)      5 :  0.0030  0.0070  0.0520  0.4590  0.1630  0.3160  
64       64  (16)      5 :  0.3127  0.0709  0.2078  0.2567  0.0579  0.0939  
65       65  (17)      5 :  0.0100  0.0030  0.0621  0.5145  0.0040  0.4064  
66       66  (15)      5 :  0.0760  0.3270  0.1650  0.2550  0.0230  0.1540  
67       67  (12)      5 :  0.0020  0.0070  0.0010  0.9850  0.0030  0.0020  
68       68   (8)      5 :  0.1520  0.2300  0.1990  0.4160  0.0010  0.0020  
69       69  (13)      5 :  0.2028  0.0060  0.0929  0.1708  0.1029  0.4246  
70       70   (8)      5 :  0.0100  0.0060  0.1409  0.3037  0.0030  0.5365  
71       71  (19)      6 :  0.0020  0.0020  0.8639  0.1271  0.0010  0.0040  
72       72   (6)      6 :  0.0010  0.0010  0.9940  0.0020  0.0010  0.0010  
73       73  (40)      6 :  0.0020  0.0010  0.8849  0.0060  0.0010  0.1051  
74       74  (25)      6 :  0.0020  0.0320  0.9600  0.0030  0.0010  0.0020  
75       75  (15)      6 :  0.0030  0.0030  0.9241  0.0040  0.0220  0.0440  
76       76  (36)      6 :  0.0040  0.1421  0.7688  0.0651  0.0110  0.0090  
77       77   (8)      6 :  0.0020  0.0010  0.8232  0.0030  0.1309  0.0400  
78       78   (9)      6 :  0.0010  0.0050  0.9840  0.0030  0.0040  0.0030  
79       79   (8)      6 :  0.0020  0.0300  0.8591  0.0949  0.0110  0.0030  
80       80   (8)      6 :  0.0020  0.0771  0.6597  0.2553  0.0030  0.0030  
81       81   (8)      6 :  0.0020  0.0020  0.7193  0.0759  0.1588  0.0420  
82       82   (9)      6 :  0.0030  0.0010  0.9780  0.0070  0.0070  0.0040  
83       83   (9)      5 :  0.0270  0.1570  0.0570  0.4910  0.0860  0.1820  
84       84  (29)      7 :  0.0630  0.0110  0.0060  0.2220  0.4790  0.2190  
85       85   (8)      7 :  0.0370  0.0050  0.0671  0.1922  0.6136  0.0851  
86       86  (10)      7 :  0.0050  0.0230  0.0110  0.1948  0.7622  0.0040  
87       87   (8)      7 :  0.0040  0.1030  0.0400  0.1660  0.6610  0.0260  
88       88  (10)      7 :  0.0020  0.0040  0.0930  0.0140  0.7380  0.1490  
89       89  (25)      7 :  0.0050  0.0020  0.0100  0.9431  0.0040  0.0360  
90       90  (11)      7 :  0.0010  0.0020  0.0020  0.2700  0.7140  0.0110  
91       91  (18)      7 :  0.2420  0.0050  0.0450  0.0140  0.6910  0.0030  
92       92  (13)      7 :  0.0040  0.0010  0.0030  0.2408  0.5814  0.1698  
93       93  (10)      7 :  0.0070  0.0010  0.0210  0.0050  0.9620  0.0040  
94       94  (11)      7 :  0.2673  0.0010  0.0030  0.5596  0.0020  0.1672  
95       95   (7)      7 :  0.0030  0.0350  0.0040  0.1240  0.7570  0.0770  
96       96  (22)      7 :  0.0140  0.0010  0.0010  0.0010  0.9820  0.0010  
97       97   (5)      7 :  0.0150  0.0090  0.0020  0.6690  0.2970  0.0080  
