 1        1   (8)      1 :  0.9960  0.0010  0.0030  
 2        2   (9)      1 :  0.8220  0.0040  0.1740  
 3        3   (9)      1 :  0.8660  0.0050  0.1290  
 4        4  (18)      1 :  0.7910  0.0020  0.2070  
 5        5  (22)      1 :  0.9730  0.0240  0.0030  
 6        6   (9)      1 :  0.2823  0.0140  0.7037  
 7        7  (13)      1 :  0.9280  0.0010  0.0710  
 8        8  (14)      1 :  0.7710  0.0010  0.2280  
 9        9   (5)      1 :  0.7552  0.0020  0.2428  
10       10  (10)      1 :  0.8440  0.0070  0.1490  
11       11  (21)      1 :  0.3730  0.0110  0.6160  
12       12   (7)      1 :  0.3530  0.0660  0.5810  
13       13  (26)      1 :  0.9930  0.0030  0.0040  
14       14   (8)      2 :  0.0110  0.0010  0.9880  
15       15   (7)      2 :  0.1140  0.0030  0.8830  
16       16   (7)      2 :  0.0060  0.0010  0.9930  
17       17   (7)      2 :  0.2110  0.0210  0.7680  
18       18  (13)      2 :  0.2250  0.0010  0.7740  
19       19  (15)      2 :  0.0890  0.0380  0.8730  
20       20   (6)      2 :  0.0080  0.0030  0.9890  
21       21   (5)      2 :  0.0020  0.0020  0.9960  
22       22   (8)      2 :  0.1588  0.0080  0.8332  
23       23   (5)      2 :  0.0880  0.0010  0.9110  
24       24  (12)      2 :  0.0040  0.0010  0.9950  
25       25  (10)      2 :  0.0060  0.0040  0.9900  
26       26  (10)      2 :  0.0010  0.0010  0.9980  
27       27  (49)      2 :  0.0090  0.0050  0.9860  
28       28  (20)      2 :  0.0470  0.0010  0.9520  
29       29   (9)      3 :  0.9910  0.0010  0.0080  
30       30   (8)      3 :  0.9980  0.0010  0.0010  
31       31  (19)      3 :  0.8910  0.0010  0.1080  
32       32  (13)      3 :  0.7060  0.0140  0.2800  
33       33   (6)      3 :  0.9100  0.0810  0.0090  
34       34  (10)      3 :  0.8520  0.0020  0.1460  
35       35   (4)      3 :  0.6410  0.0040  0.3550  
36       36  (17)      3 :  0.9830  0.0130  0.0040  
37       37   (8)      3 :  0.7652  0.0400  0.1948  
38       38   (9)      3 :  0.8999  0.0030  0.0971  
39       39  (15)      3 :  0.8308  0.0450  0.1241  
40       40  (15)      3 :  0.8609  0.1371  0.0020  
41       41   (5)      4 :  0.0060  0.0020  0.9920  
42       42   (8)      4 :  0.0030  0.0030  0.9940  
43       43  (16)      4 :  0.0170  0.0060  0.9770  
44       44  (33)      4 :  0.1340  0.0070  0.8590  
45       45  (17)      4 :  0.0030  0.0030  0.9940  
46       46  (14)      4 :  0.3210  0.0020  0.6770  
47       47   (5)      4 :  0.0020  0.0030  0.9950  
48       48  (24)      4 :  0.0180  0.0140  0.9680  
49       49  (32)      4 :  0.0140  0.0020  0.9840  
50       50  (24)      4 :  0.0050  0.0020  0.9930  
51       51  (17)      4 :  0.0470  0.0090  0.9440  
52       52   (5)      4 :  0.1912  0.0010  0.8078  
53       53  (11)      4 :  0.0050  0.0540  0.9410  
54       54   (9)      4 :  0.2000  0.0070  0.7930  
55       55  (27)      5 :  0.2078  0.1968  0.5954  
56       56  (15)      5 :  0.7477  0.0010  0.2513  
57       57  (15)      5 :  0.8070  0.0920  0.1010  
58       58   (5)      5 :  0.9970  0.0020  0.0010  
59       59   (7)      5 :  0.6294  0.0020  0.3686  
60       60   (9)      5 :  0.7590  0.0370  0.2040  
61       61  (17)      5 :  0.5670  0.0050  0.4280  
62       62  (10)      5 :  0.8128  0.0080  0.1792  
63       63  (12)      5 :  0.5355  0.1992  0.2653  
64       64  (16)      5 :  0.6130  0.0860  0.3010  
65       65  (17)      5 :  0.6280  0.0300  0.3420  
66       66  (15)      5 :  0.7320  0.0260  0.2420  
67       67  (12)      5 :  0.6420  0.1360  0.2220  
68       68   (8)      5 :  0.6320  0.0020  0.3660  
69       69  (13)      5 :  0.6710  0.1210  0.2080  
70       70   (8)      5 :  0.6380  0.0250  0.3370  
71       71  (19)      6 :  0.0030  0.0010  0.9960  
72       72   (6)      6 :  0.0010  0.0010  0.9980  
73       73  (40)      6 :  0.0060  0.0020  0.9920  
74       74  (25)      6 :  0.0020  0.0010  0.9970  
75       75  (15)      6 :  0.0060  0.0130  0.9810  
76       76  (36)      6 :  0.1450  0.0130  0.8420  
77       77   (8)      6 :  0.0020  0.0940  0.9040  
78       78   (9)      6 :  0.0020  0.0040  0.9940  
79       79   (8)      6 :  0.0060  0.0150  0.9790  
80       80   (8)      6 :  0.1790  0.0050  0.8160  
81       81   (8)      6 :  0.0090  0.1700  0.8210  
82       82   (9)      6 :  0.0020  0.0040  0.9940  
83       83   (9)      5 :  0.5934  0.1099  0.2967  
84       84  (29)      7 :  0.4454  0.5355  0.0190  
85       85   (8)      7 :  0.2590  0.6300  0.1110  
86       86  (10)      7 :  0.1350  0.8170  0.0480  
87       87   (8)      7 :  0.2507  0.6224  0.1269  
88       88  (10)      7 :  0.0320  0.8030  0.1650  
89       89  (25)      7 :  0.4895  0.2657  0.2448  
90       90  (11)      7 :  0.1499  0.8452  0.0050  
91       91  (18)      7 :  0.3080  0.6580  0.0340  
92       92  (13)      7 :  0.3270  0.6680  0.0050  
93       93  (10)      7 :  0.0100  0.9740  0.0160  
94       94  (11)      7 :  0.7047  0.0591  0.2362  
95       95   (7)      7 :  0.1240  0.8530  0.0230  
96       96  (22)      7 :  0.0020  0.9970  0.0010  
97       97   (5)      7 :  0.5260  0.4370  0.0370  
