 1        1   (8)      1 :  0.0010  0.0030  0.0020  0.9940  
 2        2   (9)      1 :  0.0030  0.1580  0.4560  0.3830  
 3        3   (9)      1 :  0.0040  0.1200  0.5400  0.3360  
 4        4  (18)      1 :  0.0020  0.1868  0.4116  0.3996  
 5        5  (22)      1 :  0.0020  0.0010  0.9950  0.0020  
 6        6   (9)      1 :  0.0410  0.6790  0.0960  0.1840  
 7        7  (13)      1 :  0.0020  0.0440  0.2680  0.6860  
 8        8  (14)      1 :  0.0020  0.2178  0.4855  0.2947  
 9        9   (5)      1 :  0.0010  0.2130  0.4130  0.3730  
10       10  (10)      1 :  0.0030  0.0100  0.7400  0.2470  
11       11  (21)      1 :  0.0090  0.5960  0.1600  0.2350  
12       12   (7)      1 :  0.0859  0.5325  0.2667  0.1149  
13       13  (26)      1 :  0.0010  0.0030  0.9760  0.0200  
14       14   (8)      2 :  0.0010  0.9730  0.0220  0.0040  
15       15   (7)      2 :  0.0020  0.8629  0.0160  0.1191  
16       16   (7)      2 :  0.0010  0.9760  0.0030  0.0200  
17       17   (7)      2 :  0.0080  0.7542  0.2288  0.0090  
18       18  (13)      2 :  0.0010  0.7898  0.0050  0.2042  
19       19  (15)      2 :  0.0060  0.7770  0.2020  0.0150  
20       20   (6)      2 :  0.0040  0.9440  0.0020  0.0500  
21       21   (5)      2 :  0.0030  0.9890  0.0040  0.0040  
22       22   (8)      2 :  0.0070  0.8090  0.1020  0.0820  
23       23   (5)      2 :  0.0010  0.9129  0.0751  0.0110  
24       24  (12)      2 :  0.0010  0.9900  0.0060  0.0030  
25       25  (10)      2 :  0.0080  0.9630  0.0270  0.0020  
26       26  (10)      2 :  0.0010  0.9970  0.0010  0.0010  
27       27  (49)      2 :  0.0040  0.8799  0.1131  0.0030  
28       28  (20)      2 :  0.0010  0.9010  0.0750  0.0230  
29       29   (9)      3 :  0.0010  0.0030  0.0030  0.9930  
30       30   (8)      3 :  0.0010  0.0010  0.0050  0.9930  
31       31  (19)      3 :  0.0010  0.0380  0.2543  0.7067  
32       32  (13)      3 :  0.0200  0.2760  0.1640  0.5400  
33       33   (6)      3 :  0.0330  0.0030  0.5856  0.3784  
34       34  (10)      3 :  0.0020  0.1370  0.2040  0.6570  
35       35   (4)      3 :  0.0030  0.3090  0.4690  0.2190  
36       36  (17)      3 :  0.0060  0.0040  0.5325  0.4575  
37       37   (8)      3 :  0.0080  0.1830  0.6010  0.2080  
38       38   (9)      3 :  0.0050  0.0870  0.3030  0.6050  
39       39  (15)      3 :  0.0850  0.1150  0.0490  0.7510  
40       40  (15)      3 :  0.1481  0.0030  0.1421  0.7067  
41       41   (5)      4 :  0.0020  0.9171  0.0789  0.0020  
42       42   (8)      4 :  0.0060  0.9860  0.0040  0.0040  
43       43  (16)      4 :  0.0060  0.9481  0.0090  0.0370  
44       44  (33)      4 :  0.0090  0.8310  0.0250  0.1350  
45       45  (17)      4 :  0.0080  0.9480  0.0420  0.0020  
46       46  (14)      4 :  0.0030  0.6396  0.1291  0.2282  
47       47   (5)      4 :  0.0030  0.9900  0.0050  0.0020  
48       48  (24)      4 :  0.0230  0.8930  0.0770  0.0070  
49       49  (32)      4 :  0.0020  0.9560  0.0370  0.0050  
50       50  (24)      4 :  0.0020  0.9840  0.0040  0.0100  
51       51  (17)      4 :  0.0180  0.9281  0.0360  0.0180  
52       52   (5)      4 :  0.0010  0.7360  0.2610  0.0020  
53       53  (11)      4 :  0.0310  0.8800  0.0870  0.0020  
54       54   (9)      4 :  0.0070  0.7200  0.1990  0.0740  
55       55  (27)      5 :  0.1960  0.5740  0.1750  0.0550  
56       56  (15)      5 :  0.0020  0.2378  0.3566  0.4036  
57       57  (15)      5 :  0.0060  0.0150  0.9080  0.0710  
58       58   (5)      5 :  0.0010  0.0010  0.4204  0.5776  
59       59   (7)      5 :  0.0020  0.2947  0.5684  0.1349  
60       60   (9)      5 :  0.0400  0.1930  0.0100  0.7570  
61       61  (17)      5 :  0.0040  0.3700  0.3940  0.2320  
62       62  (10)      5 :  0.0110  0.1708  0.2318  0.5864  
63       63  (12)      5 :  0.1618  0.1948  0.6064  0.0370  
64       64  (16)      5 :  0.0730  0.3120  0.1570  0.4580  
65       65  (17)      5 :  0.0080  0.3220  0.6230  0.0470  
66       66  (15)      5 :  0.0360  0.2222  0.2482  0.4935  
67       67  (12)      5 :  0.1110  0.2050  0.4840  0.2000  
68       68   (8)      5 :  0.0020  0.3534  0.0430  0.6016  
69       69  (13)      5 :  0.0870  0.1940  0.3900  0.3290  
70       70   (8)      5 :  0.0030  0.3003  0.6697  0.0270  
71       71  (19)      6 :  0.0010  0.9780  0.0190  0.0020  
72       72   (6)      6 :  0.0010  0.9960  0.0020  0.0010  
73       73  (40)      6 :  0.0020  0.9390  0.0560  0.0030  
74       74  (25)      6 :  0.0010  0.9940  0.0030  0.0020  
75       75  (15)      6 :  0.0420  0.9360  0.0180  0.0040  
76       76  (36)      6 :  0.0240  0.8050  0.0630  0.1080  
77       77   (8)      6 :  0.1391  0.8549  0.0040  0.0020  
78       78   (9)      6 :  0.0030  0.9900  0.0040  0.0030  
79       79   (8)      6 :  0.0280  0.9600  0.0040  0.0080  
80       80   (8)      6 :  0.0060  0.8132  0.0380  0.1429  
81       81   (8)      6 :  0.1500  0.7730  0.0740  0.0030  
82       82   (9)      6 :  0.0050  0.9900  0.0030  0.0020  
83       83   (9)      5 :  0.0850  0.2560  0.3760  0.2830  
84       84  (29)      7 :  0.4810  0.0110  0.3330  0.1750  
85       85   (8)      7 :  0.5980  0.0990  0.2480  0.0550  
86       86  (10)      7 :  0.8168  0.0460  0.0801  0.0571  
87       87   (8)      7 :  0.6306  0.1542  0.0881  0.1271  
88       88  (10)      7 :  0.7660  0.0970  0.1320  0.0050  
89       89  (25)      7 :  0.1369  0.2498  0.5724  0.0410  
90       90  (11)      7 :  0.7020  0.0030  0.2920  0.0030  
91       91  (18)      7 :  0.6797  0.0370  0.0110  0.2723  
92       92  (13)      7 :  0.5516  0.0040  0.4384  0.0060  
93       93  (10)      7 :  0.9650  0.0210  0.0080  0.0060  
94       94  (11)      7 :  0.0110  0.1500  0.5510  0.2880  
95       95   (7)      7 :  0.7758  0.0090  0.2062  0.0090  
96       96  (22)      7 :  0.9940  0.0010  0.0020  0.0030  
97       97   (5)      7 :  0.3440  0.0210  0.5970  0.0380  
