 1        1   (8)      1 :  0.9960  0.0010  0.0010  0.0010  0.0000  0.0010  
 2        2   (9)      1 :  0.0270  0.1270  0.0580  0.0030  0.0070  0.7780  
 3        3   (9)      1 :  0.0311  0.2104  0.0010  0.6263  0.0020  0.1293  
 4        4  (18)      1 :  0.0040  0.1359  0.0260  0.2807  0.0020  0.5514  
 5        5  (22)      1 :  0.0020  0.0070  0.0020  0.0560  0.0140  0.9190  
 6        6   (9)      1 :  0.0100  0.3577  0.3627  0.0611  0.0100  0.1984  
 7        7  (13)      1 :  0.0120  0.0999  0.0100  0.0060  0.0010  0.8711  
 8        8  (14)      1 :  0.0500  0.0100  0.2647  0.0090  0.0010  0.6653  
 9        9   (5)      1 :  0.0020  0.0040  0.0979  0.6054  0.0010  0.2897  
10       10  (10)      1 :  0.0010  0.0020  0.0590  0.2730  0.0020  0.6630  
11       11  (21)      1 :  0.0170  0.3440  0.2760  0.2080  0.0090  0.1460  
12       12   (7)      1 :  0.1079  0.2198  0.3027  0.2897  0.0360  0.0440  
13       13  (26)      1 :  0.0010  0.0270  0.0020  0.0841  0.0010  0.8849  
14       14   (8)      2 :  0.0010  0.1590  0.7720  0.0620  0.0010  0.0050  
15       15   (7)      2 :  0.0090  0.1410  0.6390  0.2060  0.0020  0.0030  
16       16   (7)      2 :  0.0020  0.9880  0.0040  0.0020  0.0010  0.0030  
17       17   (7)      2 :  0.0999  0.4665  0.3287  0.0949  0.0050  0.0050  
18       18  (13)      2 :  0.0490  0.4194  0.3564  0.1672  0.0010  0.0070  
19       19  (15)      2 :  0.0020  0.8799  0.0731  0.0150  0.0100  0.0200  
20       20   (6)      2 :  0.0020  0.4805  0.4625  0.0490  0.0030  0.0030  
21       21   (5)      2 :  0.0020  0.7460  0.2410  0.0080  0.0020  0.0010  
22       22   (8)      2 :  0.0030  0.2150  0.4460  0.3320  0.0020  0.0020  
23       23   (5)      2 :  0.0010  0.7310  0.2460  0.0120  0.0010  0.0090  
24       24  (12)      2 :  0.0040  0.7433  0.2448  0.0050  0.0010  0.0020  
25       25  (10)      2 :  0.0010  0.1230  0.8510  0.0090  0.0040  0.0120  
26       26  (10)      2 :  0.0010  0.3107  0.6853  0.0010  0.0010  0.0010  
27       27  (49)      2 :  0.0350  0.2270  0.6150  0.1170  0.0020  0.0040  
28       28  (20)      2 :  0.0070  0.9269  0.0070  0.0561  0.0010  0.0020  
29       29   (9)      3 :  0.0120  0.1842  0.0010  0.0040  0.0010  0.7978  
30       30   (8)      3 :  0.0050  0.0020  0.0010  0.0020  0.0010  0.9890  
31       31  (19)      3 :  0.2980  0.0510  0.0750  0.0030  0.0020  0.5710  
32       32  (13)      3 :  0.2760  0.1800  0.0460  0.1420  0.0160  0.3400  
33       33   (6)      3 :  0.2160  0.0010  0.0400  0.0660  0.0720  0.6050  
34       34  (10)      3 :  0.0180  0.2537  0.0060  0.0240  0.0020  0.6963  
35       35   (4)      3 :  0.1010  0.2630  0.0300  0.3230  0.0030  0.2800  
36       36  (17)      3 :  0.1870  0.0030  0.0020  0.3480  0.0060  0.4540  
37       37   (8)      3 :  0.0350  0.0190  0.1240  0.3190  0.0070  0.4960  
38       38   (9)      3 :  0.0020  0.1640  0.0020  0.2080  0.0020  0.6220  
39       39  (15)      3 :  0.0100  0.1290  0.0330  0.0560  0.0480  0.7240  
40       40  (15)      3 :  0.0730  0.0050  0.0020  0.0270  0.1720  0.7210  
41       41   (5)      4 :  0.0020  0.0120  0.9750  0.0030  0.0010  0.0070  
42       42   (8)      4 :  0.0020  0.4675  0.5165  0.0080  0.0030  0.0030  
43       43  (16)      4 :  0.0020  0.9890  0.0020  0.0030  0.0020  0.0020  
44       44  (33)      4 :  0.0040  0.6020  0.2960  0.0020  0.0050  0.0910  
45       45  (17)      4 :  0.0220  0.3580  0.5630  0.0500  0.0050  0.0020  
46       46  (14)      4 :  0.0040  0.6870  0.0540  0.0400  0.0020  0.2130  
47       47   (5)      4 :  0.0010  0.1030  0.8850  0.0050  0.0030  0.0030  
48       48  (24)      4 :  0.0040  0.6010  0.3550  0.0310  0.0040  0.0050  
49       49  (32)      4 :  0.0020  0.5846  0.3624  0.0440  0.0010  0.0060  
50       50  (24)      4 :  0.0050  0.3350  0.6500  0.0050  0.0010  0.0040  
51       51  (17)      4 :  0.0040  0.5964  0.3497  0.0410  0.0030  0.0060  
52       52   (5)      4 :  0.0020  0.4230  0.4030  0.0080  0.0010  0.1630  
53       53  (11)      4 :  0.0010  0.4080  0.5030  0.0550  0.0280  0.0050  
54       54   (9)      4 :  0.0030  0.3896  0.4126  0.0290  0.0120  0.1538  
55       55  (27)      5 :  0.0050  0.4715  0.1481  0.2062  0.1632  0.0060  
56       56  (15)      5 :  0.1650  0.0040  0.2680  0.0100  0.0010  0.5520  
57       57  (15)      5 :  0.1000  0.0030  0.0060  0.5780  0.0040  0.3090  
58       58   (5)      5 :  0.0250  0.0010  0.0010  0.0120  0.0020  0.9590  
59       59   (7)      5 :  0.0010  0.2080  0.0050  0.7250  0.0010  0.0600  
60       60   (9)      5 :  0.7260  0.1830  0.0130  0.0030  0.0220  0.0530  
61       61  (17)      5 :  0.0611  0.2703  0.0781  0.2833  0.0040  0.3033  
62       62  (10)      5 :  0.2610  0.1740  0.0040  0.2250  0.0050  0.3310  
63       63  (12)      5 :  0.0160  0.1111  0.0641  0.4655  0.1532  0.1902  
64       64  (16)      5 :  0.0630  0.1470  0.0940  0.2540  0.0720  0.3700  
65       65  (17)      5 :  0.0030  0.1918  0.0599  0.4775  0.0060  0.2617  
66       66  (15)      5 :  0.3120  0.1490  0.0760  0.2360  0.0350  0.1920  
67       67  (12)      5 :  0.0090  0.0040  0.0020  0.9790  0.0020  0.0040  
68       68   (8)      5 :  0.2338  0.4386  0.0070  0.3027  0.0020  0.0160  
69       69  (13)      5 :  0.0100  0.1820  0.0380  0.1190  0.1270  0.5240  
70       70   (8)      5 :  0.0030  0.0150  0.2100  0.3720  0.0040  0.3960  
71       71  (19)      6 :  0.0040  0.3010  0.6590  0.0330  0.0010  0.0020  
72       72   (6)      6 :  0.0010  0.1832  0.8118  0.0020  0.0010  0.0010  
73       73  (40)      6 :  0.0020  0.1598  0.8172  0.0120  0.0020  0.0070  
74       74  (25)      6 :  0.0150  0.3453  0.6346  0.0020  0.0010  0.0020  
75       75  (15)      6 :  0.0040  0.0060  0.9750  0.0040  0.0040  0.0070  
76       76  (36)      6 :  0.1128  0.1487  0.6108  0.1078  0.0110  0.0090  
77       77   (8)      6 :  0.0010  0.0150  0.8520  0.0040  0.1110  0.0170  
78       78   (9)      6 :  0.0040  0.0660  0.9210  0.0030  0.0030  0.0030  
79       79   (8)      6 :  0.0250  0.3880  0.5510  0.0260  0.0080  0.0020  
80       80   (8)      6 :  0.0901  0.2563  0.4464  0.2032  0.0020  0.0020  
81       81   (8)      6 :  0.0020  0.3013  0.5005  0.0360  0.1562  0.0040  
82       82   (9)      6 :  0.0010  0.2310  0.7580  0.0030  0.0050  0.0020  
83       83   (9)      5 :  0.1622  0.2192  0.0040  0.3624  0.0851  0.1672  
84       84  (29)      7 :  0.0190  0.0730  0.0040  0.1040  0.5130  0.2870  
85       85   (8)      7 :  0.0050  0.0150  0.0590  0.2180  0.5930  0.1100  
86       86  (10)      7 :  0.0260  0.0160  0.0130  0.1532  0.7848  0.0070  
87       87   (8)      7 :  0.1119  0.2348  0.0030  0.0390  0.6064  0.0050  
88       88  (10)      7 :  0.0110  0.1151  0.0350  0.0120  0.8098  0.0170  
89       89  (25)      7 :  0.0030  0.0980  0.0090  0.8810  0.0030  0.0060  
90       90  (11)      7 :  0.0020  0.0020  0.0020  0.2633  0.7267  0.0040  
91       91  (18)      7 :  0.0070  0.0370  0.0130  0.0050  0.7000  0.2380  
92       92  (13)      7 :  0.0020  0.0080  0.0020  0.2750  0.6650  0.0480  
93       93  (10)      7 :  0.0010  0.0060  0.0170  0.0050  0.9650  0.0060  
94       94  (11)      7 :  0.0020  0.1149  0.0040  0.4745  0.0040  0.4006  
95       95   (7)      7 :  0.0320  0.1039  0.0030  0.0969  0.7602  0.0040  
96       96  (22)      7 :  0.0010  0.0010  0.0010  0.0010  0.9930  0.0030  
97       97   (5)      7 :  0.0070  0.0020  0.0050  0.7380  0.2440  0.0040  
