 1        1   (8)      1 :  0.9820  0.0040  0.0020  0.0080  0.0010  0.0010  0.0020  
 2        2   (9)      1 :  0.3856  0.0030  0.1429  0.0260  0.0160  0.0030  0.4236  
 3        3   (9)      1 :  0.0210  0.0040  0.8999  0.0681  0.0010  0.0010  0.0050  
 4        4  (18)      1 :  0.3250  0.0080  0.3610  0.0470  0.0130  0.0020  0.2440  
 5        5  (22)      1 :  0.0010  0.0020  0.0010  0.0010  0.0010  0.0010  0.9930  
 6        6   (9)      1 :  0.1449  0.2428  0.0050  0.2388  0.3257  0.0080  0.0350  
 7        7  (13)      1 :  0.6503  0.0030  0.0450  0.0400  0.0080  0.0020  0.2517  
 8        8  (14)      1 :  0.2523  0.0050  0.1171  0.0631  0.0601  0.0010  0.5015  
 9        9   (5)      1 :  0.1730  0.0020  0.8130  0.0010  0.0080  0.0010  0.0020  
10       10  (10)      1 :  0.2442  0.2492  0.0360  0.0020  0.0050  0.0010  0.4625  
11       11  (21)      1 :  0.1251  0.0210  0.2142  0.2913  0.2843  0.0070  0.0571  
12       12   (7)      1 :  0.0589  0.2777  0.1548  0.1259  0.2917  0.0180  0.0729  
13       13  (26)      1 :  0.0090  0.0030  0.0310  0.0040  0.0010  0.0010  0.9510  
14       14   (8)      2 :  0.0050  0.0470  0.0190  0.1548  0.7692  0.0010  0.0040  
15       15   (7)      2 :  0.0090  0.0030  0.3000  0.0400  0.6450  0.0020  0.0010  
16       16   (7)      2 :  0.0050  0.0010  0.0030  0.9830  0.0040  0.0010  0.0030  
17       17   (7)      2 :  0.0040  0.3203  0.0040  0.3323  0.3353  0.0020  0.0020  
18       18  (13)      2 :  0.0921  0.0040  0.1632  0.3844  0.3544  0.0010  0.0010  
19       19  (15)      2 :  0.0020  0.0080  0.0130  0.7420  0.0400  0.0020  0.1930  
20       20   (6)      2 :  0.0110  0.1380  0.0020  0.4290  0.4170  0.0020  0.0010  
21       21   (5)      2 :  0.0020  0.0040  0.0550  0.7230  0.2130  0.0020  0.0010  
22       22   (8)      2 :  0.0030  0.3746  0.0509  0.1708  0.3956  0.0020  0.0030  
23       23   (5)      2 :  0.0020  0.1730  0.0010  0.5770  0.2370  0.0010  0.0090  
24       24  (12)      2 :  0.0020  0.0100  0.0050  0.7600  0.2180  0.0010  0.0040  
25       25  (10)      2 :  0.0020  0.0020  0.0921  0.0350  0.8619  0.0020  0.0050  
26       26  (10)      2 :  0.0010  0.0010  0.0010  0.3160  0.6790  0.0010  0.0010  
27       27  (49)      2 :  0.0030  0.0670  0.0210  0.2590  0.5400  0.0020  0.1080  
28       28  (20)      2 :  0.0030  0.0330  0.0390  0.8930  0.0060  0.0010  0.0250  
29       29   (9)      3 :  0.9700  0.0030  0.0050  0.0160  0.0020  0.0010  0.0030  
30       30   (8)      3 :  0.9900  0.0010  0.0020  0.0010  0.0010  0.0010  0.0040  
31       31  (19)      3 :  0.6860  0.0060  0.0020  0.0260  0.0300  0.0010  0.2490  
32       32  (13)      3 :  0.5165  0.2008  0.0090  0.1828  0.0240  0.0140  0.0529  
33       33   (6)      3 :  0.4030  0.0040  0.0410  0.0010  0.0110  0.0380  0.5020  
34       34  (10)      3 :  0.6370  0.0600  0.0090  0.1450  0.0100  0.0020  0.1370  
35       35   (4)      3 :  0.1500  0.6280  0.0020  0.0680  0.0170  0.0010  0.1340  
36       36  (17)      3 :  0.4074  0.4034  0.0100  0.0020  0.0010  0.0040  0.1722  
37       37   (8)      3 :  0.2128  0.3946  0.0080  0.0140  0.0310  0.0030  0.3367  
38       38   (9)      3 :  0.5706  0.1682  0.1041  0.0611  0.0030  0.0020  0.0911  
39       39  (15)      3 :  0.7117  0.0200  0.0591  0.0300  0.0521  0.0711  0.0561  
40       40  (15)      3 :  0.7080  0.0400  0.0190  0.0030  0.0020  0.1740  0.0540  
41       41   (5)      4 :  0.0020  0.0030  0.0010  0.0100  0.8681  0.0010  0.1149  
42       42   (8)      4 :  0.0030  0.0190  0.0060  0.4590  0.5080  0.0030  0.0020  
43       43  (16)      4 :  0.0020  0.0020  0.0250  0.9650  0.0020  0.0020  0.0020  
44       44  (33)      4 :  0.0260  0.0020  0.0020  0.5630  0.2530  0.0070  0.1470  
45       45  (17)      4 :  0.0020  0.1490  0.0050  0.2890  0.5480  0.0030  0.0040  
46       46  (14)      4 :  0.0790  0.0030  0.2050  0.5890  0.0460  0.0030  0.0750  
47       47   (5)      4 :  0.0020  0.0060  0.0060  0.0760  0.8820  0.0040  0.0240  
48       48  (24)      4 :  0.0040  0.0230  0.0050  0.6496  0.2593  0.0040  0.0551  
49       49  (32)      4 :  0.0020  0.2428  0.0030  0.5115  0.2358  0.0010  0.0040  
50       50  (24)      4 :  0.0150  0.0070  0.0070  0.3227  0.6444  0.0020  0.0020  
51       51  (17)      4 :  0.0070  0.0769  0.0390  0.5145  0.3566  0.0030  0.0030  
52       52   (5)      4 :  0.0030  0.0050  0.0080  0.3930  0.3560  0.0010  0.2340  
53       53  (11)      4 :  0.0010  0.1220  0.0030  0.3580  0.4630  0.0170  0.0360  
54       54   (9)      4 :  0.0300  0.2270  0.0750  0.1270  0.4340  0.0050  0.1020  
55       55  (27)      5 :  0.0070  0.2190  0.0180  0.4880  0.0680  0.1460  0.0540  
56       56  (15)      5 :  0.3733  0.1697  0.0060  0.0030  0.1796  0.0020  0.2665  
57       57  (15)      5 :  0.0661  0.5465  0.0370  0.0030  0.0040  0.0040  0.3393  
58       58   (5)      5 :  0.5155  0.0020  0.1439  0.0010  0.0010  0.0020  0.3347  
59       59   (7)      5 :  0.0030  0.0470  0.8911  0.0470  0.0040  0.0010  0.0070  
60       60   (9)      5 :  0.6580  0.1400  0.0020  0.1720  0.0080  0.0120  0.0080  
61       61  (17)      5 :  0.1380  0.2640  0.0900  0.2210  0.0200  0.0030  0.2640  
62       62  (10)      5 :  0.5310  0.2020  0.1210  0.0820  0.0090  0.0070  0.0480  
63       63  (12)      5 :  0.0080  0.4476  0.0889  0.0579  0.0290  0.1199  0.2488  
64       64  (16)      5 :  0.3806  0.1409  0.1788  0.0869  0.0879  0.0849  0.0400  
65       65  (17)      5 :  0.0070  0.7140  0.0030  0.0170  0.0340  0.0020  0.2230  
66       66  (15)      5 :  0.4356  0.2647  0.0080  0.1259  0.0609  0.0140  0.0909  
67       67  (12)      5 :  0.0090  0.8800  0.1010  0.0050  0.0020  0.0010  0.0020  
68       68   (8)      5 :  0.4180  0.2210  0.0080  0.3450  0.0060  0.0010  0.0010  
69       69  (13)      5 :  0.2610  0.1540  0.0630  0.0790  0.0290  0.1190  0.2950  
70       70   (8)      5 :  0.0130  0.3103  0.1502  0.0380  0.0460  0.0030  0.4394  
71       71  (19)      6 :  0.0030  0.0450  0.0160  0.3367  0.5934  0.0010  0.0050  
72       72   (6)      6 :  0.0010  0.0030  0.0020  0.2380  0.7530  0.0010  0.0020  
73       73  (40)      6 :  0.0020  0.0040  0.0030  0.1542  0.6557  0.0010  0.1802  
74       74  (25)      6 :  0.0010  0.0020  0.0050  0.3697  0.6162  0.0010  0.0050  
75       75  (15)      6 :  0.0040  0.0050  0.0020  0.0050  0.9269  0.0030  0.0541  
76       76  (36)      6 :  0.0601  0.1712  0.0060  0.2102  0.5235  0.0070  0.0220  
77       77   (8)      6 :  0.0020  0.0060  0.0920  0.0050  0.8270  0.0590  0.0090  
78       78   (9)      6 :  0.0030  0.0160  0.0030  0.0910  0.8800  0.0020  0.0050  
79       79   (8)      6 :  0.0040  0.0540  0.0120  0.3990  0.5090  0.0200  0.0020  
80       80   (8)      6 :  0.0861  0.0200  0.1792  0.2893  0.4204  0.0030  0.0020  
81       81   (8)      6 :  0.0030  0.0220  0.0230  0.2853  0.4655  0.1532  0.0480  
82       82   (9)      6 :  0.0020  0.0210  0.0020  0.2268  0.7393  0.0060  0.0030  
83       83   (9)      5 :  0.2088  0.4046  0.0699  0.1668  0.0030  0.0340  0.1129  
84       84  (29)      7 :  0.1461  0.1942  0.0030  0.0330  0.0020  0.4565  0.1652  
85       85   (8)      7 :  0.0320  0.1281  0.0911  0.0150  0.0390  0.5896  0.1051  
86       86  (10)      7 :  0.0240  0.1840  0.0190  0.0080  0.0130  0.7480  0.0040  
87       87   (8)      7 :  0.0570  0.1850  0.0030  0.1710  0.0020  0.5750  0.0070  
88       88  (10)      7 :  0.0030  0.0991  0.0020  0.0621  0.0140  0.7147  0.1051  
89       89  (25)      7 :  0.0030  0.8821  0.0420  0.0589  0.0050  0.0030  0.0060  
90       90  (11)      7 :  0.0020  0.3033  0.0050  0.0020  0.0020  0.6667  0.0190  
91       91  (18)      7 :  0.2550  0.0040  0.0150  0.0150  0.0090  0.6980  0.0040  
92       92  (13)      7 :  0.0040  0.1990  0.0150  0.0070  0.0020  0.5930  0.1800  
93       93  (10)      7 :  0.0030  0.0030  0.0170  0.0030  0.0180  0.9530  0.0030  
94       94  (11)      7 :  0.1480  0.4280  0.1170  0.0540  0.0050  0.0030  0.2450  
95       95   (7)      7 :  0.0040  0.2220  0.0020  0.0580  0.0020  0.6520  0.0600  
96       96  (22)      7 :  0.0020  0.0010  0.0010  0.0010  0.0010  0.9930  0.0010  
97       97   (5)      7 :  0.0040  0.9230  0.0090  0.0010  0.0020  0.0570  0.0040  
