 1        1   (8)      1 :  0.9890  0.0020  0.0020  0.0040  0.0010  0.0010  0.0010  
 2        2   (9)      1 :  0.4416  0.0060  0.0140  0.0470  0.0779  0.0060  0.4076  
 3        3   (9)      1 :  0.0931  0.7097  0.0130  0.1742  0.0010  0.0020  0.0070  
 4        4  (18)      1 :  0.3674  0.2362  0.0020  0.1181  0.0230  0.0010  0.2523  
 5        5  (22)      1 :  0.0010  0.0010  0.0020  0.0010  0.0010  0.0010  0.9930  
 6        6   (9)      1 :  0.1522  0.0290  0.0521  0.3143  0.3634  0.0320  0.0571  
 7        7  (13)      1 :  0.6690  0.0030  0.0040  0.0260  0.0100  0.0010  0.2870  
 8        8  (14)      1 :  0.2997  0.0150  0.0300  0.0060  0.1978  0.0010  0.4505  
 9        9   (5)      1 :  0.2600  0.6070  0.0030  0.0020  0.1220  0.0010  0.0050  
10       10  (10)      1 :  0.2627  0.2168  0.0170  0.0030  0.0060  0.0020  0.4925  
11       11  (21)      1 :  0.1391  0.1882  0.0300  0.3233  0.2543  0.0020  0.0631  
12       12   (7)      1 :  0.1050  0.2480  0.1070  0.1320  0.3400  0.0050  0.0630  
13       13  (26)      1 :  0.0120  0.0060  0.0010  0.0040  0.0010  0.0010  0.9750  
14       14   (8)      2 :  0.0030  0.0740  0.0010  0.1480  0.7700  0.0010  0.0030  
15       15   (7)      2 :  0.0060  0.2630  0.0010  0.0830  0.6440  0.0020  0.0010  
16       16   (7)      2 :  0.0030  0.0010  0.0010  0.9870  0.0050  0.0010  0.0020  
17       17   (7)      2 :  0.0180  0.0100  0.1340  0.4990  0.3010  0.0020  0.0360  
18       18  (13)      2 :  0.1331  0.1321  0.0020  0.3744  0.3564  0.0010  0.0010  
19       19  (15)      2 :  0.0020  0.0060  0.0010  0.6527  0.1502  0.0020  0.1862  
20       20   (6)      2 :  0.0250  0.0320  0.0060  0.4370  0.4960  0.0030  0.0010  
21       21   (5)      2 :  0.0010  0.0120  0.0200  0.7060  0.2590  0.0010  0.0010  
22       22   (8)      2 :  0.0040  0.3363  0.0100  0.1922  0.4505  0.0020  0.0050  
23       23   (5)      2 :  0.0060  0.0150  0.0010  0.7240  0.2250  0.0010  0.0280  
24       24  (12)      2 :  0.0020  0.0040  0.0040  0.7552  0.2308  0.0010  0.0030  
25       25  (10)      2 :  0.0030  0.0200  0.0050  0.0581  0.8999  0.0050  0.0090  
26       26  (10)      2 :  0.0010  0.0010  0.0010  0.3220  0.6720  0.0010  0.0020  
27       27  (49)      2 :  0.0040  0.0809  0.0030  0.1548  0.6733  0.0030  0.0809  
28       28  (20)      2 :  0.0030  0.0470  0.0020  0.9260  0.0130  0.0010  0.0080  
29       29   (9)      3 :  0.9740  0.0030  0.0020  0.0170  0.0010  0.0010  0.0020  
30       30   (8)      3 :  0.9900  0.0010  0.0010  0.0010  0.0010  0.0010  0.0050  
31       31  (19)      3 :  0.6970  0.0030  0.0020  0.0190  0.0190  0.0020  0.2580  
32       32  (13)      3 :  0.5435  0.1351  0.0140  0.1812  0.0691  0.0160  0.0410  
33       33   (6)      3 :  0.4130  0.0100  0.0010  0.0010  0.0080  0.0320  0.5350  
34       34  (10)      3 :  0.6657  0.0110  0.0070  0.1552  0.0090  0.0020  0.1502  
35       35   (4)      3 :  0.2060  0.2910  0.0050  0.2600  0.0110  0.0030  0.2240  
36       36  (17)      3 :  0.4380  0.2950  0.0030  0.0030  0.0020  0.0060  0.2530  
37       37   (8)      3 :  0.1858  0.2807  0.0080  0.0100  0.1339  0.0080  0.3736  
38       38   (9)      3 :  0.5726  0.2242  0.0060  0.1021  0.0030  0.0030  0.0891  
39       39  (15)      3 :  0.7337  0.0400  0.0030  0.0460  0.0330  0.0941  0.0501  
40       40  (15)      3 :  0.7227  0.0240  0.0050  0.0040  0.0010  0.1692  0.0741  
41       41   (5)      4 :  0.0010  0.0020  0.0030  0.0030  0.8870  0.0010  0.1030  
42       42   (8)      4 :  0.0030  0.0050  0.0020  0.4810  0.5040  0.0030  0.0020  
43       43  (16)      4 :  0.0030  0.0020  0.0160  0.9720  0.0040  0.0010  0.0020  
44       44  (33)      4 :  0.0370  0.0020  0.0040  0.5230  0.3050  0.0090  0.1200  
45       45  (17)      4 :  0.0020  0.0840  0.0010  0.3870  0.5170  0.0060  0.0030  
46       46  (14)      4 :  0.1960  0.0290  0.0020  0.6260  0.0540  0.0040  0.0890  
47       47   (5)      4 :  0.0020  0.0070  0.0020  0.0530  0.9190  0.0030  0.0140  
48       48  (24)      4 :  0.0030  0.0130  0.1778  0.4296  0.3716  0.0020  0.0030  
49       49  (32)      4 :  0.0030  0.1459  0.0010  0.5744  0.2687  0.0010  0.0060  
50       50  (24)      4 :  0.0140  0.0070  0.0020  0.2890  0.6840  0.0020  0.0020  
51       51  (17)      4 :  0.0050  0.0190  0.0650  0.5480  0.3570  0.0030  0.0030  
52       52   (5)      4 :  0.0020  0.0030  0.0060  0.3824  0.3684  0.0010  0.2372  
53       53  (11)      4 :  0.0010  0.0480  0.0200  0.3584  0.5075  0.0220  0.0430  
54       54   (9)      4 :  0.0700  0.0250  0.0640  0.2420  0.4510  0.0060  0.1420  
55       55  (27)      5 :  0.0080  0.2030  0.0980  0.4210  0.1410  0.1140  0.0150  
56       56  (15)      5 :  0.4250  0.0150  0.0010  0.0060  0.2170  0.0020  0.3340  
57       57  (15)      5 :  0.0150  0.4875  0.1602  0.0030  0.0030  0.0010  0.3303  
58       58   (5)      5 :  0.5920  0.0050  0.0850  0.0010  0.0010  0.0010  0.3150  
59       59   (7)      5 :  0.0120  0.7900  0.0030  0.1810  0.0070  0.0010  0.0060  
60       60   (9)      5 :  0.7303  0.0030  0.0070  0.2038  0.0070  0.0340  0.0150  
61       61  (17)      5 :  0.1862  0.2152  0.0080  0.2362  0.0741  0.0030  0.2773  
62       62  (10)      5 :  0.5471  0.2084  0.0491  0.1353  0.0090  0.0040  0.0471  
63       63  (12)      5 :  0.0090  0.4056  0.0669  0.0949  0.0280  0.1339  0.2617  
64       64  (16)      5 :  0.4084  0.2252  0.0020  0.1381  0.1101  0.0771  0.0390  
65       65  (17)      5 :  0.0320  0.4855  0.0100  0.1762  0.0190  0.0050  0.2723  
66       66  (15)      5 :  0.4830  0.1990  0.0770  0.0760  0.1020  0.0170  0.0460  
67       67  (12)      5 :  0.0070  0.9850  0.0010  0.0030  0.0010  0.0020  0.0010  
68       68   (8)      5 :  0.3970  0.2320  0.0010  0.3630  0.0050  0.0010  0.0010  
69       69  (13)      5 :  0.3050  0.0730  0.0080  0.1660  0.0220  0.1210  0.3050  
70       70   (8)      5 :  0.0150  0.3740  0.0040  0.0260  0.1720  0.0020  0.4070  
71       71  (19)      6 :  0.0030  0.0969  0.0020  0.2667  0.6254  0.0010  0.0050  
72       72   (6)      6 :  0.0020  0.0020  0.0020  0.1958  0.7952  0.0010  0.0020  
73       73  (40)      6 :  0.0020  0.0090  0.0060  0.0450  0.8450  0.0010  0.0920  
74       74  (25)      6 :  0.0020  0.0020  0.0010  0.3013  0.6877  0.0010  0.0050  
75       75  (15)      6 :  0.0040  0.0030  0.0701  0.0030  0.9009  0.0020  0.0170  
76       76  (36)      6 :  0.1210  0.0210  0.1750  0.0430  0.6290  0.0030  0.0080  
77       77   (8)      6 :  0.0040  0.0050  0.0010  0.0110  0.7960  0.1680  0.0150  
78       78   (9)      6 :  0.0030  0.0030  0.0020  0.0310  0.9560  0.0020  0.0030  
79       79   (8)      6 :  0.0060  0.0300  0.0020  0.3860  0.5530  0.0210  0.0020  
80       80   (8)      6 :  0.0859  0.1848  0.0090  0.2547  0.4605  0.0030  0.0020  
81       81   (8)      6 :  0.0030  0.0560  0.0100  0.2560  0.4910  0.1530  0.0310  
82       82   (9)      6 :  0.0020  0.0030  0.0020  0.2150  0.7710  0.0050  0.0020  
83       83   (9)      5 :  0.2282  0.3483  0.0170  0.2182  0.0040  0.0691  0.1151  
84       84  (29)      7 :  0.1650  0.0690  0.1870  0.0290  0.0050  0.3850  0.1600  
85       85   (8)      7 :  0.0220  0.2260  0.0340  0.0180  0.0270  0.5990  0.0740  
86       86  (10)      7 :  0.0100  0.1440  0.0150  0.0150  0.0080  0.8040  0.0040  
87       87   (8)      7 :  0.0920  0.0280  0.0510  0.2190  0.0030  0.5980  0.0090  
88       88  (10)      7 :  0.0050  0.0040  0.0891  0.0280  0.0210  0.7317  0.1211  
89       89  (25)      7 :  0.0030  0.7622  0.0799  0.1259  0.0060  0.0060  0.0170  
90       90  (11)      7 :  0.0020  0.2460  0.0880  0.0020  0.0020  0.6440  0.0160  
91       91  (18)      7 :  0.2240  0.0020  0.3350  0.0090  0.0080  0.4190  0.0030  
92       92  (13)      7 :  0.0010  0.0010  0.9910  0.0010  0.0010  0.0010  0.0040  
93       93  (10)      7 :  0.0030  0.0050  0.0180  0.0030  0.0070  0.9620  0.0020  
94       94  (11)      7 :  0.1830  0.4760  0.0060  0.0550  0.0040  0.0050  0.2710  
95       95   (7)      7 :  0.0050  0.0690  0.1420  0.0240  0.0020  0.6860  0.0720  
96       96  (22)      7 :  0.0020  0.0010  0.0030  0.0010  0.0010  0.9910  0.0010  
97       97   (5)      7 :  0.0060  0.6170  0.1910  0.0010  0.0060  0.1710  0.0080  
