 1        1   (8)      1 :  0.0010  0.0030  0.0030  0.9930  
 2        2   (9)      1 :  0.0030  0.1409  0.4585  0.3976  
 3        3   (9)      1 :  0.0030  0.0760  0.6350  0.2860  
 4        4  (18)      1 :  0.0020  0.1590  0.4560  0.3830  
 5        5  (22)      1 :  0.0020  0.0010  0.9930  0.0040  
 6        6   (9)      1 :  0.0190  0.6740  0.1110  0.1960  
 7        7  (13)      1 :  0.0020  0.0310  0.2630  0.7040  
 8        8  (14)      1 :  0.0010  0.2040  0.4590  0.3360  
 9        9   (5)      1 :  0.0010  0.1882  0.4885  0.3223  
10       10  (10)      1 :  0.0020  0.0150  0.6913  0.2917  
11       11  (21)      1 :  0.0190  0.5840  0.2410  0.1560  
12       12   (7)      1 :  0.0690  0.4970  0.3400  0.0940  
13       13  (26)      1 :  0.0010  0.0020  0.9750  0.0220  
14       14   (8)      2 :  0.0010  0.9620  0.0330  0.0040  
15       15   (7)      2 :  0.0030  0.8791  0.0430  0.0749  
16       16   (7)      2 :  0.0010  0.9730  0.0030  0.0230  
17       17   (7)      2 :  0.0050  0.7230  0.2670  0.0050  
18       18  (13)      2 :  0.0010  0.7818  0.0150  0.2022  
19       19  (15)      2 :  0.0030  0.7518  0.2402  0.0050  
20       20   (6)      2 :  0.0030  0.9291  0.0040  0.0639  
21       21   (5)      2 :  0.0030  0.9900  0.0040  0.0030  
22       22   (8)      2 :  0.0060  0.7420  0.2410  0.0110  
23       23   (5)      2 :  0.0010  0.8730  0.1180  0.0080  
24       24  (12)      2 :  0.0010  0.9760  0.0200  0.0030  
25       25  (10)      2 :  0.0080  0.9630  0.0260  0.0030  
26       26  (10)      2 :  0.0010  0.9970  0.0010  0.0010  
27       27  (49)      2 :  0.0060  0.9150  0.0740  0.0050  
28       28  (20)      2 :  0.0010  0.7962  0.1988  0.0040  
29       29   (9)      3 :  0.0010  0.0020  0.0040  0.9930  
30       30   (8)      3 :  0.0010  0.0010  0.0020  0.9960  
31       31  (19)      3 :  0.0010  0.0270  0.2750  0.6970  
32       32  (13)      3 :  0.0100  0.2840  0.1760  0.5300  
33       33   (6)      3 :  0.0659  0.0030  0.5445  0.3866  
34       34  (10)      3 :  0.0020  0.1191  0.2452  0.6336  
35       35   (4)      3 :  0.0030  0.1980  0.6300  0.1690  
36       36  (17)      3 :  0.0050  0.0020  0.6260  0.3670  
37       37   (8)      3 :  0.0080  0.1562  0.7017  0.1341  
38       38   (9)      3 :  0.0040  0.0420  0.3450  0.6090  
39       39  (15)      3 :  0.0570  0.1170  0.0790  0.7470  
40       40  (15)      3 :  0.1570  0.0020  0.1110  0.7300  
41       41   (5)      4 :  0.0020  0.9480  0.0490  0.0010  
42       42   (8)      4 :  0.0090  0.9820  0.0050  0.0040  
43       43  (16)      4 :  0.0030  0.9420  0.0190  0.0360  
44       44  (33)      4 :  0.0050  0.8430  0.0290  0.1230  
45       45  (17)      4 :  0.0070  0.9310  0.0600  0.0020  
46       46  (14)      4 :  0.0030  0.6480  0.1610  0.1880  
47       47   (5)      4 :  0.0030  0.9910  0.0040  0.0020  
48       48  (24)      4 :  0.0110  0.9270  0.0570  0.0050  
49       49  (32)      4 :  0.0010  0.9410  0.0530  0.0050  
50       50  (24)      4 :  0.0020  0.9840  0.0050  0.0090  
51       51  (17)      4 :  0.0110  0.9000  0.0790  0.0100  
52       52   (5)      4 :  0.0010  0.7180  0.2780  0.0030  
53       53  (11)      4 :  0.0170  0.8850  0.0960  0.0020  
54       54   (9)      4 :  0.0040  0.7063  0.2178  0.0719  
55       55  (27)      5 :  0.1670  0.5860  0.2290  0.0180  
56       56  (15)      5 :  0.0020  0.1950  0.3690  0.4340  
57       57  (15)      5 :  0.0060  0.0120  0.9560  0.0260  
58       58   (5)      5 :  0.0020  0.0010  0.3890  0.6080  
59       59   (7)      5 :  0.0020  0.2398  0.7123  0.0460  
60       60   (9)      5 :  0.0420  0.1920  0.0230  0.7430  
61       61  (17)      5 :  0.0030  0.3390  0.4960  0.1620  
62       62  (10)      5 :  0.0080  0.1390  0.2910  0.5620  
63       63  (12)      5 :  0.1530  0.1680  0.6620  0.0170  
64       64  (16)      5 :  0.0620  0.2950  0.2110  0.4320  
65       65  (17)      5 :  0.0050  0.2250  0.7480  0.0220  
66       66  (15)      5 :  0.0250  0.2070  0.3100  0.4580  
67       67  (12)      5 :  0.1120  0.1170  0.7460  0.0250  
68       68   (8)      5 :  0.0020  0.3370  0.1590  0.5020  
69       69  (13)      5 :  0.1100  0.1650  0.4020  0.3230  
70       70   (8)      5 :  0.0030  0.2630  0.6850  0.0490  
71       71  (19)      6 :  0.0010  0.9750  0.0210  0.0030  
72       72   (6)      6 :  0.0010  0.9970  0.0010  0.0010  
73       73  (40)      6 :  0.0020  0.9440  0.0510  0.0030  
74       74  (25)      6 :  0.0010  0.9960  0.0020  0.0010  
75       75  (15)      6 :  0.0150  0.9720  0.0100  0.0030  
76       76  (36)      6 :  0.0250  0.8352  0.0529  0.0869  
77       77   (8)      6 :  0.1260  0.8670  0.0050  0.0020  
78       78   (9)      6 :  0.0030  0.9920  0.0030  0.0020  
79       79   (8)      6 :  0.0230  0.9620  0.0090  0.0060  
80       80   (8)      6 :  0.0070  0.8030  0.0830  0.1070  
81       81   (8)      6 :  0.1510  0.7860  0.0610  0.0020  
82       82   (9)      6 :  0.0070  0.9870  0.0040  0.0020  
83       83   (9)      5 :  0.0869  0.2258  0.4765  0.2108  
84       84  (29)      7 :  0.4640  0.0130  0.4320  0.0910  
85       85   (8)      7 :  0.5904  0.0959  0.2877  0.0260  
86       86  (10)      7 :  0.7982  0.0330  0.1299  0.0390  
87       87   (8)      7 :  0.6520  0.0900  0.1570  0.1010  
88       88  (10)      7 :  0.7277  0.1281  0.1411  0.0030  
89       89  (25)      7 :  0.0580  0.1990  0.7370  0.0060  
90       90  (11)      7 :  0.6880  0.0020  0.3080  0.0020  
91       91  (18)      7 :  0.6750  0.0390  0.0130  0.2730  
92       92  (13)      7 :  0.5205  0.0050  0.4715  0.0030  
93       93  (10)      7 :  0.9560  0.0290  0.0080  0.0070  
94       94  (11)      7 :  0.0090  0.0500  0.7220  0.2190  
95       95   (7)      7 :  0.7580  0.0110  0.2260  0.0050  
96       96  (22)      7 :  0.9950  0.0010  0.0010  0.0030  
97       97   (5)      7 :  0.3000  0.0090  0.6800  0.0110  
