 1        1   (8)      1 :  0.9860  0.0140  
 2        2   (9)      1 :  0.8410  0.1590  
 3        3   (9)      1 :  0.8560  0.1440  
 4        4  (18)      1 :  0.7390  0.2610  
 5        5  (22)      1 :  0.9940  0.0060  
 6        6   (9)      1 :  0.2740  0.7260  
 7        7  (13)      1 :  0.9160  0.0840  
 8        8  (14)      1 :  0.7010  0.2990  
 9        9   (5)      1 :  0.7330  0.2670  
10       10  (10)      1 :  0.8950  0.1050  
11       11  (21)      1 :  0.3350  0.6650  
12       12   (7)      1 :  0.3570  0.6430  
13       13  (26)      1 :  0.9880  0.0120  
14       14   (8)      2 :  0.0070  0.9930  
15       15   (7)      2 :  0.0720  0.9280  
16       16   (7)      2 :  0.0050  0.9950  
17       17   (7)      2 :  0.2190  0.7810  
18       18  (13)      2 :  0.1570  0.8430  
19       19  (15)      2 :  0.1040  0.8960  
20       20   (6)      2 :  0.0090  0.9910  
21       21   (5)      2 :  0.0040  0.9960  
22       22   (8)      2 :  0.1250  0.8750  
23       23   (5)      2 :  0.0200  0.9800  
24       24  (12)      2 :  0.0040  0.9960  
25       25  (10)      2 :  0.0090  0.9910  
26       26  (10)      2 :  0.0020  0.9980  
27       27  (49)      2 :  0.0140  0.9860  
28       28  (20)      2 :  0.0140  0.9860  
29       29   (9)      3 :  0.9770  0.0230  
30       30   (8)      3 :  0.9970  0.0030  
31       31  (19)      3 :  0.8510  0.1490  
32       32  (13)      3 :  0.7150  0.2850  
33       33   (6)      3 :  0.9720  0.0280  
34       34  (10)      3 :  0.8230  0.1770  
35       35   (4)      3 :  0.6130  0.3870  
36       36  (17)      3 :  0.9900  0.0100  
37       37   (8)      3 :  0.8300  0.1700  
38       38   (9)      3 :  0.9130  0.0870  
39       39  (15)      3 :  0.8770  0.1230  
40       40  (15)      3 :  0.9950  0.0050  
41       41   (5)      4 :  0.0070  0.9930  
42       42   (8)      4 :  0.0050  0.9950  
43       43  (16)      4 :  0.0160  0.9840  
44       44  (33)      4 :  0.1100  0.8900  
45       45  (17)      4 :  0.0060  0.9940  
46       46  (14)      4 :  0.2650  0.7350  
47       47   (5)      4 :  0.0040  0.9960  
48       48  (24)      4 :  0.0210  0.9790  
49       49  (32)      4 :  0.0080  0.9920  
50       50  (24)      4 :  0.0060  0.9940  
51       51  (17)      4 :  0.0560  0.9440  
52       52   (5)      4 :  0.1180  0.8820  
53       53  (11)      4 :  0.0280  0.9720  
54       54   (9)      4 :  0.1740  0.8260  
55       55  (27)      5 :  0.3790  0.6210  
56       56  (15)      5 :  0.6730  0.3270  
57       57  (15)      5 :  0.9330  0.0670  
58       58   (5)      5 :  0.9980  0.0020  
59       59   (7)      5 :  0.5850  0.4150  
60       60   (9)      5 :  0.7470  0.2530  
61       61  (17)      5 :  0.5220  0.4780  
62       62  (10)      5 :  0.8270  0.1730  
63       63  (12)      5 :  0.6880  0.3120  
64       64  (16)      5 :  0.6800  0.3200  
65       65  (17)      5 :  0.6300  0.3700  
66       66  (15)      5 :  0.7460  0.2540  
67       67  (12)      5 :  0.7400  0.2600  
68       68   (8)      5 :  0.5860  0.4140  
69       69  (13)      5 :  0.7680  0.2320  
70       70   (8)      5 :  0.6680  0.3320  
71       71  (19)      6 :  0.0040  0.9960  
72       72   (6)      6 :  0.0020  0.9980  
73       73  (40)      6 :  0.0080  0.9920  
74       74  (25)      6 :  0.0030  0.9970  
75       75  (15)      6 :  0.0110  0.9890  
76       76  (36)      6 :  0.1470  0.8530  
77       77   (8)      6 :  0.0140  0.9860  
78       78   (9)      6 :  0.0050  0.9950  
79       79   (8)      6 :  0.0280  0.9720  
80       80   (8)      6 :  0.1530  0.8470  
81       81   (8)      6 :  0.1870  0.8130  
82       82   (9)      6 :  0.0040  0.9960  
83       83   (9)      5 :  0.6820  0.3180  
84       84  (29)      7 :  0.8570  0.1430  
85       85   (8)      7 :  0.7870  0.2130  
86       86  (10)      7 :  0.7850  0.2150  
87       87   (8)      7 :  0.7710  0.2290  
88       88  (10)      7 :  0.7740  0.2260  
89       89  (25)      7 :  0.7160  0.2840  
90       90  (11)      7 :  0.9030  0.0970  
91       91  (18)      7 :  0.8390  0.1610  
92       92  (13)      7 :  0.9510  0.0490  
93       93  (10)      7 :  0.8280  0.1720  
94       94  (11)      7 :  0.8000  0.2000  
95       95   (7)      7 :  0.8390  0.1610  
96       96  (22)      7 :  0.9400  0.0600  
97       97   (5)      7 :  0.8510  0.1490  
