 1        1   (8)      1 :  0.9960  0.0010  0.0030  
 2        2   (9)      1 :  0.8272  0.0040  0.1688  
 3        3   (9)      1 :  0.8560  0.0070  0.1370  
 4        4  (18)      1 :  0.7912  0.0020  0.2068  
 5        5  (22)      1 :  0.9590  0.0390  0.0020  
 6        6   (9)      1 :  0.3020  0.0180  0.6800  
 7        7  (13)      1 :  0.9270  0.0010  0.0720  
 8        8  (14)      1 :  0.7940  0.0010  0.2050  
 9        9   (5)      1 :  0.7450  0.0010  0.2540  
10       10  (10)      1 :  0.8731  0.0060  0.1209  
11       11  (21)      1 :  0.3546  0.0110  0.6344  
12       12   (7)      1 :  0.3380  0.0660  0.5960  
13       13  (26)      1 :  0.9950  0.0020  0.0030  
14       14   (8)      2 :  0.0070  0.0010  0.9920  
15       15   (7)      2 :  0.0950  0.0040  0.9010  
16       16   (7)      2 :  0.0080  0.0010  0.9910  
17       17   (7)      2 :  0.2230  0.0170  0.7600  
18       18  (13)      2 :  0.2260  0.0010  0.7730  
19       19  (15)      2 :  0.1410  0.0290  0.8300  
20       20   (6)      2 :  0.0070  0.0040  0.9890  
21       21   (5)      2 :  0.0020  0.0020  0.9960  
22       22   (8)      2 :  0.1510  0.0110  0.8380  
23       23   (5)      2 :  0.0951  0.0010  0.9039  
24       24  (12)      2 :  0.0040  0.0010  0.9950  
25       25  (10)      2 :  0.0080  0.0080  0.9840  
26       26  (10)      2 :  0.0010  0.0010  0.9980  
27       27  (49)      2 :  0.0090  0.0060  0.9850  
28       28  (20)      2 :  0.0741  0.0010  0.9249  
29       29   (9)      3 :  0.9840  0.0010  0.0150  
30       30   (8)      3 :  0.9980  0.0010  0.0010  
31       31  (19)      3 :  0.8890  0.0020  0.1090  
32       32  (13)      3 :  0.7150  0.0140  0.2710  
33       33   (6)      3 :  0.9180  0.0770  0.0050  
34       34  (10)      3 :  0.8440  0.0020  0.1540  
35       35   (4)      3 :  0.6456  0.0060  0.3483  
36       36  (17)      3 :  0.9880  0.0080  0.0040  
37       37   (8)      3 :  0.7808  0.0240  0.1952  
38       38   (9)      3 :  0.8960  0.0030  0.1010  
39       39  (15)      3 :  0.8202  0.0470  0.1329  
40       40  (15)      3 :  0.8438  0.1542  0.0020  
41       41   (5)      4 :  0.0080  0.0030  0.9890  
42       42   (8)      4 :  0.0030  0.0040  0.9930  
43       43  (16)      4 :  0.0160  0.0040  0.9800  
44       44  (33)      4 :  0.2050  0.0050  0.7900  
45       45  (17)      4 :  0.0050  0.0090  0.9860  
46       46  (14)      4 :  0.3430  0.0020  0.6550  
47       47   (5)      4 :  0.0030  0.0030  0.9940  
48       48  (24)      4 :  0.0200  0.0280  0.9520  
49       49  (32)      4 :  0.0150  0.0020  0.9830  
50       50  (24)      4 :  0.0070  0.0020  0.9910  
51       51  (17)      4 :  0.0769  0.0140  0.9091  
52       52   (5)      4 :  0.1888  0.0020  0.8092  
53       53  (11)      4 :  0.0050  0.0700  0.9250  
54       54   (9)      4 :  0.1890  0.0040  0.8070  
55       55  (27)      5 :  0.2012  0.1892  0.6096  
56       56  (15)      5 :  0.7270  0.0020  0.2710  
57       57  (15)      5 :  0.8120  0.1510  0.0370  
58       58   (5)      5 :  0.9970  0.0020  0.0010  
59       59   (7)      5 :  0.6300  0.0020  0.3680  
60       60   (9)      5 :  0.7750  0.0300  0.1950  
61       61  (17)      5 :  0.5890  0.0070  0.4040  
62       62  (10)      5 :  0.8208  0.0080  0.1712  
63       63  (12)      5 :  0.5200  0.2160  0.2640  
64       64  (16)      5 :  0.6250  0.0510  0.3240  
65       65  (17)      5 :  0.6060  0.0250  0.3690  
66       66  (15)      5 :  0.7360  0.0360  0.2280  
67       67  (12)      5 :  0.6286  0.1562  0.2152  
68       68   (8)      5 :  0.6240  0.0020  0.3740  
69       69  (13)      5 :  0.6360  0.1530  0.2110  
70       70   (8)      5 :  0.6490  0.0190  0.3320  
71       71  (19)      6 :  0.0040  0.0010  0.9950  
72       72   (6)      6 :  0.0010  0.0010  0.9980  
73       73  (40)      6 :  0.0100  0.0020  0.9880  
74       74  (25)      6 :  0.0020  0.0010  0.9970  
75       75  (15)      6 :  0.0040  0.0230  0.9730  
76       76  (36)      6 :  0.1330  0.0150  0.8520  
77       77   (8)      6 :  0.0020  0.0961  0.9019  
78       78   (9)      6 :  0.0020  0.0030  0.9950  
79       79   (8)      6 :  0.0070  0.0190  0.9740  
80       80   (8)      6 :  0.1910  0.0060  0.8030  
81       81   (8)      6 :  0.0080  0.1780  0.8140  
82       82   (9)      6 :  0.0020  0.0080  0.9900  
83       83   (9)      5 :  0.6010  0.1100  0.2890  
84       84  (29)      7 :  0.4820  0.5040  0.0140  
85       85   (8)      7 :  0.2723  0.6206  0.1071  
86       86  (10)      7 :  0.1410  0.8170  0.0420  
87       87   (8)      7 :  0.2452  0.6216  0.1331  
88       88  (10)      7 :  0.1210  0.7940  0.0850  
89       89  (25)      7 :  0.4410  0.3080  0.2510  
90       90  (11)      7 :  0.1680  0.8280  0.0040  
91       91  (18)      7 :  0.3087  0.6693  0.0220  
92       92  (13)      7 :  0.3200  0.6730  0.0070  
93       93  (10)      7 :  0.0090  0.9740  0.0170  
94       94  (11)      7 :  0.6973  0.1149  0.1878  
95       95   (7)      7 :  0.1370  0.8450  0.0180  
96       96  (22)      7 :  0.0020  0.9970  0.0010  
97       97   (5)      7 :  0.4865  0.4635  0.0501  
