 1        1   (8)      1 :  0.0010  0.0030  0.0030  0.9930  
 2        2   (9)      1 :  0.0040  0.1239  0.4975  0.3746  
 3        3   (9)      1 :  0.0050  0.1010  0.5220  0.3720  
 4        4  (18)      1 :  0.0020  0.2020  0.4490  0.3470  
 5        5  (22)      1 :  0.0010  0.0010  0.9960  0.0020  
 6        6   (9)      1 :  0.0330  0.6650  0.0960  0.2060  
 7        7  (13)      1 :  0.0020  0.0900  0.2720  0.6360  
 8        8  (14)      1 :  0.0010  0.1391  0.5566  0.3033  
 9        9   (5)      1 :  0.0020  0.2268  0.4006  0.3706  
10       10  (10)      1 :  0.0020  0.0080  0.7598  0.2302  
11       11  (21)      1 :  0.0110  0.5994  0.1678  0.2218  
12       12   (7)      1 :  0.0490  0.5425  0.2983  0.1101  
13       13  (26)      1 :  0.0010  0.0020  0.9880  0.0090  
14       14   (8)      2 :  0.0010  0.9630  0.0330  0.0030  
15       15   (7)      2 :  0.0030  0.8950  0.0090  0.0930  
16       16   (7)      2 :  0.0010  0.9830  0.0030  0.0130  
17       17   (7)      2 :  0.0220  0.7520  0.2180  0.0080  
18       18  (13)      2 :  0.0010  0.7670  0.0050  0.2270  
19       19  (15)      2 :  0.0070  0.7760  0.2110  0.0060  
20       20   (6)      2 :  0.0030  0.9219  0.0020  0.0731  
21       21   (5)      2 :  0.0030  0.9910  0.0020  0.0040  
22       22   (8)      2 :  0.0110  0.7922  0.1628  0.0340  
23       23   (5)      2 :  0.0010  0.8801  0.0989  0.0200  
24       24  (12)      2 :  0.0020  0.9860  0.0090  0.0030  
25       25  (10)      2 :  0.0040  0.9530  0.0410  0.0020  
26       26  (10)      2 :  0.0010  0.9970  0.0010  0.0010  
27       27  (49)      2 :  0.0030  0.8541  0.1399  0.0030  
28       28  (20)      2 :  0.0010  0.8088  0.1742  0.0160  
29       29   (9)      3 :  0.0010  0.0030  0.0030  0.9930  
30       30   (8)      3 :  0.0010  0.0010  0.0030  0.9950  
31       31  (19)      3 :  0.0020  0.0930  0.2520  0.6530  
32       32  (13)      3 :  0.0240  0.2933  0.1522  0.5305  
33       33   (6)      3 :  0.0320  0.0030  0.5584  0.4066  
34       34  (10)      3 :  0.0020  0.1311  0.2222  0.6446  
35       35   (4)      3 :  0.0030  0.2700  0.5100  0.2170  
36       36  (17)      3 :  0.0060  0.0030  0.5370  0.4540  
37       37   (8)      3 :  0.0100  0.1582  0.6607  0.1712  
38       38   (9)      3 :  0.0040  0.0660  0.3000  0.6300  
39       39  (15)      3 :  0.0790  0.1240  0.0620  0.7350  
40       40  (15)      3 :  0.1720  0.0030  0.1150  0.7100  
41       41   (5)      4 :  0.0020  0.9211  0.0749  0.0020  
42       42   (8)      4 :  0.0050  0.9840  0.0050  0.0060  
43       43  (16)      4 :  0.0050  0.9480  0.0090  0.0380  
44       44  (33)      4 :  0.0150  0.8390  0.0640  0.0820  
45       45  (17)      4 :  0.0030  0.9340  0.0610  0.0020  
46       46  (14)      4 :  0.0040  0.6560  0.1220  0.2180  
47       47   (5)      4 :  0.0030  0.9900  0.0050  0.0020  
48       48  (24)      4 :  0.0160  0.9160  0.0620  0.0060  
49       49  (32)      4 :  0.0020  0.9499  0.0400  0.0080  
50       50  (24)      4 :  0.0020  0.9830  0.0040  0.0110  
51       51  (17)      4 :  0.0190  0.9340  0.0260  0.0210  
52       52   (5)      4 :  0.0010  0.7307  0.2653  0.0030  
53       53  (11)      4 :  0.0380  0.8950  0.0650  0.0020  
54       54   (9)      4 :  0.0060  0.7020  0.2390  0.0530  
55       55  (27)      5 :  0.1780  0.5780  0.1720  0.0720  
56       56  (15)      5 :  0.0020  0.2370  0.3940  0.3670  
57       57  (15)      5 :  0.0190  0.0260  0.7830  0.1720  
58       58   (5)      5 :  0.0020  0.0010  0.4160  0.5810  
59       59   (7)      5 :  0.0020  0.2890  0.5820  0.1270  
60       60   (9)      5 :  0.0360  0.2390  0.0140  0.7110  
61       61  (17)      5 :  0.0030  0.3650  0.4170  0.2150  
62       62  (10)      5 :  0.0090  0.1660  0.2430  0.5820  
63       63  (12)      5 :  0.1632  0.2052  0.5676  0.0641  
64       64  (16)      5 :  0.0870  0.3090  0.1670  0.4370  
65       65  (17)      5 :  0.0160  0.3460  0.6020  0.0360  
66       66  (15)      5 :  0.0330  0.2190  0.2490  0.4990  
67       67  (12)      5 :  0.1439  0.1688  0.4775  0.2098  
68       68   (8)      5 :  0.0020  0.3840  0.0190  0.5950  
69       69  (13)      5 :  0.1150  0.1790  0.3780  0.3280  
70       70   (8)      5 :  0.0040  0.2650  0.7180  0.0130  
71       71  (19)      6 :  0.0010  0.9800  0.0160  0.0030  
72       72   (6)      6 :  0.0010  0.9960  0.0020  0.0010  
73       73  (40)      6 :  0.0020  0.8670  0.1280  0.0030  
74       74  (25)      6 :  0.0010  0.9930  0.0040  0.0020  
75       75  (15)      6 :  0.0160  0.9399  0.0410  0.0030  
76       76  (36)      6 :  0.0220  0.7980  0.1120  0.0680  
77       77   (8)      6 :  0.1121  0.8799  0.0060  0.0020  
78       78   (9)      6 :  0.0030  0.9890  0.0050  0.0030  
79       79   (8)      6 :  0.0290  0.9510  0.0090  0.0110  
80       80   (8)      6 :  0.0080  0.8110  0.0310  0.1500  
81       81   (8)      6 :  0.1590  0.7620  0.0770  0.0020  
82       82   (9)      6 :  0.0100  0.9840  0.0040  0.0020  
83       83   (9)      5 :  0.0890  0.2160  0.3980  0.2970  
84       84  (29)      7 :  0.5010  0.0100  0.3390  0.1500  
85       85   (8)      7 :  0.5920  0.1160  0.2260  0.0660  
86       86  (10)      7 :  0.8380  0.0570  0.0480  0.0570  
87       87   (8)      7 :  0.6530  0.1470  0.0770  0.1230  
88       88  (10)      7 :  0.7610  0.0710  0.1640  0.0040  
89       89  (25)      7 :  0.2650  0.2030  0.4890  0.0430  
90       90  (11)      7 :  0.7100  0.0030  0.2840  0.0030  
91       91  (18)      7 :  0.6860  0.0370  0.0090  0.2680  
92       92  (13)      7 :  0.6000  0.0050  0.3900  0.0050  
93       93  (10)      7 :  0.9650  0.0210  0.0070  0.0070  
94       94  (11)      7 :  0.0180  0.1590  0.5360  0.2870  
95       95   (7)      7 :  0.8190  0.0100  0.1630  0.0080  
96       96  (22)      7 :  0.9940  0.0010  0.0010  0.0040  
97       97   (5)      7 :  0.3830  0.0180  0.5430  0.0560  
