 1        1   (8)      1 :  0.9870  0.0030  0.0020  0.0040  0.0010  0.0010  0.0020  
 2        2   (9)      1 :  0.4124  0.0020  0.1271  0.0080  0.0260  0.0040  0.4204  
 3        3   (9)      1 :  0.0160  0.0030  0.9310  0.0440  0.0010  0.0010  0.0040  
 4        4  (18)      1 :  0.3340  0.0090  0.3560  0.0170  0.0210  0.0020  0.2610  
 5        5  (22)      1 :  0.0010  0.0010  0.0010  0.0010  0.0010  0.0010  0.9940  
 6        6   (9)      1 :  0.1610  0.1850  0.0040  0.3090  0.2840  0.0180  0.0390  
 7        7  (13)      1 :  0.6400  0.0020  0.0090  0.0300  0.0110  0.0010  0.3070  
 8        8  (14)      1 :  0.2917  0.0060  0.0609  0.0190  0.1179  0.0020  0.5025  
 9        9   (5)      1 :  0.2076  0.0020  0.7784  0.0020  0.0070  0.0010  0.0020  
10       10  (10)      1 :  0.2617  0.2448  0.0080  0.0020  0.0070  0.0010  0.4755  
11       11  (21)      1 :  0.1129  0.0090  0.2278  0.2797  0.2817  0.0070  0.0819  
12       12   (7)      1 :  0.0561  0.2573  0.1702  0.1221  0.3223  0.0090  0.0631  
13       13  (26)      1 :  0.0060  0.0030  0.0440  0.0030  0.0010  0.0010  0.9419  
14       14   (8)      2 :  0.0030  0.0360  0.0540  0.1180  0.7850  0.0010  0.0030  
15       15   (7)      2 :  0.0030  0.0030  0.3160  0.0290  0.6460  0.0020  0.0010  
16       16   (7)      2 :  0.0050  0.0010  0.0020  0.9850  0.0040  0.0010  0.0020  
17       17   (7)      2 :  0.0040  0.3173  0.0030  0.3604  0.3073  0.0020  0.0060  
18       18  (13)      2 :  0.0831  0.0050  0.1832  0.4354  0.2913  0.0010  0.0010  
19       19  (15)      2 :  0.0010  0.0080  0.0150  0.7702  0.0120  0.0020  0.1918  
20       20   (6)      2 :  0.0100  0.1221  0.0020  0.4354  0.4284  0.0010  0.0010  
21       21   (5)      2 :  0.0010  0.0030  0.0460  0.6810  0.2660  0.0020  0.0010  
22       22   (8)      2 :  0.0040  0.3210  0.1130  0.1370  0.4200  0.0020  0.0030  
23       23   (5)      2 :  0.0030  0.1758  0.0020  0.6284  0.1848  0.0010  0.0050  
24       24  (12)      2 :  0.0030  0.0050  0.0100  0.8090  0.1670  0.0010  0.0050  
25       25  (10)      2 :  0.0020  0.0020  0.0829  0.1169  0.7802  0.0050  0.0110  
26       26  (10)      2 :  0.0010  0.0010  0.0010  0.3073  0.6877  0.0010  0.0010  
27       27  (49)      2 :  0.0030  0.0110  0.0410  0.4080  0.4930  0.0020  0.0420  
28       28  (20)      2 :  0.0040  0.0500  0.1170  0.8070  0.0060  0.0010  0.0150  
29       29   (9)      3 :  0.9700  0.0030  0.0030  0.0190  0.0010  0.0010  0.0030  
30       30   (8)      3 :  0.9880  0.0010  0.0010  0.0010  0.0010  0.0010  0.0070  
31       31  (19)      3 :  0.6587  0.0050  0.0020  0.0380  0.0280  0.0010  0.2673  
32       32  (13)      3 :  0.5345  0.1942  0.0040  0.1872  0.0290  0.0110  0.0400  
33       33   (6)      3 :  0.4140  0.0020  0.0340  0.0010  0.0100  0.0290  0.5100  
34       34  (10)      3 :  0.6340  0.0510  0.0070  0.1490  0.0060  0.0020  0.1510  
35       35   (4)      3 :  0.1790  0.5980  0.0030  0.0700  0.0080  0.0010  0.1410  
36       36  (17)      3 :  0.3710  0.4080  0.0050  0.0020  0.0010  0.0020  0.2110  
37       37   (8)      3 :  0.1836  0.3693  0.0060  0.0359  0.0359  0.0050  0.3643  
38       38   (9)      3 :  0.5990  0.1450  0.0990  0.0710  0.0030  0.0020  0.0810  
39       39  (15)      3 :  0.7310  0.0210  0.0540  0.0150  0.0380  0.0860  0.0550  
40       40  (15)      3 :  0.7270  0.0380  0.0060  0.0030  0.0010  0.1770  0.0480  
41       41   (5)      4 :  0.0010  0.0030  0.0010  0.0060  0.8760  0.0010  0.1120  
42       42   (8)      4 :  0.0050  0.0120  0.0040  0.5000  0.4740  0.0030  0.0020  
43       43  (16)      4 :  0.0020  0.0020  0.0160  0.9741  0.0020  0.0020  0.0020  
44       44  (33)      4 :  0.0080  0.0020  0.0020  0.5660  0.2600  0.0030  0.1590  
45       45  (17)      4 :  0.0020  0.1307  0.0040  0.3633  0.4930  0.0030  0.0040  
46       46  (14)      4 :  0.1250  0.0030  0.1740  0.5870  0.0360  0.0030  0.0720  
47       47   (5)      4 :  0.0020  0.0050  0.0070  0.1220  0.8320  0.0020  0.0300  
48       48  (24)      4 :  0.0020  0.0260  0.0050  0.6320  0.3070  0.0040  0.0240  
49       49  (32)      4 :  0.0020  0.2062  0.0030  0.5716  0.2112  0.0010  0.0050  
50       50  (24)      4 :  0.0140  0.0070  0.0070  0.2857  0.6813  0.0020  0.0030  
51       51  (17)      4 :  0.0070  0.0790  0.0190  0.5210  0.3640  0.0070  0.0030  
52       52   (5)      4 :  0.0030  0.0030  0.0060  0.4170  0.3300  0.0010  0.2400  
53       53  (11)      4 :  0.0010  0.1100  0.0020  0.4090  0.4380  0.0110  0.0290  
54       54   (9)      4 :  0.0410  0.1550  0.0380  0.2300  0.3860  0.0030  0.1470  
55       55  (27)      5 :  0.0090  0.2462  0.0150  0.5125  0.0470  0.1411  0.0290  
56       56  (15)      5 :  0.3876  0.0899  0.0060  0.0030  0.1988  0.0020  0.3127  
57       57  (15)      5 :  0.0220  0.5800  0.0110  0.0030  0.0030  0.0020  0.3790  
58       58   (5)      5 :  0.5495  0.0020  0.1179  0.0010  0.0010  0.0020  0.3267  
59       59   (7)      5 :  0.0020  0.0060  0.9520  0.0050  0.0040  0.0010  0.0300  
60       60   (9)      5 :  0.6617  0.1098  0.0020  0.1896  0.0050  0.0150  0.0170  
61       61  (17)      5 :  0.1410  0.2330  0.1100  0.2230  0.0240  0.0020  0.2670  
62       62  (10)      5 :  0.5270  0.1790  0.1280  0.0920  0.0130  0.0060  0.0550  
63       63  (12)      5 :  0.0070  0.4650  0.0820  0.0610  0.0410  0.1040  0.2400  
64       64  (16)      5 :  0.3970  0.1210  0.1730  0.0730  0.1460  0.0390  0.0510  
65       65  (17)      5 :  0.0100  0.6800  0.0030  0.0100  0.0270  0.0020  0.2680  
66       66  (15)      5 :  0.4610  0.2610  0.0060  0.0920  0.0970  0.0080  0.0750  
67       67  (12)      5 :  0.0100  0.8569  0.1231  0.0050  0.0020  0.0010  0.0020  
68       68   (8)      5 :  0.4354  0.1822  0.0070  0.3704  0.0030  0.0010  0.0010  
69       69  (13)      5 :  0.2770  0.1170  0.0300  0.1160  0.0190  0.1340  0.3070  
70       70   (8)      5 :  0.0120  0.3003  0.1602  0.0480  0.0470  0.0020  0.4304  
71       71  (19)      6 :  0.0030  0.0260  0.0250  0.3327  0.6084  0.0010  0.0040  
72       72   (6)      6 :  0.0010  0.0030  0.0010  0.2220  0.7700  0.0010  0.0020  
73       73  (40)      6 :  0.0030  0.0050  0.0030  0.1050  0.7340  0.0020  0.1480  
74       74  (25)      6 :  0.0020  0.0020  0.0060  0.3387  0.6464  0.0010  0.0040  
75       75  (15)      6 :  0.0040  0.0090  0.0020  0.0040  0.9630  0.0030  0.0150  
76       76  (36)      6 :  0.0789  0.1808  0.0060  0.2008  0.5215  0.0040  0.0080  
77       77   (8)      6 :  0.0020  0.0040  0.1230  0.0040  0.8250  0.0320  0.0100  
78       78   (9)      6 :  0.0020  0.0060  0.0010  0.0790  0.9070  0.0020  0.0030  
79       79   (8)      6 :  0.0050  0.0420  0.0190  0.3766  0.5325  0.0220  0.0030  
80       80   (8)      6 :  0.0880  0.0150  0.1730  0.3010  0.4190  0.0020  0.0020  
81       81   (8)      6 :  0.0020  0.0100  0.0210  0.2733  0.4795  0.1642  0.0501  
82       82   (9)      6 :  0.0020  0.0140  0.0010  0.2182  0.7568  0.0050  0.0030  
83       83   (9)      5 :  0.1790  0.4270  0.0810  0.1630  0.0030  0.0220  0.1250  
84       84  (29)      7 :  0.1311  0.2082  0.0030  0.0410  0.0030  0.4364  0.1772  
85       85   (8)      7 :  0.0210  0.1568  0.0869  0.0160  0.0300  0.5944  0.0949  
86       86  (10)      7 :  0.0120  0.1962  0.0170  0.0070  0.0110  0.7528  0.0040  
87       87   (8)      7 :  0.0550  0.1950  0.0030  0.1560  0.0020  0.5760  0.0130  
88       88  (10)      7 :  0.0030  0.1050  0.0010  0.0310  0.0190  0.7170  0.1240  
89       89  (25)      7 :  0.0020  0.9479  0.0100  0.0290  0.0030  0.0020  0.0060  
90       90  (11)      7 :  0.0020  0.3150  0.0040  0.0020  0.0020  0.6500  0.0250  
91       91  (18)      7 :  0.2627  0.0040  0.0040  0.0140  0.0100  0.7023  0.0030  
92       92  (13)      7 :  0.0050  0.2110  0.0120  0.0070  0.0020  0.5770  0.1860  
93       93  (10)      7 :  0.0030  0.0030  0.0120  0.0040  0.0170  0.9590  0.0020  
94       94  (11)      7 :  0.1590  0.4150  0.1550  0.0240  0.0030  0.0040  0.2400  
95       95   (7)      7 :  0.0030  0.2610  0.0020  0.0620  0.0010  0.6140  0.0570  
96       96  (22)      7 :  0.0020  0.0010  0.0010  0.0010  0.0010  0.9930  0.0010  
97       97   (5)      7 :  0.0030  0.9660  0.0030  0.0010  0.0020  0.0220  0.0030  
