 1        1   (8)      1 :  0.9870  0.0130  
 2        2   (9)      1 :  0.8490  0.1510  
 3        3   (9)      1 :  0.8420  0.1580  
 4        4  (18)      1 :  0.7360  0.2640  
 5        5  (22)      1 :  0.9950  0.0050  
 6        6   (9)      1 :  0.2880  0.7120  
 7        7  (13)      1 :  0.9210  0.0790  
 8        8  (14)      1 :  0.7210  0.2790  
 9        9   (5)      1 :  0.7070  0.2930  
10       10  (10)      1 :  0.9120  0.0880  
11       11  (21)      1 :  0.3120  0.6880  
12       12   (7)      1 :  0.3300  0.6700  
13       13  (26)      1 :  0.9890  0.0110  
14       14   (8)      2 :  0.0050  0.9950  
15       15   (7)      2 :  0.0600  0.9400  
16       16   (7)      2 :  0.0060  0.9940  
17       17   (7)      2 :  0.2240  0.7760  
18       18  (13)      2 :  0.1490  0.8510  
19       19  (15)      2 :  0.1430  0.8570  
20       20   (6)      2 :  0.0070  0.9930  
21       21   (5)      2 :  0.0040  0.9960  
22       22   (8)      2 :  0.1240  0.8760  
23       23   (5)      2 :  0.0170  0.9830  
24       24  (12)      2 :  0.0050  0.9950  
25       25  (10)      2 :  0.0100  0.9900  
26       26  (10)      2 :  0.0020  0.9980  
27       27  (49)      2 :  0.0130  0.9870  
28       28  (20)      2 :  0.0170  0.9830  
29       29   (9)      3 :  0.9520  0.0480  
30       30   (8)      3 :  0.9970  0.0030  
31       31  (19)      3 :  0.8710  0.1290  
32       32  (13)      3 :  0.7230  0.2770  
33       33   (6)      3 :  0.9810  0.0190  
34       34  (10)      3 :  0.7900  0.2100  
35       35   (4)      3 :  0.6130  0.3870  
36       36  (17)      3 :  0.9890  0.0110  
37       37   (8)      3 :  0.8250  0.1750  
38       38   (9)      3 :  0.9080  0.0920  
39       39  (15)      3 :  0.8650  0.1350  
40       40  (15)      3 :  0.9950  0.0050  
41       41   (5)      4 :  0.0080  0.9920  
42       42   (8)      4 :  0.0050  0.9950  
43       43  (16)      4 :  0.0140  0.9860  
44       44  (33)      4 :  0.1810  0.8190  
45       45  (17)      4 :  0.0110  0.9890  
46       46  (14)      4 :  0.2930  0.7070  
47       47   (5)      4 :  0.0040  0.9960  
48       48  (24)      4 :  0.0270  0.9730  
49       49  (32)      4 :  0.0070  0.9930  
50       50  (24)      4 :  0.0060  0.9940  
51       51  (17)      4 :  0.0910  0.9090  
52       52   (5)      4 :  0.1010  0.8990  
53       53  (11)      4 :  0.0270  0.9730  
54       54   (9)      4 :  0.1430  0.8570  
55       55  (27)      5 :  0.3690  0.6310  
56       56  (15)      5 :  0.6380  0.3620  
57       57  (15)      5 :  0.9630  0.0370  
58       58   (5)      5 :  0.9980  0.0020  
59       59   (7)      5 :  0.5850  0.4150  
60       60   (9)      5 :  0.7600  0.2400  
61       61  (17)      5 :  0.5320  0.4680  
62       62  (10)      5 :  0.8360  0.1640  
63       63  (12)      5 :  0.6790  0.3210  
64       64  (16)      5 :  0.6630  0.3370  
65       65  (17)      5 :  0.5940  0.4060  
66       66  (15)      5 :  0.7540  0.2460  
67       67  (12)      5 :  0.7390  0.2610  
68       68   (8)      5 :  0.5750  0.4250  
69       69  (13)      5 :  0.7510  0.2490  
70       70   (8)      5 :  0.6630  0.3370  
71       71  (19)      6 :  0.0040  0.9960  
72       72   (6)      6 :  0.0020  0.9980  
73       73  (40)      6 :  0.0110  0.9890  
74       74  (25)      6 :  0.0030  0.9970  
75       75  (15)      6 :  0.0120  0.9880  
76       76  (36)      6 :  0.1250  0.8750  
77       77   (8)      6 :  0.0110  0.9890  
78       78   (9)      6 :  0.0050  0.9950  
79       79   (8)      6 :  0.0320  0.9680  
80       80   (8)      6 :  0.1610  0.8390  
81       81   (8)      6 :  0.1930  0.8070  
82       82   (9)      6 :  0.0060  0.9940  
83       83   (9)      5 :  0.6810  0.3190  
84       84  (29)      7 :  0.8670  0.1330  
85       85   (8)      7 :  0.7840  0.2160  
86       86  (10)      7 :  0.7860  0.2140  
87       87   (8)      7 :  0.7600  0.2400  
88       88  (10)      7 :  0.7980  0.2020  
89       89  (25)      7 :  0.6900  0.3100  
90       90  (11)      7 :  0.9040  0.0960  
91       91  (18)      7 :  0.8440  0.1560  
92       92  (13)      7 :  0.9370  0.0630  
93       93  (10)      7 :  0.8240  0.1760  
94       94  (11)      7 :  0.8200  0.1800  
95       95   (7)      7 :  0.8310  0.1690  
96       96  (22)      7 :  0.9380  0.0620  
97       97   (5)      7 :  0.8010  0.1990  
