 1        1   (8)      1 :  0.0010  0.0010  0.9960  0.0010  0.0000  0.0000  0.0010  
 2        2   (9)      1 :  0.2450  0.0010  0.0480  0.0460  0.0360  0.0030  0.6210  
 3        3   (9)      1 :  0.0160  0.0040  0.0569  0.9161  0.0020  0.0010  0.0040  
 4        4  (18)      1 :  0.2810  0.0090  0.0050  0.3100  0.0430  0.0010  0.3510  
 5        5  (22)      1 :  0.0040  0.0030  0.0010  0.0010  0.0010  0.0010  0.9890  
 6        6   (9)      1 :  0.1610  0.2100  0.0030  0.0040  0.5580  0.0050  0.0590  
 7        7  (13)      1 :  0.4160  0.0040  0.0550  0.0090  0.0120  0.0010  0.5030  
 8        8  (14)      1 :  0.0200  0.0030  0.0911  0.1441  0.0541  0.0010  0.6867  
 9        9   (5)      1 :  0.2090  0.0010  0.0010  0.7850  0.0020  0.0010  0.0010  
10       10  (10)      1 :  0.2430  0.2430  0.0010  0.0030  0.0030  0.0010  0.5060  
11       11  (21)      1 :  0.0260  0.0390  0.0110  0.2520  0.5150  0.0240  0.1330  
12       12   (7)      1 :  0.0040  0.1420  0.1120  0.1670  0.3620  0.0720  0.1410  
13       13  (26)      1 :  0.0280  0.0020  0.0010  0.0040  0.0010  0.0010  0.9630  
14       14   (8)      2 :  0.0060  0.0780  0.0010  0.0050  0.9080  0.0010  0.0010  
15       15   (7)      2 :  0.0050  0.0120  0.0030  0.2470  0.7300  0.0010  0.0020  
16       16   (7)      2 :  0.0559  0.0030  0.0030  0.0120  0.9211  0.0010  0.0040  
17       17   (7)      2 :  0.0020  0.2630  0.0470  0.0090  0.6540  0.0020  0.0230  
18       18  (13)      2 :  0.1010  0.0120  0.0330  0.1920  0.6600  0.0010  0.0010  
19       19  (15)      2 :  0.0020  0.0290  0.0020  0.0851  0.6837  0.0020  0.1962  
20       20   (6)      2 :  0.0490  0.1700  0.0020  0.0020  0.7750  0.0010  0.0010  
21       21   (5)      2 :  0.0020  0.0440  0.0040  0.0940  0.8540  0.0010  0.0010  
22       22   (8)      2 :  0.0030  0.3930  0.0020  0.0450  0.5510  0.0020  0.0040  
23       23   (5)      2 :  0.0180  0.2410  0.0010  0.0020  0.7310  0.0010  0.0060  
24       24  (12)      2 :  0.0010  0.0820  0.0040  0.0670  0.8430  0.0010  0.0020  
25       25  (10)      2 :  0.0040  0.0020  0.0010  0.0570  0.9250  0.0060  0.0050  
26       26  (10)      2 :  0.0020  0.0010  0.0010  0.0010  0.9930  0.0010  0.0010  
27       27  (49)      2 :  0.0020  0.0220  0.0729  0.0599  0.8142  0.0050  0.0240  
28       28  (20)      2 :  0.0020  0.0490  0.0120  0.1880  0.7150  0.0010  0.0330  
29       29   (9)      3 :  0.9620  0.0100  0.0080  0.0060  0.0030  0.0010  0.0100  
30       30   (8)      3 :  0.9970  0.0010  0.0010  0.0000  0.0000  0.0000  0.0010  
31       31  (19)      3 :  0.2220  0.0120  0.2940  0.0030  0.0120  0.0010  0.4560  
32       32  (13)      3 :  0.2468  0.1768  0.2797  0.0030  0.2408  0.0070  0.0460  
33       33   (6)      3 :  0.0651  0.0040  0.2212  0.0220  0.0010  0.0360  0.6507  
34       34  (10)      3 :  0.5960  0.0900  0.0120  0.0100  0.0580  0.0020  0.2320  
35       35   (4)      3 :  0.0030  0.6170  0.1060  0.0020  0.0130  0.0010  0.2580  
36       36  (17)      3 :  0.0950  0.3510  0.1690  0.0100  0.0020  0.0030  0.3700  
37       37   (8)      3 :  0.0130  0.3790  0.0320  0.0070  0.0580  0.0050  0.5060  
38       38   (9)      3 :  0.5604  0.2048  0.0040  0.0969  0.0070  0.0020  0.1249  
39       39  (15)      3 :  0.6973  0.0609  0.0030  0.0430  0.0470  0.0360  0.1129  
40       40  (15)      3 :  0.6847  0.0571  0.0551  0.0050  0.0010  0.1612  0.0360  
41       41   (5)      4 :  0.0010  0.0020  0.0010  0.0010  0.8781  0.0010  0.1159  
42       42   (8)      4 :  0.0050  0.0450  0.0010  0.0140  0.9260  0.0060  0.0030  
43       43  (16)      4 :  0.0030  0.0060  0.0150  0.1790  0.7920  0.0030  0.0020  
44       44  (33)      4 :  0.0200  0.0030  0.0060  0.0020  0.7530  0.0030  0.2130  
45       45  (17)      4 :  0.0010  0.1540  0.0120  0.0010  0.8280  0.0020  0.0020  
46       46  (14)      4 :  0.0651  0.0030  0.0030  0.2553  0.5375  0.0010  0.1351  
47       47   (5)      4 :  0.0020  0.0070  0.0010  0.0020  0.9710  0.0030  0.0140  
48       48  (24)      4 :  0.0020  0.0440  0.0020  0.0370  0.8280  0.0070  0.0800  
49       49  (32)      4 :  0.0050  0.2547  0.0020  0.0040  0.7293  0.0010  0.0040  
50       50  (24)      4 :  0.0120  0.0040  0.0080  0.0060  0.9660  0.0010  0.0030  
51       51  (17)      4 :  0.0060  0.0701  0.0030  0.1141  0.7998  0.0040  0.0030  
52       52   (5)      4 :  0.0020  0.0040  0.0010  0.0150  0.6753  0.0010  0.3017  
53       53  (11)      4 :  0.0020  0.1329  0.0010  0.0030  0.8022  0.0110  0.0480  
54       54   (9)      4 :  0.0140  0.0170  0.0020  0.0080  0.6593  0.0020  0.2977  
55       55  (27)      5 :  0.0130  0.2520  0.0050  0.0250  0.5250  0.1650  0.0150  
56       56  (15)      5 :  0.0801  0.0661  0.1692  0.0070  0.0831  0.0020  0.5926  
57       57  (15)      5 :  0.0140  0.5365  0.0220  0.0150  0.0030  0.0040  0.4056  
58       58   (5)      5 :  0.4350  0.0020  0.0200  0.0840  0.0010  0.0010  0.4570  
59       59   (7)      5 :  0.0010  0.0090  0.0010  0.8350  0.0200  0.0010  0.1330  
60       60   (9)      5 :  0.0030  0.0100  0.7243  0.0030  0.0989  0.0190  0.1419  
61       61  (17)      5 :  0.0060  0.2020  0.1020  0.0860  0.2270  0.0020  0.3750  
62       62  (10)      5 :  0.2683  0.2002  0.2603  0.1321  0.0420  0.0060  0.0911  
63       63  (12)      5 :  0.0020  0.4270  0.0070  0.0940  0.0510  0.1430  0.2760  
64       64  (16)      5 :  0.3130  0.1500  0.0720  0.1460  0.2040  0.0490  0.0660  
65       65  (17)      5 :  0.0110  0.6264  0.0030  0.0030  0.0200  0.0020  0.3347  
66       66  (15)      5 :  0.0761  0.2262  0.3283  0.0511  0.1572  0.0150  0.1461  
67       67  (12)      5 :  0.0020  0.9150  0.0060  0.0730  0.0010  0.0010  0.0020  
68       68   (8)      5 :  0.1868  0.3057  0.2418  0.0400  0.2228  0.0010  0.0020  
69       69  (13)      5 :  0.2030  0.1330  0.0130  0.0530  0.0860  0.1130  0.3990  
70       70   (8)      5 :  0.0070  0.2398  0.0050  0.1169  0.1199  0.0020  0.5095  
71       71  (19)      6 :  0.0020  0.0310  0.0030  0.0270  0.9290  0.0010  0.0070  
72       72   (6)      6 :  0.0010  0.0010  0.0010  0.0010  0.9940  0.0010  0.0010  
73       73  (40)      6 :  0.0010  0.0050  0.0010  0.0040  0.8428  0.0010  0.1451  
74       74  (25)      6 :  0.0020  0.0020  0.0280  0.0030  0.9610  0.0010  0.0030  
75       75  (15)      6 :  0.0020  0.0040  0.0030  0.0010  0.9260  0.0140  0.0500  
76       76  (36)      6 :  0.0040  0.0629  0.1359  0.0070  0.7742  0.0050  0.0110  
77       77   (8)      6 :  0.0010  0.0020  0.0010  0.0440  0.7932  0.1249  0.0340  
78       78   (9)      6 :  0.0010  0.0030  0.0040  0.0010  0.9850  0.0030  0.0030  
79       79   (8)      6 :  0.0020  0.0549  0.0270  0.0220  0.8751  0.0160  0.0030  
80       80   (8)      6 :  0.0020  0.0170  0.0870  0.1980  0.6890  0.0050  0.0020  
81       81   (8)      6 :  0.0020  0.0130  0.0020  0.0160  0.7390  0.1650  0.0630  
82       82   (9)      6 :  0.0020  0.0240  0.0010  0.0020  0.9630  0.0050  0.0030  
83       83   (9)      5 :  0.0360  0.4406  0.1538  0.1129  0.0509  0.0569  0.1489  
84       84  (29)      7 :  0.0600  0.2460  0.0130  0.0020  0.0050  0.4660  0.2080  
85       85   (8)      7 :  0.0250  0.1642  0.0040  0.0731  0.0400  0.6206  0.0731  
86       86  (10)      7 :  0.0070  0.1510  0.0270  0.0200  0.0100  0.7820  0.0030  
87       87   (8)      7 :  0.0050  0.1560  0.1080  0.0070  0.0430  0.6580  0.0230  
88       88  (10)      7 :  0.0010  0.0210  0.0040  0.0020  0.0800  0.7240  0.1680  
89       89  (25)      7 :  0.0030  0.9520  0.0020  0.0250  0.0070  0.0020  0.0090  
90       90  (11)      7 :  0.0010  0.3040  0.0010  0.0030  0.0010  0.6810  0.0090  
91       91  (18)      7 :  0.2382  0.0040  0.0040  0.0060  0.0290  0.7157  0.0030  
92       92  (13)      7 :  0.0040  0.2260  0.0010  0.0180  0.0020  0.5920  0.1570  
93       93  (10)      7 :  0.0040  0.0020  0.0010  0.0110  0.0150  0.9640  0.0030  
94       94  (11)      7 :  0.2503  0.5195  0.0010  0.0350  0.0030  0.0010  0.1902  
95       95   (7)      7 :  0.0020  0.1710  0.0280  0.0010  0.0030  0.7050  0.0900  
96       96  (22)      7 :  0.0100  0.0010  0.0000  0.0010  0.0010  0.9860  0.0010  
97       97   (5)      7 :  0.0090  0.8042  0.0030  0.0070  0.0020  0.1698  0.0050  
