 1        1   (8)      1 :  0.9880  0.0050  0.0020  0.0020  0.0010  0.0020  
 2        2   (9)      1 :  0.3930  0.0520  0.0570  0.0060  0.0050  0.4870  
 3        3   (9)      1 :  0.1530  0.1870  0.0010  0.5980  0.0030  0.0580  
 4        4  (18)      1 :  0.3600  0.1200  0.0330  0.2060  0.0020  0.2790  
 5        5  (22)      1 :  0.0020  0.0010  0.0010  0.0020  0.0010  0.9930  
 6        6   (9)      1 :  0.1770  0.3270  0.3320  0.0720  0.0190  0.0730  
 7        7  (13)      1 :  0.6380  0.0430  0.0130  0.0030  0.0020  0.3010  
 8        8  (14)      1 :  0.3347  0.0090  0.1708  0.0170  0.0020  0.4665  
 9        9   (5)      1 :  0.2860  0.0050  0.1330  0.5550  0.0010  0.0200  
10       10  (10)      1 :  0.2570  0.0020  0.0110  0.2300  0.0020  0.4980  
11       11  (21)      1 :  0.1271  0.3413  0.2603  0.1722  0.0080  0.0911  
12       12   (7)      1 :  0.0520  0.1880  0.3370  0.2800  0.0240  0.1190  
13       13  (26)      1 :  0.0120  0.0040  0.0020  0.0040  0.0010  0.9770  
14       14   (8)      2 :  0.0030  0.1760  0.7490  0.0660  0.0010  0.0050  
15       15   (7)      2 :  0.0070  0.1420  0.6510  0.1960  0.0020  0.0020  
16       16   (7)      2 :  0.0050  0.9850  0.0050  0.0020  0.0010  0.0020  
17       17   (7)      2 :  0.0190  0.4585  0.2947  0.1628  0.0130  0.0519  
18       18  (13)      2 :  0.1662  0.4044  0.3353  0.0911  0.0010  0.0020  
19       19  (15)      2 :  0.0040  0.7443  0.0310  0.0170  0.0030  0.2008  
20       20   (6)      2 :  0.0220  0.4845  0.4484  0.0420  0.0020  0.0010  
21       21   (5)      2 :  0.0020  0.7560  0.2310  0.0080  0.0020  0.0010  
22       22   (8)      2 :  0.0030  0.1912  0.4214  0.3774  0.0020  0.0050  
23       23   (5)      2 :  0.0070  0.6777  0.2002  0.0661  0.0010  0.0480  
24       24  (12)      2 :  0.0030  0.7808  0.2012  0.0090  0.0010  0.0050  
25       25  (10)      2 :  0.0030  0.1400  0.8240  0.0100  0.0060  0.0170  
26       26  (10)      2 :  0.0010  0.3510  0.6440  0.0010  0.0010  0.0020  
27       27  (49)      2 :  0.0030  0.3770  0.5070  0.0350  0.0050  0.0730  
28       28  (20)      2 :  0.0030  0.8570  0.0060  0.1000  0.0010  0.0330  
29       29   (9)      3 :  0.9609  0.0291  0.0020  0.0040  0.0010  0.0030  
30       30   (8)      3 :  0.9840  0.0020  0.0010  0.0020  0.0010  0.0100  
31       31  (19)      3 :  0.6500  0.0300  0.0600  0.0060  0.0020  0.2520  
32       32  (13)      3 :  0.5410  0.1960  0.0600  0.1430  0.0210  0.0390  
33       33   (6)      3 :  0.4044  0.0010  0.0110  0.0120  0.0210  0.5506  
34       34  (10)      3 :  0.6414  0.1489  0.0200  0.0300  0.0020  0.1578  
35       35   (4)      3 :  0.1780  0.2070  0.0190  0.3830  0.0030  0.2100  
36       36  (17)      3 :  0.4520  0.0030  0.0030  0.3170  0.0060  0.2190  
37       37   (8)      3 :  0.1788  0.0120  0.1149  0.3337  0.0080  0.3526  
38       38   (9)      3 :  0.5726  0.0901  0.0040  0.2232  0.0030  0.1071  
39       39  (15)      3 :  0.7170  0.0550  0.0660  0.0420  0.0690  0.0510  
40       40  (15)      3 :  0.7103  0.0040  0.0020  0.0290  0.1738  0.0809  
41       41   (5)      4 :  0.0020  0.0090  0.8580  0.0030  0.0010  0.1270  
42       42   (8)      4 :  0.0050  0.5000  0.4810  0.0090  0.0030  0.0020  
43       43  (16)      4 :  0.0030  0.9870  0.0020  0.0030  0.0020  0.0030  
44       44  (33)      4 :  0.0690  0.5030  0.2860  0.0020  0.0060  0.1340  
45       45  (17)      4 :  0.0020  0.4066  0.4985  0.0859  0.0030  0.0040  
46       46  (14)      4 :  0.1760  0.6260  0.0430  0.0500  0.0050  0.1000  
47       47   (5)      4 :  0.0020  0.1361  0.8388  0.0050  0.0030  0.0150  
48       48  (24)      4 :  0.0030  0.5640  0.3440  0.0460  0.0100  0.0330  
49       49  (32)      4 :  0.0030  0.5536  0.2903  0.1461  0.0010  0.0060  
50       50  (24)      4 :  0.0210  0.2893  0.6767  0.0080  0.0020  0.0030  
51       51  (17)      4 :  0.0080  0.5630  0.3300  0.0890  0.0060  0.0040  
52       52   (5)      4 :  0.0020  0.4084  0.3433  0.0070  0.0010  0.2382  
53       53  (11)      4 :  0.0010  0.3950  0.4650  0.0690  0.0300  0.0400  
54       54   (9)      4 :  0.0410  0.2800  0.4500  0.0350  0.0050  0.1890  
55       55  (27)      5 :  0.0080  0.4226  0.1399  0.2218  0.1698  0.0380  
56       56  (15)      5 :  0.3750  0.0070  0.2410  0.0790  0.0020  0.2960  
57       57  (15)      5 :  0.0840  0.0050  0.0050  0.4960  0.0060  0.4040  
58       58   (5)      5 :  0.6020  0.0010  0.0010  0.0060  0.0020  0.3880  
59       59   (7)      5 :  0.0160  0.2000  0.0090  0.6860  0.0010  0.0880  
60       60   (9)      5 :  0.6960  0.2160  0.0070  0.0110  0.0440  0.0260  
61       61  (17)      5 :  0.1500  0.2560  0.0370  0.2630  0.0030  0.2910  
62       62  (10)      5 :  0.5490  0.1300  0.0090  0.2260  0.0090  0.0770  
63       63  (12)      5 :  0.0080  0.1000  0.0430  0.4280  0.1500  0.2710  
64       64  (16)      5 :  0.3970  0.1260  0.1390  0.2500  0.0390  0.0490  
65       65  (17)      5 :  0.0200  0.0950  0.0870  0.5290  0.0040  0.2650  
66       66  (15)      5 :  0.4830  0.0990  0.0720  0.2300  0.0210  0.0950  
67       67  (12)      5 :  0.0060  0.0040  0.0020  0.9840  0.0020  0.0020  
68       68   (8)      5 :  0.3690  0.3830  0.0050  0.2400  0.0010  0.0020  
69       69  (13)      5 :  0.2530  0.1560  0.0230  0.1010  0.1400  0.3270  
70       70   (8)      5 :  0.0439  0.0279  0.1567  0.3154  0.0040  0.4521  
71       71  (19)      6 :  0.0030  0.3090  0.5980  0.0820  0.0020  0.0060  
72       72   (6)      6 :  0.0010  0.1602  0.8338  0.0020  0.0010  0.0020  
73       73  (40)      6 :  0.0040  0.0890  0.7450  0.0070  0.0020  0.1530  
74       74  (25)      6 :  0.0020  0.3790  0.6050  0.0030  0.0010  0.0100  
75       75  (15)      6 :  0.0040  0.0040  0.9449  0.0050  0.0040  0.0380  
76       76  (36)      6 :  0.1160  0.2240  0.5930  0.0450  0.0090  0.0130  
77       77   (8)      6 :  0.0040  0.0090  0.8680  0.0150  0.0650  0.0390  
78       78   (9)      6 :  0.0020  0.1040  0.8850  0.0030  0.0030  0.0030  
79       79   (8)      6 :  0.0060  0.3880  0.5380  0.0470  0.0180  0.0030  
80       80   (8)      6 :  0.1011  0.3273  0.4084  0.1572  0.0040  0.0020  
81       81   (8)      6 :  0.0020  0.2813  0.4745  0.0280  0.1552  0.0591  
82       82   (9)      6 :  0.0030  0.2690  0.7120  0.0060  0.0070  0.0030  
83       83   (9)      5 :  0.2258  0.2188  0.0040  0.3746  0.0599  0.1169  
84       84  (29)      7 :  0.1708  0.0440  0.0050  0.1009  0.4715  0.2078  
85       85   (8)      7 :  0.0361  0.0150  0.0551  0.1984  0.5922  0.1032  
86       86  (10)      7 :  0.0160  0.0140  0.0160  0.1682  0.7798  0.0060  
87       87   (8)      7 :  0.0810  0.1980  0.0030  0.0880  0.6090  0.0210  
88       88  (10)      7 :  0.0070  0.0490  0.0110  0.0090  0.7708  0.1532  
89       89  (25)      7 :  0.0040  0.0550  0.0070  0.9170  0.0050  0.0120  
90       90  (11)      7 :  0.0030  0.0020  0.0030  0.2700  0.6880  0.0340  
91       91  (18)      7 :  0.2523  0.0190  0.0140  0.0060  0.7037  0.0050  
92       92  (13)      7 :  0.0040  0.0100  0.0020  0.1922  0.5696  0.2222  
93       93  (10)      7 :  0.0040  0.0040  0.0180  0.0060  0.9650  0.0030  
94       94  (11)      7 :  0.1840  0.0520  0.0040  0.4930  0.0040  0.2630  
95       95   (7)      7 :  0.0060  0.0701  0.0020  0.1091  0.7407  0.0721  
96       96  (22)      7 :  0.0020  0.0010  0.0020  0.0010  0.9930  0.0010  
97       97   (5)      7 :  0.0040  0.0020  0.0070  0.7183  0.2617  0.0070  
