 1        1   (8)      1 :  0.9840  0.0160  
 2        2   (9)      1 :  0.8450  0.1550  
 3        3   (9)      1 :  0.8520  0.1480  
 4        4  (18)      1 :  0.7670  0.2330  
 5        5  (22)      1 :  0.9940  0.0060  
 6        6   (9)      1 :  0.2880  0.7120  
 7        7  (13)      1 :  0.9240  0.0760  
 8        8  (14)      1 :  0.6890  0.3110  
 9        9   (5)      1 :  0.7670  0.2330  
10       10  (10)      1 :  0.9250  0.0750  
11       11  (21)      1 :  0.3370  0.6630  
12       12   (7)      1 :  0.3740  0.6260  
13       13  (26)      1 :  0.9900  0.0100  
14       14   (8)      2 :  0.0060  0.9940  
15       15   (7)      2 :  0.0840  0.9160  
16       16   (7)      2 :  0.0050  0.9950  
17       17   (7)      2 :  0.1930  0.8070  
18       18  (13)      2 :  0.1340  0.8660  
19       19  (15)      2 :  0.1290  0.8710  
20       20   (6)      2 :  0.0120  0.9880  
21       21   (5)      2 :  0.0050  0.9950  
22       22   (8)      2 :  0.1190  0.8810  
23       23   (5)      2 :  0.0100  0.9900  
24       24  (12)      2 :  0.0040  0.9960  
25       25  (10)      2 :  0.0110  0.9890  
26       26  (10)      2 :  0.0020  0.9980  
27       27  (49)      2 :  0.0120  0.9880  
28       28  (20)      2 :  0.0160  0.9840  
29       29   (9)      3 :  0.9640  0.0360  
30       30   (8)      3 :  0.9970  0.0030  
31       31  (19)      3 :  0.8910  0.1090  
32       32  (13)      3 :  0.7480  0.2520  
33       33   (6)      3 :  0.9760  0.0240  
34       34  (10)      3 :  0.8020  0.1980  
35       35   (4)      3 :  0.6160  0.3840  
36       36  (17)      3 :  0.9920  0.0080  
37       37   (8)      3 :  0.8590  0.1410  
38       38   (9)      3 :  0.9060  0.0940  
39       39  (15)      3 :  0.8840  0.1160  
40       40  (15)      3 :  0.9960  0.0040  
41       41   (5)      4 :  0.0060  0.9940  
42       42   (8)      4 :  0.0070  0.9930  
43       43  (16)      4 :  0.0230  0.9770  
44       44  (33)      4 :  0.1460  0.8540  
45       45  (17)      4 :  0.0120  0.9880  
46       46  (14)      4 :  0.2880  0.7120  
47       47   (5)      4 :  0.0040  0.9960  
48       48  (24)      4 :  0.0300  0.9700  
49       49  (32)      4 :  0.0080  0.9920  
50       50  (24)      4 :  0.0050  0.9950  
51       51  (17)      4 :  0.0620  0.9380  
52       52   (5)      4 :  0.1250  0.8750  
53       53  (11)      4 :  0.0310  0.9690  
54       54   (9)      4 :  0.1870  0.8130  
55       55  (27)      5 :  0.3680  0.6320  
56       56  (15)      5 :  0.6570  0.3430  
57       57  (15)      5 :  0.9510  0.0490  
58       58   (5)      5 :  0.9970  0.0030  
59       59   (7)      5 :  0.6320  0.3680  
60       60   (9)      5 :  0.7320  0.2680  
61       61  (17)      5 :  0.5740  0.4260  
62       62  (10)      5 :  0.8400  0.1600  
63       63  (12)      5 :  0.7230  0.2770  
64       64  (16)      5 :  0.6970  0.3030  
65       65  (17)      5 :  0.5930  0.4070  
66       66  (15)      5 :  0.7500  0.2500  
67       67  (12)      5 :  0.7830  0.2170  
68       68   (8)      5 :  0.5960  0.4040  
69       69  (13)      5 :  0.7730  0.2270  
70       70   (8)      5 :  0.6870  0.3130  
71       71  (19)      6 :  0.0040  0.9960  
72       72   (6)      6 :  0.0020  0.9980  
73       73  (40)      6 :  0.0070  0.9930  
74       74  (25)      6 :  0.0030  0.9970  
75       75  (15)      6 :  0.0100  0.9900  
76       76  (36)      6 :  0.1590  0.8410  
77       77   (8)      6 :  0.0200  0.9800  
78       78   (9)      6 :  0.0060  0.9940  
79       79   (8)      6 :  0.0340  0.9660  
80       80   (8)      6 :  0.1720  0.8280  
81       81   (8)      6 :  0.1940  0.8060  
82       82   (9)      6 :  0.0050  0.9950  
83       83   (9)      5 :  0.7260  0.2740  
84       84  (29)      7 :  0.8780  0.1220  
85       85   (8)      7 :  0.7970  0.2030  
86       86  (10)      7 :  0.8020  0.1980  
87       87   (8)      7 :  0.7640  0.2360  
88       88  (10)      7 :  0.7720  0.2280  
89       89  (25)      7 :  0.7000  0.3000  
90       90  (11)      7 :  0.9100  0.0900  
91       91  (18)      7 :  0.8550  0.1450  
92       92  (13)      7 :  0.9520  0.0480  
93       93  (10)      7 :  0.8310  0.1690  
94       94  (11)      7 :  0.8030  0.1970  
95       95   (7)      7 :  0.8280  0.1720  
96       96  (22)      7 :  0.9600  0.0400  
97       97   (5)      7 :  0.9100  0.0900  
