 1        1   (8)      1 :  0.9960  0.0010  0.0030  
 2        2   (9)      1 :  0.8340  0.0060  0.1600  
 3        3   (9)      1 :  0.8570  0.0070  0.1360  
 4        4  (18)      1 :  0.8020  0.0020  0.1960  
 5        5  (22)      1 :  0.9000  0.0970  0.0030  
 6        6   (9)      1 :  0.3030  0.0210  0.6760  
 7        7  (13)      1 :  0.9220  0.0010  0.0770  
 8        8  (14)      1 :  0.7768  0.0010  0.2222  
 9        9   (5)      1 :  0.7740  0.0020  0.2240  
10       10  (10)      1 :  0.8320  0.0060  0.1620  
11       11  (21)      1 :  0.3840  0.0090  0.6070  
12       12   (7)      1 :  0.3620  0.0540  0.5840  
13       13  (26)      1 :  0.9880  0.0080  0.0040  
14       14   (8)      2 :  0.0150  0.0010  0.9840  
15       15   (7)      2 :  0.1210  0.0030  0.8760  
16       16   (7)      2 :  0.0110  0.0010  0.9880  
17       17   (7)      2 :  0.2150  0.0120  0.7730  
18       18  (13)      2 :  0.2222  0.0010  0.7768  
19       19  (15)      2 :  0.0410  0.0711  0.8879  
20       20   (6)      2 :  0.0070  0.0040  0.9890  
21       21   (5)      2 :  0.0030  0.0020  0.9950  
22       22   (8)      2 :  0.1640  0.0100  0.8260  
23       23   (5)      2 :  0.0750  0.0010  0.9240  
24       24  (12)      2 :  0.0050  0.0020  0.9930  
25       25  (10)      2 :  0.0120  0.0070  0.9810  
26       26  (10)      2 :  0.0010  0.0010  0.9980  
27       27  (49)      2 :  0.0100  0.0030  0.9870  
28       28  (20)      2 :  0.1582  0.0010  0.8408  
29       29   (9)      3 :  0.9950  0.0010  0.0040  
30       30   (8)      3 :  0.9980  0.0010  0.0010  
31       31  (19)      3 :  0.9030  0.0010  0.0960  
32       32  (13)      3 :  0.7140  0.0260  0.2600  
33       33   (6)      3 :  0.8960  0.0930  0.0110  
34       34  (10)      3 :  0.8680  0.0020  0.1300  
35       35   (4)      3 :  0.6663  0.0050  0.3287  
36       36  (17)      3 :  0.9870  0.0100  0.0030  
37       37   (8)      3 :  0.7658  0.0250  0.2092  
38       38   (9)      3 :  0.8960  0.0030  0.1010  
39       39  (15)      3 :  0.8500  0.0610  0.0890  
40       40  (15)      3 :  0.8438  0.1542  0.0020  
41       41   (5)      4 :  0.0040  0.0030  0.9930  
42       42   (8)      4 :  0.0040  0.0050  0.9910  
43       43  (16)      4 :  0.0180  0.0070  0.9750  
44       44  (33)      4 :  0.1420  0.0070  0.8510  
45       45  (17)      4 :  0.0040  0.0060  0.9900  
46       46  (14)      4 :  0.3360  0.0030  0.6610  
47       47   (5)      4 :  0.0020  0.0030  0.9950  
48       48  (24)      4 :  0.0100  0.0110  0.9790  
49       49  (32)      4 :  0.0140  0.0020  0.9840  
50       50  (24)      4 :  0.0060  0.0020  0.9920  
51       51  (17)      4 :  0.0340  0.0170  0.9490  
52       52   (5)      4 :  0.1810  0.0020  0.8170  
53       53  (11)      4 :  0.0040  0.0549  0.9411  
54       54   (9)      4 :  0.1970  0.0070  0.7960  
55       55  (27)      5 :  0.2200  0.1690  0.6110  
56       56  (15)      5 :  0.7410  0.0020  0.2570  
57       57  (15)      5 :  0.7790  0.1740  0.0470  
58       58   (5)      5 :  0.9970  0.0020  0.0010  
59       59   (7)      5 :  0.6490  0.0020  0.3490  
60       60   (9)      5 :  0.7542  0.0350  0.2108  
61       61  (17)      5 :  0.6136  0.0050  0.3814  
62       62  (10)      5 :  0.8168  0.0080  0.1752  
63       63  (12)      5 :  0.5380  0.2040  0.2580  
64       64  (16)      5 :  0.6286  0.0541  0.3173  
65       65  (17)      5 :  0.6220  0.0280  0.3500  
66       66  (15)      5 :  0.7177  0.0380  0.2442  
67       67  (12)      5 :  0.6370  0.1620  0.2010  
68       68   (8)      5 :  0.6440  0.0010  0.3550  
69       69  (13)      5 :  0.6530  0.1550  0.1920  
70       70   (8)      5 :  0.6400  0.0420  0.3180  
71       71  (19)      6 :  0.0040  0.0010  0.9950  
72       72   (6)      6 :  0.0010  0.0010  0.9980  
73       73  (40)      6 :  0.0080  0.0020  0.9900  
74       74  (25)      6 :  0.0020  0.0010  0.9970  
75       75  (15)      6 :  0.0040  0.0140  0.9820  
76       76  (36)      6 :  0.1600  0.0170  0.8230  
77       77   (8)      6 :  0.0030  0.0919  0.9051  
78       78   (9)      6 :  0.0030  0.0030  0.9940  
79       79   (8)      6 :  0.0080  0.0190  0.9730  
80       80   (8)      6 :  0.1930  0.0050  0.8020  
81       81   (8)      6 :  0.0070  0.1780  0.8150  
82       82   (9)      6 :  0.0020  0.0070  0.9910  
83       83   (9)      5 :  0.6180  0.1350  0.2470  
84       84  (29)      7 :  0.4575  0.5285  0.0140  
85       85   (8)      7 :  0.2610  0.6440  0.0950  
86       86  (10)      7 :  0.1180  0.8300  0.0520  
87       87   (8)      7 :  0.2260  0.6430  0.1310  
88       88  (10)      7 :  0.0320  0.8028  0.1652  
89       89  (25)      7 :  0.4680  0.2960  0.2360  
90       90  (11)      7 :  0.1520  0.8430  0.0050  
91       91  (18)      7 :  0.3057  0.6653  0.0290  
92       92  (13)      7 :  0.3210  0.6720  0.0070  
93       93  (10)      7 :  0.0120  0.9650  0.0230  
94       94  (11)      7 :  0.7017  0.1231  0.1752  
95       95   (7)      7 :  0.0960  0.8580  0.0460  
96       96  (22)      7 :  0.0020  0.9970  0.0010  
97       97   (5)      7 :  0.5135  0.4404  0.0460  
