 1        1   (8)      1 :  0.0000  0.0010  0.0010  0.9980  
 2        2   (9)      1 :  0.0060  0.1510  0.8160  0.0270  
 3        3   (9)      1 :  0.0040  0.1520  0.7880  0.0560  
 4        4  (18)      1 :  0.0010  0.1940  0.8020  0.0030  
 5        5  (22)      1 :  0.0080  0.0010  0.9900  0.0010  
 6        6   (9)      1 :  0.0100  0.6770  0.3070  0.0060  
 7        7  (13)      1 :  0.0010  0.0430  0.9510  0.0050  
 8        8  (14)      1 :  0.0010  0.1900  0.7480  0.0610  
 9        9   (5)      1 :  0.0010  0.2400  0.7570  0.0020  
10       10  (10)      1 :  0.0030  0.0280  0.9680  0.0010  
11       11  (21)      1 :  0.0100  0.6513  0.3267  0.0120  
12       12   (7)      1 :  0.0570  0.5980  0.2710  0.0740  
13       13  (26)      1 :  0.0010  0.0020  0.9960  0.0010  
14       14   (8)      2 :  0.0010  0.9880  0.0100  0.0010  
15       15   (7)      2 :  0.0030  0.9311  0.0400  0.0260  
16       16   (7)      2 :  0.0010  0.9890  0.0070  0.0030  
17       17   (7)      2 :  0.0270  0.7880  0.1150  0.0700  
18       18  (13)      2 :  0.0010  0.8070  0.1290  0.0630  
19       19  (15)      2 :  0.0240  0.8268  0.1431  0.0060  
20       20   (6)      2 :  0.0030  0.9900  0.0050  0.0020  
21       21   (5)      2 :  0.0020  0.9930  0.0020  0.0030  
22       22   (8)      2 :  0.0080  0.8452  0.1389  0.0080  
23       23   (5)      2 :  0.0010  0.8901  0.1069  0.0020  
24       24  (12)      2 :  0.0010  0.9920  0.0030  0.0040  
25       25  (10)      2 :  0.0050  0.9760  0.0180  0.0010  
26       26  (10)      2 :  0.0010  0.9970  0.0010  0.0010  
27       27  (49)      2 :  0.0050  0.9720  0.0060  0.0170  
28       28  (20)      2 :  0.0010  0.9320  0.0510  0.0160  
29       29   (9)      3 :  0.0010  0.0070  0.9800  0.0120  
30       30   (8)      3 :  0.0010  0.0010  0.9920  0.0060  
31       31  (19)      3 :  0.0010  0.0940  0.6280  0.2770  
32       32  (13)      3 :  0.0120  0.2740  0.4190  0.2950  
33       33   (6)      3 :  0.0620  0.0030  0.7440  0.1910  
34       34  (10)      3 :  0.0020  0.1130  0.8670  0.0180  
35       35   (4)      3 :  0.0060  0.3570  0.5190  0.1180  
36       36  (17)      3 :  0.0090  0.0040  0.7700  0.2170  
37       37   (8)      3 :  0.0170  0.2080  0.7480  0.0270  
38       38   (9)      3 :  0.0020  0.0840  0.9110  0.0030  
39       39  (15)      3 :  0.0490  0.1071  0.8348  0.0090  
40       40  (15)      3 :  0.1670  0.0020  0.7650  0.0660  
41       41   (5)      4 :  0.0030  0.9890  0.0070  0.0010  
42       42   (8)      4 :  0.0040  0.9910  0.0030  0.0020  
43       43  (16)      4 :  0.0040  0.9760  0.0080  0.0120  
44       44  (33)      4 :  0.0060  0.8018  0.1792  0.0130  
45       45  (17)      4 :  0.0080  0.9750  0.0040  0.0130  
46       46  (14)      4 :  0.0020  0.6490  0.3460  0.0030  
47       47   (5)      4 :  0.0020  0.9950  0.0020  0.0010  
48       48  (24)      4 :  0.0220  0.9640  0.0080  0.0060  
49       49  (32)      4 :  0.0020  0.9790  0.0170  0.0020  
50       50  (24)      4 :  0.0020  0.9870  0.0050  0.0060  
51       51  (17)      4 :  0.0160  0.9361  0.0440  0.0040  
52       52   (5)      4 :  0.0010  0.7948  0.2032  0.0010  
53       53  (11)      4 :  0.0699  0.9241  0.0050  0.0010  
54       54   (9)      4 :  0.0030  0.7930  0.2030  0.0010  
55       55  (27)      5 :  0.2260  0.6360  0.1220  0.0160  
56       56  (15)      5 :  0.0010  0.2593  0.6266  0.1131  
57       57  (15)      5 :  0.1940  0.0180  0.6600  0.1280  
58       58   (5)      5 :  0.0020  0.0010  0.9190  0.0780  
59       59   (7)      5 :  0.0010  0.3500  0.6480  0.0010  
60       60   (9)      5 :  0.0310  0.1900  0.0680  0.7110  
61       61  (17)      5 :  0.0060  0.3990  0.5170  0.0780  
62       62  (10)      5 :  0.0070  0.1790  0.5420  0.2720  
63       63  (12)      5 :  0.2420  0.2520  0.5010  0.0050  
64       64  (16)      5 :  0.0540  0.3130  0.5680  0.0650  
65       65  (17)      5 :  0.0210  0.3610  0.6150  0.0030  
66       66  (15)      5 :  0.0530  0.2450  0.3630  0.3390  
67       67  (12)      5 :  0.1760  0.1980  0.6160  0.0100  
68       68   (8)      5 :  0.0020  0.4000  0.3750  0.2230  
69       69  (13)      5 :  0.1740  0.1990  0.6100  0.0170  
70       70   (8)      5 :  0.0130  0.3240  0.6590  0.0040  
71       71  (19)      6 :  0.0010  0.9920  0.0030  0.0040  
72       72   (6)      6 :  0.0010  0.9970  0.0010  0.0010  
73       73  (40)      6 :  0.0020  0.9840  0.0120  0.0020  
74       74  (25)      6 :  0.0010  0.9860  0.0020  0.0110  
75       75  (15)      6 :  0.0150  0.9780  0.0050  0.0020  
76       76  (36)      6 :  0.0090  0.8870  0.0080  0.0960  
77       77   (8)      6 :  0.0939  0.9021  0.0030  0.0010  
78       78   (9)      6 :  0.0020  0.9940  0.0020  0.0020  
79       79   (8)      6 :  0.0100  0.9610  0.0030  0.0260  
80       80   (8)      6 :  0.0090  0.8378  0.0621  0.0911  
81       81   (8)      6 :  0.1850  0.8090  0.0050  0.0010  
82       82   (9)      6 :  0.0070  0.9900  0.0020  0.0010  
83       83   (9)      5 :  0.1330  0.2760  0.4280  0.1630  
84       84  (29)      7 :  0.5604  0.0110  0.4056  0.0230  
85       85   (8)      7 :  0.6657  0.0961  0.2332  0.0050  
86       86  (10)      7 :  0.8970  0.0390  0.0330  0.0310  
87       87   (8)      7 :  0.7110  0.1270  0.0440  0.1180  
88       88  (10)      7 :  0.8650  0.0920  0.0210  0.0220  
89       89  (25)      7 :  0.3290  0.2340  0.4340  0.0030  
90       90  (11)      7 :  0.8910  0.0030  0.1030  0.0030  
91       91  (18)      7 :  0.7173  0.0170  0.2607  0.0050  
92       92  (13)      7 :  0.7130  0.0040  0.2810  0.0020  
93       93  (10)      7 :  0.9830  0.0100  0.0060  0.0010  
94       94  (11)      7 :  0.1179  0.1459  0.7333  0.0030  
95       95   (7)      7 :  0.9200  0.0100  0.0130  0.0570  
96       96  (22)      7 :  0.9960  0.0010  0.0020  0.0010  
97       97   (5)      7 :  0.5150  0.0340  0.4440  0.0070  
