 1        1   (8)      1 :  0.9960  0.0010  0.0030  
 2        2   (9)      1 :  0.8412  0.0040  0.1548  
 3        3   (9)      1 :  0.8790  0.0050  0.1160  
 4        4  (18)      1 :  0.8270  0.0020  0.1710  
 5        5  (22)      1 :  0.9010  0.0970  0.0020  
 6        6   (9)      1 :  0.3190  0.0190  0.6620  
 7        7  (13)      1 :  0.9489  0.0010  0.0501  
 8        8  (14)      1 :  0.7708  0.0010  0.2282  
 9        9   (5)      1 :  0.7742  0.0020  0.2238  
10       10  (10)      1 :  0.8720  0.0070  0.1210  
11       11  (21)      1 :  0.3570  0.0080  0.6350  
12       12   (7)      1 :  0.3530  0.0580  0.5890  
13       13  (26)      1 :  0.9870  0.0080  0.0050  
14       14   (8)      2 :  0.0070  0.0010  0.9920  
15       15   (7)      2 :  0.1051  0.0020  0.8929  
16       16   (7)      2 :  0.0090  0.0010  0.9900  
17       17   (7)      2 :  0.1958  0.0370  0.7672  
18       18  (13)      2 :  0.2180  0.0010  0.7810  
19       19  (15)      2 :  0.0790  0.0590  0.8620  
20       20   (6)      2 :  0.0110  0.0050  0.9840  
21       21   (5)      2 :  0.0020  0.0030  0.9950  
22       22   (8)      2 :  0.1450  0.0050  0.8500  
23       23   (5)      2 :  0.0660  0.0010  0.9330  
24       24  (12)      2 :  0.0030  0.0020  0.9950  
25       25  (10)      2 :  0.0090  0.0030  0.9880  
26       26  (10)      2 :  0.0010  0.0010  0.9980  
27       27  (49)      2 :  0.0110  0.0050  0.9840  
28       28  (20)      2 :  0.1060  0.0010  0.8930  
29       29   (9)      3 :  0.9910  0.0010  0.0080  
30       30   (8)      3 :  0.9980  0.0010  0.0010  
31       31  (19)      3 :  0.9460  0.0020  0.0520  
32       32  (13)      3 :  0.7210  0.0240  0.2550  
33       33   (6)      3 :  0.9140  0.0810  0.0050  
34       34  (10)      3 :  0.8650  0.0020  0.1330  
35       35   (4)      3 :  0.6410  0.0070  0.3520  
36       36  (17)      3 :  0.9650  0.0320  0.0030  
37       37   (8)      3 :  0.7710  0.0310  0.1980  
38       38   (9)      3 :  0.9040  0.0040  0.0920  
39       39  (15)      3 :  0.8670  0.0610  0.0720  
40       40  (15)      3 :  0.8408  0.1572  0.0020  
41       41   (5)      4 :  0.0030  0.0020  0.9950  
42       42   (8)      4 :  0.0040  0.0050  0.9910  
43       43  (16)      4 :  0.0190  0.0050  0.9760  
44       44  (33)      4 :  0.1660  0.0070  0.8270  
45       45  (17)      4 :  0.0050  0.0050  0.9900  
46       46  (14)      4 :  0.3300  0.0030  0.6670  
47       47   (5)      4 :  0.0030  0.0030  0.9940  
48       48  (24)      4 :  0.0150  0.0280  0.9570  
49       49  (32)      4 :  0.0080  0.0020  0.9900  
50       50  (24)      4 :  0.0070  0.0020  0.9910  
51       51  (17)      4 :  0.0610  0.0190  0.9200  
52       52   (5)      4 :  0.1640  0.0020  0.8340  
53       53  (11)      4 :  0.0040  0.0590  0.9370  
54       54   (9)      4 :  0.1780  0.0090  0.8130  
55       55  (27)      5 :  0.1970  0.1850  0.6180  
56       56  (15)      5 :  0.7440  0.0020  0.2540  
57       57  (15)      5 :  0.7810  0.1470  0.0720  
58       58   (5)      5 :  0.9970  0.0020  0.0010  
59       59   (7)      5 :  0.6340  0.0020  0.3640  
60       60   (9)      5 :  0.7880  0.0290  0.1830  
61       61  (17)      5 :  0.6030  0.0050  0.3920  
62       62  (10)      5 :  0.8242  0.0090  0.1668  
63       63  (12)      5 :  0.5350  0.2240  0.2410  
64       64  (16)      5 :  0.6120  0.0670  0.3210  
65       65  (17)      5 :  0.5836  0.0370  0.3794  
66       66  (15)      5 :  0.7260  0.0390  0.2350  
67       67  (12)      5 :  0.6250  0.1620  0.2130  
68       68   (8)      5 :  0.6464  0.0020  0.3516  
69       69  (13)      5 :  0.6240  0.1460  0.2300  
70       70   (8)      5 :  0.6360  0.0270  0.3370  
71       71  (19)      6 :  0.0050  0.0020  0.9930  
72       72   (6)      6 :  0.0010  0.0010  0.9980  
73       73  (40)      6 :  0.0090  0.0020  0.9890  
74       74  (25)      6 :  0.0020  0.0010  0.9970  
75       75  (15)      6 :  0.0060  0.0190  0.9750  
76       76  (36)      6 :  0.1590  0.0140  0.8270  
77       77   (8)      6 :  0.0020  0.0790  0.9190  
78       78   (9)      6 :  0.0030  0.0030  0.9940  
79       79   (8)      6 :  0.0090  0.0200  0.9710  
80       80   (8)      6 :  0.1960  0.0050  0.7990  
81       81   (8)      6 :  0.0050  0.1690  0.8260  
82       82   (9)      6 :  0.0020  0.0060  0.9920  
83       83   (9)      5 :  0.5940  0.1440  0.2620  
84       84  (29)      7 :  0.4186  0.5674  0.0140  
85       85   (8)      7 :  0.2350  0.6490  0.1160  
86       86  (10)      7 :  0.0881  0.8769  0.0350  
87       87   (8)      7 :  0.2110  0.6560  0.1330  
88       88  (10)      7 :  0.0280  0.8230  0.1490  
89       89  (25)      7 :  0.3910  0.3620  0.2470  
90       90  (11)      7 :  0.0950  0.9000  0.0050  
91       91  (18)      7 :  0.2870  0.6920  0.0210  
92       92  (13)      7 :  0.2420  0.7520  0.0060  
93       93  (10)      7 :  0.0120  0.9640  0.0240  
94       94  (11)      7 :  0.6707  0.1271  0.2022  
95       95   (7)      7 :  0.0700  0.9050  0.0250  
96       96  (22)      7 :  0.0020  0.9970  0.0010  
97       97   (5)      7 :  0.4980  0.4820  0.0200  
