 1        1   (8)      1 :  0.0010  0.0020  0.0020  0.9950  
 2        2   (9)      1 :  0.0030  0.1071  0.5045  0.3854  
 3        3   (9)      1 :  0.0080  0.0909  0.6503  0.2507  
 4        4  (18)      1 :  0.0020  0.1740  0.4780  0.3460  
 5        5  (22)      1 :  0.0020  0.0010  0.9950  0.0020  
 6        6   (9)      1 :  0.0280  0.6847  0.0731  0.2142  
 7        7  (13)      1 :  0.0010  0.0560  0.3050  0.6380  
 8        8  (14)      1 :  0.0010  0.1410  0.6040  0.2540  
 9        9   (5)      1 :  0.0010  0.2010  0.4910  0.3070  
10       10  (10)      1 :  0.0020  0.0110  0.7220  0.2650  
11       11  (21)      1 :  0.0100  0.6144  0.2188  0.1568  
12       12   (7)      1 :  0.0771  0.5245  0.3473  0.0511  
13       13  (26)      1 :  0.0010  0.0020  0.9910  0.0060  
14       14   (8)      2 :  0.0010  0.9760  0.0190  0.0040  
15       15   (7)      2 :  0.0030  0.9120  0.0360  0.0490  
16       16   (7)      2 :  0.0010  0.9730  0.0030  0.0230  
17       17   (7)      2 :  0.0090  0.7417  0.2412  0.0080  
18       18  (13)      2 :  0.0010  0.7978  0.0090  0.1922  
19       19  (15)      2 :  0.0070  0.7908  0.1882  0.0140  
20       20   (6)      2 :  0.0050  0.9360  0.0030  0.0560  
21       21   (5)      2 :  0.0030  0.9910  0.0030  0.0030  
22       22   (8)      2 :  0.0050  0.8298  0.1421  0.0230  
23       23   (5)      2 :  0.0010  0.9060  0.0830  0.0100  
24       24  (12)      2 :  0.0010  0.9880  0.0080  0.0030  
25       25  (10)      2 :  0.0030  0.9690  0.0260  0.0020  
26       26  (10)      2 :  0.0010  0.9970  0.0010  0.0010  
27       27  (49)      2 :  0.0040  0.9149  0.0781  0.0030  
28       28  (20)      2 :  0.0010  0.7960  0.1900  0.0130  
29       29   (9)      3 :  0.0010  0.0030  0.0030  0.9930  
30       30   (8)      3 :  0.0010  0.0010  0.0060  0.9920  
31       31  (19)      3 :  0.0010  0.0501  0.2623  0.6867  
32       32  (13)      3 :  0.0100  0.2940  0.1440  0.5520  
33       33   (6)      3 :  0.0390  0.0030  0.6070  0.3510  
34       34  (10)      3 :  0.0020  0.1439  0.2208  0.6334  
35       35   (4)      3 :  0.0030  0.2580  0.5390  0.2000  
36       36  (17)      3 :  0.0060  0.0030  0.5820  0.4090  
37       37   (8)      3 :  0.0090  0.1590  0.7460  0.0860  
38       38   (9)      3 :  0.0030  0.0690  0.3090  0.6190  
39       39  (15)      3 :  0.0650  0.1440  0.0590  0.7320  
40       40  (15)      3 :  0.1632  0.0020  0.1191  0.7157  
41       41   (5)      4 :  0.0020  0.9720  0.0240  0.0020  
42       42   (8)      4 :  0.0040  0.9860  0.0040  0.0060  
43       43  (16)      4 :  0.0100  0.9389  0.0080  0.0430  
44       44  (33)      4 :  0.0090  0.8260  0.0410  0.1240  
45       45  (17)      4 :  0.0050  0.9500  0.0430  0.0020  
46       46  (14)      4 :  0.0030  0.6627  0.2022  0.1321  
47       47   (5)      4 :  0.0040  0.9900  0.0040  0.0020  
48       48  (24)      4 :  0.0230  0.9340  0.0350  0.0080  
49       49  (32)      4 :  0.0020  0.9480  0.0420  0.0080  
50       50  (24)      4 :  0.0020  0.9860  0.0040  0.0080  
51       51  (17)      4 :  0.0120  0.9390  0.0330  0.0160  
52       52   (5)      4 :  0.0010  0.7200  0.2760  0.0030  
53       53  (11)      4 :  0.0300  0.9150  0.0530  0.0020  
54       54   (9)      4 :  0.0040  0.7300  0.2120  0.0540  
55       55  (27)      5 :  0.1840  0.6080  0.1830  0.0250  
56       56  (15)      5 :  0.0020  0.2040  0.4460  0.3480  
57       57  (15)      5 :  0.0190  0.0110  0.9060  0.0640  
58       58   (5)      5 :  0.0020  0.0010  0.4650  0.5320  
59       59   (7)      5 :  0.0020  0.2490  0.7290  0.0200  
60       60   (9)      5 :  0.0320  0.2222  0.0170  0.7287  
61       61  (17)      5 :  0.0030  0.3053  0.5345  0.1572  
62       62  (10)      5 :  0.0080  0.1600  0.2440  0.5880  
63       63  (12)      5 :  0.1712  0.1822  0.6306  0.0160  
64       64  (16)      5 :  0.0590  0.3190  0.1850  0.4370  
65       65  (17)      5 :  0.0090  0.3410  0.6170  0.0330  
66       66  (15)      5 :  0.0320  0.2080  0.2630  0.4970  
67       67  (12)      5 :  0.1400  0.1710  0.5170  0.1720  
68       68   (8)      5 :  0.0020  0.3760  0.0400  0.5820  
69       69  (13)      5 :  0.1180  0.1840  0.4000  0.2980  
70       70   (8)      5 :  0.0030  0.2372  0.7477  0.0120  
71       71  (19)      6 :  0.0010  0.9900  0.0070  0.0020  
72       72   (6)      6 :  0.0010  0.9960  0.0020  0.0010  
73       73  (40)      6 :  0.0020  0.9299  0.0651  0.0030  
74       74  (25)      6 :  0.0010  0.9940  0.0030  0.0020  
75       75  (15)      6 :  0.0280  0.9610  0.0080  0.0030  
76       76  (36)      6 :  0.0170  0.8450  0.0620  0.0760  
77       77   (8)      6 :  0.1230  0.8690  0.0060  0.0020  
78       78   (9)      6 :  0.0040  0.9910  0.0030  0.0020  
79       79   (8)      6 :  0.0340  0.9510  0.0070  0.0080  
80       80   (8)      6 :  0.0090  0.8180  0.0460  0.1270  
81       81   (8)      6 :  0.1572  0.8138  0.0270  0.0020  
82       82   (9)      6 :  0.0100  0.9850  0.0030  0.0020  
83       83   (9)      5 :  0.0689  0.2557  0.4086  0.2667  
84       84  (29)      7 :  0.5010  0.0120  0.3100  0.1770  
85       85   (8)      7 :  0.6250  0.0970  0.2550  0.0230  
86       86  (10)      7 :  0.8680  0.0400  0.0610  0.0310  
87       87   (8)      7 :  0.6750  0.1210  0.0870  0.1170  
88       88  (10)      7 :  0.7930  0.0840  0.1180  0.0050  
89       89  (25)      7 :  0.1530  0.2310  0.5780  0.0380  
90       90  (11)      7 :  0.7410  0.0030  0.2540  0.0020  
91       91  (18)      7 :  0.7140  0.0220  0.0070  0.2570  
92       92  (13)      7 :  0.6110  0.0040  0.3810  0.0040  
93       93  (10)      7 :  0.9730  0.0160  0.0060  0.0050  
94       94  (11)      7 :  0.0180  0.1310  0.6100  0.2410  
95       95   (7)      7 :  0.8509  0.0130  0.1301  0.0060  
96       96  (22)      7 :  0.9950  0.0010  0.0010  0.0030  
97       97   (5)      7 :  0.3850  0.0220  0.5630  0.0300  
