 1        1   (8)      1 :  0.9880  0.0120  
 2        2   (9)      1 :  0.8650  0.1350  
 3        3   (9)      1 :  0.8610  0.1390  
 4        4  (18)      1 :  0.7620  0.2380  
 5        5  (22)      1 :  0.9950  0.0050  
 6        6   (9)      1 :  0.3100  0.6900  
 7        7  (13)      1 :  0.9270  0.0730  
 8        8  (14)      1 :  0.7080  0.2920  
 9        9   (5)      1 :  0.7390  0.2610  
10       10  (10)      1 :  0.9210  0.0790  
11       11  (21)      1 :  0.3040  0.6960  
12       12   (7)      1 :  0.3400  0.6600  
13       13  (26)      1 :  0.9870  0.0130  
14       14   (8)      2 :  0.0050  0.9950  
15       15   (7)      2 :  0.0450  0.9550  
16       16   (7)      2 :  0.0050  0.9950  
17       17   (7)      2 :  0.2250  0.7750  
18       18  (13)      2 :  0.1400  0.8600  
19       19  (15)      2 :  0.1090  0.8910  
20       20   (6)      2 :  0.0070  0.9930  
21       21   (5)      2 :  0.0040  0.9960  
22       22   (8)      2 :  0.0810  0.9190  
23       23   (5)      2 :  0.0120  0.9880  
24       24  (12)      2 :  0.0040  0.9960  
25       25  (10)      2 :  0.0090  0.9910  
26       26  (10)      2 :  0.0020  0.9980  
27       27  (49)      2 :  0.0130  0.9870  
28       28  (20)      2 :  0.0150  0.9850  
29       29   (9)      3 :  0.9750  0.0250  
30       30   (8)      3 :  0.9970  0.0030  
31       31  (19)      3 :  0.9080  0.0920  
32       32  (13)      3 :  0.7460  0.2540  
33       33   (6)      3 :  0.9840  0.0160  
34       34  (10)      3 :  0.8260  0.1740  
35       35   (4)      3 :  0.6240  0.3760  
36       36  (17)      3 :  0.9920  0.0080  
37       37   (8)      3 :  0.8270  0.1730  
38       38   (9)      3 :  0.9270  0.0730  
39       39  (15)      3 :  0.9250  0.0750  
40       40  (15)      3 :  0.9960  0.0040  
41       41   (5)      4 :  0.0040  0.9960  
42       42   (8)      4 :  0.0070  0.9930  
43       43  (16)      4 :  0.0140  0.9860  
44       44  (33)      4 :  0.1540  0.8460  
45       45  (17)      4 :  0.0070  0.9930  
46       46  (14)      4 :  0.2720  0.7280  
47       47   (5)      4 :  0.0030  0.9970  
48       48  (24)      4 :  0.0300  0.9700  
49       49  (32)      4 :  0.0060  0.9940  
50       50  (24)      4 :  0.0050  0.9950  
51       51  (17)      4 :  0.0840  0.9160  
52       52   (5)      4 :  0.0830  0.9170  
53       53  (11)      4 :  0.0200  0.9800  
54       54   (9)      4 :  0.1500  0.8500  
55       55  (27)      5 :  0.3590  0.6410  
56       56  (15)      5 :  0.6510  0.3490  
57       57  (15)      5 :  0.9470  0.0530  
58       58   (5)      5 :  0.9970  0.0030  
59       59   (7)      5 :  0.5910  0.4090  
60       60   (9)      5 :  0.7580  0.2420  
61       61  (17)      5 :  0.5480  0.4520  
62       62  (10)      5 :  0.8350  0.1650  
63       63  (12)      5 :  0.7080  0.2920  
64       64  (16)      5 :  0.6590  0.3410  
65       65  (17)      5 :  0.5950  0.4050  
66       66  (15)      5 :  0.7460  0.2540  
67       67  (12)      5 :  0.7370  0.2630  
68       68   (8)      5 :  0.5810  0.4190  
69       69  (13)      5 :  0.7410  0.2590  
70       70   (8)      5 :  0.6670  0.3330  
71       71  (19)      6 :  0.0050  0.9950  
72       72   (6)      6 :  0.0020  0.9980  
73       73  (40)      6 :  0.0090  0.9910  
74       74  (25)      6 :  0.0030  0.9970  
75       75  (15)      6 :  0.0120  0.9880  
76       76  (36)      6 :  0.1470  0.8530  
77       77   (8)      6 :  0.0090  0.9910  
78       78   (9)      6 :  0.0050  0.9950  
79       79   (8)      6 :  0.0320  0.9680  
80       80   (8)      6 :  0.1600  0.8400  
81       81   (8)      6 :  0.1770  0.8230  
82       82   (9)      6 :  0.0050  0.9950  
83       83   (9)      5 :  0.7110  0.2890  
84       84  (29)      7 :  0.8790  0.1210  
85       85   (8)      7 :  0.7940  0.2060  
86       86  (10)      7 :  0.7970  0.2030  
87       87   (8)      7 :  0.7680  0.2320  
88       88  (10)      7 :  0.7810  0.2190  
89       89  (25)      7 :  0.6970  0.3030  
90       90  (11)      7 :  0.9090  0.0910  
91       91  (18)      7 :  0.8690  0.1310  
92       92  (13)      7 :  0.9600  0.0400  
93       93  (10)      7 :  0.8350  0.1650  
94       94  (11)      7 :  0.8010  0.1990  
95       95   (7)      7 :  0.8440  0.1560  
96       96  (22)      7 :  0.9590  0.0410  
97       97   (5)      7 :  0.8660  0.1340  
