 1        1   (8)      1 :  0.0010  0.0030  0.9920  0.0020  0.0020  
 2        2   (9)      1 :  0.0030  0.0060  0.3660  0.1060  0.5190  
 3        3   (9)      1 :  0.0060  0.5410  0.2410  0.0140  0.1980  
 4        4  (18)      1 :  0.0020  0.1990  0.3520  0.1220  0.3250  
 5        5  (22)      1 :  0.0010  0.0030  0.0020  0.0010  0.9930  
 6        6   (9)      1 :  0.0260  0.2250  0.1710  0.5310  0.0470  
 7        7  (13)      1 :  0.0020  0.0050  0.6170  0.0420  0.3340  
 8        8  (14)      1 :  0.0010  0.0150  0.3050  0.1690  0.5100  
 9        9   (5)      1 :  0.0010  0.4920  0.2740  0.1360  0.0970  
10       10  (10)      1 :  0.0020  0.1900  0.2490  0.0040  0.5550  
11       11  (21)      1 :  0.0100  0.2600  0.1170  0.5080  0.1050  
12       12   (7)      1 :  0.0470  0.3450  0.0390  0.4340  0.1350  
13       13  (26)      1 :  0.0010  0.0020  0.0100  0.0020  0.9850  
14       14   (8)      2 :  0.0010  0.0951  0.0030  0.8959  0.0050  
15       15   (7)      2 :  0.0020  0.2450  0.0070  0.7430  0.0030  
16       16   (7)      2 :  0.0010  0.1330  0.0230  0.8380  0.0050  
17       17   (7)      2 :  0.0070  0.3800  0.0140  0.5710  0.0280  
18       18  (13)      2 :  0.0010  0.1742  0.1772  0.6456  0.0020  
19       19  (15)      2 :  0.0040  0.1892  0.0160  0.6096  0.1812  
20       20   (6)      2 :  0.0020  0.2310  0.0090  0.7570  0.0010  
21       21   (5)      2 :  0.0020  0.2330  0.0020  0.7620  0.0010  
22       22   (8)      2 :  0.0030  0.4880  0.0020  0.5020  0.0050  
23       23   (5)      2 :  0.0010  0.3080  0.0040  0.6690  0.0180  
24       24  (12)      2 :  0.0010  0.2500  0.0030  0.7430  0.0030  
25       25  (10)      2 :  0.0120  0.0050  0.0020  0.9389  0.0420  
26       26  (10)      2 :  0.0010  0.0010  0.0020  0.9940  0.0020  
27       27  (49)      2 :  0.0050  0.0640  0.0040  0.8030  0.1240  
28       28  (20)      2 :  0.0010  0.4030  0.0040  0.5710  0.0210  
29       29   (9)      3 :  0.0010  0.0090  0.9810  0.0050  0.0040  
30       30   (8)      3 :  0.0010  0.0020  0.9720  0.0010  0.0240  
31       31  (19)      3 :  0.0020  0.0090  0.6440  0.0780  0.2670  
32       32  (13)      3 :  0.0140  0.1918  0.5445  0.2148  0.0350  
33       33   (6)      3 :  0.0170  0.0040  0.3856  0.0030  0.5904  
34       34  (10)      3 :  0.0020  0.0610  0.6400  0.1240  0.1730  
35       35   (4)      3 :  0.0030  0.5040  0.1687  0.1058  0.2186  
36       36  (17)      3 :  0.0070  0.3350  0.4320  0.0030  0.2230  
37       37   (8)      3 :  0.0110  0.3453  0.1512  0.0911  0.4014  
38       38   (9)      3 :  0.0040  0.2340  0.5800  0.0190  0.1630  
39       39  (15)      3 :  0.0680  0.0660  0.6990  0.1090  0.0580  
40       40  (15)      3 :  0.1660  0.0400  0.6960  0.0020  0.0960  
41       41   (5)      4 :  0.0020  0.0030  0.0020  0.8621  0.1309  
42       42   (8)      4 :  0.0030  0.1449  0.0050  0.8442  0.0030  
43       43  (16)      4 :  0.0050  0.2280  0.0110  0.7510  0.0050  
44       44  (33)      4 :  0.0060  0.0040  0.1190  0.7400  0.1310  
45       45  (17)      4 :  0.0050  0.1860  0.0020  0.8040  0.0030  
46       46  (14)      4 :  0.0030  0.2230  0.1260  0.5260  0.1220  
47       47   (5)      4 :  0.0050  0.0200  0.0030  0.9590  0.0130  
48       48  (24)      4 :  0.0110  0.1620  0.0040  0.7710  0.0520  
49       49  (32)      4 :  0.0020  0.3500  0.0030  0.6410  0.0040  
50       50  (24)      4 :  0.0020  0.0140  0.0340  0.9459  0.0040  
51       51  (17)      4 :  0.0050  0.2020  0.0130  0.7760  0.0040  
52       52   (5)      4 :  0.0010  0.0771  0.0020  0.6817  0.2382  
53       53  (11)      4 :  0.0270  0.1900  0.0020  0.7440  0.0370  
54       54   (9)      4 :  0.0050  0.1510  0.0370  0.6460  0.1610  
55       55  (27)      5 :  0.1738  0.3147  0.0110  0.4625  0.0380  
56       56  (15)      5 :  0.0020  0.1240  0.3520  0.1930  0.3290  
57       57  (15)      5 :  0.0050  0.4530  0.0990  0.0040  0.4390  
58       58   (5)      5 :  0.0020  0.0040  0.5684  0.0010  0.4246  
59       59   (7)      5 :  0.0020  0.6230  0.0220  0.1160  0.2370  
60       60   (9)      5 :  0.0400  0.0850  0.7150  0.1440  0.0160  
61       61  (17)      5 :  0.0030  0.3203  0.1471  0.2382  0.2913  
62       62  (10)      5 :  0.0100  0.2860  0.5510  0.0620  0.0910  
63       63  (12)      5 :  0.1540  0.4450  0.0090  0.0920  0.3000  
64       64  (16)      5 :  0.0500  0.3060  0.3880  0.1920  0.0640  
65       65  (17)      5 :  0.0050  0.5520  0.0110  0.1330  0.2990  
66       66  (15)      5 :  0.0190  0.2470  0.4760  0.1490  0.1090  
67       67  (12)      5 :  0.0040  0.9800  0.0100  0.0020  0.0040  
68       68   (8)      5 :  0.0020  0.4464  0.3764  0.1742  0.0010  
69       69  (13)      5 :  0.1270  0.1810  0.2480  0.1090  0.3350  
70       70   (8)      5 :  0.0040  0.2807  0.0390  0.1848  0.4915  
71       71  (19)      6 :  0.0020  0.1508  0.0030  0.8372  0.0070  
72       72   (6)      6 :  0.0010  0.0020  0.0010  0.9940  0.0020  
73       73  (40)      6 :  0.0020  0.0040  0.0030  0.8150  0.1760  
74       74  (25)      6 :  0.0010  0.0030  0.0020  0.9800  0.0140  
75       75  (15)      6 :  0.0150  0.0040  0.0040  0.8940  0.0830  
76       76  (36)      6 :  0.0110  0.1371  0.0971  0.7377  0.0170  
77       77   (8)      6 :  0.1321  0.0170  0.0020  0.8378  0.0110  
78       78   (9)      6 :  0.0070  0.0050  0.0020  0.9800  0.0060  
79       79   (8)      6 :  0.0240  0.1410  0.0060  0.8260  0.0030  
80       80   (8)      6 :  0.0040  0.2248  0.1109  0.6563  0.0040  
81       81   (8)      6 :  0.1600  0.0870  0.0030  0.6820  0.0680  
82       82   (9)      6 :  0.0170  0.0140  0.0030  0.9620  0.0040  
83       83   (9)      5 :  0.0720  0.4880  0.2490  0.0700  0.1210  
84       84  (29)      7 :  0.4555  0.1648  0.1648  0.0070  0.2078  
85       85   (8)      7 :  0.5990  0.1650  0.0350  0.0620  0.1390  
86       86  (10)      7 :  0.7558  0.2092  0.0130  0.0160  0.0060  
87       87   (8)      7 :  0.6354  0.2088  0.1009  0.0350  0.0200  
88       88  (10)      7 :  0.7710  0.0320  0.0050  0.0400  0.1520  
89       89  (25)      7 :  0.0070  0.9490  0.0040  0.0100  0.0300  
90       90  (11)      7 :  0.6827  0.2593  0.0030  0.0020  0.0531  
91       91  (18)      7 :  0.6890  0.0140  0.2620  0.0300  0.0050  
92       92  (13)      7 :  0.5400  0.2420  0.0040  0.0030  0.2110  
93       93  (10)      7 :  0.9710  0.0060  0.0050  0.0130  0.0050  
94       94  (11)      7 :  0.0050  0.5280  0.1690  0.0040  0.2940  
95       95   (7)      7 :  0.7592  0.1748  0.0080  0.0050  0.0529  
96       96  (22)      7 :  0.9930  0.0010  0.0030  0.0010  0.0020  
97       97   (5)      7 :  0.3010  0.6680  0.0070  0.0030  0.0210  
