 1        1   (8)      1 :  0.0010  0.0020  0.9930  0.0020  0.0020  
 2        2   (9)      1 :  0.0040  0.0070  0.4316  0.1429  0.4146  
 3        3   (9)      1 :  0.0030  0.7417  0.2262  0.0070  0.0220  
 4        4  (18)      1 :  0.0020  0.2450  0.3850  0.1150  0.2530  
 5        5  (22)      1 :  0.0010  0.0020  0.0010  0.0010  0.9950  
 6        6   (9)      1 :  0.0390  0.1518  0.1578  0.5794  0.0719  
 7        7  (13)      1 :  0.0010  0.0030  0.6867  0.0320  0.2773  
 8        8  (14)      1 :  0.0020  0.0110  0.3050  0.2150  0.4670  
 9        9   (5)      1 :  0.0010  0.5936  0.2663  0.1271  0.0120  
10       10  (10)      1 :  0.0020  0.2068  0.2647  0.0050  0.5215  
11       11  (21)      1 :  0.0080  0.2740  0.1470  0.5110  0.0600  
12       12   (7)      1 :  0.0870  0.3000  0.0720  0.4350  0.1060  
13       13  (26)      1 :  0.0010  0.0090  0.0240  0.0030  0.9630  
14       14   (8)      2 :  0.0010  0.0870  0.0030  0.9060  0.0030  
15       15   (7)      2 :  0.0020  0.2630  0.0140  0.7190  0.0020  
16       16   (7)      2 :  0.0010  0.0340  0.0350  0.9250  0.0050  
17       17   (7)      2 :  0.0080  0.2990  0.0160  0.6400  0.0370  
18       18  (13)      2 :  0.0010  0.1922  0.1582  0.6476  0.0010  
19       19  (15)      2 :  0.0040  0.1359  0.0080  0.6713  0.1808  
20       20   (6)      2 :  0.0020  0.1860  0.0110  0.8000  0.0010  
21       21   (5)      2 :  0.0020  0.2218  0.0020  0.7732  0.0010  
22       22   (8)      2 :  0.0030  0.4060  0.0040  0.5820  0.0050  
23       23   (5)      2 :  0.0010  0.1812  0.0050  0.7798  0.0330  
24       24  (12)      2 :  0.0010  0.2040  0.0020  0.7910  0.0020  
25       25  (10)      2 :  0.0160  0.0080  0.0020  0.9540  0.0200  
26       26  (10)      2 :  0.0010  0.0010  0.0010  0.9950  0.0020  
27       27  (49)      2 :  0.0040  0.0490  0.0030  0.8030  0.1410  
28       28  (20)      2 :  0.0010  0.3210  0.0060  0.6650  0.0070  
29       29   (9)      3 :  0.0010  0.0050  0.9880  0.0030  0.0030  
30       30   (8)      3 :  0.0010  0.0020  0.9910  0.0010  0.0050  
31       31  (19)      3 :  0.0020  0.0050  0.7020  0.0270  0.2640  
32       32  (13)      3 :  0.0170  0.1692  0.5435  0.2262  0.0440  
33       33   (6)      3 :  0.0210  0.0050  0.4180  0.0040  0.5520  
34       34  (10)      3 :  0.0020  0.0220  0.6880  0.1310  0.1570  
35       35   (4)      3 :  0.0020  0.4024  0.2072  0.1832  0.2052  
36       36  (17)      3 :  0.0070  0.3030  0.4480  0.0020  0.2400  
37       37   (8)      3 :  0.0090  0.2793  0.2122  0.1411  0.3584  
38       38   (9)      3 :  0.0050  0.2470  0.5960  0.0340  0.1180  
39       39  (15)      3 :  0.0820  0.0720  0.7250  0.0810  0.0400  
40       40  (15)      3 :  0.1610  0.0480  0.7180  0.0020  0.0710  
41       41   (5)      4 :  0.0010  0.0020  0.0010  0.8809  0.1151  
42       42   (8)      4 :  0.0060  0.0660  0.0050  0.9210  0.0020  
43       43  (16)      4 :  0.0040  0.2110  0.0150  0.7670  0.0030  
44       44  (33)      4 :  0.0060  0.0030  0.1000  0.7750  0.1160  
45       45  (17)      4 :  0.0040  0.1640  0.0020  0.8270  0.0030  
46       46  (14)      4 :  0.0020  0.2172  0.1592  0.5415  0.0801  
47       47   (5)      4 :  0.0040  0.0210  0.0020  0.9600  0.0130  
48       48  (24)      4 :  0.0090  0.1189  0.0040  0.7842  0.0839  
49       49  (32)      4 :  0.0020  0.2510  0.0030  0.7400  0.0040  
50       50  (24)      4 :  0.0020  0.0110  0.0150  0.9700  0.0020  
51       51  (17)      4 :  0.0070  0.1648  0.0110  0.8132  0.0040  
52       52   (5)      4 :  0.0010  0.0320  0.0030  0.7180  0.2460  
53       53  (11)      4 :  0.0280  0.1240  0.0010  0.7960  0.0510  
54       54   (9)      4 :  0.0110  0.0570  0.0800  0.6840  0.1680  
55       55  (27)      5 :  0.1950  0.2760  0.0110  0.4800  0.0380  
56       56  (15)      5 :  0.0020  0.0120  0.4396  0.2248  0.3217  
57       57  (15)      5 :  0.0040  0.5230  0.0440  0.0040  0.4250  
58       58   (5)      5 :  0.0010  0.0030  0.6036  0.0010  0.3914  
59       59   (7)      5 :  0.0010  0.7868  0.0460  0.1361  0.0300  
60       60   (9)      5 :  0.0410  0.0190  0.7640  0.1660  0.0100  
61       61  (17)      5 :  0.0040  0.2388  0.2038  0.2987  0.2547  
62       62  (10)      5 :  0.0130  0.2610  0.5600  0.0920  0.0740  
63       63  (12)      5 :  0.1650  0.4590  0.0110  0.0800  0.2850  
64       64  (16)      5 :  0.0700  0.2790  0.4050  0.2060  0.0400  
65       65  (17)      5 :  0.0050  0.5360  0.0270  0.1570  0.2750  
66       66  (15)      5 :  0.0350  0.2380  0.4740  0.1630  0.0900  
67       67  (12)      5 :  0.0030  0.9830  0.0090  0.0030  0.0020  
68       68   (8)      5 :  0.0010  0.3874  0.4224  0.1882  0.0010  
69       69  (13)      5 :  0.0960  0.1350  0.3170  0.1540  0.2980  
70       70   (8)      5 :  0.0030  0.3270  0.0390  0.2230  0.4080  
71       71  (19)      6 :  0.0020  0.1030  0.0030  0.8850  0.0070  
72       72   (6)      6 :  0.0010  0.0020  0.0020  0.9930  0.0020  
73       73  (40)      6 :  0.0020  0.0040  0.0020  0.8520  0.1400  
74       74  (25)      6 :  0.0010  0.0030  0.0020  0.9850  0.0090  
75       75  (15)      6 :  0.0180  0.0030  0.0040  0.9040  0.0710  
76       76  (36)      6 :  0.0260  0.0900  0.1160  0.7230  0.0450  
77       77   (8)      6 :  0.1570  0.0060  0.0030  0.8280  0.0060  
78       78   (9)      6 :  0.0040  0.0040  0.0050  0.9820  0.0050  
79       79   (8)      6 :  0.0260  0.0931  0.0080  0.8709  0.0020  
80       80   (8)      6 :  0.0040  0.2250  0.0970  0.6720  0.0020  
81       81   (8)      6 :  0.1530  0.0910  0.0030  0.7020  0.0510  
82       82   (9)      6 :  0.0080  0.0050  0.0030  0.9800  0.0040  
83       83   (9)      5 :  0.0810  0.4270  0.2450  0.1180  0.1290  
84       84  (29)      7 :  0.4835  0.1572  0.1592  0.0080  0.1922  
85       85   (8)      7 :  0.6030  0.2020  0.0310  0.0490  0.1150  
86       86  (10)      7 :  0.7740  0.1990  0.0110  0.0100  0.0060  
87       87   (8)      7 :  0.6450  0.1460  0.1110  0.0830  0.0150  
88       88  (10)      7 :  0.7678  0.0150  0.0050  0.0611  0.1512  
89       89  (25)      7 :  0.0090  0.9430  0.0030  0.0170  0.0280  
90       90  (11)      7 :  0.6950  0.2690  0.0030  0.0020  0.0310  
91       91  (18)      7 :  0.6967  0.0080  0.2623  0.0250  0.0080  
92       92  (13)      7 :  0.5570  0.1860  0.0050  0.0030  0.2490  
93       93  (10)      7 :  0.9710  0.0080  0.0050  0.0120  0.0040  
94       94  (11)      7 :  0.0050  0.5405  0.1812  0.0060  0.2673  
95       95   (7)      7 :  0.7600  0.1200  0.0060  0.0050  0.1090  
96       96  (22)      7 :  0.9950  0.0010  0.0020  0.0010  0.0010  
97       97   (5)      7 :  0.3110  0.6170  0.0080  0.0050  0.0590  
