 1        1   (8)      1 :  0.0010  0.0030  0.9920  0.0020  0.0020  
 2        2   (9)      1 :  0.0040  0.0020  0.7670  0.0980  0.1290  
 3        3   (9)      1 :  0.0010  0.0020  0.0260  0.0050  0.9660  
 4        4  (18)      1 :  0.0020  0.0120  0.5480  0.1030  0.3350  
 5        5  (22)      1 :  0.0120  0.0500  0.6390  0.0020  0.2970  
 6        6   (9)      1 :  0.0130  0.2100  0.2250  0.5450  0.0070  
 7        7  (13)      1 :  0.0020  0.0020  0.8881  0.0500  0.0579  
 8        8  (14)      1 :  0.0010  0.0040  0.7110  0.0750  0.2090  
 9        9   (5)      1 :  0.0010  0.0020  0.1319  0.0030  0.8621  
10       10  (10)      1 :  0.0020  0.3490  0.6200  0.0130  0.0160  
11       11  (21)      1 :  0.0140  0.0230  0.1251  0.5445  0.2933  
12       12   (7)      1 :  0.0280  0.2250  0.1180  0.4170  0.2120  
13       13  (26)      1 :  0.0010  0.0100  0.5440  0.0020  0.4430  
14       14   (8)      2 :  0.0010  0.0450  0.0040  0.9361  0.0140  
15       15   (7)      2 :  0.0020  0.0030  0.0030  0.7690  0.2230  
16       16   (7)      2 :  0.0010  0.0030  0.0130  0.9760  0.0070  
17       17   (7)      2 :  0.0020  0.3594  0.0050  0.6266  0.0070  
18       18  (13)      2 :  0.0010  0.0130  0.1300  0.7100  0.1460  
19       19  (15)      2 :  0.0010  0.0050  0.0010  0.6196  0.3734  
20       20   (6)      2 :  0.0010  0.1610  0.0040  0.8310  0.0030  
21       21   (5)      2 :  0.0020  0.0160  0.0020  0.9160  0.0640  
22       22   (8)      2 :  0.0020  0.3936  0.0030  0.5784  0.0230  
23       23   (5)      2 :  0.0010  0.2523  0.0050  0.7407  0.0010  
24       24  (12)      2 :  0.0010  0.0730  0.0030  0.8840  0.0390  
25       25  (10)      2 :  0.0030  0.0020  0.0020  0.9289  0.0641  
26       26  (10)      2 :  0.0010  0.0010  0.0010  0.9960  0.0010  
27       27  (49)      2 :  0.0020  0.0330  0.0040  0.8100  0.1510  
28       28  (20)      2 :  0.0010  0.0250  0.0060  0.7050  0.2630  
29       29   (9)      3 :  0.0010  0.0040  0.9690  0.0040  0.0220  
30       30   (8)      3 :  0.0010  0.0010  0.9960  0.0010  0.0010  
31       31  (19)      3 :  0.0010  0.0060  0.9188  0.0721  0.0020  
32       32  (13)      3 :  0.0080  0.2090  0.5680  0.2110  0.0040  
33       33   (6)      3 :  0.0960  0.0220  0.8520  0.0030  0.0270  
34       34  (10)      3 :  0.0020  0.0600  0.7780  0.1360  0.0240  
35       35   (4)      3 :  0.0010  0.6254  0.3087  0.0629  0.0020  
36       36  (17)      3 :  0.0030  0.4120  0.5780  0.0020  0.0050  
37       37   (8)      3 :  0.0040  0.3620  0.5290  0.1020  0.0030  
38       38   (9)      3 :  0.0020  0.1760  0.6690  0.0100  0.1430  
39       39  (15)      3 :  0.0661  0.0280  0.7608  0.0921  0.0531  
40       40  (15)      3 :  0.1772  0.0430  0.7718  0.0010  0.0070  
41       41   (5)      4 :  0.0010  0.0310  0.0080  0.9590  0.0010  
42       42   (8)      4 :  0.0030  0.0300  0.0030  0.9600  0.0040  
43       43  (16)      4 :  0.0040  0.0040  0.0050  0.8250  0.1620  
44       44  (33)      4 :  0.0050  0.0030  0.1852  0.8028  0.0040  
45       45  (17)      4 :  0.0020  0.1229  0.0020  0.8681  0.0050  
46       46  (14)      4 :  0.0010  0.0030  0.1000  0.5600  0.3360  
47       47   (5)      4 :  0.0040  0.0030  0.0020  0.9850  0.0060  
48       48  (24)      4 :  0.0040  0.0360  0.0020  0.8358  0.1221  
49       49  (32)      4 :  0.0010  0.2843  0.0030  0.7057  0.0060  
50       50  (24)      4 :  0.0020  0.0070  0.0050  0.9810  0.0050  
51       51  (17)      4 :  0.0050  0.1120  0.0050  0.8070  0.0710  
52       52   (5)      4 :  0.0010  0.0090  0.0120  0.6530  0.3250  
53       53  (11)      4 :  0.0210  0.1698  0.0020  0.7942  0.0130  
54       54   (9)      4 :  0.0030  0.2180  0.0900  0.5810  0.1080  
55       55  (27)      5 :  0.1431  0.3073  0.0180  0.5015  0.0300  
56       56  (15)      5 :  0.0020  0.0969  0.6983  0.1958  0.0070  
57       57  (15)      5 :  0.0030  0.6210  0.3620  0.0030  0.0110  
58       58   (5)      5 :  0.0020  0.0030  0.8640  0.0010  0.1300  
59       59   (7)      5 :  0.0010  0.0200  0.0030  0.0640  0.9120  
60       60   (9)      5 :  0.0110  0.1150  0.7100  0.1610  0.0030  
61       61  (17)      5 :  0.0020  0.2378  0.3137  0.2937  0.1528  
62       62  (10)      5 :  0.0050  0.2240  0.5990  0.0620  0.1100  
63       63  (12)      5 :  0.1141  0.4515  0.1131  0.1261  0.1952  
64       64  (16)      5 :  0.0570  0.1160  0.4250  0.2280  0.1740  
65       65  (17)      5 :  0.0020  0.7532  0.1848  0.0569  0.0030  
66       66  (15)      5 :  0.0070  0.2610  0.5360  0.1760  0.0200  
67       67  (12)      5 :  0.0010  0.9480  0.0070  0.0030  0.0410  
68       68   (8)      5 :  0.0010  0.2803  0.4184  0.2773  0.0230  
69       69  (13)      5 :  0.1269  0.1618  0.4685  0.0829  0.1598  
70       70   (8)      5 :  0.0040  0.3050  0.3490  0.1620  0.1800  
71       71  (19)      6 :  0.0010  0.0701  0.0020  0.9199  0.0070  
72       72   (6)      6 :  0.0010  0.0020  0.0010  0.9940  0.0020  
73       73  (40)      6 :  0.0020  0.0170  0.0090  0.9600  0.0120  
74       74  (25)      6 :  0.0010  0.0020  0.0020  0.9920  0.0030  
75       75  (15)      6 :  0.0170  0.0120  0.0090  0.9600  0.0020  
76       76  (36)      6 :  0.0040  0.1820  0.0590  0.7290  0.0260  
77       77   (8)      6 :  0.1210  0.0020  0.0030  0.8300  0.0440  
78       78   (9)      6 :  0.0030  0.0100  0.0030  0.9820  0.0020  
79       79   (8)      6 :  0.0220  0.0621  0.0050  0.9009  0.0100  
80       80   (8)      6 :  0.0050  0.0090  0.0849  0.7193  0.1818  
81       81   (8)      6 :  0.1730  0.0430  0.0030  0.7340  0.0470  
82       82   (9)      6 :  0.0080  0.0290  0.0020  0.9590  0.0020  
83       83   (9)      5 :  0.0240  0.4650  0.3150  0.0620  0.1340  
84       84  (29)      7 :  0.4605  0.2673  0.2633  0.0050  0.0040  
85       85   (8)      7 :  0.5810  0.1800  0.0450  0.0580  0.1360  
86       86  (10)      7 :  0.7580  0.2090  0.0050  0.0130  0.0150  
87       87   (8)      7 :  0.6086  0.1852  0.1261  0.0741  0.0060  
88       88  (10)      7 :  0.7510  0.1580  0.0150  0.0740  0.0020  
89       89  (25)      7 :  0.0040  0.9580  0.0020  0.0080  0.0280  
90       90  (11)      7 :  0.6523  0.3367  0.0030  0.0020  0.0060  
91       91  (18)      7 :  0.7093  0.0050  0.2448  0.0340  0.0070  
92       92  (13)      7 :  0.6400  0.3230  0.0090  0.0020  0.0260  
93       93  (10)      7 :  0.9670  0.0040  0.0030  0.0140  0.0120  
94       94  (11)      7 :  0.0030  0.4184  0.2873  0.0060  0.2853  
95       95   (7)      7 :  0.7130  0.2730  0.0060  0.0040  0.0040  
96       96  (22)      7 :  0.9950  0.0010  0.0020  0.0010  0.0010  
97       97   (5)      7 :  0.0470  0.9411  0.0040  0.0020  0.0060  
