 1        1   (8)      1 :  0.0010  0.0010  0.9950  0.0010  0.0010  0.0000  0.0010  
 2        2   (9)      1 :  0.2840  0.0020  0.0720  0.2310  0.0180  0.0020  0.3910  
 3        3   (9)      1 :  0.0570  0.0050  0.0590  0.8710  0.0030  0.0010  0.0040  
 4        4  (18)      1 :  0.3290  0.0080  0.0060  0.3610  0.0410  0.0010  0.2540  
 5        5  (22)      1 :  0.0020  0.0010  0.0010  0.0010  0.0010  0.0010  0.9930  
 6        6   (9)      1 :  0.1642  0.2472  0.0030  0.0040  0.5235  0.0070  0.0511  
 7        7  (13)      1 :  0.5586  0.0030  0.0561  0.0350  0.0531  0.0010  0.2933  
 8        8  (14)      1 :  0.1980  0.0020  0.0610  0.1360  0.0950  0.0010  0.5070  
 9        9   (5)      1 :  0.2258  0.0020  0.0010  0.7642  0.0040  0.0010  0.0020  
10       10  (10)      1 :  0.2753  0.2372  0.0010  0.0070  0.0020  0.0010  0.4765  
11       11  (21)      1 :  0.0741  0.0260  0.0200  0.3203  0.5145  0.0120  0.0330  
12       12   (7)      1 :  0.0040  0.2228  0.0809  0.2038  0.3666  0.0500  0.0719  
13       13  (26)      1 :  0.0220  0.0020  0.0010  0.0120  0.0020  0.0010  0.9600  
14       14   (8)      2 :  0.0080  0.0509  0.0010  0.0030  0.9321  0.0010  0.0040  
15       15   (7)      2 :  0.0040  0.0050  0.0020  0.2720  0.7150  0.0010  0.0010  
16       16   (7)      2 :  0.0581  0.0090  0.0030  0.0110  0.9129  0.0010  0.0050  
17       17   (7)      2 :  0.0020  0.3360  0.0470  0.0080  0.6030  0.0020  0.0020  
18       18  (13)      2 :  0.0950  0.0060  0.0360  0.1770  0.6840  0.0010  0.0010  
19       19  (15)      2 :  0.0020  0.0410  0.0020  0.0889  0.7003  0.0020  0.1638  
20       20   (6)      2 :  0.0360  0.1640  0.0020  0.0020  0.7930  0.0020  0.0010  
21       21   (5)      2 :  0.0020  0.0470  0.0040  0.0829  0.8611  0.0020  0.0010  
22       22   (8)      2 :  0.0020  0.3676  0.0020  0.0599  0.5634  0.0020  0.0030  
23       23   (5)      2 :  0.0050  0.2930  0.0010  0.0020  0.6910  0.0010  0.0070  
24       24  (12)      2 :  0.0010  0.1130  0.0030  0.0340  0.8460  0.0010  0.0020  
25       25  (10)      2 :  0.0030  0.0020  0.0010  0.0860  0.9000  0.0030  0.0050  
26       26  (10)      2 :  0.0010  0.0010  0.0010  0.0010  0.9940  0.0010  0.0010  
27       27  (49)      2 :  0.0020  0.0230  0.0300  0.0210  0.7982  0.0030  0.1229  
28       28  (20)      2 :  0.0070  0.0449  0.0150  0.2495  0.6687  0.0010  0.0140  
29       29   (9)      3 :  0.9790  0.0050  0.0070  0.0040  0.0030  0.0010  0.0010  
30       30   (8)      3 :  0.9930  0.0010  0.0020  0.0010  0.0010  0.0010  0.0010  
31       31  (19)      3 :  0.3554  0.0150  0.2863  0.0020  0.0390  0.0010  0.3013  
32       32  (13)      3 :  0.2385  0.2226  0.2754  0.0050  0.2166  0.0110  0.0309  
33       33   (6)      3 :  0.1270  0.0040  0.2400  0.0170  0.0020  0.0140  0.5960  
34       34  (10)      3 :  0.6610  0.1120  0.0110  0.0330  0.0700  0.0030  0.1100  
35       35   (4)      3 :  0.0090  0.7585  0.1142  0.0030  0.0180  0.0010  0.0962  
36       36  (17)      3 :  0.2200  0.3970  0.1420  0.0040  0.0010  0.0060  0.2300  
37       37   (8)      3 :  0.1632  0.3974  0.0180  0.0050  0.0811  0.0060  0.3293  
38       38   (9)      3 :  0.5970  0.2190  0.0040  0.1230  0.0120  0.0030  0.0420  
39       39  (15)      3 :  0.7283  0.0559  0.0020  0.0719  0.0699  0.0440  0.0280  
40       40  (15)      3 :  0.6837  0.0591  0.0450  0.0030  0.0010  0.1672  0.0410  
41       41   (5)      4 :  0.0010  0.0020  0.0010  0.0010  0.8599  0.0010  0.1341  
42       42   (8)      4 :  0.0100  0.0480  0.0020  0.0110  0.9220  0.0040  0.0030  
43       43  (16)      4 :  0.0030  0.0100  0.0100  0.2080  0.7630  0.0040  0.0020  
44       44  (33)      4 :  0.0820  0.0040  0.0030  0.0060  0.7760  0.0060  0.1230  
45       45  (17)      4 :  0.0010  0.1778  0.0130  0.0020  0.8022  0.0020  0.0020  
46       46  (14)      4 :  0.1140  0.0070  0.0030  0.3250  0.5180  0.0020  0.0310  
47       47   (5)      4 :  0.0020  0.0050  0.0010  0.0040  0.9650  0.0030  0.0200  
48       48  (24)      4 :  0.0040  0.0410  0.0040  0.0160  0.8282  0.0080  0.0989  
49       49  (32)      4 :  0.0050  0.2920  0.0010  0.0050  0.6940  0.0010  0.0020  
50       50  (24)      4 :  0.0270  0.0050  0.0050  0.0080  0.9510  0.0020  0.0020  
51       51  (17)      4 :  0.0080  0.1299  0.0040  0.0609  0.7872  0.0080  0.0020  
52       52   (5)      4 :  0.0030  0.0090  0.0020  0.0789  0.6753  0.0010  0.2308  
53       53  (11)      4 :  0.0020  0.1399  0.0010  0.0030  0.7902  0.0240  0.0400  
54       54   (9)      4 :  0.0620  0.1920  0.0010  0.1330  0.6010  0.0020  0.0090  
55       55  (27)      5 :  0.0140  0.2450  0.0060  0.0210  0.4850  0.1950  0.0340  
56       56  (15)      5 :  0.1952  0.1862  0.1592  0.0160  0.1311  0.0010  0.3113  
57       57  (15)      5 :  0.0090  0.5660  0.0520  0.0080  0.0030  0.0050  0.3570  
58       58   (5)      5 :  0.4660  0.0020  0.0530  0.0880  0.0010  0.0010  0.3890  
59       59   (7)      5 :  0.0010  0.0080  0.0010  0.9810  0.0030  0.0010  0.0050  
60       60   (9)      5 :  0.0030  0.0670  0.7240  0.0140  0.1190  0.0280  0.0450  
61       61  (17)      5 :  0.0110  0.2430  0.1030  0.1630  0.2380  0.0020  0.2400  
62       62  (10)      5 :  0.2803  0.2332  0.2613  0.1261  0.0300  0.0090  0.0601  
63       63  (12)      5 :  0.0040  0.4224  0.0200  0.1131  0.0591  0.1461  0.2352  
64       64  (16)      5 :  0.3167  0.1868  0.0659  0.1658  0.1988  0.0500  0.0160  
65       65  (17)      5 :  0.0170  0.7552  0.0020  0.0060  0.0280  0.0020  0.1898  
66       66  (15)      5 :  0.0950  0.2390  0.3260  0.0400  0.1630  0.0150  0.1220  
67       67  (12)      5 :  0.0020  0.9390  0.0050  0.0510  0.0010  0.0010  0.0010  
68       68   (8)      5 :  0.1892  0.3564  0.2212  0.0240  0.2072  0.0010  0.0010  
69       69  (13)      5 :  0.2418  0.1738  0.0140  0.0979  0.0919  0.1229  0.2577  
70       70   (8)      5 :  0.0160  0.2660  0.0070  0.1660  0.1030  0.0030  0.4390  
71       71  (19)      6 :  0.0020  0.0928  0.0060  0.0090  0.8822  0.0010  0.0070  
72       72   (6)      6 :  0.0010  0.0020  0.0010  0.0020  0.9910  0.0010  0.0020  
73       73  (40)      6 :  0.0020  0.0040  0.0020  0.0040  0.8008  0.0010  0.1862  
74       74  (25)      6 :  0.0020  0.0030  0.0180  0.0080  0.9540  0.0010  0.0140  
75       75  (15)      6 :  0.0030  0.0050  0.0020  0.0020  0.8659  0.0170  0.1051  
76       76  (36)      6 :  0.0050  0.0880  0.1050  0.0050  0.7450  0.0050  0.0470  
77       77   (8)      6 :  0.0020  0.0030  0.0010  0.1518  0.7642  0.0759  0.0020  
78       78   (9)      6 :  0.0020  0.0050  0.0040  0.0020  0.9730  0.0050  0.0090  
79       79   (8)      6 :  0.0020  0.0999  0.0240  0.0200  0.8382  0.0140  0.0020  
80       80   (8)      6 :  0.0020  0.0350  0.0911  0.1902  0.6757  0.0040  0.0020  
81       81   (8)      6 :  0.0010  0.0220  0.0020  0.0360  0.7247  0.1602  0.0541  
82       82   (9)      6 :  0.0030  0.0390  0.0010  0.0010  0.9470  0.0060  0.0030  
83       83   (9)      5 :  0.0729  0.4565  0.1628  0.0779  0.0519  0.0609  0.1169  
84       84  (29)      7 :  0.1030  0.1930  0.0100  0.0030  0.0050  0.5030  0.1830  
85       85   (8)      7 :  0.0360  0.1389  0.0060  0.0500  0.0559  0.6004  0.1129  
86       86  (10)      7 :  0.0040  0.1320  0.0200  0.0380  0.0130  0.7890  0.0040  
87       87   (8)      7 :  0.0040  0.2120  0.1090  0.0070  0.0340  0.6270  0.0070  
88       88  (10)      7 :  0.0020  0.0440  0.0060  0.0010  0.0760  0.7340  0.1370  
89       89  (25)      7 :  0.0050  0.9650  0.0010  0.0140  0.0080  0.0030  0.0040  
90       90  (11)      7 :  0.0020  0.2813  0.0010  0.0040  0.0020  0.6947  0.0150  
91       91  (18)      7 :  0.2385  0.0050  0.0040  0.0030  0.0250  0.7206  0.0040  
92       92  (13)      7 :  0.0050  0.1041  0.0020  0.0160  0.0020  0.6677  0.2032  
93       93  (10)      7 :  0.0050  0.0020  0.0010  0.0090  0.0090  0.9720  0.0020  
94       94  (11)      7 :  0.2488  0.5105  0.0010  0.0070  0.0050  0.0020  0.2258  
95       95   (7)      7 :  0.0030  0.1860  0.0310  0.0020  0.0040  0.7210  0.0530  
96       96  (22)      7 :  0.0080  0.0010  0.0010  0.0010  0.0010  0.9870  0.0010  
97       97   (5)      7 :  0.0070  0.7892  0.0030  0.0050  0.0020  0.1898  0.0040  
