 1        1   (8)      1 :  0.0010  0.0060  0.9880  0.0020  0.0030  
 2        2   (9)      1 :  0.0040  0.0270  0.4004  0.0811  0.4875  
 3        3   (9)      1 :  0.0030  0.2690  0.1360  0.0020  0.5900  
 4        4  (18)      1 :  0.0020  0.1550  0.3600  0.0510  0.4320  
 5        5  (22)      1 :  0.0020  0.0020  0.0020  0.0010  0.9930  
 6        6   (9)      1 :  0.0280  0.4260  0.1990  0.3280  0.0190  
 7        7  (13)      1 :  0.0020  0.0940  0.7110  0.0140  0.1790  
 8        8  (14)      1 :  0.0020  0.0100  0.3320  0.2030  0.4530  
 9        9   (5)      1 :  0.0010  0.0940  0.3440  0.1280  0.4330  
10       10  (10)      1 :  0.0020  0.0020  0.2670  0.1020  0.6270  
11       11  (21)      1 :  0.0070  0.3870  0.1960  0.2770  0.1330  
12       12   (7)      1 :  0.0330  0.3000  0.0770  0.3260  0.2640  
13       13  (26)      1 :  0.0010  0.0050  0.0120  0.0020  0.9800  
14       14   (8)      2 :  0.0010  0.1760  0.0050  0.7910  0.0270  
15       15   (7)      2 :  0.0030  0.2410  0.0870  0.6570  0.0120  
16       16   (7)      2 :  0.0010  0.9870  0.0050  0.0060  0.0010  
17       17   (7)      2 :  0.0060  0.4780  0.0050  0.3280  0.1830  
18       18  (13)      2 :  0.0010  0.5405  0.1491  0.2993  0.0100  
19       19  (15)      2 :  0.0060  0.9500  0.0020  0.0140  0.0280  
20       20   (6)      2 :  0.0030  0.5170  0.0120  0.4660  0.0020  
21       21   (5)      2 :  0.0010  0.7117  0.0010  0.2843  0.0020  
22       22   (8)      2 :  0.0070  0.4240  0.0210  0.4380  0.1100  
23       23   (5)      2 :  0.0010  0.7640  0.0050  0.2220  0.0080  
24       24  (12)      2 :  0.0010  0.8050  0.0020  0.1880  0.0040  
25       25  (10)      2 :  0.0040  0.0530  0.0020  0.8950  0.0460  
26       26  (10)      2 :  0.0010  0.2690  0.0010  0.7280  0.0010  
27       27  (49)      2 :  0.0030  0.3980  0.0040  0.5670  0.0280  
28       28  (20)      2 :  0.0010  0.9580  0.0030  0.0040  0.0340  
29       29   (9)      3 :  0.0010  0.0220  0.9730  0.0020  0.0020  
30       30   (8)      3 :  0.0010  0.0010  0.9930  0.0010  0.0040  
31       31  (19)      3 :  0.0010  0.0150  0.7157  0.1101  0.1582  
32       32  (13)      3 :  0.0220  0.2400  0.5420  0.0430  0.1530  
33       33   (6)      3 :  0.0300  0.0010  0.3430  0.0660  0.5600  
34       34  (10)      3 :  0.0030  0.1910  0.6360  0.0070  0.1630  
35       35   (4)      3 :  0.0030  0.2990  0.1980  0.0150  0.4850  
36       36  (17)      3 :  0.0030  0.0070  0.3930  0.0020  0.5950  
37       37   (8)      3 :  0.0070  0.0710  0.1500  0.1010  0.6710  
38       38   (9)      3 :  0.0030  0.1608  0.5924  0.0040  0.2398  
39       39  (15)      3 :  0.0810  0.0720  0.7610  0.0490  0.0370  
40       40  (15)      3 :  0.1590  0.0050  0.7140  0.0020  0.1200  
41       41   (5)      4 :  0.0020  0.0080  0.0020  0.9580  0.0300  
42       42   (8)      4 :  0.0030  0.5180  0.0040  0.4720  0.0030  
43       43  (16)      4 :  0.0020  0.9910  0.0020  0.0030  0.0020  
44       44  (33)      4 :  0.0100  0.5350  0.0650  0.3650  0.0250  
45       45  (17)      4 :  0.0050  0.4444  0.0020  0.5205  0.0280  
46       46  (14)      4 :  0.0040  0.6510  0.1770  0.0890  0.0790  
47       47   (5)      4 :  0.0030  0.1261  0.0020  0.8649  0.0040  
48       48  (24)      4 :  0.0060  0.6570  0.0030  0.3290  0.0050  
49       49  (32)      4 :  0.0020  0.6770  0.0030  0.3060  0.0120  
50       50  (24)      4 :  0.0020  0.2890  0.0120  0.6930  0.0040  
51       51  (17)      4 :  0.0060  0.5814  0.0110  0.3926  0.0090  
52       52   (5)      4 :  0.0010  0.4720  0.0040  0.3610  0.1620  
53       53  (11)      4 :  0.0240  0.4980  0.0020  0.4640  0.0120  
54       54   (9)      4 :  0.0070  0.4014  0.0731  0.4054  0.1131  
55       55  (27)      5 :  0.1650  0.5450  0.0260  0.1170  0.1470  
56       56  (15)      5 :  0.0020  0.0050  0.4050  0.2570  0.3310  
57       57  (15)      5 :  0.0060  0.0080  0.0110  0.0130  0.9620  
58       58   (5)      5 :  0.0010  0.0010  0.5786  0.0010  0.4184  
59       59   (7)      5 :  0.0010  0.3230  0.0120  0.0120  0.6520  
60       60   (9)      5 :  0.0400  0.2560  0.6860  0.0090  0.0090  
61       61  (17)      5 :  0.0030  0.2933  0.1802  0.0781  0.4454  
62       62  (10)      5 :  0.0090  0.2038  0.5465  0.0130  0.2278  
63       63  (12)      5 :  0.1479  0.1818  0.0120  0.0879  0.5704  
64       64  (16)      5 :  0.0581  0.2172  0.4344  0.1522  0.1381  
65       65  (17)      5 :  0.0070  0.2813  0.0260  0.0801  0.6056  
66       66  (15)      5 :  0.0300  0.1870  0.4720  0.0760  0.2350  
67       67  (12)      5 :  0.1240  0.3180  0.0770  0.0040  0.4770  
68       68   (8)      5 :  0.0020  0.5170  0.4670  0.0080  0.0060  
69       69  (13)      5 :  0.1300  0.1450  0.3110  0.0640  0.3500  
70       70   (8)      5 :  0.0040  0.0530  0.0220  0.1820  0.7390  
71       71  (19)      6 :  0.0010  0.3400  0.0030  0.6500  0.0060  
72       72   (6)      6 :  0.0010  0.2080  0.0020  0.7870  0.0020  
73       73  (40)      6 :  0.0020  0.1572  0.0040  0.8058  0.0310  
74       74  (25)      6 :  0.0010  0.3030  0.0020  0.6910  0.0030  
75       75  (15)      6 :  0.0040  0.0060  0.0060  0.9770  0.0070  
76       76  (36)      6 :  0.0180  0.3290  0.1080  0.5260  0.0190  
77       77   (8)      6 :  0.0930  0.0210  0.0080  0.8640  0.0140  
78       78   (9)      6 :  0.0020  0.0620  0.0020  0.9310  0.0030  
79       79   (8)      6 :  0.0180  0.4160  0.0040  0.5560  0.0060  
80       80   (8)      6 :  0.0050  0.3716  0.1179  0.4595  0.0460  
81       81   (8)      6 :  0.1600  0.2850  0.0030  0.5220  0.0300  
82       82   (9)      6 :  0.0060  0.1558  0.0030  0.8312  0.0040  
83       83   (9)      5 :  0.0790  0.3250  0.1900  0.0030  0.4030  
84       84  (29)      7 :  0.4655  0.0841  0.1301  0.0040  0.3163  
85       85   (8)      7 :  0.6106  0.0250  0.0240  0.0591  0.2813  
86       86  (10)      7 :  0.8358  0.0521  0.0300  0.0170  0.0651  
87       87   (8)      7 :  0.6360  0.2360  0.0740  0.0040  0.0500  
88       88  (10)      7 :  0.7900  0.1060  0.0040  0.0250  0.0750  
89       89  (25)      7 :  0.0520  0.3940  0.0100  0.0050  0.5390  
90       90  (11)      7 :  0.7063  0.0040  0.0030  0.0030  0.2837  
91       91  (18)      7 :  0.6800  0.0230  0.2740  0.0170  0.0060  
92       92  (13)      7 :  0.5740  0.0270  0.0040  0.0020  0.3930  
93       93  (10)      7 :  0.9630  0.0090  0.0050  0.0180  0.0050  
94       94  (11)      7 :  0.0050  0.2557  0.2058  0.0030  0.5305  
95       95   (7)      7 :  0.7440  0.1460  0.0040  0.0020  0.1040  
96       96  (22)      7 :  0.9920  0.0010  0.0030  0.0020  0.0020  
97       97   (5)      7 :  0.3576  0.0180  0.0170  0.0270  0.5804  
