 1        1   (8)      1 :  0.9820  0.0180  
 2        2   (9)      1 :  0.8470  0.1530  
 3        3   (9)      1 :  0.8700  0.1300  
 4        4  (18)      1 :  0.7630  0.2370  
 5        5  (22)      1 :  0.9950  0.0050  
 6        6   (9)      1 :  0.2840  0.7160  
 7        7  (13)      1 :  0.9340  0.0660  
 8        8  (14)      1 :  0.7080  0.2920  
 9        9   (5)      1 :  0.7400  0.2600  
10       10  (10)      1 :  0.8910  0.1090  
11       11  (21)      1 :  0.3460  0.6540  
12       12   (7)      1 :  0.3960  0.6040  
13       13  (26)      1 :  0.9910  0.0090  
14       14   (8)      2 :  0.0060  0.9940  
15       15   (7)      2 :  0.0640  0.9360  
16       16   (7)      2 :  0.0050  0.9950  
17       17   (7)      2 :  0.2100  0.7900  
18       18  (13)      2 :  0.1720  0.8280  
19       19  (15)      2 :  0.1200  0.8800  
20       20   (6)      2 :  0.0090  0.9910  
21       21   (5)      2 :  0.0040  0.9960  
22       22   (8)      2 :  0.1630  0.8370  
23       23   (5)      2 :  0.0150  0.9850  
24       24  (12)      2 :  0.0050  0.9950  
25       25  (10)      2 :  0.0160  0.9840  
26       26  (10)      2 :  0.0020  0.9980  
27       27  (49)      2 :  0.0170  0.9830  
28       28  (20)      2 :  0.0160  0.9840  
29       29   (9)      3 :  0.9870  0.0130  
30       30   (8)      3 :  0.9970  0.0030  
31       31  (19)      3 :  0.9230  0.0770  
32       32  (13)      3 :  0.7080  0.2920  
33       33   (6)      3 :  0.9860  0.0140  
34       34  (10)      3 :  0.8380  0.1620  
35       35   (4)      3 :  0.6700  0.3300  
36       36  (17)      3 :  0.9900  0.0100  
37       37   (8)      3 :  0.8190  0.1810  
38       38   (9)      3 :  0.9460  0.0540  
39       39  (15)      3 :  0.9100  0.0900  
40       40  (15)      3 :  0.9950  0.0050  
41       41   (5)      4 :  0.0050  0.9950  
42       42   (8)      4 :  0.0080  0.9920  
43       43  (16)      4 :  0.0150  0.9850  
44       44  (33)      4 :  0.1250  0.8750  
45       45  (17)      4 :  0.0090  0.9910  
46       46  (14)      4 :  0.2820  0.7180  
47       47   (5)      4 :  0.0040  0.9960  
48       48  (24)      4 :  0.0220  0.9780  
49       49  (32)      4 :  0.0090  0.9910  
50       50  (24)      4 :  0.0070  0.9930  
51       51  (17)      4 :  0.0790  0.9210  
52       52   (5)      4 :  0.1360  0.8640  
53       53  (11)      4 :  0.0230  0.9770  
54       54   (9)      4 :  0.1760  0.8240  
55       55  (27)      5 :  0.3510  0.6490  
56       56  (15)      5 :  0.7150  0.2850  
57       57  (15)      5 :  0.9370  0.0630  
58       58   (5)      5 :  0.9980  0.0020  
59       59   (7)      5 :  0.6200  0.3800  
60       60   (9)      5 :  0.7640  0.2360  
61       61  (17)      5 :  0.5390  0.4610  
62       62  (10)      5 :  0.8430  0.1570  
63       63  (12)      5 :  0.7150  0.2850  
64       64  (16)      5 :  0.6740  0.3260  
65       65  (17)      5 :  0.6700  0.3300  
66       66  (15)      5 :  0.7510  0.2490  
67       67  (12)      5 :  0.7600  0.2400  
68       68   (8)      5 :  0.5980  0.4020  
69       69  (13)      5 :  0.7690  0.2310  
70       70   (8)      5 :  0.6520  0.3480  
71       71  (19)      6 :  0.0050  0.9950  
72       72   (6)      6 :  0.0020  0.9980  
73       73  (40)      6 :  0.0080  0.9920  
74       74  (25)      6 :  0.0030  0.9970  
75       75  (15)      6 :  0.0090  0.9910  
76       76  (36)      6 :  0.1360  0.8640  
77       77   (8)      6 :  0.0200  0.9800  
78       78   (9)      6 :  0.0050  0.9950  
79       79   (8)      6 :  0.0230  0.9770  
80       80   (8)      6 :  0.1570  0.8430  
81       81   (8)      6 :  0.1790  0.8210  
82       82   (9)      6 :  0.0050  0.9950  
83       83   (9)      5 :  0.6950  0.3050  
84       84  (29)      7 :  0.8470  0.1530  
85       85   (8)      7 :  0.7800  0.2200  
86       86  (10)      7 :  0.7870  0.2130  
87       87   (8)      7 :  0.7750  0.2250  
88       88  (10)      7 :  0.7490  0.2510  
89       89  (25)      7 :  0.7140  0.2860  
90       90  (11)      7 :  0.8960  0.1040  
91       91  (18)      7 :  0.8400  0.1600  
92       92  (13)      7 :  0.9370  0.0630  
93       93  (10)      7 :  0.8110  0.1890  
94       94  (11)      7 :  0.8270  0.1730  
95       95   (7)      7 :  0.8150  0.1850  
96       96  (22)      7 :  0.9350  0.0650  
97       97   (5)      7 :  0.8540  0.1460  
