Locus	Het	Fst	P(Simul Fst<sample Fst)
SNP_1	0.0	-100.0	0.5
SNP_2	0.109524	0.004661	0.438821
SNP_3	0.041667	0.0	0.809652
SNP_4	0.066667	0.052632	1.0
SNP_5	0.0	-100.0	0.5
SNP_6	0.073413	-0.003003	0.136622
SNP_7	0.291071	0.210624	0.975228
SNP_8	0.291071	0.210624	0.975228
SNP_9	0.291071	0.210624	0.975228
SNP_10	0.083333	0.086957	0.809941
SNP_11	0.083333	0.086957	0.809941
SNP_12	0.083333	0.086957	0.809941
SNP_13	0.0	-100.0	0.5
SNP_14	0.0	-100.0	0.5
SNP_15	0.133333	0.157895	0.964337
SNP_16	0.473717	0.025435	0.541857
SNP_17	0.140693	0.092308	0.855656
SNP_18	0.0	-100.0	0.5
SNP_19	0.0	-100.0	0.5
SNP_20	0.0	-100.0	0.5
SNP_21	0.152249	-0.00708	0.359809
SNP_22	0.156463	0.015422	0.500395
SNP_23	0.09623	0.024055	0.547869
SNP_24	0.113946	0.001658	0.417818
SNP_25	0.477778	0.000798	0.378853
SNP_26	0.477778	0.000798	0.378853
SNP_27	0.477778	0.000798	0.378853
SNP_28	0.477778	0.000798	0.378853
SNP_29	0.051282	0.04	0.98646
SNP_30	0.2927	0.029412	0.585936
SNP_31	0.288889	-0.047835	0.000452
SNP_32	0.265625	0.132026	0.898684
SNP_33	0.033333	0.0	0.809652
SNP_34	0.094529	-0.030818	0.052903
SNP_35	0.0	-100.0	0.5
SNP_36	0.211111	-0.036976	0.046586
SNP_37	0.145628	-0.041021	0.001038
SNP_38	0.027778	0.0	0.809652
SNP_39	0.328968	0.122735	0.872098
SNP_40	0.066667	-0.000821	0.141694
SNP_41	0.142857	0.035427	0.641844
SNP_42	0.0	-100.0	0.5
SNP_43	0.0	-100.0	0.5
SNP_44	0.0	-100.0	0.5
SNP_45	0.0	-100.0	0.5
SNP_46	0.0	-100.0	0.5
SNP_47	0.0	-100.0	0.5
SNP_48	0.060606	0.047619	1.0
SNP_49	0.078571	-0.030303	0.077864
SNP_50	0.041667	0.0	0.809652
SNP_51	0.113946	0.001658	0.417818
SNP_52	0.131481	0.037806	0.65393
SNP_53	0.263782	-0.035904	0.009811
SNP_54	0.111111	0.130435	0.933256
SNP_55	0.314957	0.037027	0.547349
SNP_56	0.133333	0.157895	0.964337
SNP_57	0.5	-0.048192	0.0
SNP_58	0.305556	0.139526	0.902627
SNP_59	0.030303	0.0	0.809652
SNP_60	0.424242	-0.039052	0.046744
SNP_61	0.200466	0.098117	0.856418
SNP_62	0.08547	-0.009333	0.326301
SNP_63	0.08547	-0.009333	0.326301
SNP_64	0.025641	0.0	0.5
SNP_65	0.0	-100.0	0.5
SNP_66	0.0	-100.0	0.5
SNP_67	0.0	-100.0	0.5
SNP_68	0.111111	0.117647	0.901603
SNP_69	0.213736	0.053667	0.618678
SNP_70	0.190476	0.085859	0.817304
SNP_71	0.081019	0.001242	0.460011
SNP_72	0.081019	0.001242	0.460011
SNP_73	0.081019	0.001242	0.460011
SNP_74	0.083333	0.086957	0.809941
SNP_75	0.076923	-0.001111	0.141012
SNP_76	0.0	-100.0	0.5
SNP_77	0.0	-100.0	0.5
SNP_78	0.0	-100.0	0.5
SNP_79	0.0	-100.0	0.5
SNP_80	0.112963	0.048615	0.663411
SNP_81	0.083333	0.086957	0.809941
SNP_82	0.0	-100.0	0.5
SNP_83	0.102564	0.001884	0.419451
SNP_84	0.0	-100.0	0.5
SNP_85	0.235897	0.16659	0.936871
SNP_86	0.235897	0.16659	0.936871
SNP_87	0.117216	0.059028	0.707039
SNP_88	0.136364	0.018749	0.548873
SNP_89	0.367045	0.023578	0.515277
SNP_90	0.033333	0.0	0.809652
SNP_91	0.263782	-0.042314	0.0
SNP_92	0.0	-100.0	0.5
SNP_93	0.033333	0.0	0.809652
SNP_94	0.033333	0.0	0.809652
SNP_95	0.033333	0.0	0.809652
SNP_96	0.103704	0.006303	0.449687
SNP_97	0.033333	0.0	0.809652
SNP_98	0.033333	0.0	0.809652
SNP_99	0.0	-100.0	0.5
SNP_100	0.0	-100.0	0.5
SNP_101	0.0	-100.0	0.5
SNP_102	0.0	-100.0	0.5
SNP_103	0.18315	0.0712	0.75912
SNP_104	0.18315	0.0712	0.75912
SNP_105	0.203297	0.057297	0.691722
SNP_106	0.079254	-0.003529	0.135418
SNP_107	0.079254	-0.003529	0.135418
SNP_108	0.0	-100.0	0.5
SNP_109	0.0	-100.0	0.5
SNP_110	0.074074	0.058824	1.0
SNP_111	0.02381	0.0	0.5
SNP_112	0.116402	0.00713	0.455003
SNP_113	0.047619	0.037037	0.983283
SNP_114	0.047619	0.037037	0.983283
SNP_115	0.0	-100.0	0.5
SNP_116	0.222222	0.137493	0.893283
SNP_117	0.0	-100.0	0.5
SNP_118	0.284788	0.054496	0.709805
SNP_119	0.066667	0.052632	1.0
SNP_120	0.333	0.020147	0.451964
SNP_121	0.334821	0.061333	0.710264
SNP_122	0.334821	0.061333	0.710264
SNP_123	0.095238	0.001595	0.417361
SNP_124	0.518225	0.072334	0.70208
SNP_125	0.518225	0.072334	0.70208
SNP_126	0.518225	0.072334	0.70208
SNP_127	0.518225	0.072334	0.70208
SNP_128	0.066667	0.052632	1.0
SNP_129	0.280624	0.020623	0.534883
SNP_130	0.0	-100.0	0.5
SNP_131	0.055556	0.043478	0.467291
SNP_132	0.53125	0.168197	0.92192
SNP_133	0.53125	0.168197	0.92192
SNP_134	0.53125	0.168197	0.92192
SNP_135	0.53125	0.168197	0.92192
SNP_136	0.111111	0.117647	0.901603
SNP_137	0.060606	0.047619	1.0
SNP_138	0.361823	-0.041862	0.013407
SNP_139	0.07037	-0.004537	0.133132
SNP_140	0.07037	-0.004537	0.133132
SNP_141	0.041667	0.0	0.809652
SNP_142	0.041667	0.0	0.809652
SNP_143	0.400026	0.034019	0.572679
SNP_144	0.400026	0.034019	0.572679
SNP_145	0.400026	0.034019	0.572679
SNP_146	0.095238	0.111111	0.883901
SNP_147	0.324157	-0.04724	0.025611
SNP_148	0.0	-100.0	0.5
SNP_149	0.0	-100.0	0.5
SNP_150	0.0	-100.0	0.5
SNP_151	0.345679	0.122804	0.880974
SNP_152	0.143519	-0.039532	0.005389
SNP_153	0.107639	0.019355	0.523703
SNP_154	0.270833	0.261539	0.985666
SNP_155	0.0	-100.0	0.5
SNP_156	0.051282	0.04	0.98646
SNP_157	0.055556	0.043478	0.467291
SNP_158	0.055556	0.043478	0.467291
SNP_159	0.033333	0.0	0.809652
SNP_160	0.496184	0.001303	0.398132
SNP_161	0.439815	0.231121	0.985114
SNP_162	0.08547	-0.009333	0.326301
SNP_163	0.100289	-0.036371	0.0
SNP_164	0.141414	0.02829	0.603787
SNP_165	0.044444	0.034483	0.980021
SNP_166	0.569024	0.36945	0.996499
SNP_167	0.20303	0.084801	0.813535
SNP_168	0.0	-100.0	0.5
SNP_169	0.044444	0.034483	0.980021
SNP_170	0.0	-100.0	0.5
SNP_171	0.133333	0.157895	0.964337
SNP_172	0.046769	-0.018182	0.380974
SNP_173	0.081019	0.001242	0.460011
SNP_174	0.47987	0.205711	0.969369
SNP_175	0.280912	-0.031249	0.083599
SNP_176	0.386995	0.018113	0.481572
SNP_177	0.431624	0.010145	0.407456
SNP_178	0.376407	0.072336	0.768945
SNP_179	0.376407	0.072336	0.768945
SNP_180	0.419643	0.166168	0.953211
SNP_181	0.0	-100.0	0.5
SNP_182	0.314815	-0.05129	0.016149
SNP_183	0.169421	0.029036	0.57883
SNP_184	0.305014	0.044119	0.585376
SNP_185	0.352814	-0.036789	0.040989
SNP_186	0.305014	0.044119	0.585376
SNP_187	0.352814	-0.036789	0.040989
SNP_188	0.030303	0.0	0.809652
SNP_189	0.030303	0.0	0.809652
SNP_190	0.112963	0.048615	0.663411
SNP_191	0.0	-100.0	0.5
SNP_192	0.132035	0.029751	0.611796
SNP_193	0.083333	-0.001318	0.395448
SNP_194	0.107226	0.002567	0.424335
SNP_195	0.0	-100.0	0.5
SNP_196	0.030303	0.0	0.809652
SNP_197	0.030303	0.0	0.809652
SNP_198	0.107226	0.002567	0.424335
SNP_199	0.083333	0.066667	0.737155
SNP_200	0.083333	0.066667	0.737155
SNP_201	0.236893	0.097228	0.793764
SNP_202	0.094276	-0.005102	0.364538
SNP_203	0.385771	0.079378	0.795163
SNP_204	0.512963	0.041668	0.536912
SNP_205	0.512963	0.041668	0.536912
SNP_206	0.474026	0.059306	0.705403
SNP_207	0.373016	0.002848	0.371265
SNP_208	0.373016	0.002848	0.371265
SNP_209	0.083333	0.066667	0.737155
SNP_210	0.335297	0.174502	0.947775
SNP_211	0.027778	0.0	0.809652
SNP_212	0.0	-100.0	0.5
SNP_213	0.363907	-0.037499	0.036311
SNP_214	0.196825	-0.034171	0.069591
SNP_215	0.196825	-0.034171	0.069591
SNP_216	0.095238	0.111111	0.883901
SNP_217	0.145147	-0.017722	0.246303
SNP_218	0.060606	0.047619	1.0
SNP_219	0.100289	-0.036371	0.0
SNP_220	0.458649	0.027041	0.564773
SNP_221	0.48373	-0.027335	0.140624
SNP_222	0.48373	-0.027335	0.140624
SNP_223	0.074074	0.058824	1.0
SNP_224	0.074074	0.058824	1.0
SNP_225	0.131944	0.00778	0.480518
SNP_226	0.0	-100.0	0.5
SNP_227	0.342857	0.197194	0.964602
SNP_228	0.170635	0.046175	0.66506
SNP_229	0.076923	-0.001111	0.141012
SNP_230	0.337143	-0.016922	0.22182
SNP_231	0.337143	-0.016922	0.22182
SNP_232	0.095238	-0.016923	0.246142
SNP_233	0.136054	0.027778	0.600954
SNP_234	0.523942	0.185577	0.959871
SNP_235	0.060606	0.047619	1.0
SNP_236	0.241943	-0.02634	0.098402
SNP_237	0.027778	0.0	0.809652
SNP_238	0.027778	0.0	0.809652
SNP_239	0.296599	0.025931	0.566115
SNP_240	0.025641	0.0	0.5
SNP_241	0.112937	-0.033269	0.01783
SNP_242	0.0	-100.0	0.5
SNP_243	0.500641	-0.014336	0.247739
SNP_244	0.079254	-0.003529	0.135418
SNP_245	0.131944	0.00778	0.480518
SNP_246	0.119792	0.002899	0.426681
SNP_247	0.119792	0.002899	0.426681
SNP_248	0.119792	0.002899	0.426681
SNP_249	0.306667	0.244851	0.982416
SNP_250	0.306667	0.244851	0.982416
SNP_251	0.152249	-0.00708	0.359809
SNP_252	0.076923	-0.001111	0.141012
SNP_253	0.166667	0.014992	0.497799
SNP_254	0.303842	-0.049561	0.019841
SNP_255	0.033333	0.0	0.809652
SNP_256	0.030303	0.0	0.809652
SNP_257	0.0	-100.0	0.5
SNP_258	0.1	-0.001949	0.390493
SNP_259	0.0	-100.0	0.5
SNP_260	0.083333	0.066667	0.737155
SNP_261	0.047619	0.037037	0.983283
SNP_262	0.14011	0.022861	0.573077
SNP_263	0.033333	0.0	0.809652
SNP_264	0.0	-100.0	0.5
SNP_265	0.401235	-0.057006	0.0
SNP_266	0.083333	0.066667	0.737155
SNP_267	0.047619	0.037037	0.983283
SNP_268	0.047619	0.037037	0.983283
SNP_269	0.047619	0.037037	0.983283
SNP_270	0.047619	0.037037	0.983283
SNP_271	0.095238	0.076923	0.775213
SNP_272	0.047619	0.037037	0.983283
SNP_273	0.0	-100.0	0.5
SNP_274	0.0	-100.0	0.5
SNP_275	0.055556	0.043478	0.467291
SNP_276	0.025641	0.0	0.5
SNP_277	0.027778	0.0	0.809652
SNP_278	0.0	-100.0	0.5
SNP_279	0.288832	0.050552	0.692629
SNP_280	0.098765	0.012868	0.489189
SNP_281	0.055556	0.043478	0.467291
SNP_282	0.0	-100.0	0.5
SNP_283	0.0	-100.0	0.5
SNP_284	0.0	-100.0	0.5
SNP_285	0.072727	-0.006705	0.128291
SNP_286	0.0	-100.0	0.5
SNP_287	0.0	-100.0	0.5
SNP_288	0.0	-100.0	0.5
SNP_289	0.220523	-0.040456	0.031783
SNP_290	0.486032	-0.052638	0.009176
SNP_291	0.486032	-0.052638	0.009176
SNP_292	0.507396	0.081602	0.821286
SNP_293	0.507396	0.081602	0.821286
SNP_294	0.507396	0.081602	0.821286
SNP_295	0.0	-100.0	0.5
SNP_296	0.300794	-0.029727	0.097734
SNP_297	0.0	-100.0	0.5
SNP_298	0.230159	0.074463	0.711476
SNP_299	0.107226	0.002567	0.424335
SNP_300	0.205128	0.053506	0.671339
SNP_301	0.119048	0.055556	0.692829
SNP_302	0.133333	0.172414	0.976239
SNP_303	0.0	-100.0	0.5
SNP_304	0.184568	-0.035266	0.064358
SNP_305	0.0	-100.0	0.5
SNP_306	0.136153	-0.04064	0.001794
SNP_307	0.243519	-0.036466	0.007224
SNP_308	0.5	-0.038064	0.013558
SNP_309	0.0	-100.0	0.5
SNP_310	0.287037	0.121186	0.894821
SNP_311	0.099206	0.002126	0.421191
SNP_312	0.194872	0.114277	0.896524
SNP_313	0.323268	-0.019007	0.17018
SNP_314	0.323268	-0.019007	0.17018
SNP_315	0.323268	-0.019007	0.17018
SNP_316	0.406397	-0.051948	0.0
SNP_317	0.415293	-0.03557	0.043413
SNP_318	0.0	-100.0	0.5
SNP_319	0.504947	0.024722	0.5711
SNP_320	0.111111	0.130435	0.933256
SNP_321	0.0	-100.0	0.5
SNP_322	0.0	-100.0	0.5
SNP_323	0.240741	0.037247	0.627232
SNP_324	0.088889	0.001368	0.415708
SNP_325	0.461538	-0.021787	0.183278
SNP_326	0.429252	-0.015362	0.20098
SNP_327	0.429252	-0.015362	0.20098
SNP_328	0.0	-100.0	0.5
SNP_329	0.161996	-0.003195	0.359017
SNP_330	0.447222	-0.009923	0.289663
SNP_331	0.447222	-0.009923	0.289663
SNP_332	0.447222	-0.009923	0.289663
SNP_333	0.0	-100.0	0.5
SNP_334	0.0	-100.0	0.5
SNP_335	0.0	-100.0	0.5
SNP_336	0.0	-100.0	0.5
SNP_337	0.0	-100.0	0.5
SNP_338	0.220238	0.107455	0.824226
SNP_339	0.140476	0.024086	0.580134
SNP_340	0.056818	-0.022222	0.095293
SNP_341	0.060606	0.047619	1.0
SNP_342	0.122727	-0.0437	0.0
SNP_343	0.293651	0.014152	0.495535
SNP_344	0.0	-100.0	0.5
SNP_345	0.030303	0.0	0.809652
SNP_346	0.454212	0.089893	0.845407
SNP_347	0.454212	0.089893	0.845407
SNP_348	0.02381	0.0	0.5
SNP_349	0.297246	-0.039137	0.024675
SNP_350	0.097391	-0.036986	0.0
SNP_351	0.097391	-0.036986	0.0
SNP_352	0.072727	-0.006705	0.128291
SNP_353	0.072727	-0.006705	0.128291
SNP_354	0.072727	-0.006705	0.128291
SNP_355	0.055556	0.043478	0.467291
SNP_356	0.309229	-0.02378	0.137625
SNP_357	0.20679	-0.022453	0.139073
SNP_358	0.265432	0.10248	0.847125
SNP_359	0.265432	0.10248	0.847125
SNP_360	0.265432	0.10248	0.847125
SNP_361	0.265432	0.10248	0.847125
SNP_362	0.355556	0.016777	0.491043
SNP_363	0.0	-100.0	0.5
SNP_364	0.194444	0.26087	0.995398
SNP_365	0.138889	0.173913	0.977286
SNP_366	0.194444	0.26087	0.995398
SNP_367	0.548044	0.390972	0.998253
SNP_368	0.526786	0.103619	0.791626
SNP_369	0.203914	-0.037094	0.056139
SNP_370	0.200758	-0.033928	0.070784
SNP_371	0.0	-100.0	0.5
SNP_372	0.430458	-0.036823	0.056848
SNP_373	0.513573	0.044173	0.55152
SNP_374	0.516293	0.078464	0.729916
SNP_375	0.400855	0.006201	0.411003
SNP_376	0.400855	0.006201	0.411003
SNP_377	0.022222	0.0	0.5
SNP_378	0.0	-100.0	0.5
SNP_379	0.0	-100.0	0.5
SNP_380	0.0	-100.0	0.5
SNP_381	0.0	-100.0	0.5
SNP_382	0.166667	-0.021645	0.15532
SNP_383	0.109848	0.031484	0.584743
SNP_384	0.027778	0.0	0.809652
SNP_385	0.096667	0.001815	0.418954
SNP_386	0.066667	0.052632	1.0
SNP_387	0.242798	-0.008496	0.309445
SNP_388	0.242798	-0.008496	0.309445
SNP_389	0.242798	-0.008496	0.309445
SNP_390	0.401235	0.043065	0.617281
SNP_391	0.361472	-0.006172	0.322566
SNP_392	0.361472	-0.006172	0.322566
SNP_393	0.190476	0.062354	0.717606
SNP_394	0.095238	0.001595	0.417361
SNP_395	0.0	-100.0	0.5
SNP_396	0.0	-100.0	0.5
SNP_397	0.0	-100.0	0.5
SNP_398	0.047619	0.037037	0.983283
SNP_399	0.417059	0.040552	0.605206
SNP_400	0.302459	-0.009066	0.243214
SNP_401	0.041667	0.0	0.809652
SNP_402	0.468292	-0.016201	0.217873
SNP_403	0.0	-100.0	0.5
SNP_404	0.088889	0.103448	0.861888
SNP_405	0.061254	-0.023256	0.09311
SNP_406	0.037037	0.0	0.809652
SNP_407	0.324405	0.104041	0.827482
SNP_408	0.324405	0.104041	0.827482
SNP_409	0.060606	0.047619	1.0
SNP_410	0.495879	0.123483	0.925451
SNP_411	0.5214	0.090128	0.777297
SNP_412	0.462525	0.231467	0.986788
SNP_413	0.462525	0.231467	0.986788
SNP_414	0.02381	0.0	0.5
SNP_415	0.055556	0.043478	0.467291
SNP_416	0.033333	0.0	0.809652
SNP_417	0.047619	0.0	0.809652
SNP_418	0.312085	-0.01415	0.205238
SNP_419	0.0	-100.0	0.5
SNP_420	0.060606	0.047619	1.0
SNP_421	0.0	-100.0	0.5
SNP_422	0.103704	0.006303	0.449687
SNP_423	0.0	-100.0	0.5
SNP_424	0.237662	-0.00332	0.278165
SNP_425	0.186667	0.070521	0.756106
SNP_426	0.224815	-0.018634	0.161476
SNP_427	0.027778	0.0	0.809652
SNP_428	0.261905	0.119653	0.879553
SNP_429	0.162551	-0.04528	0.0
SNP_430	0.055556	0.043478	0.467291
SNP_431	0.076923	-0.001111	0.141012
SNP_432	0.079254	-0.003529	0.135418
SNP_433	0.079254	-0.003529	0.135418
SNP_434	0.519709	0.102764	0.820607
SNP_435	0.121212	0.011741	0.482829
SNP_436	0.29495	0.112052	0.878736
SNP_437	0.209524	0.060074	0.648944
SNP_438	0.088889	0.001368	0.415708
SNP_439	0.088889	0.001368	0.415708
SNP_440	0.440171	0.096745	0.838779
SNP_441	0.12384	-0.028622	0.0867
SNP_442	0.030303	0.0	0.809652
SNP_443	0.138889	0.173913	0.977286
SNP_444	0.0	-100.0	0.5
SNP_445	0.055556	0.043478	0.467291
SNP_446	0.060606	0.047619	1.0
SNP_447	0.111111	0.130435	0.933256
SNP_448	0.0	-100.0	0.5
SNP_449	0.0	-100.0	0.5
SNP_450	0.498145	0.037313	0.642051
SNP_451	0.174792	-0.039576	3e-06
SNP_452	0.059524	-0.022222	0.095293
SNP_453	0.02381	0.0	0.5
SNP_454	0.070076	-0.027027	0.085055
SNP_455	0.182117	-0.04173	0.038232
SNP_456	0.155942	-0.036711	0.004267
SNP_457	0.166667	0.2	0.977363
SNP_458	0.166667	0.2	0.977363
SNP_459	0.111111	0.018555	0.519529
SNP_460	0.0	-100.0	0.5
SNP_461	0.0	-100.0	0.5
SNP_462	0.478632	0.009728	0.44695
SNP_463	0.0	-100.0	0.5
SNP_464	0.041667	0.0	0.809652
SNP_465	0.0	-100.0	0.5
SNP_466	0.0	-100.0	0.5
SNP_467	0.0	-100.0	0.5
SNP_468	0.0	-100.0	0.5
SNP_469	0.433221	0.107612	0.866781
SNP_470	0.433221	0.107612	0.866781
SNP_471	0.433221	0.107612	0.866781
SNP_472	0.433221	0.107612	0.866781
SNP_473	0.0	-100.0	0.5
SNP_474	0.0	-100.0	0.5
SNP_475	0.245918	0.104247	0.850818
SNP_476	0.378011	-0.005996	0.298802
SNP_477	0.378011	-0.005996	0.298802
SNP_478	0.0	-100.0	0.5
SNP_479	0.312222	0.129604	0.885563
SNP_480	0.312222	0.129604	0.885563
SNP_481	0.330952	0.121893	0.870347
SNP_482	0.310451	0.007894	0.369692
SNP_483	0.033333	0.0	0.809652
SNP_484	0.074074	0.058824	1.0
SNP_485	0.066667	0.052632	1.0
SNP_486	0.251852	-0.036196	0.008416
SNP_487	0.550758	0.425469	0.999341
SNP_488	0.376068	-0.037622	0.063272
SNP_489	0.376068	-0.037622	0.063272
SNP_490	0.041667	0.0	0.809652
SNP_491	0.47963	0.099474	0.833117
SNP_492	0.079254	-0.003529	0.135418
SNP_493	0.075758	-0.005291	0.131437
SNP_494	0.083333	-0.001318	0.395448
SNP_495	0.415152	0.159651	0.929352
SNP_496	0.446726	0.006536	0.428628
SNP_497	0.496337	0.082413	0.838818
SNP_498	0.290904	0.045709	0.670365
SNP_499	0.060606	0.047619	1.0
SNP_500	0.121032	0.014493	0.498073
SNP_501	0.0	-100.0	0.5
SNP_502	0.0	-100.0	0.5
SNP_503	0.2	0.127546	0.921414
SNP_504	0.270238	0.005796	0.439914
SNP_505	0.164762	-0.055674	0.0
SNP_506	0.155556	0.206897	0.980932
SNP_507	0.197735	-0.004644	0.276621
SNP_508	0.44873	0.098582	0.867431
SNP_509	0.255952	0.010472	0.473833
SNP_510	0.220238	0.10226	0.809234
SNP_511	0.078571	-0.007856	0.125759
SNP_512	0.0	-100.0	0.5
SNP_513	0.041667	0.0	0.809652
SNP_514	0.258275	0.009492	0.467056
SNP_515	0.258275	0.009492	0.467056
SNP_516	0.501134	-0.030904	0.06471
SNP_517	0.501134	-0.030904	0.06471
SNP_518	0.0	-100.0	0.5
SNP_519	0.239583	-0.052552	0.0
SNP_520	0.501587	0.164143	0.954243
SNP_521	0.501587	0.164143	0.954243
SNP_522	0.501587	0.164143	0.954243
SNP_523	0.390293	-0.015831	0.216272
SNP_524	0.0	-100.0	0.5
SNP_525	0.09375	-0.011272	0.307332
SNP_526	0.09375	-0.011272	0.307332
SNP_527	0.351981	0.091253	0.80987
SNP_528	0.498016	-0.034808	0.084212
SNP_529	0.224359	0.067997	0.684356
SNP_530	0.0	-100.0	0.5
SNP_531	0.42735	-0.050196	0.012818
SNP_532	0.430403	0.002479	0.347954
SNP_533	0.328205	0.320806	0.994606
SNP_534	0.434982	0.377809	0.998653
SNP_535	0.434982	0.377809	0.998653
SNP_536	0.434982	0.377809	0.998653
SNP_537	0.0	-100.0	0.5
SNP_538	0.0	-100.0	0.5
SNP_539	0.0	-100.0	0.5
SNP_540	0.0	-100.0	0.5
SNP_541	0.0	-100.0	0.5
SNP_542	0.0	-100.0	0.5
SNP_543	0.030303	0.0	0.809652
SNP_544	0.0	-100.0	0.5
SNP_545	0.066667	0.052632	1.0
SNP_546	0.066667	0.052632	1.0
SNP_547	0.25	0.07451	0.775259
SNP_548	0.25	0.07451	0.775259
SNP_549	0.333791	-0.033909	0.062183
SNP_550	0.333791	-0.033909	0.062183
SNP_551	0.333791	-0.033909	0.062183
SNP_552	0.051282	0.04	0.98646
SNP_553	0.354312	-0.001951	0.358749
SNP_554	0.354312	-0.001951	0.358749
SNP_555	0.119792	0.017013	0.511435
SNP_556	0.027778	0.0	0.809652
SNP_557	0.061254	-0.023256	0.09311
SNP_558	0.119792	0.017013	0.511435
SNP_559	0.484921	0.049716	0.709344
SNP_560	0.066667	0.068966	1.0
SNP_561	0.066667	0.068966	1.0
SNP_562	0.310396	0.053753	0.634743
SNP_563	0.071429	0.074074	1.0
SNP_564	0.060606	0.047619	1.0
SNP_565	0.0	-100.0	0.5
SNP_566	0.208006	-0.012711	0.206092
SNP_567	0.23082	0.030096	0.498644
SNP_568	0.359175	-0.036417	0.043534
SNP_569	0.359175	-0.036417	0.043534
SNP_570	0.055556	0.043478	0.467291
SNP_571	0.176871	0.024326	0.552572
SNP_572	0.176871	0.024326	0.552572
SNP_573	0.176871	0.024326	0.552572
SNP_574	0.176871	0.024326	0.552572
SNP_575	0.436667	0.204436	0.976282
SNP_576	0.436667	0.204436	0.976282
SNP_577	0.0	-100.0	0.5
SNP_578	0.0	-100.0	0.5
SNP_579	0.0	-100.0	0.5
SNP_580	0.493056	-0.03368	0.091941
SNP_581	0.150888	-0.021491	0.201047
SNP_582	0.376587	0.100564	0.858804
SNP_583	0.473077	0.096364	0.82539
SNP_584	0.425	-0.010893	0.237579
SNP_585	0.060606	0.047619	1.0
SNP_586	0.265608	0.028289	0.580395
SNP_587	0.0	-100.0	0.5
SNP_588	0.027778	0.0	0.809652
SNP_589	0.051282	0.04	0.98646
SNP_590	0.048535	-0.018868	0.348637
SNP_591	0.0	-100.0	0.5
SNP_592	0.0	-100.0	0.5
SNP_593	0.027778	0.0	0.809652
SNP_594	0.193939	0.053366	0.670571
SNP_595	0.050595	-0.019608	0.310916
SNP_596	0.285	0.027393	0.574509
SNP_597	0.094276	-0.005102	0.364538
SNP_598	0.094276	-0.005102	0.364538
SNP_599	0.163194	-0.023458	0.133006
SNP_600	0.253086	0.010826	0.476239
SNP_601	0.094276	-0.005102	0.364538
SNP_602	0.27023	0.078615	0.787573
SNP_603	0.027778	0.0	0.809652
SNP_604	0.055556	0.043478	0.467291
SNP_605	0.0	-100.0	0.5
SNP_606	0.0	-100.0	0.5
SNP_607	0.0	-100.0	0.5
SNP_608	0.397959	-0.039719	0.018519
SNP_609	0.111111	0.018555	0.519529
SNP_610	0.0	-100.0	0.5
SNP_611	0.027778	0.0	0.809652
SNP_612	0.073413	-0.003003	0.136622
SNP_613	0.073413	-0.003003	0.136622
SNP_614	0.0	-100.0	0.5
SNP_615	0.0	-100.0	0.5
SNP_616	0.047619	0.037037	0.983283
SNP_617	0.033333	0.0	0.809652
SNP_618	0.0	-100.0	0.5
SNP_619	0.047619	0.037037	0.983283
SNP_620	0.161565	0.132164	0.910372
SNP_621	0.047619	0.037037	0.983283
SNP_622	0.0	-100.0	0.5
SNP_623	0.083333	0.066667	0.737155
SNP_624	0.092687	0.029562	0.575362
SNP_625	0.092687	0.029562	0.575362
SNP_626	0.092687	0.029562	0.575362
SNP_627	0.304695	0.06332	0.680223
SNP_628	0.0	-100.0	0.5
SNP_629	0.538927	0.292906	0.988619
SNP_630	0.377976	-0.052797	0.011612
SNP_631	0.377976	-0.052797	0.011612
SNP_632	0.377976	-0.052797	0.011612
SNP_633	0.066667	0.052632	1.0
SNP_634	0.066667	0.052632	1.0
SNP_635	0.066667	0.052632	1.0
SNP_636	0.0	-100.0	0.5
SNP_637	0.142857	0.185185	0.984176
SNP_638	0.055556	0.043478	0.467291
SNP_639	0.12482	-0.035883	0.0
SNP_640	0.12482	-0.035883	0.0
SNP_641	0.075758	-0.005291	0.131437
SNP_642	0.201042	-0.039178	0.047569
SNP_643	0.201042	-0.039178	0.047569
SNP_644	0.201042	-0.039178	0.047569
SNP_645	0.201042	-0.039178	0.047569
SNP_646	0.07326	0.003	0.150943
SNP_647	0.194444	0.26087	0.995398
SNP_648	0.609697	0.525504	0.999823
SNP_649	0.112821	0.003828	0.433145
SNP_650	0.02381	0.0	0.5
SNP_651	0.02381	0.0	0.5
SNP_652	0.248474	-0.012529	0.265112
SNP_653	0.207231	-0.032443	0.069908
SNP_654	0.207231	-0.032443	0.069908
SNP_655	0.098757	-0.03037	0.059759
SNP_656	0.098757	-0.03037	0.059759
SNP_657	0.0	-100.0	0.5
SNP_658	0.413889	-0.038058	0.027385
SNP_659	0.502938	-0.000216	0.392788
SNP_660	0.283598	0.014821	0.499677
SNP_661	0.283598	0.014821	0.499677
SNP_662	0.316087	0.043796	0.58367
SNP_663	0.30467	0.072976	0.72199
SNP_664	0.342687	-0.006102	0.323183
SNP_665	0.386054	-0.028148	0.121015
SNP_666	0.342687	-0.006102	0.323183
SNP_667	0.407513	0.135823	0.89634
SNP_668	0.060606	0.047619	1.0
SNP_669	0.274793	-0.022562	0.170189
SNP_670	0.076389	-0.030303	0.077864
SNP_671	0.076389	-0.030303	0.077864
SNP_672	0.0	-100.0	0.5
SNP_673	0.271547	0.035303	0.618111
SNP_674	0.271547	0.035303	0.618111
SNP_675	0.059229	-0.023256	0.09311
SNP_676	0.060606	0.047619	1.0
SNP_677	0.353989	0.251818	0.987388
SNP_678	0.416056	0.164465	0.934808
SNP_679	0.416056	0.164465	0.934808
SNP_680	0.366582	-0.032996	0.089273
SNP_681	0.366582	-0.032996	0.089273
SNP_682	0.366582	-0.032996	0.089273
SNP_683	0.408658	-0.058138	0.0
SNP_684	0.366582	-0.032996	0.089273
SNP_685	0.095238	0.001595	0.417361
SNP_686	0.095238	0.001595	0.417361
SNP_687	0.201917	0.037604	0.578151
SNP_688	0.201917	0.037604	0.578151
SNP_689	0.445887	0.107875	0.8876
SNP_690	0.055556	0.043478	0.467291
SNP_691	0.055556	0.043478	0.467291
SNP_692	0.518815	0.080459	0.738539
SNP_693	0.044444	0.034483	0.980021
SNP_694	0.047619	0.037037	0.983283
SNP_695	0.0	-100.0	0.5
SNP_696	0.0	-100.0	0.5
SNP_697	0.0	-100.0	0.5
SNP_698	0.027778	0.0	0.809652
SNP_699	0.027778	0.0	0.809652
SNP_700	0.40864	0.043476	0.619231
SNP_701	0.0	-100.0	0.5
SNP_702	0.0	-100.0	0.5
SNP_703	0.0	-100.0	0.5
SNP_704	0.0	-100.0	0.5
SNP_705	0.268519	-0.01826	0.19735
SNP_706	0.0	-100.0	0.5
SNP_707	0.472121	0.100881	0.83651
SNP_708	0.316429	-0.026374	0.120974
SNP_709	0.119792	0.017013	0.511435
SNP_710	0.119792	0.017013	0.511435
SNP_711	0.119792	0.017013	0.511435
SNP_712	0.119792	0.017013	0.511435
SNP_713	0.119792	0.017013	0.511435
SNP_714	0.363636	0.355976	0.999109
SNP_715	0.037037	0.0	0.809652
SNP_716	0.108466	-0.059867	0.0
SNP_717	0.419402	0.1479	0.935099
SNP_718	0.108466	-0.059867	0.0
SNP_719	0.096667	0.001815	0.418954
SNP_720	0.0	-100.0	0.5
SNP_721	0.07906	0.003525	0.152256
SNP_722	0.501948	-0.007225	0.324789
SNP_723	0.319048	-0.023566	0.139034
SNP_724	0.462963	0.073533	0.758101
SNP_725	0.462963	0.073533	0.758101
SNP_726	0.462963	0.073533	0.758101
SNP_727	0.027778	0.0	0.809652
SNP_728	0.336571	-0.046888	0.001252
SNP_729	0.025641	0.0	0.5
SNP_730	0.228293	-0.002629	0.283423
SNP_731	0.0	-100.0	0.5
SNP_732	0.112821	0.003828	0.433145
SNP_733	0.0	-100.0	0.5
SNP_734	0.0	-100.0	0.5
SNP_735	0.0	-100.0	0.5
SNP_736	0.410179	0.163857	0.934139
SNP_737	0.410179	0.163857	0.934139
SNP_738	0.463757	-0.034262	0.040666
SNP_739	0.055556	0.043478	0.467291
SNP_740	0.0	-100.0	0.5
SNP_741	0.0	-100.0	0.5
SNP_742	0.46978	0.268472	0.990985
SNP_743	0.46978	0.268472	0.990985
SNP_744	0.0	-100.0	0.5
SNP_745	0.216667	0.093117	0.780412
SNP_746	0.0	-100.0	0.5
SNP_747	0.483165	-0.032991	0.096813
SNP_748	0.0	-100.0	0.5
SNP_749	0.0	-100.0	0.5
SNP_750	0.0	-100.0	0.5
SNP_751	0.0	-100.0	0.5
SNP_752	0.0	-100.0	0.5
SNP_753	0.0	-100.0	0.5
SNP_754	0.0	-100.0	0.5
SNP_755	0.517574	0.185072	0.959498
SNP_756	0.48604	-0.019397	0.210385
SNP_757	0.518519	0.08021	0.737475
SNP_758	0.518519	0.08021	0.737475
SNP_759	0.512037	0.066892	0.675707
SNP_760	0.0	-100.0	0.5
SNP_761	0.047619	0.037037	0.983283
SNP_762	0.047619	0.037037	0.983283
SNP_763	0.481962	0.081217	0.782963
SNP_764	0.055556	0.043478	0.467291
SNP_765	0.0	-100.0	0.5
SNP_766	0.0	-100.0	0.5
SNP_767	0.519274	0.098322	0.806295
SNP_768	0.0	-100.0	0.5
SNP_769	0.504762	0.069553	0.783455
SNP_770	0.457407	0.130107	0.924308
SNP_771	0.5	0.201643	0.976178
SNP_772	0.515873	0.090949	0.780359
SNP_773	0.022222	0.0	0.5
SNP_774	0.0	-100.0	0.5
SNP_775	0.0	-100.0	0.5
SNP_776	0.096587	-0.0359	0.0
SNP_777	0.419643	0.166168	0.953211
SNP_778	0.491951	0.009862	0.465319
SNP_779	0.458251	-0.037892	0.063344
SNP_780	0.479524	-0.011093	0.269954
SNP_781	0.111111	0.090909	0.822963
SNP_782	0.450758	-0.040799	0.047856
SNP_783	0.450758	-0.040799	0.047856
SNP_784	0.450758	-0.040799	0.047856
SNP_785	0.074074	0.058824	1.0
SNP_786	0.531987	0.20213	0.95399
SNP_787	0.041667	0.0	0.809652
SNP_788	0.079254	-0.003529	0.135418
SNP_789	0.077381	0.005574	0.157495
SNP_790	0.027778	0.0	0.809652
SNP_791	0.027778	0.0	0.809652
SNP_792	0.0	-100.0	0.5
SNP_793	0.354437	0.027139	0.548791
SNP_794	0.130952	0.01049	0.498206
SNP_795	0.333807	0.003133	0.399287
SNP_796	0.0	-100.0	0.5
SNP_797	0.402381	-0.037574	0.03026
SNP_798	0.402381	-0.037574	0.03026
SNP_799	0.332112	-0.004611	0.276939
SNP_800	0.332112	-0.004611	0.276939
SNP_801	0.458333	0.032124	0.595668
SNP_802	0.139918	0.00346	0.449708
SNP_803	0.398526	0.159496	0.92917
SNP_804	0.192063	0.05706	0.690472
SNP_805	0.192063	0.05706	0.690472
SNP_806	0.192063	0.05706	0.690472
SNP_807	0.047619	0.037037	0.983283
SNP_808	0.170139	0.050932	0.686343
SNP_809	0.30303	0.102857	0.824221
SNP_810	0.254701	-0.00491	0.346133
SNP_811	0.254701	-0.00491	0.346133
SNP_812	0.130556	-0.039436	0.005799
SNP_813	0.413753	-0.012335	0.256381
SNP_814	0.091837	-0.037037	0.0
SNP_815	0.136054	0.040741	0.668424
SNP_816	0.055556	0.043478	0.467291
SNP_817	0.14	-0.019669	0.223198
SNP_818	0.157292	-0.01034	0.287255
SNP_819	0.087247	-0.047757	0.0
SNP_820	0.090629	-0.049536	0.0
SNP_821	0.087247	-0.047757	0.0
SNP_822	0.123457	0.004859	0.440154
SNP_823	0.123457	0.004859	0.440154
SNP_824	0.060606	0.047619	1.0
SNP_825	0.202381	0.132898	0.929751
SNP_826	0.454649	-0.038274	0.061178
SNP_827	0.454649	-0.038274	0.061178
SNP_828	0.486243	0.076058	0.81872
SNP_829	0.486243	0.076058	0.81872
SNP_830	0.047619	0.037037	0.983283
SNP_831	0.130769	-0.029709	0.098392
SNP_832	0.279554	0.166237	0.948551
SNP_833	0.231025	0.105698	0.819265
SNP_834	0.358586	0.134177	0.900065
SNP_835	0.112821	0.003828	0.433145
SNP_836	0.160256	-0.002311	0.367188
SNP_837	0.112821	0.003828	0.433145
SNP_838	0.047619	0.037037	0.983283
SNP_839	0.047619	0.037037	0.983283
SNP_840	0.075758	-0.005291	0.131437
SNP_841	0.0	-100.0	0.5
SNP_842	0.348214	-0.022005	0.171738
SNP_843	0.348214	-0.022005	0.171738
SNP_844	0.368056	-0.007926	0.282581
SNP_845	0.047619	0.037037	0.983283
SNP_846	0.047619	0.037037	0.983283
SNP_847	0.047619	0.037037	0.983283
SNP_848	0.0	-100.0	0.5
SNP_849	0.440025	0.034169	0.561759
SNP_850	0.0	-100.0	0.5
SNP_851	0.148025	-0.013776	0.291035
SNP_852	0.148025	-0.013776	0.291035
SNP_853	0.148025	-0.013776	0.291035
SNP_854	0.030303	0.0	0.809652
SNP_855	0.030303	0.0	0.809652
SNP_856	0.030303	0.0	0.809652
SNP_857	0.044444	0.034483	0.980021
SNP_858	0.202381	-0.046647	0.023747
SNP_859	0.02381	0.0	0.5
SNP_860	0.215476	-0.034045	0.06118
SNP_861	0.215476	-0.034045	0.06118
SNP_862	0.215476	-0.034045	0.06118
SNP_863	0.136763	-0.021992	0.194878
SNP_864	0.15788	-0.002593	0.364599
SNP_865	0.15788	-0.002593	0.364599
SNP_866	0.24169	-0.016753	0.21561
SNP_867	0.103395	-0.041894	0.0
SNP_868	0.103395	-0.041894	0.0
SNP_869	0.24169	-0.016753	0.21561
SNP_870	0.103395	-0.041894	0.0
SNP_871	0.030303	0.0	0.809652
SNP_872	0.059524	-0.022222	0.095293
SNP_873	0.269658	-0.02177	0.154137
SNP_874	0.0	-100.0	0.5
SNP_875	0.136364	0.006349	0.470676
SNP_876	0.136364	0.006349	0.470676
SNP_877	0.136364	0.006349	0.470676
SNP_878	0.172661	-0.027085	0.089087
SNP_879	0.033333	0.0	0.809652
SNP_880	0.033333	0.0	0.809652
SNP_881	0.441558	0.026016	0.558431
SNP_882	0.452214	0.042343	0.654109
SNP_883	0.352546	-0.033437	0.065954
SNP_884	0.352546	-0.033437	0.065954
SNP_885	0.352546	-0.033437	0.065954
SNP_886	0.280886	-0.028566	0.10891
SNP_887	0.0	-100.0	0.5
SNP_888	0.0	-100.0	0.5
SNP_889	0.047619	0.037037	0.983283
SNP_890	0.089744	-0.012857	0.291091
SNP_891	0.146164	-0.040855	0.001338
SNP_892	0.390377	0.14583	0.937659
SNP_893	0.205128	0.128056	0.922247
SNP_894	0.0	-100.0	0.5
SNP_895	0.448737	-0.033246	0.09266
SNP_896	0.448737	-0.033246	0.09266
SNP_897	0.448737	-0.033246	0.09266
SNP_898	0.393201	-0.001595	0.350985
SNP_899	0.393201	-0.001595	0.350985
SNP_900	0.221429	0.05002	0.600867
SNP_901	0.221429	0.05002	0.600867
SNP_902	0.221429	0.05002	0.600867
SNP_903	0.102564	0.12	0.907729
SNP_904	0.030303	0.0	0.809652
SNP_905	0.111111	0.002259	0.422143
SNP_906	0.225589	-0.034759	0.057456
SNP_907	0.225589	-0.034759	0.057456
SNP_908	0.047619	0.037037	0.983283
SNP_909	0.0	-100.0	0.5
SNP_910	0.0	-100.0	0.5
SNP_911	0.0	-100.0	0.5
SNP_912	0.0	-100.0	0.5
SNP_913	0.47123	0.148396	0.920399
SNP_914	0.494302	0.015259	0.502629
SNP_915	0.494302	0.015259	0.502629
SNP_916	0.494302	0.015259	0.502629
SNP_917	0.151515	0.069841	0.788513
SNP_918	0.151515	0.069841	0.788513
SNP_919	0.151515	0.069841	0.788513
SNP_920	0.0	-100.0	0.5
SNP_921	0.223333	0.190888	0.960607
SNP_922	0.2	0.074189	0.772049
SNP_923	0.28	-0.027569	0.118736
SNP_924	0.3322	0.093304	0.795816
SNP_925	0.358974	0.356364	0.99912
SNP_926	0.128205	0.16	0.987962
SNP_927	0.128205	0.16	0.987962
SNP_928	0.049074	-0.018868	0.348637
SNP_929	0.076923	-0.001111	0.141012
SNP_930	0.265625	0.132026	0.898684
SNP_931	0.199134	0.036789	0.573123
SNP_932	0.199134	0.036789	0.573123
SNP_933	0.199134	0.036789	0.573123
SNP_934	0.199134	0.036789	0.573123
SNP_935	0.199134	0.036789	0.573123
SNP_936	0.0	-100.0	0.5
SNP_937	0.0	-100.0	0.5
SNP_938	0.0	-100.0	0.5
SNP_939	0.0	-100.0	0.5
SNP_940	0.220238	0.008756	0.36703
SNP_941	0.366883	0.030439	0.55681
SNP_942	0.186224	0.017635	0.45068
SNP_943	0.217616	-0.013349	0.201219
SNP_944	0.217616	-0.013349	0.201219
SNP_945	0.141126	-0.037993	0.013705
SNP_946	0.421445	-0.02519	0.126213
SNP_947	0.332275	0.040136	0.564151
SNP_948	0.130952	0.046832	0.697053
SNP_949	0.130952	0.046832	0.697053
SNP_950	0.130952	0.046832	0.697053
SNP_951	0.289683	0.13076	0.90948
SNP_952	0.239796	-0.008353	0.310959
SNP_953	0.48254	-0.019739	0.180762
SNP_954	0.255411	0.104303	0.850934
SNP_955	0.076923	-0.001111	0.141012
SNP_956	0.190476	0.230769	0.991302
SNP_957	0.509829	0.207656	0.978606
SNP_958	0.487013	0.043392	0.676284
SNP_959	0.487013	0.043392	0.676284
SNP_960	0.487013	0.043392	0.676284
SNP_961	0.027778	0.0	0.809652
SNP_962	0.027778	0.0	0.809652
SNP_963	0.030303	0.0	0.809652
SNP_964	0.051282	0.04	0.98646
SNP_965	0.109524	-0.011442	0.305622
SNP_966	0.109524	-0.011442	0.305622
SNP_967	0.0	-100.0	0.5
SNP_968	0.111111	0.130435	0.933256
SNP_969	0.123626	-0.053037	0.0
SNP_970	0.184722	-0.063712	0.001984
SNP_971	0.111111	0.117647	0.901603
SNP_972	0.0	-100.0	0.5
SNP_973	0.02381	0.0	0.5
SNP_974	0.216783	-0.033583	0.063645
SNP_975	0.0	-100.0	0.5
SNP_976	0.054444	-0.020408	0.266895
SNP_977	0.076923	0.08	1.0
SNP_978	0.0	-100.0	0.5
SNP_979	0.061254	-0.023256	0.09311
SNP_980	0.030303	0.0	0.809652
SNP_981	0.056818	-0.022222	0.095293
SNP_982	0.025641	0.0	0.5
SNP_983	0.030303	0.0	0.809652
SNP_984	0.030303	0.0	0.809652
SNP_985	0.025641	0.0	0.5
SNP_986	0.0	-100.0	0.5
SNP_987	0.460938	0.056219	0.723781
SNP_988	0.0	-100.0	0.5
SNP_989	0.076389	-0.030303	0.077864
SNP_990	0.202381	0.030317	0.532777
SNP_991	0.359127	-0.01418	0.248446
SNP_992	0.519841	0.08475	0.756358
SNP_993	0.18315	0.0272	0.513261
SNP_994	0.025641	0.0	0.5
SNP_995	0.072727	-0.006705	0.128291
SNP_996	0.075758	-0.028571	0.081695
SNP_997	0.51472	0.042229	0.54019
SNP_998	0.202937	-0.030883	0.086676
SNP_999	0.51472	0.042229	0.54019
SNP_1000	0.202937	-0.030883	0.086676
SNP_1001	0.51472	0.042229	0.54019
SNP_1002	0.325521	0.057318	0.652142
SNP_1003	0.325521	0.057318	0.652142
SNP_1004	0.300347	0.080041	0.801773
SNP_1005	0.326389	-0.00827	0.249226
SNP_1006	0.076389	-0.030303	0.077864
SNP_1007	0.436508	0.011941	0.42069
SNP_1008	0.0	-100.0	0.5
SNP_1009	0.0	-100.0	0.5
SNP_1010	0.0	-100.0	0.5
SNP_1011	0.436508	0.011941	0.42069
SNP_1012	0.0	-100.0	0.5
SNP_1013	0.0	-100.0	0.5
SNP_1014	0.436508	0.011941	0.42069
SNP_1015	0.408702	-0.046807	0.000373
SNP_1016	0.514394	0.084514	0.755404
SNP_1017	0.514394	0.084514	0.755404
SNP_1018	0.496212	-0.025	0.160365
SNP_1019	0.214141	0.152709	0.918481
SNP_1020	0.514394	0.084514	0.755404
SNP_1021	0.230303	0.061338	0.654749
SNP_1022	0.133333	0.00344	0.449558
SNP_1023	0.483609	-0.037286	0.068372
SNP_1024	0.030303	0.0	0.809652
SNP_1025	0.030303	0.0	0.809652
SNP_1026	0.358586	-0.022466	0.167195
SNP_1027	0.478114	0.297432	0.995358
SNP_1028	0.346801	0.260259	0.989412
SNP_1029	0.478114	0.297432	0.995358
SNP_1030	0.452778	0.24297	0.989064
SNP_1031	0.452778	0.24297	0.989064
SNP_1032	0.5	-0.02309	0.14728
SNP_1033	0.5	-0.02309	0.14728
SNP_1034	0.130769	0.054902	0.732041
SNP_1035	0.479167	-0.003426	0.342458
SNP_1036	0.0	-100.0	0.5
SNP_1037	0.0	-100.0	0.5
SNP_1038	0.379365	0.150387	0.942608
SNP_1039	0.517705	0.167994	0.944619
SNP_1040	0.055556	0.043478	0.467291
SNP_1041	0.220679	0.180906	0.952001
SNP_1042	0.220679	0.180906	0.952001
SNP_1043	0.074074	0.058824	1.0
SNP_1044	0.112963	0.048615	0.663411
SNP_1045	0.511631	0.026246	0.442662
SNP_1046	0.511631	0.026246	0.442662
SNP_1047	0.511631	0.026246	0.442662
SNP_1048	0.146006	-0.044325	0.0
SNP_1049	0.060606	0.047619	1.0
SNP_1050	0.15974	-0.043778	0.0
SNP_1051	0.209957	-0.014063	0.195778
SNP_1052	0.060606	0.047619	1.0
SNP_1053	0.060606	0.047619	1.0
SNP_1054	0.0	-100.0	0.5
SNP_1055	0.169913	0.138004	0.919098
SNP_1056	0.49359	-0.030458	0.115642
SNP_1057	0.447443	0.008073	0.440234
SNP_1058	0.030303	0.0	0.809652
SNP_1059	0.234615	-0.004463	0.269438
SNP_1060	0.29321	-0.037208	0.036307
SNP_1061	0.030303	0.0	0.809652
SNP_1062	0.083916	0.006614	0.451698
SNP_1063	0.348252	0.07751	0.768593
SNP_1064	0.202381	0.132898	0.929751
SNP_1065	0.0	-100.0	0.5
SNP_1066	0.368298	0.1783	0.965361
SNP_1067	0.0	-100.0	0.5
SNP_1068	0.0	-100.0	0.5
SNP_1069	0.0	-100.0	0.5
SNP_1070	0.0	-100.0	0.5
SNP_1071	0.0	-100.0	0.5
SNP_1072	0.0	-100.0	0.5
SNP_1073	0.096667	0.001815	0.418954
SNP_1074	0.0	-100.0	0.5
SNP_1075	0.547212	0.220423	0.960351
SNP_1076	0.146006	0.080863	0.823905
SNP_1077	0.501705	-0.040143	0.005879
SNP_1078	0.501705	-0.040143	0.005879
SNP_1079	0.501705	-0.040143	0.005879
SNP_1080	0.482659	-0.014439	0.25636
SNP_1081	0.482659	-0.014439	0.25636
SNP_1082	0.073413	-0.003003	0.136622
SNP_1083	0.507937	-0.017416	0.212607
SNP_1084	0.284788	0.054496	0.709805
SNP_1085	0.487689	-0.051721	0.01088
SNP_1086	0.168687	0.141146	0.923508
SNP_1087	0.2162	-0.000116	0.302414
SNP_1088	0.261218	0.01007	0.471074
SNP_1089	0.0	-100.0	0.5
SNP_1090	0.430556	0.224293	0.983242
SNP_1091	0.430556	0.224293	0.983242
SNP_1092	0.478022	0.047935	0.656542
SNP_1093	0.0	-100.0	0.5
SNP_1094	0.376913	0.144985	0.936695
SNP_1095	0.251852	-0.036196	0.008416
SNP_1096	0.0	-100.0	0.5
SNP_1097	0.0	-100.0	0.5
SNP_1098	0.139194	0.038129	0.655547
SNP_1099	0.139194	0.038129	0.655547
SNP_1100	0.088889	0.001368	0.415708
SNP_1101	0.088889	0.001368	0.415708
SNP_1102	0.149573	0.041292	0.671095
SNP_1103	0.055556	0.043478	0.467291
SNP_1104	0.149573	0.041292	0.671095
SNP_1105	0.0	-100.0	0.5
SNP_1106	0.0	-100.0	0.5
SNP_1107	0.111111	0.130435	0.933256
SNP_1108	0.111111	0.130435	0.933256
SNP_1109	0.111111	0.130435	0.933256
SNP_1110	0.0	-100.0	0.5
SNP_1111	0.0	-100.0	0.5
SNP_1112	0.166667	0.119769	0.889376
SNP_1113	0.17326	-0.037645	0.001635
SNP_1114	0.17326	-0.037645	0.001635
SNP_1115	0.114899	0.042386	0.635824
SNP_1116	0.033333	0.0	0.809652
SNP_1117	0.329365	0.046651	0.598648
SNP_1118	0.0	-100.0	0.5
SNP_1119	0.041667	0.0	0.809652
SNP_1120	0.507252	-0.003239	0.364537
SNP_1121	0.507252	-0.003239	0.364537
SNP_1122	0.265079	0.108656	0.85966
SNP_1123	0.494444	-0.021652	0.189896
SNP_1124	0.487222	-0.03491	0.083529
SNP_1125	0.494444	-0.021652	0.189896
SNP_1126	0.143651	-0.03658	0.024249
SNP_1127	0.143651	-0.03658	0.024249
SNP_1128	0.111111	0.130435	0.933256
SNP_1129	0.047619	0.037037	0.983283
SNP_1130	0.0	-100.0	0.5
SNP_1131	0.504762	-0.003101	0.365863
SNP_1132	0.504762	-0.003101	0.365863
SNP_1133	0.478788	0.064814	0.726879
SNP_1134	0.111111	0.130435	0.933256
SNP_1135	0.0	-100.0	0.5
SNP_1136	0.0	-100.0	0.5
SNP_1137	0.0	-100.0	0.5
SNP_1138	0.0	-100.0	0.5
SNP_1139	0.0	-100.0	0.5
SNP_1140	0.143939	0.085213	0.836542
SNP_1141	0.281313	0.045619	0.669939
SNP_1142	0.085859	0.004202	0.435708
SNP_1143	0.44965	-0.042938	0.037965
SNP_1144	0.060606	0.047619	1.0
SNP_1145	0.11708	0.038656	0.618752
SNP_1146	0.0	-100.0	0.5
SNP_1147	0.37151	0.030377	0.556438
SNP_1148	0.060606	0.047619	1.0
SNP_1149	0.157123	-0.008605	0.305612
SNP_1150	0.201786	0.001087	0.323537
SNP_1151	0.419872	-0.045035	0.025168
SNP_1152	0.504252	-0.012098	0.272715
SNP_1153	0.055556	0.043478	0.467291
SNP_1154	0.055556	0.043478	0.467291
SNP_1155	0.357143	0.201347	0.967106
SNP_1156	0.357143	0.201347	0.967106
SNP_1157	0.357143	0.201347	0.967106
SNP_1158	0.357143	0.201347	0.967106
SNP_1159	0.357143	0.201347	0.967106
SNP_1160	0.091837	0.001372	0.415737
SNP_1161	0.48721	-0.034644	0.085316
SNP_1162	0.48721	-0.034644	0.085316
SNP_1163	0.07037	-0.004537	0.133132
SNP_1164	0.07037	-0.004537	0.133132
SNP_1165	0.0	-100.0	0.5
SNP_1166	0.15625	0.026087	0.56251
SNP_1167	0.15625	0.026087	0.56251
SNP_1168	0.41572	-0.059985	0.0
SNP_1169	0.078571	-0.007856	0.125759
SNP_1170	0.107226	0.002567	0.424335
SNP_1171	0.150714	-0.025641	0.14926
SNP_1172	0.150714	-0.025641	0.14926
SNP_1173	0.133333	0.157895	0.964337
SNP_1174	0.051282	0.04	0.98646
SNP_1175	0.051282	0.04	0.98646
SNP_1176	0.0	-100.0	0.5
SNP_1177	0.051282	0.04	0.98646
SNP_1178	0.318519	0.003495	0.337732
SNP_1179	0.4625	0.042516	0.655049
SNP_1180	0.403704	0.014463	0.466137
SNP_1181	0.284049	-0.020894	0.187742
SNP_1182	0.02381	0.0	0.5
SNP_1183	0.0	-100.0	0.5
SNP_1184	0.033333	0.0	0.809652
SNP_1185	0.033333	0.0	0.809652
SNP_1186	0.055556	0.043478	0.467291
SNP_1187	0.504299	-0.013485	0.257302
SNP_1188	0.047619	0.0	0.809652
SNP_1189	0.121212	0.142857	0.959842
SNP_1190	0.0	-100.0	0.5
SNP_1191	0.0	-100.0	0.5
SNP_1192	0.335317	-0.042232	0.011978
SNP_1193	0.335317	-0.042232	0.011978
SNP_1194	0.335317	-0.042232	0.011978
SNP_1195	0.0	-100.0	0.5
SNP_1196	0.152381	0.008603	0.486019
SNP_1197	0.0	-100.0	0.5
SNP_1198	0.088889	0.001368	0.415708
SNP_1199	0.143939	0.084934	0.835753
SNP_1200	0.143939	0.084934	0.835753
SNP_1201	0.143939	0.084934	0.835753
SNP_1202	0.143939	0.084934	0.835753
SNP_1203	0.497436	0.129028	0.932838
SNP_1204	0.0	-100.0	0.5
SNP_1205	0.505102	0.015794	0.51472
SNP_1206	0.0	-100.0	0.5
SNP_1207	0.0	-100.0	0.5
SNP_1208	0.441071	0.187457	0.967982
SNP_1209	0.025641	0.0	0.5
SNP_1210	0.025641	0.0	0.5
SNP_1211	0.025641	0.0	0.5
SNP_1212	0.0	-100.0	0.5
SNP_1213	0.0	-100.0	0.5
SNP_1214	0.435185	0.054501	0.67418
SNP_1215	0.435185	0.054501	0.67418
SNP_1216	0.435185	0.054501	0.67418
SNP_1217	0.051282	0.04	0.98646
SNP_1218	0.27417	-0.037084	0.037126
SNP_1219	0.051282	0.04	0.98646
SNP_1220	0.217687	0.061432	0.655178
SNP_1221	0.055556	0.043478	0.467291
SNP_1222	0.0	-100.0	0.5
SNP_1223	0.047619	0.037037	0.983283
SNP_1224	0.02381	0.0	0.5
SNP_1225	0.0	-100.0	0.5
SNP_1226	0.130159	0.035417	0.641793
SNP_1227	0.0	-100.0	0.5
SNP_1228	0.111111	0.117647	0.901603
SNP_1229	0.111111	0.117647	0.901603
SNP_1230	0.111111	0.117647	0.901603
SNP_1231	0.047619	0.0	0.809652
SNP_1232	0.0	-100.0	0.5
SNP_1233	0.17284	0.037632	0.623952
SNP_1234	0.415751	-0.02363	0.147553
SNP_1235	0.415751	-0.02363	0.147553
SNP_1236	0.415751	-0.02363	0.147553
SNP_1237	0.078571	-0.007856	0.125759
SNP_1238	0.033333	0.0	0.809652
SNP_1239	0.0	-100.0	0.5
SNP_1240	0.0	-100.0	0.5
SNP_1241	0.05303	-0.020408	0.266895
SNP_1242	0.05303	-0.020408	0.266895
SNP_1243	0.474603	0.066218	0.732133
SNP_1244	0.055556	0.043478	0.467291
SNP_1245	0.0	-100.0	0.5
SNP_1246	0.0	-100.0	0.5
SNP_1247	0.0	-100.0	0.5
SNP_1248	0.055556	0.043478	0.467291
SNP_1249	0.166667	0.078714	0.789518
SNP_1250	0.166667	0.078714	0.789518
SNP_1251	0.166667	0.078714	0.789518
SNP_1252	0.268353	-0.026548	0.095944
SNP_1253	0.416962	0.043871	0.6211
SNP_1254	0.268353	-0.026548	0.095944
SNP_1255	0.0	-100.0	0.5
SNP_1256	0.309524	0.095858	0.803784
SNP_1257	0.074074	0.058824	1.0
SNP_1258	0.403628	-0.020952	0.173552
SNP_1259	0.0	-100.0	0.5
SNP_1260	0.316667	-0.003622	0.284428
SNP_1261	0.0	-100.0	0.5
SNP_1262	0.0	-100.0	0.5
SNP_1263	0.0	-100.0	0.5
SNP_1264	0.488095	0.02723	0.580571
SNP_1265	0.478355	0.16139	0.935272
SNP_1266	0.270833	0.162287	0.934032
SNP_1267	0.270833	0.162287	0.934032
SNP_1268	0.0	-100.0	0.5
SNP_1269	0.0	-100.0	0.5
SNP_1270	0.453713	0.009647	0.451817
SNP_1271	0.173611	0.067271	0.751144
SNP_1272	0.409091	-0.030124	0.087035
SNP_1273	0.0	-100.0	0.5
SNP_1274	0.0	-100.0	0.5
SNP_1275	0.511325	0.03094	0.473234
SNP_1276	0.0	-100.0	0.5
SNP_1277	0.127946	0.003981	0.434196
SNP_1278	0.153458	-0.043225	0.0
SNP_1279	0.111111	0.002259	0.422143
SNP_1280	0.137731	-0.000546	0.418095
SNP_1281	0.291667	-0.040966	0.015699
SNP_1282	0.0	-100.0	0.5
SNP_1283	0.0	-100.0	0.5
SNP_1284	0.095238	0.111111	0.883901
SNP_1285	0.033333	0.0	0.809652
SNP_1286	0.071429	0.074074	1.0
SNP_1287	0.02381	0.0	0.5
SNP_1288	0.0	-100.0	0.5
SNP_1289	0.045238	-0.017544	0.408811
SNP_1290	0.037037	0.0	0.809652
SNP_1291	0.037037	0.0	0.809652
SNP_1292	0.073413	-0.003003	0.136622
SNP_1293	0.073413	-0.003003	0.136622
SNP_1294	0.340741	0.285671	0.993945
SNP_1295	0.030303	0.0	0.809652
SNP_1296	0.0	-100.0	0.5
SNP_1297	0.0	-100.0	0.5
SNP_1298	0.030303	0.0	0.809652
SNP_1299	0.0	-100.0	0.5
SNP_1300	0.0	-100.0	0.5
SNP_1301	0.341751	0.020106	0.509934
SNP_1302	0.341751	0.020106	0.509934
SNP_1303	0.341751	0.020106	0.509934
SNP_1304	0.341751	0.020106	0.509934
SNP_1305	0.148148	0.004412	0.456783
SNP_1306	0.0	-100.0	0.5
SNP_1307	0.0	-100.0	0.5
SNP_1308	0.317534	-0.030857	0.094312
SNP_1309	0.317534	-0.030857	0.094312
SNP_1310	0.077381	0.005574	0.157495
SNP_1311	0.106481	0.00189	0.419495
SNP_1312	0.0	-100.0	0.5
SNP_1313	0.0	-100.0	0.5
SNP_1314	0.0	-100.0	0.5
SNP_1315	0.477778	0.005336	0.41496
SNP_1316	0.477778	0.005336	0.41496
SNP_1317	0.0	-100.0	0.5
SNP_1318	0.0	-100.0	0.5
SNP_1319	0.030303	0.0	0.809652
SNP_1320	0.509734	0.034367	0.627249
SNP_1321	0.092308	0.001788	0.418759
SNP_1322	0.2	0.063071	0.721151
SNP_1323	0.212963	0.061893	0.657279
SNP_1324	0.248092	-0.014305	0.244641
SNP_1325	0.047619	0.0	0.809652
SNP_1326	0.345655	0.199485	0.966003
SNP_1327	0.345655	0.199485	0.966003
SNP_1328	0.50947	0.016709	0.52065
SNP_1329	0.499369	-0.011849	0.275457
SNP_1330	0.055556	0.043478	0.467291
SNP_1331	0.055556	0.043478	0.467291
SNP_1332	0.055556	0.043478	0.467291
SNP_1333	0.111111	0.117647	0.901603
SNP_1334	0.512472	0.033143	0.486835
SNP_1335	0.512472	0.033143	0.486835
SNP_1336	0.0	-100.0	0.5
SNP_1337	0.0	-100.0	0.5
SNP_1338	0.123611	0.051449	0.675588
SNP_1339	0.0	-100.0	0.5
SNP_1340	0.186508	0.090965	0.834594
SNP_1341	0.41164	0.055962	0.675162
SNP_1342	0.486195	-0.047598	0.021198
SNP_1343	0.486195	-0.047598	0.021198
SNP_1344	0.025641	0.0	0.5
SNP_1345	0.025641	0.0	0.5
SNP_1346	0.076923	0.08	1.0
SNP_1347	0.132479	0.077139	0.812502
SNP_1348	0.207126	0.014452	0.427838
SNP_1349	0.148148	0.058171	0.745292
SNP_1350	0.075758	-0.005291	0.131437
SNP_1351	0.139918	0.00346	0.449708
SNP_1352	0.139918	0.00346	0.449708
SNP_1353	0.139918	0.00346	0.449708
SNP_1354	0.139918	0.00346	0.449708
SNP_1355	0.139918	0.00346	0.449708
SNP_1356	0.139918	0.00346	0.449708
SNP_1357	0.174339	-0.024953	0.114697
SNP_1358	0.126984	0.016026	0.506222
SNP_1359	0.126984	0.016026	0.506222
SNP_1360	0.463065	-0.056645	0.0
SNP_1361	0.555886	0.29827	0.988211
SNP_1362	0.0	-100.0	0.5
SNP_1363	0.081019	-0.028571	0.0
SNP_1364	0.239969	0.025466	0.564695
SNP_1365	0.0	-100.0	0.5
SNP_1366	0.0	-100.0	0.5
SNP_1367	0.134632	-0.047893	0.0
SNP_1368	0.0	-100.0	0.5
SNP_1369	0.461538	-0.040668	0.048504
SNP_1370	0.461538	-0.040668	0.048504
SNP_1371	0.461538	-0.040668	0.048504
SNP_1372	0.455159	0.056052	0.723013
SNP_1373	0.463542	0.170826	0.944478
SNP_1374	0.0	-100.0	0.5
SNP_1375	0.231429	0.013371	0.398652
SNP_1376	0.231429	0.013371	0.398652
SNP_1377	0.231429	0.013371	0.398652
SNP_1378	0.258353	-0.038475	0.001373
SNP_1379	0.253205	-0.035243	0.013366
SNP_1380	0.253205	-0.035243	0.013366
SNP_1381	0.297727	0.037968	0.632063
SNP_1382	0.073413	-0.003003	0.136622
SNP_1383	0.468254	0.148774	0.920871
SNP_1384	0.046769	-0.018182	0.380974
SNP_1385	0.116497	-0.010543	0.314577
SNP_1386	0.0	-100.0	0.5
SNP_1387	0.448118	-0.043746	0.034568
SNP_1388	0.22033	-0.023854	0.124105
SNP_1389	0.22033	-0.023854	0.124105
SNP_1390	0.338095	0.203523	0.968355
SNP_1391	0.338095	0.203523	0.968355
SNP_1392	0.086111	-0.032258	0.031523
SNP_1393	0.0	-100.0	0.5
SNP_1394	0.083333	-0.030303	0.060788
SNP_1395	0.30575	-0.000543	0.307656
SNP_1396	0.32619	0.153711	0.92278
SNP_1397	0.524408	0.114101	0.852955
SNP_1398	0.085315	-0.046448	0.0
SNP_1399	0.085315	-0.046448	0.0
SNP_1400	0.060606	0.047619	1.0
SNP_1401	0.030303	0.0	0.809652
SNP_1402	0.190476	0.048309	0.642129
SNP_1403	0.545068	0.341116	0.994449
SNP_1404	0.060606	0.047619	1.0
SNP_1405	0.0	-100.0	0.5
SNP_1406	0.066667	-0.000821	0.141694
SNP_1407	0.492857	0.00963	0.463624
SNP_1408	0.094276	-0.005102	0.364538
SNP_1409	0.074074	0.058824	1.0
SNP_1410	0.074074	0.058824	1.0
SNP_1411	0.074074	0.058824	1.0
SNP_1412	0.074074	0.058824	1.0
SNP_1413	0.074074	0.058824	1.0
SNP_1414	0.074074	0.058824	1.0
SNP_1415	0.074074	0.058824	1.0
SNP_1416	0.395406	-0.011928	0.260181
SNP_1417	0.395406	-0.011928	0.260181
SNP_1418	0.395406	-0.011928	0.260181
SNP_1419	0.111111	0.130435	0.933256
SNP_1420	0.037037	0.0	0.809652
SNP_1421	0.282155	-0.024467	0.150309
SNP_1422	0.0	-100.0	0.5
SNP_1423	0.10373	0.025618	0.555764
SNP_1424	0.167677	0.034186	0.606311
SNP_1425	0.282051	0.234545	0.983534
SNP_1426	0.060606	0.047619	1.0
SNP_1427	0.355159	0.010146	0.449533
SNP_1428	0.057692	-0.022222	0.095293
SNP_1429	0.05235	-0.020408	0.266895
SNP_1430	0.057692	-0.022222	0.095293
SNP_1431	0.057692	-0.022222	0.095293
SNP_1432	0.175448	-0.035282	0.010916
SNP_1433	0.057692	-0.022222	0.095293
SNP_1434	0.083333	-0.001318	0.395448
SNP_1435	0.0	-100.0	0.5
SNP_1436	0.0	-100.0	0.5
SNP_1437	0.0	-100.0	0.5
SNP_1438	0.170799	0.053763	0.698476
SNP_1439	0.0	-100.0	0.5
SNP_1440	0.480453	0.023834	0.532888
SNP_1441	0.340326	0.324097	0.997689
SNP_1442	0.4375	0.042887	0.612107
SNP_1443	0.2675	-0.04498	0.0
SNP_1444	0.2675	-0.04498	0.0
SNP_1445	0.2675	-0.04498	0.0
SNP_1446	0.2675	-0.04498	0.0
SNP_1447	0.2675	-0.04498	0.0
SNP_1448	0.071429	0.074074	1.0
SNP_1449	0.025641	0.0	0.5
SNP_1450	0.341026	0.138661	0.906807
SNP_1451	0.025641	0.0	0.5
SNP_1452	0.025641	0.0	0.5
SNP_1453	0.0	-100.0	0.5
SNP_1454	0.047619	0.037037	0.983283
SNP_1455	0.136054	0.040741	0.668424
SNP_1456	0.407204	0.010224	0.43893
SNP_1457	0.083333	0.066667	0.737155
SNP_1458	0.066667	0.052632	1.0
SNP_1459	0.0	-100.0	0.5
SNP_1460	0.078571	-0.007856	0.125759
SNP_1461	0.078571	-0.007856	0.125759
SNP_1462	0.28953	-0.026502	0.129447
SNP_1463	0.266156	0.012949	0.490208
SNP_1464	0.409336	0.024226	0.52126
SNP_1465	0.501257	0.085619	0.832441
SNP_1466	0.395463	-0.018185	0.200477
SNP_1467	0.0	-100.0	0.5
SNP_1468	0.05303	-0.020408	0.266895
SNP_1469	0.060606	0.047619	1.0
SNP_1470	0.063988	-0.023256	0.09311
SNP_1471	0.111111	0.130435	0.933256
SNP_1472	0.063988	-0.023256	0.09311
SNP_1473	0.379063	-0.028305	0.119923
SNP_1474	0.379063	-0.028305	0.119923
SNP_1475	0.397245	-0.012154	0.258073
SNP_1476	0.0	-100.0	0.5
SNP_1477	0.0	-100.0	0.5
SNP_1478	0.121212	0.002757	0.42568
SNP_1479	0.121212	0.002757	0.42568
SNP_1480	0.427143	-0.022527	0.145374
SNP_1481	0.051282	0.04	0.98646
SNP_1482	0.055952	-0.021277	0.097282
SNP_1483	0.51577	0.084821	0.756644
SNP_1484	0.066667	0.052632	1.0
SNP_1485	0.066667	0.052632	1.0
SNP_1486	0.256283	-0.016709	0.216139
SNP_1487	0.433333	-0.008566	0.256909
SNP_1488	0.186813	-0.031574	0.082918
SNP_1489	0.202381	0.132898	0.929751
SNP_1490	0.0	-100.0	0.5
SNP_1491	0.233766	0.14952	0.913667
SNP_1492	0.0	-100.0	0.5
SNP_1493	0.273833	0.059611	0.73083
SNP_1494	0.081019	0.001242	0.460011
SNP_1495	0.071429	0.074074	1.0
SNP_1496	0.148889	-0.027643	0.124062
SNP_1497	0.500769	-0.021101	0.170077
SNP_1498	0.369312	0.037148	0.596429
SNP_1499	0.037037	0.0	0.809652
SNP_1500	0.076923	-0.001111	0.141012
SNP_1501	0.025641	0.0	0.5
SNP_1502	0.487397	0.038398	0.64833
SNP_1503	0.498834	0.016076	0.508012
SNP_1504	0.224588	-0.042673	0.023884
SNP_1505	0.025641	0.0	0.5
SNP_1506	0.306061	0.003793	0.339927
SNP_1507	0.306061	0.003793	0.339927
SNP_1508	0.047619	0.037037	0.983283
SNP_1509	0.499074	0.003443	0.424715
SNP_1510	0.182823	-0.039229	0.047369
SNP_1511	0.163729	-0.036547	0.004872
SNP_1512	0.292092	0.030038	0.58944
SNP_1513	0.510519	0.141743	0.910535
SNP_1514	0.296296	0.09373	0.839106
SNP_1515	0.296296	0.09373	0.839106
SNP_1516	0.478395	0.109582	0.856146
SNP_1517	0.250986	0.010325	0.472827
SNP_1518	0.0	-100.0	0.5
SNP_1519	0.443254	0.009638	0.451752
SNP_1520	0.0	-100.0	0.5
SNP_1521	0.21164	-0.027639	0.098858
SNP_1522	0.225084	0.028332	0.48926
SNP_1523	0.225084	0.028332	0.48926
SNP_1524	0.225084	0.028332	0.48926
SNP_1525	0.08547	-0.009333	0.326301
SNP_1526	0.162704	-0.045511	0.0
SNP_1527	0.0	-100.0	0.5
SNP_1528	0.0	-100.0	0.5
SNP_1529	0.0	-100.0	0.5
SNP_1530	0.496599	-0.043047	0.038162
SNP_1531	0.452381	0.007647	0.437046
SNP_1532	0.091837	0.001372	0.415737
SNP_1533	0.044444	0.034483	0.980021
SNP_1534	0.093867	-0.033635	0.013374
SNP_1535	0.399588	0.038469	0.595009
SNP_1536	0.399588	0.038469	0.595009
SNP_1537	0.306061	0.179607	0.94947
SNP_1538	0.166667	0.054615	0.702051
SNP_1539	0.166667	0.054615	0.702051
SNP_1540	0.393012	0.058834	0.6871
SNP_1541	0.373214	0.080916	0.800532
SNP_1542	0.373214	0.080916	0.800532
SNP_1543	0.0	-100.0	0.5
SNP_1544	0.0	-100.0	0.5
SNP_1545	0.0	-100.0	0.5
SNP_1546	0.033333	0.0	0.809652
SNP_1547	0.0	-100.0	0.5
SNP_1548	0.0	-100.0	0.5
SNP_1549	0.027778	0.0	0.809652
SNP_1550	0.136054	0.040741	0.668424
SNP_1551	0.066667	0.052632	1.0
SNP_1552	0.0	-100.0	0.5
SNP_1553	0.0	-100.0	0.5
SNP_1554	0.52399	0.239391	0.984896
SNP_1555	0.52399	0.239391	0.984896
SNP_1556	0.272109	0.036811	0.626053
SNP_1557	0.272109	0.036811	0.626053
SNP_1558	0.272109	0.036811	0.626053
SNP_1559	0.483225	-0.038361	0.062014
SNP_1560	0.483225	-0.038361	0.062014
SNP_1561	0.284788	0.054496	0.709805
SNP_1562	0.0	-100.0	0.5
SNP_1563	0.0	-100.0	0.5
SNP_1564	0.341558	-0.025546	0.13711
SNP_1565	0.341558	-0.025546	0.13711
SNP_1566	0.102564	0.12	0.907729
SNP_1567	0.489583	0.014657	0.498662
SNP_1568	0.222222	0.294118	0.996602
SNP_1569	0.083333	0.066667	0.737155
SNP_1570	0.375	0.004791	0.386528
SNP_1571	0.520591	0.290743	0.993908
SNP_1572	0.027778	0.0	0.809652
SNP_1573	0.027778	0.0	0.809652
SNP_1574	0.027778	0.0	0.809652
SNP_1575	0.027778	0.0	0.809652
SNP_1576	0.361869	0.153528	0.926363
SNP_1577	0.211905	0.012102	0.390113
SNP_1578	0.051282	0.04	0.98646
SNP_1579	0.261255	-0.027596	0.083742
SNP_1580	0.37295	-0.018895	0.191204
SNP_1581	0.37295	-0.018895	0.191204
SNP_1582	0.37295	-0.018895	0.191204
SNP_1583	0.0	-100.0	0.5
SNP_1584	0.136054	0.040741	0.668424
SNP_1585	0.0	-100.0	0.5
SNP_1586	0.378099	-0.020489	0.178436
SNP_1587	0.297619	0.026444	0.569071
SNP_1588	0.09623	0.024055	0.547869
SNP_1589	0.09623	0.024055	0.547869
SNP_1590	0.09623	0.024055	0.547869
SNP_1591	0.143504	-0.02446	0.16412
SNP_1592	0.022222	0.0	0.5
SNP_1593	0.051282	0.04	0.98646
SNP_1594	0.051282	0.04	0.98646
SNP_1595	0.077381	0.005574	0.157495
SNP_1596	0.0	-100.0	0.5
SNP_1597	0.505876	-0.018162	0.204012
SNP_1598	0.047619	0.037037	0.983283
SNP_1599	0.204444	0.060996	0.710806
SNP_1600	0.488636	0.11913	0.919082
SNP_1601	0.033333	0.0	0.809652
SNP_1602	0.033333	0.0	0.809652
SNP_1603	0.339394	-0.051699	0.0
SNP_1604	0.465278	0.113047	0.863355
SNP_1605	0.351136	0.027947	0.553165
SNP_1606	0.0	-100.0	0.5
SNP_1607	0.0	-100.0	0.5
SNP_1608	0.544785	0.248016	0.977423
SNP_1609	0.204365	0.080318	0.796837
SNP_1610	0.204365	0.080318	0.796837
SNP_1611	0.204365	0.080318	0.796837
SNP_1612	0.027778	0.0	0.809652
SNP_1613	0.46899	0.083238	0.789112
SNP_1614	0.0	-100.0	0.5
SNP_1615	0.0	-100.0	0.5
SNP_1616	0.030303	0.0	0.809652
SNP_1617	0.027778	0.0	0.809652
SNP_1618	0.027778	0.0	0.809652
SNP_1619	0.533333	0.1513	0.898542
SNP_1620	0.099206	0.002126	0.421191
SNP_1621	0.099206	0.002126	0.421191
SNP_1622	0.099206	0.002126	0.421191
SNP_1623	0.099206	0.002126	0.421191
SNP_1624	0.099206	0.002126	0.421191
SNP_1625	0.099206	0.002126	0.421191
SNP_1626	0.082011	-0.032258	0.0
SNP_1627	0.37	-0.007946	0.282413
SNP_1628	0.392208	-0.027984	0.106324
SNP_1629	0.133333	0.157895	0.964337
SNP_1630	0.0	-100.0	0.5
SNP_1631	0.356749	0.063571	0.719007
SNP_1632	0.4662	-0.012317	0.257701
SNP_1633	0.4662	-0.012317	0.257701
SNP_1634	0.4662	-0.012317	0.257701
SNP_1635	0.203755	0.001055	0.323277
SNP_1636	0.082051	-0.00625	0.0
SNP_1637	0.501389	-0.024025	0.13669
SNP_1638	0.501389	-0.024025	0.13669
SNP_1639	0.0	-100.0	0.5
SNP_1640	0.060606	0.047619	1.0
SNP_1641	0.044444	0.034483	0.980021
SNP_1642	0.276099	-0.046412	0.001486
SNP_1643	0.503739	-0.007539	0.321543
SNP_1644	0.485714	-0.0215	0.191264
SNP_1645	0.293651	0.029398	0.585858
SNP_1646	0.0	-100.0	0.5
SNP_1647	0.027778	0.0	0.809652
SNP_1648	0.055556	0.043478	0.467291
SNP_1649	0.055556	0.043478	0.467291
SNP_1650	0.430976	0.025413	0.509404
SNP_1651	0.430976	0.025413	0.509404
SNP_1652	0.430976	0.025413	0.509404
SNP_1653	0.430976	0.025413	0.509404
SNP_1654	0.561706	0.318308	0.991739
SNP_1655	0.0	-100.0	0.5
SNP_1656	0.330256	-0.02164	0.151943
SNP_1657	0.027778	0.0	0.809652
SNP_1658	0.442149	-0.035396	0.078433
SNP_1659	0.212121	0.10759	0.824602
SNP_1660	0.489057	-0.02058	0.199588
SNP_1661	0.500168	-0.011597	0.278224
SNP_1662	0.500168	-0.011597	0.278224
SNP_1663	0.13254	-0.02386	0.171644
SNP_1664	0.348485	-0.004842	0.334204
SNP_1665	0.586508	0.417566	0.998075
SNP_1666	0.586508	0.417566	0.998075
SNP_1667	0.351082	0.009888	0.447802
SNP_1668	0.0	-100.0	0.5
SNP_1669	0.472727	-0.045296	5.8e-05
SNP_1670	0.535393	0.291062	0.988297
SNP_1671	0.377778	0.25075	0.990353
SNP_1672	0.0	-100.0	0.5
SNP_1673	0.0	-100.0	0.5
SNP_1674	0.0	-100.0	0.5
SNP_1675	0.274359	0.135563	0.916076
SNP_1676	0.274359	0.135563	0.916076
SNP_1677	0.509921	0.01021	0.477211
SNP_1678	0.208333	0.090382	0.771167
SNP_1679	0.222222	0.068666	0.687237
SNP_1680	0.022222	0.0	0.5
SNP_1681	0.066667	0.052632	1.0
SNP_1682	0.066667	0.052632	1.0
SNP_1683	0.121212	0.002757	0.42568
SNP_1684	0.066667	0.052632	1.0
SNP_1685	0.066667	0.052632	1.0
SNP_1686	0.201587	-0.03586	0.061615
SNP_1687	0.201587	-0.03586	0.061615
SNP_1688	0.201587	-0.03586	0.061615
SNP_1689	0.121399	-0.0479	0.0
SNP_1690	0.0	-100.0	0.5
SNP_1691	0.0	-100.0	0.5
SNP_1692	0.501157	0.00762	0.458112
SNP_1693	0.0	-100.0	0.5
SNP_1694	0.0	-100.0	0.5
SNP_1695	0.055556	0.043478	0.467291
SNP_1696	0.0	-100.0	0.5
SNP_1697	0.0	-100.0	0.5
SNP_1698	0.5	-0.02171	0.163068
SNP_1699	0.223776	0.08244	0.74265
SNP_1700	0.274832	0.07683	0.791908
SNP_1701	0.429293	0.128357	0.907888
SNP_1702	0.293706	0.109297	0.873439
SNP_1703	0.509586	0.018339	0.53114
SNP_1704	0.0	-100.0	0.5
SNP_1705	0.0	-100.0	0.5
SNP_1706	0.388542	0.084521	0.812632
SNP_1707	0.0	-100.0	0.5
SNP_1708	0.113137	-0.063939	0.0
SNP_1709	0.381674	-0.006379	0.295589
SNP_1710	0.381674	-0.006379	0.295589
SNP_1711	0.133333	0.157895	0.964337
SNP_1712	0.133333	0.157895	0.964337
SNP_1713	0.133333	0.172414	0.976239
SNP_1714	0.0	-100.0	0.5
SNP_1715	0.333333	0.140523	0.909485
SNP_1716	0.333333	0.140523	0.909485
SNP_1717	0.333333	0.140523	0.909485
SNP_1718	0.333333	0.140523	0.909485
SNP_1719	0.25671	0.040597	0.64356
SNP_1720	0.297397	-0.038634	0.027502
SNP_1721	0.370574	0.016494	0.471033
SNP_1722	0.278571	-0.002949	0.366251
SNP_1723	0.236508	-0.039514	0.035506
SNP_1724	0.0	-100.0	0.5
SNP_1725	0.278571	-0.002949	0.366251
SNP_1726	0.278571	-0.002949	0.366251
SNP_1727	0.027778	0.0	0.809652
SNP_1728	0.063272	-0.02439	0.090706
SNP_1729	0.037037	0.0	0.809652
SNP_1730	0.037037	0.0	0.809652
SNP_1731	0.037037	0.0	0.809652
SNP_1732	0.027778	0.0	0.809652
SNP_1733	0.027778	0.0	0.809652
SNP_1734	0.220238	-0.046712	0.012665
SNP_1735	0.220238	-0.046712	0.012665
SNP_1736	0.220238	-0.046712	0.012665
SNP_1737	0.129293	0.031943	0.586966
SNP_1738	0.341077	0.00392	0.405255
SNP_1739	0.0	-100.0	0.5
SNP_1740	0.232764	0.028512	0.490231
SNP_1741	0.232764	0.028512	0.490231
SNP_1742	0.060606	0.047619	1.0
SNP_1743	0.055556	0.043478	0.467291
SNP_1744	0.446759	-0.015973	0.234959
SNP_1745	0.414609	-0.016233	0.219349
SNP_1746	0.271098	0.088068	0.813474
SNP_1747	0.033333	0.0	0.809652
SNP_1748	0.365634	-0.011606	0.251576
SNP_1749	0.161616	0.03624	0.616899
SNP_1750	0.074074	0.058824	1.0
SNP_1751	0.037037	0.0	0.809652
SNP_1752	0.161616	0.03624	0.616899
SNP_1753	0.161616	0.03624	0.616899
SNP_1754	0.037037	0.0	0.809652
SNP_1755	0.037037	0.0	0.809652
SNP_1756	0.165945	-0.044274	0.0
SNP_1757	0.112821	0.01348	0.492574
SNP_1758	0.163675	-0.027826	0.080423
SNP_1759	0.112821	0.01348	0.492574
SNP_1760	0.211905	0.012102	0.390113
SNP_1761	0.211905	0.012102	0.390113
SNP_1762	0.142857	0.035427	0.641844
SNP_1763	0.357183	0.090684	0.808299
SNP_1764	0.357183	0.090684	0.808299
SNP_1765	0.393939	0.187854	0.956588
SNP_1766	0.1	0.105263	0.867223
SNP_1767	0.0	-100.0	0.5
SNP_1768	0.203297	0.057204	0.691232
SNP_1769	0.203297	0.057204	0.691232
SNP_1770	0.0	-100.0	0.5
SNP_1771	0.462302	0.238415	0.988216
SNP_1772	0.253968	0.215996	0.97023
SNP_1773	0.204861	0.068533	0.747116
SNP_1774	0.030303	0.0	0.809652
SNP_1775	0.0	-100.0	0.5
SNP_1776	0.0	-100.0	0.5
SNP_1777	0.262175	-0.010315	0.289838
SNP_1778	0.051282	0.04	0.98646
SNP_1779	0.051282	0.04	0.98646
SNP_1780	0.051282	0.04	0.98646
SNP_1781	0.436372	0.055946	0.681423
SNP_1782	0.323362	-0.028225	0.109619
SNP_1783	0.323362	-0.028225	0.109619
SNP_1784	0.496581	0.340062	0.998289
SNP_1785	0.241077	-0.007487	0.320035
SNP_1786	0.051282	0.04	0.98646
SNP_1787	0.251852	-0.036196	0.008416
SNP_1788	0.251852	-0.036196	0.008416
SNP_1789	0.485256	0.048778	0.704609
SNP_1790	0.07037	-0.004537	0.133132
SNP_1791	0.0	-100.0	0.5
SNP_1792	0.0	-100.0	0.5
SNP_1793	0.0	-100.0	0.5
SNP_1794	0.0	-100.0	0.5
SNP_1795	0.0	-100.0	0.5
SNP_1796	0.0	-100.0	0.5
SNP_1797	0.0	-100.0	0.5
SNP_1798	0.030303	0.0	0.809652
SNP_1799	0.030303	0.0	0.809652
SNP_1800	0.316774	-0.033183	0.081672
SNP_1801	0.316774	-0.033183	0.081672
SNP_1802	0.316774	-0.033183	0.081672
SNP_1803	0.102564	0.12	0.907729
SNP_1804	0.514533	0.060185	0.641176
SNP_1805	0.514533	0.060185	0.641176
SNP_1806	0.500556	-0.004248	0.354738
SNP_1807	0.117477	-0.043478	0.0
SNP_1808	0.117477	-0.043478	0.0
SNP_1809	0.39881	-0.019249	0.190136
SNP_1810	0.047619	0.037037	0.983283
SNP_1811	0.047619	0.037037	0.983283
SNP_1812	0.0	-100.0	0.5
SNP_1813	0.07906	0.003525	0.152256
SNP_1814	0.07906	0.003525	0.152256
SNP_1815	0.374242	0.043114	0.630255
SNP_1816	0.181818	0.045129	0.623601
SNP_1817	0.0	-100.0	0.5
SNP_1818	0.051282	0.04	0.98646
SNP_1819	0.047619	0.037037	0.983283
SNP_1820	0.132035	0.029751	0.611796
SNP_1821	0.330688	-0.031721	0.089516
SNP_1822	0.338294	-0.038955	0.027495
SNP_1823	0.330688	-0.031721	0.089516
SNP_1824	0.157287	-0.003712	0.354166
SNP_1825	0.0	-100.0	0.5
SNP_1826	0.156667	0.025756	0.560653
SNP_1827	0.493827	0.011765	0.47894
SNP_1828	0.213492	-0.027133	0.102122
SNP_1829	0.025641	0.0	0.5
SNP_1830	0.025641	0.0	0.5
SNP_1831	0.0	-100.0	0.5
SNP_1832	0.507692	0.025956	0.578588
SNP_1833	0.104167	-0.006316	0.353985
SNP_1834	0.215833	-0.005893	0.258481
SNP_1835	0.065	-0.025641	0.088037
SNP_1836	0.109524	-0.011442	0.305622
SNP_1837	0.0	-100.0	0.5
SNP_1838	0.256231	0.006526	0.445477
SNP_1839	0.170799	0.053763	0.698476
SNP_1840	0.170799	0.053763	0.698476
SNP_1841	0.088889	0.001368	0.415708
SNP_1842	0.0	-100.0	0.5
SNP_1843	0.037037	0.0	0.809652
SNP_1844	0.139918	0.00346	0.449708
SNP_1845	0.127946	0.003981	0.434196
SNP_1846	0.216611	-0.034369	0.059477
SNP_1847	0.282051	0.118237	0.889865
SNP_1848	0.282051	0.118237	0.889865
SNP_1849	0.282051	0.118237	0.889865
SNP_1850	0.475524	0.036797	0.60264
SNP_1851	0.107639	0.019355	0.523703
SNP_1852	0.107639	0.019355	0.523703
SNP_1853	0.119048	0.028205	0.568672
SNP_1854	0.107639	0.019355	0.523703
SNP_1855	0.267196	0.166652	0.938047
SNP_1856	0.13254	-0.02386	0.171644
SNP_1857	0.383539	0.156254	0.948402
SNP_1858	0.068519	-0.027027	0.085055
SNP_1859	0.330128	0.033163	0.526281
SNP_1860	0.133333	0.00344	0.449558
SNP_1861	0.068519	-0.027027	0.085055
SNP_1862	0.133333	0.00344	0.449558
SNP_1863	0.0	-100.0	0.5
SNP_1864	0.0	-100.0	0.5
SNP_1865	0.48222	-0.030221	0.074511
SNP_1866	0.0	-100.0	0.5
SNP_1867	0.0	-100.0	0.5
SNP_1868	0.071429	0.074074	1.0
SNP_1869	0.0	-100.0	0.5
SNP_1870	0.265568	0.087033	0.810796
SNP_1871	0.265568	0.087033	0.810796
SNP_1872	0.291667	-0.04664	0.001263
SNP_1873	0.030303	0.0	0.809652
SNP_1874	0.037037	0.0	0.809652
SNP_1875	0.037037	0.0	0.809652
SNP_1876	0.037037	0.0	0.809652
SNP_1877	0.037037	0.0	0.809652
SNP_1878	0.060606	0.047619	1.0
SNP_1879	0.060606	0.047619	1.0
SNP_1880	0.232468	-0.007463	0.246416
SNP_1881	0.106667	0.005596	0.44506
SNP_1882	0.116942	-0.037748	0.0
SNP_1883	0.0	-100.0	0.5
SNP_1884	0.095238	0.076923	0.775213
SNP_1885	0.059722	-0.023256	0.09311
SNP_1886	0.059722	-0.023256	0.09311
SNP_1887	0.0	-100.0	0.5
SNP_1888	0.030303	0.0	0.809652
SNP_1889	0.516667	0.085567	0.759638
SNP_1890	0.516667	0.085567	0.759638
SNP_1891	0.516667	0.085567	0.759638
SNP_1892	0.047619	0.0	0.809652
SNP_1893	0.106481	0.00189	0.419495
SNP_1894	0.50201	-0.003662	0.360451
SNP_1895	0.50201	-0.003662	0.360451
SNP_1896	0.50201	-0.003662	0.360451
SNP_1897	0.50201	-0.003662	0.360451
SNP_1898	0.50201	-0.003662	0.360451
SNP_1899	0.0	-100.0	0.5
SNP_1900	0.211934	0.157053	0.924671
SNP_1901	0.0	-100.0	0.5
SNP_1902	0.435897	0.049735	0.649509
SNP_1903	0.122222	0.026373	0.559552
SNP_1904	0.356679	-0.023776	0.154331
SNP_1905	0.527056	0.105734	0.797967
SNP_1906	0.399573	0.017509	0.484312
SNP_1907	0.0	-100.0	0.5
SNP_1908	0.0	-100.0	0.5
SNP_1909	0.236427	-0.030867	0.07897
SNP_1910	0.033333	0.0	0.809652
SNP_1911	0.0	-100.0	0.5
SNP_1912	0.511231	0.024092	0.427951
SNP_1913	0.070076	-0.027027	0.085055
SNP_1914	0.255219	-0.03538	0.012585
SNP_1915	0.353432	0.065976	0.728156
SNP_1916	0.101496	0.029053	0.57286
SNP_1917	0.253373	0.073452	0.771974
SNP_1918	0.02381	0.0	0.5
SNP_1919	0.074074	0.058824	1.0
SNP_1920	0.229167	0.078788	0.728693
SNP_1921	0.229167	0.078788	0.728693
SNP_1922	0.229167	0.078788	0.728693
SNP_1923	0.413095	-0.037526	0.030552
SNP_1924	0.418831	-0.04264	0.032837
SNP_1925	0.418831	-0.04264	0.032837
SNP_1926	0.133333	0.157895	0.964337
SNP_1927	0.133333	0.157895	0.964337
SNP_1928	0.133333	0.157895	0.964337
SNP_1929	0.047619	0.037037	0.983283
SNP_1930	0.047619	0.037037	0.983283
SNP_1931	0.0	-100.0	0.5
SNP_1932	0.360938	-0.034505	0.057532
SNP_1933	0.404167	0.034246	0.573836
SNP_1934	0.0	-100.0	0.5
SNP_1935	0.149573	0.041292	0.671095
SNP_1936	0.149573	0.041292	0.671095
SNP_1937	0.149573	0.041292	0.671095
SNP_1938	0.149573	0.041292	0.671095
SNP_1939	0.179167	0.04284	0.649458
SNP_1940	0.192708	0.034234	0.557265
SNP_1941	0.146914	-0.06015	0.0
SNP_1942	0.179167	0.04284	0.649458
SNP_1943	0.386667	-0.013789	0.233261
SNP_1944	0.123457	0.004859	0.440154
SNP_1945	0.455128	-0.045805	0.026754
SNP_1946	0.416931	-0.032661	0.065528
SNP_1947	0.416931	-0.032661	0.065528
SNP_1948	0.102564	0.12	0.907729
SNP_1949	0.102564	0.12	0.907729
SNP_1950	0.0	-100.0	0.5
SNP_1951	0.0	-100.0	0.5
SNP_1952	0.0	-100.0	0.5
SNP_1953	0.389795	0.110304	0.881395
SNP_1954	0.389795	0.110304	0.881395
SNP_1955	0.389795	0.110304	0.881395
SNP_1956	0.065	-0.025641	0.088037
SNP_1957	0.078571	-0.030303	0.077864
SNP_1958	0.041667	0.0	0.809652
SNP_1959	0.055556	0.0	0.143639
SNP_1960	0.326984	0.009728	0.382696
SNP_1961	0.0	-100.0	0.5
SNP_1962	0.0	-100.0	0.5
SNP_1963	0.0	-100.0	0.5
SNP_1964	0.0	-100.0	0.5
SNP_1965	0.0	-100.0	0.5
SNP_1966	0.0	-100.0	0.5
SNP_1967	0.0	-100.0	0.5
SNP_1968	0.047619	0.037037	0.983283
SNP_1969	0.131944	0.00778	0.480518
SNP_1970	0.131944	0.00778	0.480518
SNP_1971	0.131944	0.00778	0.480518
SNP_1972	0.161111	0.033087	0.600558
SNP_1973	0.155291	-0.000353	0.384738
SNP_1974	0.0	-100.0	0.5
SNP_1975	0.482051	-0.032238	0.056753
SNP_1976	0.514103	0.213099	0.975714
SNP_1977	0.104167	0.040994	0.629502
SNP_1978	0.104167	0.040994	0.629502
SNP_1979	0.050595	-0.019608	0.310916
SNP_1980	0.099206	0.002126	0.421191
SNP_1981	0.099206	0.002126	0.421191
SNP_1982	0.099206	0.002126	0.421191
SNP_1983	0.233173	-0.039701	0.03475
SNP_1984	0.233173	-0.039701	0.03475
SNP_1985	0.063988	-0.023256	0.09311
SNP_1986	0.431494	0.061335	0.707428
SNP_1987	0.0	-100.0	0.5
SNP_1988	0.0	-100.0	0.5
SNP_1989	0.0	-100.0	0.5
SNP_1990	0.0	-100.0	0.5
SNP_1991	0.0	-100.0	0.5
SNP_1992	0.0	-100.0	0.5
SNP_1993	0.484848	-0.012293	0.276383
SNP_1994	0.206916	0.008854	0.385535
SNP_1995	0.206916	0.008854	0.385535
SNP_1996	0.15788	-0.002593	0.364599
SNP_1997	0.111111	0.090909	0.822963
SNP_1998	0.454359	0.138707	0.935014
SNP_1999	0.1	0.105263	0.867223
SNP_2000	0.121212	0.142857	0.959842
SNP_2001	0.041667	0.0	0.809652
SNP_2002	0.0	-100.0	0.5
SNP_2003	0.0	-100.0	0.5
SNP_2004	0.0	-100.0	0.5
SNP_2005	0.0	-100.0	0.5
SNP_2006	0.0	-100.0	0.5
SNP_2007	0.0	-100.0	0.5
SNP_2008	0.0	-100.0	0.5
SNP_2009	0.0	-100.0	0.5
SNP_2010	0.327824	-0.031773	0.089231
SNP_2011	0.025641	0.0	0.5
SNP_2012	0.370833	0.073372	0.772973
SNP_2013	0.370833	0.073372	0.772973
SNP_2014	0.370833	0.073372	0.772973
SNP_2015	0.0	-100.0	0.5
SNP_2016	0.0	-100.0	0.5
SNP_2017	0.111111	0.117647	0.901603
SNP_2018	0.111111	0.117647	0.901603
SNP_2019	0.431217	0.056171	0.682541
SNP_2020	0.268519	-0.034278	0.019496
SNP_2021	0.148148	0.176471	0.978999
SNP_2022	0.148148	0.176471	0.978999
SNP_2023	0.044444	0.034483	0.980021
SNP_2024	0.044444	0.034483	0.980021
SNP_2025	0.030303	0.0	0.809652
SNP_2026	0.365133	0.065083	0.73904
SNP_2027	0.272727	0.099803	0.853441
SNP_2028	0.0	-100.0	0.5
SNP_2029	0.425	0.138481	0.923159
SNP_2030	0.027778	0.0	0.809652
SNP_2031	0.515152	0.052306	0.598101
SNP_2032	0.0	-100.0	0.5
SNP_2033	0.02381	0.0	0.5
SNP_2034	0.055556	0.043478	0.467291
SNP_2035	0.055556	0.043478	0.467291
SNP_2036	0.055556	0.043478	0.467291
SNP_2037	0.348651	-0.015355	0.237092
SNP_2038	0.209957	-0.008877	0.235536
SNP_2039	0.180556	-0.030008	0.091559
SNP_2040	0.051282	0.04	0.98646
SNP_2041	0.051282	0.04	0.98646
SNP_2042	0.051282	0.04	0.98646
SNP_2043	0.051282	0.04	0.98646
SNP_2044	0.051282	0.04	0.98646
SNP_2045	0.0	-100.0	0.5
SNP_2046	0.273504	-0.014426	0.255458
SNP_2047	0.273504	-0.014426	0.255458
SNP_2048	0.507295	0.01889	0.534663
SNP_2049	0.296577	-0.004123	0.355718
SNP_2050	0.507295	0.01889	0.534663
SNP_2051	0.439394	-0.018871	0.173127
SNP_2052	0.075926	0.007423	0.162393
SNP_2053	0.267196	-0.05067	0.0
SNP_2054	0.122896	0.029354	0.574341
SNP_2055	0.0	-100.0	0.5
SNP_2056	0.377976	0.035794	0.58855
SNP_2057	0.0	-100.0	0.5
SNP_2058	0.0	-100.0	0.5
SNP_2059	0.497835	-0.040326	0.051233
SNP_2060	0.075758	-0.005291	0.131437
SNP_2061	0.373593	-0.034349	0.081205
SNP_2062	0.373593	-0.034349	0.081205
SNP_2063	0.373593	-0.034349	0.081205
SNP_2064	0.047619	0.0	0.809652
SNP_2065	0.037037	0.0	0.809652
SNP_2066	0.468254	0.165381	0.939318
SNP_2067	0.468254	0.165381	0.939318
SNP_2068	0.468254	0.165381	0.939318
SNP_2069	0.468254	0.165381	0.939318
SNP_2070	0.133333	0.04324	0.680406
SNP_2071	0.133333	0.04324	0.680406
SNP_2072	0.484568	0.033862	0.621616
SNP_2073	0.513605	0.054148	0.608384
SNP_2074	0.493771	0.058454	0.750602
SNP_2075	0.493771	0.058454	0.750602
SNP_2076	0.382828	0.036993	0.59553
SNP_2077	0.514325	0.070985	0.695686
SNP_2078	0.1	0.105263	0.867223
SNP_2079	0.160431	0.046329	0.665767
SNP_2080	0.274359	0.135563	0.916076
SNP_2081	0.279461	0.028983	0.583525
SNP_2082	0.500992	-0.032955	0.046718
SNP_2083	0.465035	0.036362	0.600416
SNP_2084	0.145833	0.05176	0.718809
SNP_2085	0.503401	0.013408	0.499141
SNP_2086	0.0	-100.0	0.5
SNP_2087	0.0	-100.0	0.5
SNP_2088	0.201058	0.074303	0.772531
SNP_2089	0.201058	0.074303	0.772531
SNP_2090	0.201058	0.074303	0.772531
SNP_2091	0.384524	0.068962	0.755406
SNP_2092	0.185897	-0.018045	0.170591
SNP_2093	0.0	-100.0	0.5
SNP_2094	0.051282	0.04	0.98646
SNP_2095	0.051282	0.04	0.98646
SNP_2096	0.051282	0.04	0.98646
SNP_2097	0.111111	0.130435	0.933256
SNP_2098	0.238333	0.043062	0.565898
SNP_2099	0.090909	-0.001587	0.393345
SNP_2100	0.037037	0.0	0.809652
SNP_2101	0.062121	-0.02439	0.090706
SNP_2102	0.02381	0.0	0.5
SNP_2103	0.284024	-0.024954	0.145274
SNP_2104	0.2258	0.000909	0.310089
SNP_2105	0.2258	0.000909	0.310089
SNP_2106	0.2258	0.000909	0.310089
SNP_2107	0.2258	0.000909	0.310089
SNP_2108	0.448718	0.196119	0.976082
SNP_2109	0.0	-100.0	0.5
SNP_2110	0.0	-100.0	0.5
SNP_2111	0.0	-100.0	0.5
SNP_2112	0.210826	0.085533	0.754053
SNP_2113	0.0	-100.0	0.5
SNP_2114	0.0	-100.0	0.5
SNP_2115	0.0	-100.0	0.5
SNP_2116	0.0	-100.0	0.5
SNP_2117	0.0	-100.0	0.5
SNP_2118	0.0	-100.0	0.5
SNP_2119	0.041667	0.0	0.809652
SNP_2120	0.041667	0.0	0.809652
SNP_2121	0.0	-100.0	0.5
SNP_2122	0.041667	0.0	0.809652
SNP_2123	0.041667	0.0	0.809652
SNP_2124	0.409877	0.069829	0.729636
SNP_2125	0.409877	0.069829	0.729636
SNP_2126	0.0	-100.0	0.5
SNP_2127	0.152381	0.008603	0.486019
SNP_2128	0.033333	0.0	0.809652
SNP_2129	0.22417	-0.010722	0.221344
SNP_2130	0.090909	0.095238	0.83681
SNP_2131	0.0	-100.0	0.5
SNP_2132	0.0	-100.0	0.5
SNP_2133	0.0	-100.0	0.5
SNP_2134	0.0	-100.0	0.5
SNP_2135	0.4942	0.15405	0.957951
SNP_2136	0.190476	0.113105	0.894004
SNP_2137	0.190476	0.113105	0.894004
SNP_2138	0.0	-100.0	0.5
SNP_2139	0.336218	0.310924	0.996723
SNP_2140	0.027778	0.0	0.809652
SNP_2141	0.027778	0.0	0.809652
SNP_2142	0.282407	0.00784	0.453119
SNP_2143	0.495106	0.081526	0.836144
SNP_2144	0.0	-100.0	0.5
SNP_2145	0.0	-100.0	0.5
SNP_2146	0.0	-100.0	0.5
SNP_2147	0.037037	0.0	0.809652
SNP_2148	0.0	-100.0	0.5
SNP_2149	0.0	-100.0	0.5
SNP_2150	0.305556	0.109664	0.842227
SNP_2151	0.078571	-0.030303	0.077864
SNP_2152	0.25	0.333333	0.996232
SNP_2153	0.360544	-0.014172	0.248523
SNP_2154	0.051282	0.04	0.98646
SNP_2155	0.051282	0.04	0.98646
SNP_2156	0.051282	0.04	0.98646
SNP_2157	0.051282	0.04	0.98646
SNP_2158	0.232742	0.08339	0.746193
SNP_2159	0.24359	0.069665	0.759828
SNP_2160	0.055556	0.043478	0.467291
SNP_2161	0.130536	0.01568	0.530332
SNP_2162	0.282407	0.003789	0.422636
SNP_2163	0.383069	0.020081	0.493974
SNP_2164	0.383069	0.020081	0.493974
SNP_2165	0.099206	0.002126	0.421191
SNP_2166	0.0	-100.0	0.5
SNP_2167	0.0	-100.0	0.5
SNP_2168	0.229243	0.023586	0.46262
SNP_2169	0.229243	0.023586	0.46262
SNP_2170	0.09623	0.024055	0.547869
SNP_2171	0.09623	0.024055	0.547869
SNP_2172	0.385762	-0.041123	0.046715
SNP_2173	0.385762	-0.041123	0.046715
SNP_2174	0.216667	0.079131	0.730027
SNP_2175	0.492361	0.018775	0.525785
SNP_2176	0.492361	0.018775	0.525785
SNP_2177	0.074074	0.058824	1.0
SNP_2178	0.294048	-0.003251	0.363561
SNP_2179	0.047619	0.0	0.809652
SNP_2180	0.047619	0.0	0.809652
SNP_2181	0.047619	0.0	0.809652
SNP_2182	0.086111	-0.004207	0.372114
SNP_2183	0.096667	0.001815	0.418954
SNP_2184	0.0	-100.0	0.5
SNP_2185	0.0	-100.0	0.5
SNP_2186	0.257407	0.235895	0.978195
SNP_2187	0.394841	-0.010659	0.271938
SNP_2188	0.0	-100.0	0.5
SNP_2189	0.10101	0.003744	0.432567
SNP_2190	0.025641	0.0	0.5
SNP_2191	0.0	-100.0	0.5
SNP_2192	0.0	-100.0	0.5
SNP_2193	0.0	-100.0	0.5
SNP_2194	0.0	-100.0	0.5
SNP_2195	0.166667	0.210526	0.982637
SNP_2196	0.529304	0.151875	0.899439
SNP_2197	0.071429	0.074074	1.0
SNP_2198	0.342491	-0.035149	0.052653
SNP_2199	0.342491	-0.035149	0.052653
SNP_2200	0.342491	-0.035149	0.052653
SNP_2201	0.055556	0.043478	0.467291
SNP_2202	0.0	-100.0	0.5
SNP_2203	0.025641	0.0	0.5
SNP_2204	0.0	-100.0	0.5
SNP_2205	0.0	-100.0	0.5
SNP_2206	0.0	-100.0	0.5
SNP_2207	0.523148	0.154846	0.92955
SNP_2208	0.399148	0.055075	0.671404
SNP_2209	0.096296	0.002537	0.424123
SNP_2210	0.281746	-0.037172	0.036544
SNP_2211	0.069728	0.000903	0.145804
SNP_2212	0.399711	-0.021204	0.171099
SNP_2213	0.177156	0.066291	0.747602
SNP_2214	0.532601	0.156172	0.905903
SNP_2215	0.486772	0.102813	0.889964
SNP_2216	0.0	-100.0	0.5
SNP_2217	0.0	-100.0	0.5
SNP_2218	0.32197	0.006944	0.362877
SNP_2219	0.0	-100.0	0.5
SNP_2220	0.484375	0.232788	0.989858
SNP_2221	0.027778	0.0	0.809652
SNP_2222	0.027778	0.0	0.809652
SNP_2223	0.027778	0.0	0.809652
SNP_2224	0.127946	0.003981	0.434196
SNP_2225	0.127946	0.003981	0.434196
SNP_2226	0.142857	0.012635	0.511588
SNP_2227	0.142857	0.012635	0.511588
SNP_2228	0.0	-100.0	0.5
SNP_2229	0.537296	0.179433	0.934451
SNP_2230	0.537296	0.179433	0.934451
SNP_2231	0.229167	0.098814	0.798743
SNP_2232	0.0	-100.0	0.5
SNP_2233	0.358025	-0.041785	0.013715
SNP_2234	0.340535	-0.01212	0.2681
SNP_2235	0.358025	-0.041785	0.013715
SNP_2236	0.530476	0.200862	0.953071
SNP_2237	0.530476	0.200862	0.953071
SNP_2238	0.0	-100.0	0.5
SNP_2239	0.0	-100.0	0.5
SNP_2240	0.479021	0.094631	0.820947
SNP_2241	0.0	-100.0	0.5
SNP_2242	0.45697	-0.005531	0.328794
SNP_2243	0.244108	-0.028057	0.078488
SNP_2244	0.288265	-0.038766	0.026745
SNP_2245	0.056818	-0.022222	0.095293
SNP_2246	0.056818	-0.022222	0.095293
SNP_2247	0.18315	0.0272	0.513261
SNP_2248	0.033333	0.0	0.809652
SNP_2249	0.033333	0.0	0.809652
SNP_2250	0.082251	0.008772	0.508438
SNP_2251	0.082251	0.008772	0.508438
SNP_2252	0.022222	0.0	0.5
SNP_2253	0.02381	0.0	0.5
SNP_2254	0.407969	0.012992	0.456951
SNP_2255	0.0	-100.0	0.5
SNP_2256	0.502755	-0.037242	0.017577
SNP_2257	0.060606	0.047619	1.0
SNP_2258	0.502755	-0.037242	0.017577
SNP_2259	0.233974	0.190685	0.960446
SNP_2260	0.044444	0.034483	0.980021
SNP_2261	0.070076	-0.027027	0.085055
SNP_2262	0.074074	0.058824	1.0
SNP_2263	0.330614	0.03166	0.518056
SNP_2264	0.290598	0.17885	0.958072
SNP_2265	0.030303	0.0	0.809652
SNP_2266	0.074074	0.058824	1.0
SNP_2267	0.215385	0.059649	0.64698
SNP_2268	0.481685	0.002802	0.395183
SNP_2269	0.071429	0.074074	1.0
SNP_2270	0.205247	0.174701	0.971133
SNP_2271	0.25755	0.006365	0.444259
SNP_2272	0.0	-100.0	0.5
SNP_2273	0.0	-100.0	0.5
SNP_2274	0.356944	0.018749	0.502309
SNP_2275	0.356944	0.018749	0.502309
SNP_2276	0.356944	0.018749	0.502309
SNP_2277	0.320716	-0.010018	0.23604
SNP_2278	0.157022	-0.047776	0.0
SNP_2279	0.18648	-0.044952	0.028233
SNP_2280	0.202381	0.128919	0.923638
SNP_2281	0.082051	-0.00625	0.0
SNP_2282	0.104396	-0.039636	0.0
SNP_2283	0.104396	-0.039636	0.0
SNP_2284	0.104396	-0.039636	0.0
SNP_2285	0.0	-100.0	0.5
SNP_2286	0.280992	-0.052359	0.0
SNP_2287	0.0	-100.0	0.5
SNP_2288	0.440171	0.097003	0.839503
SNP_2289	0.0	-100.0	0.5
SNP_2290	0.0	-100.0	0.5
SNP_2291	0.0	-100.0	0.5
SNP_2292	0.142857	0.185185	0.984176
SNP_2293	0.0	-100.0	0.5
SNP_2294	0.496337	0.012878	0.486671
SNP_2295	0.055556	0.043478	0.467291
SNP_2296	0.0	-100.0	0.5
SNP_2297	0.0	-100.0	0.5
SNP_2298	0.0	-100.0	0.5
SNP_2299	0.0	-100.0	0.5
SNP_2300	0.0	-100.0	0.5
SNP_2301	0.0	-100.0	0.5
SNP_2302	0.28663	-0.033151	0.066941
SNP_2303	0.0	-100.0	0.5
SNP_2304	0.305195	-0.057732	0.006495
SNP_2305	0.212698	0.15034	0.914927
SNP_2306	0.0	-100.0	0.5
SNP_2307	0.027778	0.0	0.809652
SNP_2308	0.0	-100.0	0.5
SNP_2309	0.498101	0.048111	0.701206
SNP_2310	0.0	-100.0	0.5
SNP_2311	0.0	-100.0	0.5
SNP_2312	0.093939	0.005093	0.441721
SNP_2313	0.466891	-0.033795	0.044201
SNP_2314	0.0	-100.0	0.5
SNP_2315	0.0	-100.0	0.5
SNP_2316	0.095238	0.111111	0.883901
SNP_2317	0.077104	-0.041485	0.05009
SNP_2318	0.116667	0.00316	0.428511
SNP_2319	0.116667	0.00316	0.428511
SNP_2320	0.116667	0.00316	0.428511
SNP_2321	0.116667	0.00316	0.428511
SNP_2322	0.111111	0.130435	0.933256
SNP_2323	0.0	-100.0	0.5
SNP_2324	0.320295	0.030157	0.509829
SNP_2325	0.055556	0.043478	0.467291
SNP_2326	0.0	-100.0	0.5
SNP_2327	0.074074	0.058824	1.0
SNP_2328	0.212121	0.054718	0.623736
SNP_2329	0.120988	0.035186	0.602493
SNP_2330	0.120988	0.035186	0.602493
SNP_2331	0.0	-100.0	0.5
SNP_2332	0.488426	0.112673	0.908612
SNP_2333	0.163792	0.001956	0.404474
SNP_2334	0.163792	0.001956	0.404474
SNP_2335	0.055556	0.043478	0.467291
SNP_2336	0.055556	0.043478	0.467291
SNP_2337	0.055556	0.043478	0.467291
SNP_2338	0.106996	0.002262	0.422164
SNP_2339	0.430014	-0.045247	0.024551
SNP_2340	0.460317	0.049132	0.689673
SNP_2341	0.364802	-0.003366	0.320746
SNP_2342	0.030303	0.0	0.809652
SNP_2343	0.030303	0.0	0.809652
SNP_2344	0.030303	0.0	0.809652
SNP_2345	0.128205	0.009333	0.46867
SNP_2346	0.128205	0.009333	0.46867
SNP_2347	0.0	-100.0	0.5
SNP_2348	0.074074	0.058824	1.0
SNP_2349	0.348485	0.216671	0.97507
SNP_2350	0.0	-100.0	0.5
SNP_2351	0.142857	0.012635	0.511588
SNP_2352	0.5	-0.00772	0.319665
SNP_2353	0.0	-100.0	0.5
SNP_2354	0.0	-100.0	0.5
SNP_2355	0.0	-100.0	0.5
SNP_2356	0.414394	-0.037072	0.033371
SNP_2357	0.414394	-0.037072	0.033371
SNP_2358	0.414394	-0.037072	0.033371
SNP_2359	0.0	-100.0	0.5
SNP_2360	0.475595	-0.014244	0.238102
SNP_2361	0.0	-100.0	0.5
SNP_2362	0.109524	0.004661	0.438821
SNP_2363	0.0	-100.0	0.5
SNP_2364	0.125	0.024461	0.549927
SNP_2365	0.027778	0.0	0.809652
SNP_2366	0.055556	0.043478	0.467291
SNP_2367	0.0	-100.0	0.5
SNP_2368	0.0	-100.0	0.5
SNP_2369	0.0	-100.0	0.5
SNP_2370	0.041667	0.0	0.809652
SNP_2371	0.119048	0.148148	0.969725
SNP_2372	0.119048	0.148148	0.969725
SNP_2373	0.248397	-0.019936	0.176793
SNP_2374	0.248397	-0.019936	0.176793
SNP_2375	0.074074	0.058824	1.0
SNP_2376	0.074074	0.058824	1.0
SNP_2377	0.325408	-0.042549	0.040269
SNP_2378	0.325408	-0.042549	0.040269
SNP_2379	0.248316	-0.027219	0.088093
SNP_2380	0.0	-100.0	0.5
SNP_2381	0.0	-100.0	0.5
SNP_2382	0.248316	-0.027219	0.088093
SNP_2383	0.34147	0.023984	0.531519
SNP_2384	0.248316	-0.027219	0.088093
SNP_2385	0.0	-100.0	0.5
SNP_2386	0.0	-100.0	0.5
SNP_2387	0.0	-100.0	0.5
SNP_2388	0.076389	-0.030303	0.077864
SNP_2389	0.056818	-0.022222	0.095293
SNP_2390	0.173611	-0.041569	0.0
SNP_2391	0.056818	-0.022222	0.095293
SNP_2392	0.027778	0.0	0.809652
SNP_2393	0.335185	0.024105	0.532187
SNP_2394	0.434896	-0.074215	6e-06
SNP_2395	0.204321	-0.002703	0.292537
SNP_2396	0.081065	-0.043796	0.0
SNP_2397	0.256993	-0.006155	0.333696
SNP_2398	0.256993	-0.006155	0.333696
SNP_2399	0.294095	-0.031529	0.081072
SNP_2400	0.164683	0.061521	0.729751
SNP_2401	0.164683	0.061521	0.729751
SNP_2402	0.164683	0.061521	0.729751
SNP_2403	0.164683	0.061521	0.729751
SNP_2404	0.164683	0.061521	0.729751
SNP_2405	0.505128	0.222618	0.983691
SNP_2406	0.190476	0.031215	0.538401
SNP_2407	0.304762	0.143139	0.908204
SNP_2408	0.482812	0.088552	0.856227
SNP_2409	0.0	-100.0	0.5
SNP_2410	0.09623	0.024055	0.547869
SNP_2411	0.372884	0.035775	0.588439
SNP_2412	0.235897	0.075712	0.716525
SNP_2413	0.235897	0.075712	0.716525
SNP_2414	0.158974	0.034975	0.610404
SNP_2415	0.158974	0.034975	0.610404
SNP_2416	0.158974	0.034975	0.610404
SNP_2417	0.158974	0.034975	0.610404
SNP_2418	0.127946	0.003981	0.434196
SNP_2419	0.037037	0.0	0.809652
SNP_2420	0.025641	0.0	0.5
SNP_2421	0.066667	0.052632	1.0
SNP_2422	0.339286	-0.048835	0.000158
SNP_2423	0.156667	0.025756	0.560653
SNP_2424	0.0	-100.0	0.5
SNP_2425	0.0	-100.0	0.5
SNP_2426	0.134259	-0.03988	0.004035
SNP_2427	0.126984	0.016026	0.506222
SNP_2428	0.0	-100.0	0.5
SNP_2429	0.122222	0.026373	0.559552
SNP_2430	0.237654	-0.002727	0.282678
SNP_2431	0.244277	-0.030012	0.057203
SNP_2432	0.178401	-0.005714	0.334878
SNP_2433	0.13447	0.004695	0.458854
SNP_2434	0.13447	0.004695	0.458854
SNP_2435	0.033333	0.0	0.809652
SNP_2436	0.030303	0.0	0.809652
SNP_2437	0.033333	0.0	0.809652
SNP_2438	0.033333	0.0	0.809652
SNP_2439	0.507937	-0.014922	0.241112
SNP_2440	0.507937	-0.014922	0.241112
SNP_2441	0.266617	-0.015264	0.233373
SNP_2442	0.409091	-0.042435	0.007712
SNP_2443	0.493056	-0.03508	0.082396
SNP_2444	0.501918	0.013491	0.499687
SNP_2445	0.183532	-0.003487	0.286107
SNP_2446	0.0	-100.0	0.5
SNP_2447	0.0	-100.0	0.5
SNP_2448	0.0	-100.0	0.5
SNP_2449	0.39418	-0.053501	0.0
SNP_2450	0.037037	0.0	0.809652
SNP_2451	0.0	-100.0	0.5
SNP_2452	0.037037	0.0	0.809652
SNP_2453	0.0	-100.0	0.5
SNP_2454	0.030303	0.0	0.809652
SNP_2455	0.135198	0.027488	0.599344
SNP_2456	0.135198	0.027488	0.599344
SNP_2457	0.135198	0.027488	0.599344
SNP_2458	0.0	-100.0	0.5
SNP_2459	0.027778	0.0	0.809652
SNP_2460	0.0	-100.0	0.5
SNP_2461	0.513228	0.013064	0.34712
SNP_2462	0.086111	-0.004207	0.372114
SNP_2463	0.086111	-0.004207	0.372114
SNP_2464	0.436012	0.110361	0.873101
SNP_2465	0.166667	0.2	0.977363
SNP_2466	0.436012	0.110361	0.873101
SNP_2467	0.363393	0.238339	0.983484
SNP_2468	0.436012	0.110361	0.873101
SNP_2469	0.071429	0.074074	1.0
SNP_2470	0.071429	0.074074	1.0
SNP_2471	0.375	0.326513	0.997283
SNP_2472	0.375	0.326513	0.997283
SNP_2473	0.375	0.326513	0.997283
SNP_2474	0.375	0.326513	0.997283
SNP_2475	0.336905	0.230765	0.980873
SNP_2476	0.166667	0.057783	0.715037
SNP_2477	0.095238	0.111111	0.883901
SNP_2478	0.448832	-0.036853	0.069431
SNP_2479	0.157407	0.048593	0.67602
SNP_2480	0.162879	0.027878	0.572471
SNP_2481	0.162879	0.027878	0.572471
SNP_2482	0.162879	0.027878	0.572471
SNP_2483	0.162879	0.027878	0.572471
SNP_2484	0.501683	-0.021431	0.166276
SNP_2485	0.238095	0.074748	0.712633
SNP_2486	0.404762	0.193387	0.960739
SNP_2487	0.387646	0.086854	0.820108
SNP_2488	0.0	-100.0	0.5
SNP_2489	0.0	-100.0	0.5
SNP_2490	0.095238	0.076923	0.775213
SNP_2491	0.0	-100.0	0.5
SNP_2492	0.0	-100.0	0.5
SNP_2493	0.459821	0.121476	0.911758
SNP_2494	0.459821	0.121476	0.911758
SNP_2495	0.459821	0.121476	0.911758
SNP_2496	0.051282	0.04	0.98646
SNP_2497	0.0	-100.0	0.5
SNP_2498	0.192593	0.055013	0.679539
SNP_2499	0.498779	0.134185	0.939041
SNP_2500	0.0	-100.0	0.5
SNP_2501	0.218855	0.06671	0.678764
SNP_2502	0.312944	0.037195	0.548261
SNP_2503	0.0	-100.0	0.5
SNP_2504	0.074769	-0.040248	0.053582
SNP_2505	0.090909	0.095238	0.83681
SNP_2506	0.090909	0.095238	0.83681
SNP_2507	0.304131	0.088663	0.780613
SNP_2508	0.047619	0.037037	0.983283
SNP_2509	0.0	-100.0	0.5
SNP_2510	0.0	-100.0	0.5
SNP_2511	0.0	-100.0	0.5
SNP_2512	0.033333	0.0	0.809652
SNP_2513	0.033333	0.0	0.809652
SNP_2514	0.033333	0.0	0.809652
SNP_2515	0.060606	0.047619	1.0
SNP_2516	0.0	-100.0	0.5
SNP_2517	0.060606	0.047619	1.0
SNP_2518	0.504329	0.122269	0.907724
SNP_2519	0.170635	0.046175	0.66506
SNP_2520	0.170635	0.046175	0.66506
SNP_2521	0.060606	0.047619	1.0
SNP_2522	0.308081	-0.016679	0.186787
SNP_2523	0.308081	-0.016679	0.186787
SNP_2524	0.308081	-0.016679	0.186787
SNP_2525	0.444444	-0.056128	0.00436
SNP_2526	0.180272	0.09993	0.847659
SNP_2527	0.055556	0.043478	0.467291
SNP_2528	0.055556	0.043478	0.467291
SNP_2529	0.055556	0.043478	0.467291
SNP_2530	0.055556	0.043478	0.467291
SNP_2531	0.055556	0.043478	0.467291
SNP_2532	0.0	-100.0	0.5
SNP_2533	0.149537	-0.012788	0.301759
SNP_2534	0.174074	0.012026	0.479102
SNP_2535	0.125	-0.028019	0.095942
SNP_2536	0.0	-100.0	0.5
SNP_2537	0.0	-100.0	0.5
SNP_2538	0.0	-100.0	0.5
SNP_2539	0.0	-100.0	0.5
SNP_2540	0.0	-100.0	0.5
SNP_2541	0.0	-100.0	0.5
SNP_2542	0.055556	0.043478	0.467291
SNP_2543	0.075556	-0.009128	0.122987
SNP_2544	0.431122	-0.012314	0.225845
SNP_2545	0.077721	-0.041576	0.049827
SNP_2546	0.081019	0.001242	0.460011
SNP_2547	0.081019	0.001242	0.460011
SNP_2548	0.0	-100.0	0.5
SNP_2549	0.219114	0.1431	0.903241
SNP_2550	0.047619	0.037037	0.983283
SNP_2551	0.047619	0.037037	0.983283
SNP_2552	0.047619	0.037037	0.983283
SNP_2553	0.047619	0.037037	0.983283
SNP_2554	0.047619	0.037037	0.983283
SNP_2555	0.501389	-0.026434	0.110035
SNP_2556	0.288889	-0.019528	0.202148
SNP_2557	0.107226	0.002567	0.424335
SNP_2558	0.107226	0.002567	0.424335
SNP_2559	0.02381	0.0	0.5
SNP_2560	0.098619	0.0016	0.417397
SNP_2561	0.463675	-0.036076	0.028095
SNP_2562	0.324786	0.041902	0.573609
SNP_2563	0.324786	0.041902	0.573609
SNP_2564	0.0	-100.0	0.5
SNP_2565	0.0	-100.0	0.5
SNP_2566	0.051282	0.04	0.98646
SNP_2567	0.0	-100.0	0.5
SNP_2568	0.0	-100.0	0.5
