Locus	Het	Fst	P(Simul Fst<sample Fst)
SNP_1	0.208333	0.173913	0.853802
SNP_2	0.222222	0.176471	0.884974
SNP_3	0.0	-100.0	0.5
SNP_4	0.0	-100.0	0.5
SNP_5	0.0	-100.0	0.5
SNP_6	0.0	-100.0	0.5
SNP_7	0.224242	0.017974	0.484622
SNP_8	0.224242	0.017974	0.484622
SNP_9	0.224242	0.017974	0.484622
SNP_10	0.0	-100.0	0.5
SNP_11	0.0	-100.0	0.5
SNP_12	0.0	-100.0	0.5
SNP_13	0.0	-100.0	0.5
SNP_14	0.0	-100.0	0.5
SNP_15	0.0	-100.0	0.5
SNP_16	0.477273	0.133031	0.781506
SNP_17	0.0	-100.0	0.5
SNP_18	0.153846	0.12	1.0
SNP_19	0.153846	0.12	1.0
SNP_20	0.153846	0.12	1.0
SNP_21	0.246154	-0.035632	0.052345
SNP_22	0.238095	-0.034314	0.073064
SNP_23	0.172619	-0.036482	0.0
SNP_24	0.194444	-0.048019	0.0
SNP_25	0.611111	0.383399	0.94631
SNP_26	0.611111	0.383399	0.94631
SNP_27	0.611111	0.383399	0.94631
SNP_28	0.611111	0.383399	0.94631
SNP_29	0.0	-100.0	0.5
SNP_30	0.329545	0.015435	0.469366
SNP_31	0.133333	0.103448	1.0
SNP_32	0.214286	0.153846	0.775925
SNP_33	0.0	-100.0	0.5
SNP_34	0.071429	0.037037	0.918246
SNP_35	0.083333	0.043478	0.65876
SNP_36	0.4	0.138158	0.788003
SNP_37	0.337278	0.12421	0.729813
SNP_38	0.041667	0.0	0.619311
SNP_39	0.189744	-0.019199	0.210637
SNP_40	0.066667	0.034483	0.904011
SNP_41	0.0	-100.0	0.5
SNP_42	0.0	-100.0	0.5
SNP_43	0.0	-100.0	0.5
SNP_44	0.0	-100.0	0.5
SNP_45	0.0	-100.0	0.5
SNP_46	0.05	0.0	0.619311
SNP_47	0.05	0.0	0.619311
SNP_48	0.0	-100.0	0.5
SNP_49	0.0	-100.0	0.5
SNP_50	0.05	0.0	0.619311
SNP_51	0.150794	-0.026316	0.220955
SNP_52	0.1	-0.055556	0.0
SNP_53	0.125	0.086957	0.690229
SNP_54	0.0	-100.0	0.5
SNP_55	0.2	0.172414	0.847305
SNP_56	0.136364	0.095238	1.0
SNP_57	0.5	-0.039481	0.0
SNP_58	0.611111	0.588235	0.998114
SNP_59	0.076923	0.04	0.9333
SNP_60	0.36014	0.042275	0.551039
SNP_61	0.311538	-0.023392	0.218151
SNP_62	0.119231	-0.03871	0.0
SNP_63	0.076923	0.04	0.9333
SNP_64	0.038462	0.0	0.5
SNP_65	0.0	-100.0	0.5
SNP_66	0.0	-100.0	0.5
SNP_67	0.0	-100.0	0.5
SNP_68	0.111111	0.058824	0.704721
SNP_69	0.365385	-0.040732	0.000372
SNP_70	0.39011	-0.015462	0.266489
SNP_71	0.083333	0.043478	0.65876
SNP_72	0.083333	0.043478	0.65876
SNP_73	0.083333	0.043478	0.65876
SNP_74	0.0	-100.0	0.5
SNP_75	0.076923	0.04	0.9333
SNP_76	0.384615	0.36	0.977506
SNP_77	0.384615	0.36	0.977506
SNP_78	0.384615	0.36	0.977506
SNP_79	0.384615	0.36	0.977506
SNP_80	0.161538	0.021894	0.41263
SNP_81	0.0	-100.0	0.5
SNP_82	0.5	0.48	0.995075
SNP_83	0.0	-100.0	0.5
SNP_84	0.0	-100.0	0.5
SNP_85	0.045455	0.0	0.619311
SNP_86	0.045455	0.0	0.619311
SNP_87	0.142857	0.111111	1.0
SNP_88	0.125	0.086957	0.690229
SNP_89	0.3125	0.003204	0.416395
SNP_90	0.05	0.0	0.619311
SNP_91	0.230769	0.029167	0.525846
SNP_92	0.1	0.052632	0.685235
SNP_93	0.0	-100.0	0.5
SNP_94	0.095	-0.052632	0.0
SNP_95	0.095	-0.052632	0.0
SNP_96	0.111111	0.058824	0.704721
SNP_97	0.095	-0.052632	0.0
SNP_98	0.095	-0.052632	0.0
SNP_99	0.1	0.052632	0.685235
SNP_100	0.0	-100.0	0.5
SNP_101	0.0	-100.0	0.5
SNP_102	0.0	-100.0	0.5
SNP_103	0.235577	-0.003265	0.379172
SNP_104	0.235577	-0.003265	0.379172
SNP_105	0.259615	-0.034815	0.110181
SNP_106	0.0	-100.0	0.5
SNP_107	0.0	-100.0	0.5
SNP_108	0.0	-100.0	0.5
SNP_109	0.0	-100.0	0.5
SNP_110	0.0	-100.0	0.5
SNP_111	0.077922	-0.041667	0.145503
SNP_112	0.157143	-0.040581	0.0
SNP_113	0.149351	-0.040258	0.1013
SNP_114	0.149351	-0.040258	0.1013
SNP_115	0.375	0.347826	0.969009
SNP_116	0.083333	0.043478	0.65876
SNP_117	0.0	-100.0	0.5
SNP_118	0.133333	0.103448	1.0
SNP_119	0.0	-100.0	0.5
SNP_120	0.165289	-0.047619	0.0
SNP_121	0.414286	0.018754	0.493538
SNP_122	0.414286	0.018754	0.493538
SNP_123	0.207101	-0.010286	0.267836
SNP_124	0.472222	0.032045	0.487307
SNP_125	0.472222	0.032045	0.487307
SNP_126	0.472222	0.032045	0.487307
SNP_127	0.472222	0.032045	0.487307
SNP_128	0.1	0.052632	0.685235
SNP_129	0.325	0.026371	0.5066
SNP_130	0.0	-100.0	0.5
SNP_131	0.083333	0.043478	0.65876
SNP_132	0.5	0.141419	0.792911
SNP_133	0.5	0.141419	0.792911
SNP_134	0.5	0.141419	0.792911
SNP_135	0.5	0.141419	0.792911
SNP_136	0.0	-100.0	0.5
SNP_137	0.0	-100.0	0.5
SNP_138	0.331731	-0.046377	0.0
SNP_139	0.138889	-0.037361	0.139117
SNP_140	0.138889	-0.037361	0.139117
SNP_141	0.0	-100.0	0.5
SNP_142	0.0	-100.0	0.5
SNP_143	0.307692	0.075942	0.597693
SNP_144	0.307692	0.075942	0.597693
SNP_145	0.307692	0.075942	0.597693
SNP_146	0.0	-100.0	0.5
SNP_147	0.37013	-0.033138	0.042389
SNP_148	0.0	-100.0	0.5
SNP_149	0.0	-100.0	0.5
SNP_150	0.0	-100.0	0.5
SNP_151	0.0	-100.0	0.5
SNP_152	0.138889	-0.037361	0.139117
SNP_153	0.15625	-0.013333	0.316284
SNP_154	0.111111	0.058824	0.704721
SNP_155	0.0	-100.0	0.5
SNP_156	0.05	0.0	0.619311
SNP_157	0.0	-100.0	0.5
SNP_158	0.0	-100.0	0.5
SNP_159	0.0	-100.0	0.5
SNP_160	0.597633	0.464554	0.995541
SNP_161	0.125	0.086957	0.690229
SNP_162	0.0	-100.0	0.5
SNP_163	0.149351	-0.040258	0.1013
SNP_164	0.133333	0.103448	1.0
SNP_165	0.133333	-0.036605	0.146971
SNP_166	0.644628	0.435897	0.965052
SNP_167	0.045455	0.0	0.619311
SNP_168	0.0	-100.0	0.5
SNP_169	0.463889	0.302795	0.899875
SNP_170	0.0	-100.0	0.5
SNP_171	0.0	-100.0	0.5
SNP_172	0.035714	0.0	0.5
SNP_173	0.076923	0.04	0.9333
SNP_174	0.461039	0.287428	0.889425
SNP_175	0.416084	0.029132	0.531067
SNP_176	0.545455	0.230769	0.851389
SNP_177	0.3	-0.029379	0.119413
SNP_178	0.523077	0.054767	0.51963
SNP_179	0.523077	0.054767	0.51963
SNP_180	0.5	0.17107	0.831044
SNP_181	0.090909	0.047619	0.670478
SNP_182	0.433333	0.082556	0.634512
SNP_183	0.318182	-0.008056	0.351633
SNP_184	0.227273	0.058947	0.622036
SNP_185	0.281818	0.010995	0.438979
SNP_186	0.227273	0.058947	0.622036
SNP_187	0.281818	0.010995	0.438979
SNP_188	0.0	-100.0	0.5
SNP_189	0.0	-100.0	0.5
SNP_190	0.189744	-0.019199	0.210637
SNP_191	0.153846	0.12	1.0
SNP_192	0.071429	0.037037	0.918246
SNP_193	0.395833	0.167048	0.828624
SNP_194	0.227273	-0.018633	0.262827
SNP_195	0.0	-100.0	0.5
SNP_196	0.0	-100.0	0.5
SNP_197	0.0	-100.0	0.5
SNP_198	0.076923	0.04	0.9333
SNP_199	0.0	-100.0	0.5
SNP_200	0.0	-100.0	0.5
SNP_201	0.045455	0.0	0.619311
SNP_202	0.090909	0.047619	0.670478
SNP_203	0.362637	0.038923	0.54027
SNP_204	0.438462	-0.014559	0.273308
SNP_205	0.438462	-0.014559	0.273308
SNP_206	0.461538	0.049735	0.608424
SNP_207	0.142857	0.111111	1.0
SNP_208	0.142857	0.111111	1.0
SNP_209	0.125	0.066667	0.534781
SNP_210	0.29798	0.134596	0.70195
SNP_211	0.0	-100.0	0.5
SNP_212	0.153846	0.12	1.0
SNP_213	0.464646	0.101936	0.705687
SNP_214	0.163889	0.016365	0.401582
SNP_215	0.163889	0.016365	0.401582
SNP_216	0.0	-100.0	0.5
SNP_217	0.428571	0.324359	0.999039
SNP_218	0.0	-100.0	0.5
SNP_219	0.071429	0.037037	0.918246
SNP_220	0.429293	0.166485	0.809254
SNP_221	0.436364	0.073892	0.612661
SNP_222	0.436364	0.073892	0.612661
SNP_223	0.0	-100.0	0.5
SNP_224	0.0	-100.0	0.5
SNP_225	0.375	0.333333	0.958095
SNP_226	0.0	-100.0	0.5
SNP_227	0.430769	0.044335	0.531299
SNP_228	0.0	-100.0	0.5
SNP_229	0.547009	0.387059	0.998639
SNP_230	0.553571	0.166069	0.754364
SNP_231	0.553571	0.166069	0.754364
SNP_232	0.147436	-0.041512	0.077901
SNP_233	0.202381	-0.021313	0.194811
SNP_234	0.525641	0.095273	0.671119
SNP_235	0.090909	0.047619	0.670478
SNP_236	0.165289	-0.047619	0.0
SNP_237	0.083333	0.043478	0.65876
SNP_238	0.083333	0.043478	0.65876
SNP_239	0.535714	0.131508	0.698375
SNP_240	0.045455	0.0	0.619311
SNP_241	0.1	-0.055556	0.0
SNP_242	0.083333	0.043478	0.65876
SNP_243	0.392857	0.37037	0.984161
SNP_244	0.076923	0.04	0.9333
SNP_245	0.0	-100.0	0.5
SNP_246	0.0	-100.0	0.5
SNP_247	0.0	-100.0	0.5
SNP_248	0.0	-100.0	0.5
SNP_249	0.2	-0.057017	0.0
SNP_250	0.2	-0.057017	0.0
SNP_251	0.358974	0.049852	0.574766
SNP_252	0.304734	0.086214	0.617294
SNP_253	0.0625	0.0	0.619311
SNP_254	0.276786	-0.063524	0.0
SNP_255	0.05	0.0	0.619311
SNP_256	0.045455	0.0	0.619311
SNP_257	0.0	-100.0	0.5
SNP_258	0.233333	-0.036267	0.042253
SNP_259	0.0	-100.0	0.5
SNP_260	0.125	0.066667	0.534781
SNP_261	0.214286	0.002684	0.333074
SNP_262	0.179487	-0.035528	0.0
SNP_263	0.1	0.052632	0.685235
SNP_264	0.0	-100.0	0.5
SNP_265	0.373016	-0.05555	0.0
SNP_266	0.0	-100.0	0.5
SNP_267	0.0	-100.0	0.5
SNP_268	0.0	-100.0	0.5
SNP_269	0.0	-100.0	0.5
SNP_270	0.0	-100.0	0.5
SNP_271	0.0	-100.0	0.5
SNP_272	0.076923	0.04	0.9333
SNP_273	0.0	-100.0	0.5
SNP_274	0.0	-100.0	0.5
SNP_275	0.045455	0.0	0.619311
SNP_276	0.192308	0.035294	0.449686
SNP_277	0.0	-100.0	0.5
SNP_278	0.166667	0.130435	0.704517
SNP_279	0.197802	-0.015309	0.237263
SNP_280	0.041667	0.0	0.619311
SNP_281	0.175926	-0.047516	0.0
SNP_282	0.0	-100.0	0.5
SNP_283	0.0	-100.0	0.5
SNP_284	0.0	-100.0	0.5
SNP_285	0.138889	-0.037361	0.139117
SNP_286	0.0	-100.0	0.5
SNP_287	0.0	-100.0	0.5
SNP_288	0.0	-100.0	0.5
SNP_289	0.149351	-0.057971	0.0
SNP_290	0.480519	-0.053361	0.012711
SNP_291	0.480519	-0.053361	0.012711
SNP_292	0.657051	0.457094	0.976546
SNP_293	0.657051	0.457094	0.976546
SNP_294	0.657051	0.457094	0.976546
SNP_295	0.0	-100.0	0.5
SNP_296	0.246154	0.027586	0.520242
SNP_297	0.0	-100.0	0.5
SNP_298	0.287879	-0.044786	0.0
SNP_299	0.076923	0.04	0.9333
SNP_300	0.185315	0.024151	0.416941
SNP_301	0.0	-100.0	0.5
SNP_302	0.25	0.01909	0.485758
SNP_303	0.0	-100.0	0.5
SNP_304	0.133333	0.103448	1.0
SNP_305	0.384615	0.36	0.977506
SNP_306	0.111111	0.058824	0.704721
SNP_307	0.316667	0.004656	0.423478
SNP_308	0.5	-0.024488	0.205495
SNP_309	0.0	-100.0	0.5
SNP_310	0.423077	-0.027001	0.172649
SNP_311	0.153846	0.12	1.0
SNP_312	0.233333	0.206897	0.933364
SNP_313	0.252747	-0.021852	0.244336
SNP_314	0.252747	-0.021852	0.244336
SNP_315	0.252747	-0.021852	0.244336
SNP_316	0.344444	0.054629	0.5893
SNP_317	0.376374	0.039319	0.527005
SNP_318	0.0	-100.0	0.5
SNP_319	0.620879	0.497581	0.985135
SNP_320	0.333333	-0.034783	0.04091
SNP_321	0.0	-100.0	0.5
SNP_322	0.0	-100.0	0.5
SNP_323	0.340909	-0.03609	0.059347
SNP_324	0.066667	0.034483	0.904011
SNP_325	0.43956	0.254222	0.938779
SNP_326	0.385714	0.137102	0.735048
SNP_327	0.385714	0.137102	0.735048
SNP_328	0.0	-100.0	0.5
SNP_329	0.076923	0.04	0.9333
SNP_330	0.318182	0.060291	0.600105
SNP_331	0.318182	0.060291	0.600105
SNP_332	0.318182	0.060291	0.600105
SNP_333	0.0	-100.0	0.5
SNP_334	0.0	-100.0	0.5
SNP_335	0.0	-100.0	0.5
SNP_336	0.166667	0.130435	0.704517
SNP_337	0.166667	0.130435	0.704517
SNP_338	0.303571	0.028701	0.493427
SNP_339	0.0	-100.0	0.5
SNP_340	0.045455	0.0	0.619311
SNP_341	0.1	0.052632	0.685235
SNP_342	0.09596	-0.052631	0.0
SNP_343	0.188889	-0.004644	0.298252
SNP_344	0.0	-100.0	0.5
SNP_345	0.045455	0.0	0.619311
SNP_346	0.620192	0.380775	0.945056
SNP_347	0.620192	0.380775	0.945056
SNP_348	0.035714	0.0	0.5
SNP_349	0.227273	-0.018633	0.262827
SNP_350	0.066667	0.034483	0.904011
SNP_351	0.066667	0.034483	0.904011
SNP_352	0.066667	0.034483	0.904011
SNP_353	0.066667	0.034483	0.904011
SNP_354	0.066667	0.034483	0.904011
SNP_355	0.0	-100.0	0.5
SNP_356	0.480769	0.055443	0.568975
SNP_357	0.166667	0.130435	0.704517
SNP_358	0.694444	0.543478	0.992487
SNP_359	0.694444	0.543478	0.992487
SNP_360	0.694444	0.543478	0.992487
SNP_361	0.694444	0.543478	0.992487
SNP_362	0.338462	-0.034483	0.047109
SNP_363	0.0	-100.0	0.5
SNP_364	0.076923	0.04	0.9333
SNP_365	0.076923	0.04	0.9333
SNP_366	0.076923	0.04	0.9333
SNP_367	0.615385	0.356085	0.932311
SNP_368	0.5	-0.01294	0.322876
SNP_369	0.310606	0.074383	0.632938
SNP_370	0.307692	0.084675	0.614406
SNP_371	0.0	-100.0	0.5
SNP_372	0.230769	0.2	0.923012
SNP_373	0.59375	0.386728	0.960265
SNP_374	0.59375	0.386728	0.960265
SNP_375	0.4	-0.032234	0.135565
SNP_376	0.4	-0.032234	0.135565
SNP_377	0.033333	0.0	0.5
SNP_378	0.055556	0.0	0.619311
SNP_379	0.083333	0.043478	0.65876
SNP_380	0.083333	0.043478	0.65876
SNP_381	0.0	-100.0	0.5
SNP_382	0.172727	-0.04973	0.0
SNP_383	0.15625	0.002899	0.370482
SNP_384	0.076923	-0.041667	0.145503
SNP_385	0.1	0.052632	0.685235
SNP_386	0.375	0.333333	0.958095
SNP_387	0.083333	0.043478	0.65876
SNP_388	0.083333	0.043478	0.65876
SNP_389	0.083333	0.043478	0.65876
SNP_390	0.348485	0.204159	0.931446
SNP_391	0.651515	0.460534	0.977292
SNP_392	0.651515	0.460534	0.977292
SNP_393	0.181818	-0.051354	0.0
SNP_394	0.11039	-0.034858	0.0
SNP_395	0.0	-100.0	0.5
SNP_396	0.0	-100.0	0.5
SNP_397	0.0	-100.0	0.5
SNP_398	0.125	-0.050265	0.0
SNP_399	0.532967	0.121237	0.676497
SNP_400	0.225275	-0.056585	0.0
SNP_401	0.142857	0.076923	0.590115
SNP_402	0.5	0.02588	0.529941
SNP_403	0.0	-100.0	0.5
SNP_404	0.133333	0.103448	1.0
SNP_405	0.0	-100.0	0.5
SNP_406	0.0	-100.0	0.5
SNP_407	0.542857	0.120268	0.674362
SNP_408	0.542857	0.120268	0.674362
SNP_409	0.076923	0.04	0.9333
SNP_410	0.598214	0.51686	1.0
SNP_411	0.535714	0.518519	0.992684
SNP_412	0.39645	-0.024478	0.220556
SNP_413	0.39645	-0.024478	0.220556
SNP_414	0.0	-100.0	0.5
SNP_415	0.333333	0.304348	0.953358
SNP_416	0.071429	0.0	0.619311
SNP_417	0.0	-100.0	0.5
SNP_418	0.342949	-0.040146	0.00449
SNP_419	0.0	-100.0	0.5
SNP_420	0.0	-100.0	0.5
SNP_421	0.0	-100.0	0.5
SNP_422	0.111111	0.058824	0.704721
SNP_423	0.0	-100.0	0.5
SNP_424	0.223077	0.085612	0.695297
SNP_425	0.292308	-0.029401	0.118915
SNP_426	0.066667	0.034483	0.904011
SNP_427	0.0	-100.0	0.5
SNP_428	0.363636	-0.010582	0.316943
SNP_429	0.305556	0.011821	0.441962
SNP_430	0.083333	0.043478	0.65876
SNP_431	0.076923	0.04	0.9333
SNP_432	0.090909	0.047619	0.670478
SNP_433	0.090909	0.047619	0.670478
SNP_434	0.589744	0.281319	0.876439
SNP_435	0.1	0.068966	0.741721
SNP_436	0.274359	0.056333	0.61351
SNP_437	0.402597	0.082437	0.682696
SNP_438	0.166667	-0.02313	0.255076
SNP_439	0.066667	0.034483	0.904011
SNP_440	0.5	0.10696	0.737775
SNP_441	0.071429	0.037037	0.918246
SNP_442	0.041667	0.0	0.619311
SNP_443	0.0	-100.0	0.5
SNP_444	0.076923	0.04	0.9333
SNP_445	0.152778	-0.043478	0.0
SNP_446	0.318182	0.285714	0.935881
SNP_447	0.0	-100.0	0.5
SNP_448	0.076923	0.04	0.9333
SNP_449	0.0	-100.0	0.5
SNP_450	0.521978	0.062503	0.550222
SNP_451	0.071429	0.037037	0.918246
SNP_452	0.0	-100.0	0.5
SNP_453	0.071429	-0.038462	0.185469
SNP_454	0.045455	0.0	0.619311
SNP_455	0.203846	-0.020655	0.199853
SNP_456	0.192308	-0.025558	0.159321
SNP_457	0.0	-100.0	0.5
SNP_458	0.0	-100.0	0.5
SNP_459	0.2	0.001238	0.326558
SNP_460	0.0	-100.0	0.5
SNP_461	0.0	-100.0	0.5
SNP_462	0.5	-0.027246	0.170268
SNP_463	0.111111	0.058824	0.704721
SNP_464	0.05	0.0	0.619311
SNP_465	0.0	-100.0	0.5
SNP_466	0.0	-100.0	0.5
SNP_467	0.0	-100.0	0.5
SNP_468	0.0	-100.0	0.5
SNP_469	0.333333	0.304348	0.953358
SNP_470	0.333333	0.304348	0.953358
SNP_471	0.333333	0.304348	0.953358
SNP_472	0.333333	0.304348	0.953358
SNP_473	0.0	-100.0	0.5
SNP_474	0.409091	0.380952	0.978557
SNP_475	0.363636	-0.010582	0.316943
SNP_476	0.416084	-0.037983	0.064379
SNP_477	0.416084	-0.037983	0.064379
SNP_478	0.045455	0.0	0.619311
SNP_479	0.189744	-0.019199	0.210637
SNP_480	0.189744	-0.019199	0.210637
SNP_481	0.066667	0.034483	0.904011
SNP_482	0.428571	-0.03489	0.092598
SNP_483	0.0	-100.0	0.5
SNP_484	0.0	-100.0	0.5
SNP_485	0.0	-100.0	0.5
SNP_486	0.133333	0.103448	1.0
SNP_487	0.433884	-0.047619	0.0
SNP_488	0.277778	0.046837	0.583191
SNP_489	0.277778	0.046837	0.583191
SNP_490	0.1	0.052632	0.685235
SNP_491	0.685185	0.521394	0.990669
SNP_492	0.076923	0.04	0.9333
SNP_493	0.071429	0.037037	0.918246
SNP_494	0.083333	0.043478	0.65876
SNP_495	0.1	0.052632	0.685235
SNP_496	0.55625	0.1575	0.737128
SNP_497	0.328671	-0.035866	0.018385
SNP_498	0.076923	0.04	0.9333
SNP_499	0.0	-100.0	0.5
SNP_500	0.090909	0.047619	0.670478
SNP_501	0.0	-100.0	0.5
SNP_502	0.0	-100.0	0.5
SNP_503	0.4	0.223696	0.88943
SNP_504	0.325	-0.020243	0.252006
SNP_505	0.22	-0.04067	0.0
SNP_506	0.277778	0.046837	0.583191
SNP_507	0.210744	0.044818	0.476367
SNP_508	0.512397	0.019969	0.508118
SNP_509	0.205357	-0.038857	0.0
SNP_510	0.197802	-0.03821	0.0
SNP_511	0.104396	-0.02729	0.341095
SNP_512	0.076923	0.04	0.9333
SNP_513	0.2	0.157895	0.790316
SNP_514	0.3	0.103389	0.648545
SNP_515	0.3	0.103389	0.648545
SNP_516	0.482143	0.059223	0.581536
SNP_517	0.482143	0.059223	0.581536
SNP_518	0.076923	0.04	0.9333
SNP_519	0.257576	-0.041651	0.025197
SNP_520	0.476923	-0.036707	0.104055
SNP_521	0.476923	-0.036707	0.104055
SNP_522	0.476923	-0.036707	0.104055
SNP_523	0.302198	-0.037912	0.0
SNP_524	0.166667	0.117647	0.607856
SNP_525	0.166667	0.117647	0.607856
SNP_526	0.166667	0.117647	0.607856
SNP_527	0.453846	-0.029438	0.031243
SNP_528	0.440476	0.24246	0.924175
SNP_529	0.383117	0.00973	0.424369
SNP_530	0.0	-100.0	0.5
SNP_531	0.333333	0.304348	0.953358
SNP_532	0.353147	-0.043753	0.0
SNP_533	0.0	-100.0	0.5
SNP_534	0.419643	0.054716	0.611716
SNP_535	0.419643	0.054716	0.611716
SNP_536	0.419643	0.054716	0.611716
SNP_537	0.076923	0.04	0.9333
SNP_538	0.05	0.0	0.619311
SNP_539	0.05	0.0	0.619311
SNP_540	0.384615	0.36	0.977506
SNP_541	0.0	-100.0	0.5
SNP_542	0.05	0.0	0.619311
SNP_543	0.0	-100.0	0.5
SNP_544	0.0	-100.0	0.5
SNP_545	0.1	0.052632	0.685235
SNP_546	0.1	0.052632	0.685235
SNP_547	0.45	0.421053	0.969334
SNP_548	0.5	0.470588	0.993685
SNP_549	0.240385	-0.037983	0.015878
SNP_550	0.240385	-0.037983	0.015878
SNP_551	0.240385	-0.037983	0.015878
SNP_552	0.3125	0.266667	0.916859
SNP_553	0.225275	-0.034905	0.063835
SNP_554	0.225275	-0.034905	0.063835
SNP_555	0.05	0.0	0.619311
SNP_556	0.041667	0.0	0.619311
SNP_557	0.084615	-0.045455	0.0
SNP_558	0.05	0.0	0.619311
SNP_559	0.469231	0.369324	0.996422
SNP_560	0.233333	-0.020133	0.2486
SNP_561	0.233333	-0.020133	0.2486
SNP_562	0.309091	-0.049093	0.0
SNP_563	0.107143	0.074074	0.764543
SNP_564	0.0	-100.0	0.5
SNP_565	0.0	-100.0	0.5
SNP_566	0.261364	-0.04265	0.014031
SNP_567	0.189744	-0.019199	0.210637
SNP_568	0.344444	-0.008077	0.333967
SNP_569	0.344444	-0.008077	0.333967
SNP_570	0.2	0.157895	0.790316
SNP_571	0.272727	-0.037037	0.082905
SNP_572	0.272727	-0.037037	0.082905
SNP_573	0.272727	-0.037037	0.082905
SNP_574	0.272727	-0.037037	0.082905
SNP_575	0.277778	0.000124	0.397571
SNP_576	0.277778	0.000124	0.397571
SNP_577	0.0	-100.0	0.5
SNP_578	0.0	-100.0	0.5
SNP_579	0.0	-100.0	0.5
SNP_580	0.469697	-0.023843	0.191354
SNP_581	0.180473	0.036721	0.439423
SNP_582	0.430556	-0.039271	0.043196
SNP_583	0.5	0.047101	0.599184
SNP_584	0.395833	-0.035851	0.091215
SNP_585	0.131818	-0.036125	0.151669
SNP_586	0.190476	0.05163	0.494071
SNP_587	0.083333	0.043478	0.65876
SNP_588	0.041667	0.0	0.619311
SNP_589	0.076923	0.04	0.9333
SNP_590	0.038462	0.0	0.5
SNP_591	0.041667	0.0	0.619311
SNP_592	0.307692	0.28	0.967577
SNP_593	0.0	-100.0	0.5
SNP_594	0.133333	0.103448	1.0
SNP_595	0.0	-100.0	0.5
SNP_596	0.2	0.025362	0.418987
SNP_597	0.122378	-0.021769	0.42244
SNP_598	0.122378	-0.021769	0.42244
SNP_599	0.15625	0.002899	0.370482
SNP_600	0.19697	0.033445	0.444212
SNP_601	0.122378	-0.021769	0.42244
SNP_602	0.318681	0.104163	0.693878
SNP_603	0.079861	-0.043478	0.123812
SNP_604	0.152778	-0.043478	0.0
SNP_605	0.0	-100.0	0.5
SNP_606	0.0	-100.0	0.5
SNP_607	0.0	-100.0	0.5
SNP_608	0.482143	0.023737	0.454509
SNP_609	0.066667	0.034483	0.904011
SNP_610	0.0	-100.0	0.5
SNP_611	0.0	-100.0	0.5
SNP_612	0.236264	0.025151	0.511507
SNP_613	0.236264	0.025151	0.511507
SNP_614	0.05	0.0	0.619311
SNP_615	0.0	-100.0	0.5
SNP_616	0.0	-100.0	0.5
SNP_617	0.0	-100.0	0.5
SNP_618	0.0	-100.0	0.5
SNP_619	0.071429	0.037037	0.918246
SNP_620	0.214286	0.185185	0.908117
SNP_621	0.071429	0.037037	0.918246
SNP_622	0.0	-100.0	0.5
SNP_623	0.0625	0.0	0.619311
SNP_624	0.205357	-0.038857	0.0
SNP_625	0.205357	-0.038857	0.0
SNP_626	0.205357	-0.038857	0.0
SNP_627	0.202381	-0.021313	0.194811
SNP_628	0.0	-100.0	0.5
SNP_629	0.111111	0.058824	0.704721
SNP_630	0.35119	0.010657	0.436296
SNP_631	0.35119	0.010657	0.436296
SNP_632	0.35119	0.010657	0.436296
SNP_633	0.111111	0.058824	0.704721
SNP_634	0.111111	0.058824	0.704721
SNP_635	0.111111	0.058824	0.704721
SNP_636	0.166667	0.130435	0.704517
SNP_637	0.0	-100.0	0.5
SNP_638	0.0	-100.0	0.5
SNP_639	0.071429	0.037037	0.918246
SNP_640	0.071429	0.037037	0.918246
SNP_641	0.071429	0.037037	0.918246
SNP_642	0.227778	-0.048327	0.0
SNP_643	0.227778	-0.048327	0.0
SNP_644	0.227778	-0.048327	0.0
SNP_645	0.227778	-0.048327	0.0
SNP_646	0.076923	0.04	0.9333
SNP_647	0.291667	0.26087	0.921807
SNP_648	0.376923	0.124168	0.713486
SNP_649	0.230769	0.004675	0.424207
SNP_650	0.0	-100.0	0.5
SNP_651	0.0	-100.0	0.5
SNP_652	0.321429	0.115316	0.714305
SNP_653	0.154321	-0.037647	0.135982
SNP_654	0.154321	-0.037647	0.135982
SNP_655	0.383333	0.275047	0.907032
SNP_656	0.383333	0.275047	0.907032
SNP_657	0.222222	0.176471	0.884974
SNP_658	0.4	-0.032234	0.135565
SNP_659	0.472527	-0.006305	0.303168
SNP_660	0.1	0.052632	0.685235
SNP_661	0.1	0.052632	0.685235
SNP_662	0.470414	-0.010566	0.277414
SNP_663	0.470414	-0.010566	0.277414
SNP_664	0.214286	0.185185	0.908117
SNP_665	0.339286	0.032359	0.518686
SNP_666	0.214286	0.185185	0.908117
SNP_667	0.348485	0.194373	0.914069
SNP_668	0.0	-100.0	0.5
SNP_669	0.276859	0.022743	0.499597
SNP_670	0.055556	0.0	0.619311
SNP_671	0.055556	0.0	0.619311
SNP_672	0.0	-100.0	0.5
SNP_673	0.193182	-0.052101	0.0
SNP_674	0.193182	-0.052101	0.0
SNP_675	0.102273	-0.055556	0.0
SNP_676	0.0	-100.0	0.5
SNP_677	0.133333	-0.036605	0.146971
SNP_678	0.357143	0.240923	0.98758
SNP_679	0.357143	0.240923	0.98758
SNP_680	0.272727	-0.054945	0.0
SNP_681	0.272727	-0.054945	0.0
SNP_682	0.272727	-0.054945	0.0
SNP_683	0.402597	-0.062035	0.0
SNP_684	0.272727	-0.054945	0.0
SNP_685	0.321429	0.115316	0.714305
SNP_686	0.321429	0.115316	0.714305
SNP_687	0.24026	0.084084	0.691375
SNP_688	0.24026	0.084084	0.691375
SNP_689	0.467532	0.17284	0.85507
SNP_690	0.083333	0.043478	0.65876
SNP_691	0.083333	0.043478	0.65876
SNP_692	0.544872	0.218261	0.836916
SNP_693	0.211111	0.008601	0.358201
SNP_694	0.071429	0.037037	0.918246
SNP_695	0.0	-100.0	0.5
SNP_696	0.0	-100.0	0.5
SNP_697	0.0	-100.0	0.5
SNP_698	0.076923	0.04	0.9333
SNP_699	0.076923	0.04	0.9333
SNP_700	0.431818	0.066277	0.592736
SNP_701	0.0	-100.0	0.5
SNP_702	0.0	-100.0	0.5
SNP_703	0.0	-100.0	0.5
SNP_704	0.0	-100.0	0.5
SNP_705	0.223077	-0.024257	0.205886
SNP_706	0.0	-100.0	0.5
SNP_707	0.386364	-0.055462	0.0
SNP_708	0.302564	-0.00526	0.366309
SNP_709	0.227273	-0.045031	0.0
SNP_710	0.227273	-0.045031	0.0
SNP_711	0.227273	-0.045031	0.0
SNP_712	0.227273	-0.045031	0.0
SNP_713	0.261364	-0.032946	0.132194
SNP_714	0.1	0.052632	0.685235
SNP_715	0.055556	0.0	0.619311
SNP_716	0.24026	0.056133	0.613655
SNP_717	0.24026	0.056133	0.613655
SNP_718	0.24026	0.056133	0.613655
SNP_719	0.090909	0.047619	0.670478
SNP_720	0.0	-100.0	0.5
SNP_721	0.0	-100.0	0.5
SNP_722	0.607143	0.419864	0.961901
SNP_723	0.3	0.036062	0.511777
SNP_724	0.5	0.042525	0.585373
SNP_725	0.5	0.042525	0.585373
SNP_726	0.5	0.042525	0.585373
SNP_727	0.0	-100.0	0.5
SNP_728	0.315385	-0.046213	0.0
SNP_729	0.083333	0.043478	0.65876
SNP_730	0.153846	0.12	1.0
SNP_731	0.0	-100.0	0.5
SNP_732	0.153846	-0.042771	0.042571
SNP_733	0.0	-100.0	0.5
SNP_734	0.0	-100.0	0.5
SNP_735	0.083333	0.043478	0.65876
SNP_736	0.392308	0.287582	0.918927
SNP_737	0.392308	0.287582	0.918927
SNP_738	0.387179	0.18881	0.81005
SNP_739	0.045455	0.0	0.619311
SNP_740	0.0	-100.0	0.5
SNP_741	0.318182	0.285714	0.935881
SNP_742	0.467033	0.003312	0.357416
SNP_743	0.467033	0.003312	0.357416
SNP_744	0.0	-100.0	0.5
SNP_745	0.188889	-0.055181	0.0
SNP_746	0.0	-100.0	0.5
SNP_747	0.458333	0.019763	0.525647
SNP_748	0.0	-100.0	0.5
SNP_749	0.0	-100.0	0.5
SNP_750	0.0	-100.0	0.5
SNP_751	0.0	-100.0	0.5
SNP_752	0.0	-100.0	0.5
SNP_753	0.0	-100.0	0.5
SNP_754	0.0	-100.0	0.5
SNP_755	0.486264	0.003314	0.491182
SNP_756	0.484615	0.046488	0.652518
SNP_757	0.628205	0.465081	0.9745
SNP_758	0.628205	0.465081	0.9745
SNP_759	0.602564	0.42515	0.98098
SNP_760	0.083333	0.043478	0.65876
SNP_761	0.071429	0.037037	0.918246
SNP_762	0.071429	0.037037	0.918246
SNP_763	0.597222	0.326906	0.917517
SNP_764	0.192308	0.16	0.79802
SNP_765	0.0	-100.0	0.5
SNP_766	0.038462	0.0	0.5
SNP_767	0.458333	-0.058823	0.0
SNP_768	0.0	-100.0	0.5
SNP_769	0.492308	-0.02931	0.264408
SNP_770	0.497436	-0.037184	0.178197
SNP_771	0.321429	-0.032479	0.086286
SNP_772	0.444444	-0.016176	0.319397
SNP_773	0.033333	0.0	0.5
SNP_774	0.05	0.0	0.619311
SNP_775	0.05	0.0	0.619311
SNP_776	0.066667	0.034483	0.904011
SNP_777	0.5	0.159682	0.81726
SNP_778	0.476852	0.072952	0.625381
SNP_779	0.405594	0.179639	0.844074
SNP_780	0.433333	0.092608	0.658826
SNP_781	0.333333	0.294118	0.943906
SNP_782	0.430556	-0.039271	0.043196
SNP_783	0.430556	-0.039271	0.043196
SNP_784	0.430556	-0.039271	0.043196
SNP_785	0.142857	0.076923	0.590115
SNP_786	0.583333	0.270508	0.847299
SNP_787	0.0	-100.0	0.5
SNP_788	0.136364	-0.02807	0.210975
SNP_789	0.035714	0.0	0.5
SNP_790	0.041667	0.0	0.619311
SNP_791	0.041667	0.0	0.619311
SNP_792	0.0	-100.0	0.5
SNP_793	0.277273	-0.046099	0.0
SNP_794	0.05	0.0	0.619311
SNP_795	0.277273	-0.046099	0.0
SNP_796	0.0	-100.0	0.5
SNP_797	0.423077	-0.037116	0.067697
SNP_798	0.423077	-0.037116	0.067697
SNP_799	0.427885	-0.053333	0.0
SNP_800	0.403846	-0.04381	0.002883
SNP_801	0.5	0.112248	0.747143
SNP_802	0.0	-100.0	0.5
SNP_803	0.368132	0.173753	0.789824
SNP_804	0.133333	0.103448	1.0
SNP_805	0.133333	0.103448	1.0
SNP_806	0.133333	0.103448	1.0
SNP_807	0.107143	-0.030864	0.0
SNP_808	0.314815	0.072063	0.627732
SNP_809	0.474747	0.011622	0.399852
SNP_810	0.311538	-0.023392	0.218151
SNP_811	0.311538	-0.023392	0.218151
SNP_812	0.109467	-0.025946	0.368576
SNP_813	0.416084	0.029132	0.531067
SNP_814	0.0	-100.0	0.5
SNP_815	0.142857	0.111111	1.0
SNP_816	0.211538	-0.016812	0.227321
SNP_817	0.166667	-0.018116	0.291853
SNP_818	0.092593	-0.05	0.0
SNP_819	0.041667	0.0	0.619311
SNP_820	0.041667	0.0	0.619311
SNP_821	0.041667	0.0	0.619311
SNP_822	0.6	0.578947	1.0
SNP_823	0.6	0.578947	1.0
SNP_824	0.181818	0.142857	1.0
SNP_825	0.401099	0.214815	0.881259
SNP_826	0.357143	0.333333	1.0
SNP_827	0.357143	0.333333	1.0
SNP_828	0.397436	0.128454	0.772503
SNP_829	0.417949	0.038714	0.563173
SNP_830	0.076923	0.04	0.9333
SNP_831	0.071429	0.037037	0.918246
SNP_832	0.368132	0.173753	0.789824
SNP_833	0.069231	-0.037037	0.203661
SNP_834	0.448718	0.114089	0.723387
SNP_835	0.182692	-0.028924	0.15456
SNP_836	0.269231	-0.041159	0.031082
SNP_837	0.182692	-0.028924	0.15456
SNP_838	0.0	-100.0	0.5
SNP_839	0.0	-100.0	0.5
SNP_840	0.038462	0.0	0.5
SNP_841	0.0	-100.0	0.5
SNP_842	0.3125	0.003204	0.416395
SNP_843	0.3125	0.003204	0.416395
SNP_844	0.3125	0.003204	0.416395
SNP_845	0.0	-100.0	0.5
SNP_846	0.346154	0.32	1.0
SNP_847	0.346154	0.32	1.0
SNP_848	0.0	-100.0	0.5
SNP_849	0.269231	0.134921	0.817387
SNP_850	0.230769	0.2	0.923012
SNP_851	0.133333	0.103448	1.0
SNP_852	0.133333	0.103448	1.0
SNP_853	0.133333	0.103448	1.0
SNP_854	0.0	-100.0	0.5
SNP_855	0.0	-100.0	0.5
SNP_856	0.0	-100.0	0.5
SNP_857	0.2	0.001238	0.326558
SNP_858	0.179487	-0.035528	0.0
SNP_859	0.035714	0.0	0.5
SNP_860	0.3	0.037481	0.515192
SNP_861	0.3	0.037481	0.515192
SNP_862	0.3	0.037481	0.515192
SNP_863	0.107143	-0.030864	0.0
SNP_864	0.107143	-0.030864	0.0
SNP_865	0.107143	-0.030864	0.0
SNP_866	0.269231	-0.033333	0.127711
SNP_867	0.175	-0.034483	0.0
SNP_868	0.175	-0.034483	0.0
SNP_869	0.269231	-0.033333	0.127711
SNP_870	0.175	-0.034483	0.0
SNP_871	0.0	-100.0	0.5
SNP_872	0.035714	0.0	0.5
SNP_873	0.260684	-0.020829	0.253236
SNP_874	0.0	-100.0	0.5
SNP_875	0.0	-100.0	0.5
SNP_876	0.276859	0.022743	0.499597
SNP_877	0.276859	0.022743	0.499597
SNP_878	0.137363	-0.038341	0.127938
SNP_879	0.0	-100.0	0.5
SNP_880	0.0	-100.0	0.5
SNP_881	0.5	-0.034252	0.065967
SNP_882	0.5	-0.043239	0.0
SNP_883	0.392308	-0.037232	0.0
SNP_884	0.392308	-0.037232	0.0
SNP_885	0.392308	-0.037232	0.0
SNP_886	0.285714	-0.010568	0.334126
SNP_887	0.153846	0.12	1.0
SNP_888	0.153846	0.12	1.0
SNP_889	0.076923	0.04	0.9333
SNP_890	0.112179	-0.029714	0.247139
SNP_891	0.071429	0.037037	0.918246
SNP_892	0.197802	-0.015309	0.237263
SNP_893	0.076923	0.04	0.9333
SNP_894	0.045455	0.0	0.619311
SNP_895	0.450413	-0.042813	0.0
SNP_896	0.450413	-0.042813	0.0
SNP_897	0.450413	-0.042813	0.0
SNP_898	0.366071	0.070343	0.634946
SNP_899	0.366071	0.070343	0.634946
SNP_900	0.346154	0.32	1.0
SNP_901	0.346154	0.32	1.0
SNP_902	0.346154	0.32	1.0
SNP_903	0.153846	0.12	1.0
SNP_904	0.055556	0.0	0.619311
SNP_905	0.083333	0.043478	0.65876
SNP_906	0.083333	0.043478	0.65876
SNP_907	0.083333	0.043478	0.65876
SNP_908	0.038462	0.0	0.5
SNP_909	0.0	-100.0	0.5
SNP_910	0.0	-100.0	0.5
SNP_911	0.0	-100.0	0.5
SNP_912	0.0	-100.0	0.5
SNP_913	0.423077	-0.027001	0.172649
SNP_914	0.476923	0.104924	0.715711
SNP_915	0.476923	0.104924	0.715711
SNP_916	0.476923	0.104924	0.715711
SNP_917	0.076923	0.04	0.9333
SNP_918	0.041667	0.0	0.619311
SNP_919	0.076923	0.04	0.9333
SNP_920	0.0	-100.0	0.5
SNP_921	0.3	0.263158	0.926818
SNP_922	0.233333	-0.027133	0.172487
SNP_923	0.1	0.052632	0.685235
SNP_924	0.357143	0.333333	1.0
SNP_925	0.17094	-0.043765	0.0
SNP_926	0.239645	0.017778	0.483842
SNP_927	0.239645	0.017778	0.483842
SNP_928	0.033333	0.0	0.5
SNP_929	0.0	-100.0	0.5
SNP_930	0.3125	-0.004912	0.371719
SNP_931	0.181818	0.142857	1.0
SNP_932	0.181818	0.142857	1.0
SNP_933	0.181818	0.142857	1.0
SNP_934	0.181818	0.142857	1.0
SNP_935	0.181818	0.142857	1.0
SNP_936	0.0	-100.0	0.5
SNP_937	0.0	-100.0	0.5
SNP_938	0.0	-100.0	0.5
SNP_939	0.0	-100.0	0.5
SNP_940	0.071429	0.037037	0.918246
SNP_941	0.392857	0.09697	0.663379
SNP_942	0.252747	-0.021852	0.244336
SNP_943	0.236264	0.025151	0.511507
SNP_944	0.236264	0.025151	0.511507
SNP_945	0.2	0.001238	0.326558
SNP_946	0.320513	-0.028174	0.156617
SNP_947	0.302564	-0.00526	0.366309
SNP_948	0.035714	0.0	0.5
SNP_949	0.035714	0.0	0.5
SNP_950	0.035714	0.0	0.5
SNP_951	0.420635	-0.04273	0.007525
SNP_952	0.214286	0.185185	0.908117
SNP_953	0.423077	0.162257	0.801789
SNP_954	0.555556	0.529412	1.0
SNP_955	0.076923	0.04	0.9333
SNP_956	0.0	-100.0	0.5
SNP_957	0.435897	-0.040205	0.032737
SNP_958	0.452381	0.11823	0.729115
SNP_959	0.452381	0.11823	0.729115
SNP_960	0.452381	0.11823	0.729115
SNP_961	0.208333	0.173913	0.853802
SNP_962	0.208333	0.173913	0.853802
SNP_963	0.045455	0.0	0.619311
SNP_964	0.161538	-0.043609	0.0
SNP_965	0.157143	-0.057416	0.0
SNP_966	0.157143	-0.057416	0.0
SNP_967	0.076923	0.04	0.9333
SNP_968	0.0	-100.0	0.5
SNP_969	0.076923	0.04	0.9333
SNP_970	0.15	-0.048246	0.0
SNP_971	0.090909	0.047619	0.670478
SNP_972	0.125	0.086957	0.690229
SNP_973	0.090909	0.047619	0.670478
SNP_974	0.2	-0.044336	0.0
SNP_975	0.458333	0.434783	0.97634
SNP_976	0.15	0.016908	0.378421
SNP_977	0.0	-100.0	0.5
SNP_978	0.0	-100.0	0.5
SNP_979	0.0	-100.0	0.5
SNP_980	0.05	0.0	0.619311
SNP_981	0.0	-100.0	0.5
SNP_982	0.0	-100.0	0.5
SNP_983	0.0	-100.0	0.5
SNP_984	0.0	-100.0	0.5
SNP_985	0.0	-100.0	0.5
SNP_986	0.0	-100.0	0.5
SNP_987	0.5	-0.049212	0.0
SNP_988	0.208333	0.173913	0.853802
SNP_989	0.055556	0.0	0.619311
SNP_990	0.3125	-0.058947	0.0
SNP_991	0.3875	0.087473	0.644095
SNP_992	0.5	-0.034943	0.054858
SNP_993	0.153846	0.12	1.0
SNP_994	0.038462	0.0	0.5
SNP_995	0.266667	0.066313	0.643857
SNP_996	0.045455	0.0	0.619311
SNP_997	0.481481	-0.024592	0.186297
SNP_998	0.153846	0.12	1.0
SNP_999	0.481481	-0.024592	0.186297
SNP_1000	0.153846	0.12	1.0
SNP_1001	0.481481	-0.024592	0.186297
SNP_1002	0.454545	-0.05098	0.0
SNP_1003	0.454545	-0.05098	0.0
SNP_1004	0.454545	-0.05098	0.0
SNP_1005	0.397436	-0.023048	0.234609
SNP_1006	0.104938	-0.058824	0.0
SNP_1007	0.357143	-0.027149	0.17231
SNP_1008	0.055556	0.0	0.619311
SNP_1009	0.055556	0.0	0.619311
SNP_1010	0.071429	0.0	0.619311
SNP_1011	0.357143	-0.027149	0.17231
SNP_1012	0.055556	0.0	0.619311
SNP_1013	0.055556	0.0	0.619311
SNP_1014	0.357143	-0.027149	0.17231
SNP_1015	0.467949	-0.015414	0.246919
SNP_1016	0.44359	0.260873	0.946624
SNP_1017	0.44359	0.260873	0.946624
SNP_1018	0.5	0.211989	0.873267
SNP_1019	0.133333	-0.036605	0.146971
SNP_1020	0.44359	0.260873	0.946624
SNP_1021	0.221591	0.014652	0.470998
SNP_1022	0.0625	0.0	0.619311
SNP_1023	0.480519	0.002079	0.350768
SNP_1024	0.11039	-0.058823	0.0
SNP_1025	0.11039	-0.058823	0.0
SNP_1026	0.422078	-0.021696	0.218986
SNP_1027	0.375	0.333333	0.958095
SNP_1028	0.0	-100.0	0.5
SNP_1029	0.375	0.333333	0.958095
SNP_1030	0.181818	0.142857	1.0
SNP_1031	0.181818	0.142857	1.0
SNP_1032	0.5	0.191626	0.853565
SNP_1033	0.5	0.191626	0.853565
SNP_1034	0.153846	0.12	1.0
SNP_1035	0.569444	0.239598	0.812976
SNP_1036	0.0	-100.0	0.5
SNP_1037	0.0	-100.0	0.5
SNP_1038	0.4875	-0.036085	0.19111
SNP_1039	0.366071	0.070343	0.634946
SNP_1040	0.0	-100.0	0.5
SNP_1041	0.5	0.48	0.995075
SNP_1042	0.5	0.48	0.995075
SNP_1043	0.0	-100.0	0.5
SNP_1044	0.274359	-0.024492	0.220337
SNP_1045	0.420455	0.249035	0.93245
SNP_1046	0.420455	0.249035	0.93245
SNP_1047	0.420455	0.249035	0.93245
SNP_1048	0.090909	0.047619	0.670478
SNP_1049	0.0	-100.0	0.5
SNP_1050	0.071429	0.037037	0.918246
SNP_1051	0.071429	0.037037	0.918246
SNP_1052	0.0	-100.0	0.5
SNP_1053	0.0	-100.0	0.5
SNP_1054	0.0	-100.0	0.5
SNP_1055	0.035714	0.0	0.5
SNP_1056	0.490741	-0.049558	0.026026
SNP_1057	0.477273	-0.054422	0.009389
SNP_1058	0.055556	0.0	0.619311
SNP_1059	0.223077	0.085612	0.695297
SNP_1060	0.354167	0.05767	0.598387
SNP_1061	0.0	-100.0	0.5
SNP_1062	0.038462	0.0	0.5
SNP_1063	0.439394	-0.044978	0.0
SNP_1064	0.071429	0.037037	0.918246
SNP_1065	0.0	-100.0	0.5
SNP_1066	0.333333	0.304348	0.953358
SNP_1067	0.0	-100.0	0.5
SNP_1068	0.0	-100.0	0.5
SNP_1069	0.0	-100.0	0.5
SNP_1070	0.0	-100.0	0.5
SNP_1071	0.0	-100.0	0.5
SNP_1072	0.0	-100.0	0.5
SNP_1073	0.05	0.0	0.619311
SNP_1074	0.0	-100.0	0.5
SNP_1075	0.525641	0.052989	0.51256
SNP_1076	0.181818	0.142857	1.0
SNP_1077	0.522727	0.120497	0.749538
SNP_1078	0.522727	0.120497	0.749538
SNP_1079	0.522727	0.120497	0.749538
SNP_1080	0.411243	-0.036259	0.08609
SNP_1081	0.411243	-0.036259	0.08609
SNP_1082	0.137363	-0.038341	0.127938
SNP_1083	0.5	-0.033333	0.080674
SNP_1084	0.133333	0.103448	1.0
SNP_1085	0.464286	-0.019638	0.275538
SNP_1086	0.069231	-0.037037	0.203661
SNP_1087	0.038462	0.0	0.5
SNP_1088	0.207101	-0.010286	0.267836
SNP_1089	0.0	-100.0	0.5
SNP_1090	0.0	-100.0	0.5
SNP_1091	0.0	-100.0	0.5
SNP_1092	0.547619	0.218021	0.846095
SNP_1093	0.0	-100.0	0.5
SNP_1094	0.137363	-0.038341	0.127938
SNP_1095	0.133333	0.103448	1.0
SNP_1096	0.230769	0.2	0.923012
SNP_1097	0.1	0.052632	0.685235
SNP_1098	0.142857	0.111111	1.0
SNP_1099	0.142857	0.111111	1.0
SNP_1100	0.066667	0.034483	0.904011
SNP_1101	0.066667	0.034483	0.904011
SNP_1102	0.223077	-0.031579	0.113822
SNP_1103	0.1	0.052632	0.685235
SNP_1104	0.223077	-0.031579	0.113822
SNP_1105	0.0	-100.0	0.5
SNP_1106	0.0	-100.0	0.5
SNP_1107	0.166667	0.130435	0.704517
SNP_1108	0.166667	0.130435	0.704517
SNP_1109	0.166667	0.130435	0.704517
SNP_1110	0.0	-100.0	0.5
SNP_1111	0.0	-100.0	0.5
SNP_1112	0.261905	0.028986	0.522178
SNP_1113	0.188312	-0.020434	0.201522
SNP_1114	0.188312	-0.020434	0.201522
SNP_1115	0.076923	0.04	0.9333
SNP_1116	0.0	-100.0	0.5
SNP_1117	0.461538	-0.031418	0.0
SNP_1118	0.0	-100.0	0.5
SNP_1119	0.0	-100.0	0.5
SNP_1120	0.488462	-0.019395	0.352792
SNP_1121	0.488462	-0.019395	0.352792
SNP_1122	0.535897	0.14882	0.73228
SNP_1123	0.516667	0.040348	0.45988
SNP_1124	0.516667	0.040348	0.45988
SNP_1125	0.516667	0.040348	0.45988
SNP_1126	0.071429	0.037037	0.918246
SNP_1127	0.071429	0.037037	0.918246
SNP_1128	0.076923	0.04	0.9333
SNP_1129	0.071429	0.037037	0.918246
SNP_1130	0.083333	0.043478	0.65876
SNP_1131	0.369048	0.241935	0.873123
SNP_1132	0.369048	0.241935	0.873123
SNP_1133	0.372727	-0.011186	0.301573
SNP_1134	0.269231	0.24	0.987972
SNP_1135	0.0	-100.0	0.5
SNP_1136	0.0	-100.0	0.5
SNP_1137	0.0	-100.0	0.5
SNP_1138	0.0	-100.0	0.5
SNP_1139	0.0	-100.0	0.5
SNP_1140	0.0	-100.0	0.5
SNP_1141	0.25	-0.046377	0.0
SNP_1142	0.15	0.105263	1.0
SNP_1143	0.557692	0.173357	0.768542
SNP_1144	0.0	-100.0	0.5
SNP_1145	0.0	-100.0	0.5
SNP_1146	0.166667	0.130435	0.704517
SNP_1147	0.305556	0.077061	0.599867
SNP_1148	0.0	-100.0	0.5
SNP_1149	0.246154	-0.035632	0.052345
SNP_1150	0.2	0.157895	0.790316
SNP_1151	0.576923	0.232842	0.804757
SNP_1152	0.478022	-0.023704	0.192291
SNP_1153	0.0	-100.0	0.5
SNP_1154	0.0	-100.0	0.5
SNP_1155	0.291667	0.26087	0.921807
SNP_1156	0.291667	0.26087	0.921807
SNP_1157	0.291667	0.26087	0.921807
SNP_1158	0.291667	0.26087	0.921807
SNP_1159	0.291667	0.26087	0.921807
SNP_1160	0.071429	0.037037	0.918246
SNP_1161	0.517857	0.037315	0.446042
SNP_1162	0.517857	0.037315	0.446042
SNP_1163	0.247222	0.043495	0.574265
SNP_1164	0.247222	0.043495	0.574265
SNP_1165	0.0	-100.0	0.5
SNP_1166	0.25	-0.036232	0.09291
SNP_1167	0.25	-0.036232	0.09291
SNP_1168	0.431818	-0.057018	0.0
SNP_1169	0.071429	0.037037	0.918246
SNP_1170	0.0	-100.0	0.5
SNP_1171	0.125	-0.037681	0.135603
SNP_1172	0.125	-0.037681	0.135603
SNP_1173	0.230769	0.2	0.923012
SNP_1174	0.076923	0.04	0.9333
SNP_1175	0.076923	0.04	0.9333
SNP_1176	0.076923	0.04	0.9333
SNP_1177	0.076923	0.04	0.9333
SNP_1178	0.189744	-0.019199	0.210637
SNP_1179	0.5	0.293507	0.932503
SNP_1180	0.417949	0.038714	0.563173
SNP_1181	0.272189	0.050435	0.594849
SNP_1182	0.423077	0.4	1.0
SNP_1183	0.0	-100.0	0.5
SNP_1184	0.0	-100.0	0.5
SNP_1185	0.0	-100.0	0.5
SNP_1186	0.0	-100.0	0.5
SNP_1187	0.505952	-0.013981	0.313945
SNP_1188	0.0	-100.0	0.5
SNP_1189	0.090909	0.047619	0.670478
SNP_1190	0.25	0.2	0.937372
SNP_1191	0.05	0.0	0.619311
SNP_1192	0.333333	-0.06026	0.0
SNP_1193	0.333333	-0.06026	0.0
SNP_1194	0.333333	-0.06026	0.0
SNP_1195	0.0	-100.0	0.5
SNP_1196	0.18	-0.052632	0.0
SNP_1197	0.0	-100.0	0.5
SNP_1198	0.266667	0.066313	0.643857
SNP_1199	0.228022	0.009032	0.445818
SNP_1200	0.228022	0.009032	0.445818
SNP_1201	0.228022	0.009032	0.445818
SNP_1202	0.228022	0.009032	0.445818
SNP_1203	0.488095	-0.039943	0.144641
SNP_1204	0.0	-100.0	0.5
SNP_1205	0.52381	0.061265	0.545354
SNP_1206	0.0	-100.0	0.5
SNP_1207	0.0	-100.0	0.5
SNP_1208	0.430769	0.044335	0.531299
SNP_1209	0.073964	-0.04	0.166088
SNP_1210	0.073964	-0.04	0.166088
SNP_1211	0.073964	-0.04	0.166088
SNP_1212	0.0	-100.0	0.5
SNP_1213	0.0	-100.0	0.5
SNP_1214	0.372727	-0.036365	0.0
SNP_1215	0.372727	-0.036365	0.0
SNP_1216	0.372727	-0.036365	0.0
SNP_1217	0.192308	-0.025558	0.159321
SNP_1218	0.166667	0.137931	1.0
SNP_1219	0.0	-100.0	0.5
SNP_1220	0.214286	0.185185	0.908117
SNP_1221	0.0	-100.0	0.5
SNP_1222	0.125	0.066667	0.534781
SNP_1223	0.0	-100.0	0.5
SNP_1224	0.0	-100.0	0.5
SNP_1225	0.071429	0.0	0.619311
SNP_1226	0.166667	0.010031	0.387852
SNP_1227	0.0	-100.0	0.5
SNP_1228	0.166667	0.130435	0.704517
SNP_1229	0.166667	0.130435	0.704517
SNP_1230	0.166667	0.130435	0.704517
SNP_1231	0.0	-100.0	0.5
SNP_1232	0.090909	0.047619	0.670478
SNP_1233	0.233333	-0.027133	0.172487
SNP_1234	0.385714	0.137102	0.735048
SNP_1235	0.385714	0.137102	0.735048
SNP_1236	0.385714	0.137102	0.735048
SNP_1237	0.17033	-0.027049	0.204635
SNP_1238	0.0	-100.0	0.5
SNP_1239	0.0	-100.0	0.5
SNP_1240	0.0	-100.0	0.5
SNP_1241	0.035714	0.0	0.5
SNP_1242	0.035714	0.0	0.5
SNP_1243	0.510256	0.034102	0.558388
SNP_1244	0.0	-100.0	0.5
SNP_1245	0.0	-100.0	0.5
SNP_1246	0.0	-100.0	0.5
SNP_1247	0.0	-100.0	0.5
SNP_1248	0.076923	0.04	0.9333
SNP_1249	0.071429	0.037037	0.918246
SNP_1250	0.071429	0.037037	0.918246
SNP_1251	0.071429	0.037037	0.918246
SNP_1252	0.261905	-0.038208	0.06816
SNP_1253	0.410714	0.203669	0.870348
SNP_1254	0.261905	-0.038208	0.06816
SNP_1255	0.076923	0.04	0.9333
SNP_1256	0.0	-100.0	0.5
SNP_1257	0.111111	0.058824	0.704721
SNP_1258	0.346154	-0.037742	0.03562
SNP_1259	0.115385	0.08	0.797939
SNP_1260	0.466667	0.241868	0.938608
SNP_1261	0.0	-100.0	0.5
SNP_1262	0.0	-100.0	0.5
SNP_1263	0.0	-100.0	0.5
SNP_1264	0.458333	0.070393	0.652004
SNP_1265	0.5	0.284211	0.927047
SNP_1266	0.653846	0.64	0.998093
SNP_1267	0.653846	0.64	0.998093
SNP_1268	0.0	-100.0	0.5
SNP_1269	0.083333	0.043478	0.65876
SNP_1270	0.402367	0.204706	0.871395
SNP_1271	0.2	0.172414	0.847305
SNP_1272	0.371795	0.096171	0.661795
SNP_1273	0.0	-100.0	0.5
SNP_1274	0.083333	0.043478	0.65876
SNP_1275	0.444444	-0.025572	0.164789
SNP_1276	0.0	-100.0	0.5
SNP_1277	0.090909	0.047619	0.670478
SNP_1278	0.109467	-0.025946	0.368576
SNP_1279	0.038462	0.0	0.5
SNP_1280	0.041667	0.0	0.619311
SNP_1281	0.4125	0.068581	0.649116
SNP_1282	0.0	-100.0	0.5
SNP_1283	0.0	-100.0	0.5
SNP_1284	0.083333	0.043478	0.65876
SNP_1285	0.0	-100.0	0.5
SNP_1286	0.107143	0.074074	0.764543
SNP_1287	0.041667	0.0	0.619311
SNP_1288	0.038462	0.0	0.5
SNP_1289	0.033333	0.0	0.5
SNP_1290	0.0	-100.0	0.5
SNP_1291	0.0	-100.0	0.5
SNP_1292	0.076923	0.04	0.9333
SNP_1293	0.076923	0.04	0.9333
SNP_1294	0.0	-100.0	0.5
SNP_1295	0.0	-100.0	0.5
SNP_1296	0.142857	0.076923	0.590115
SNP_1297	0.142857	0.076923	0.590115
SNP_1298	0.0	-100.0	0.5
SNP_1299	0.0	-100.0	0.5
SNP_1300	0.0	-100.0	0.5
SNP_1301	0.318182	-0.008056	0.351633
SNP_1302	0.318182	-0.008056	0.351633
SNP_1303	0.318182	-0.008056	0.351633
SNP_1304	0.318182	-0.008056	0.351633
SNP_1305	0.111111	0.058824	0.704721
SNP_1306	0.0	-100.0	0.5
SNP_1307	0.0	-100.0	0.5
SNP_1308	0.455128	0.03711	0.577049
SNP_1309	0.455128	0.03711	0.577049
SNP_1310	0.038462	0.0	0.5
SNP_1311	0.384615	0.36	0.977506
SNP_1312	0.230769	0.2	0.923012
SNP_1313	0.0	-100.0	0.5
SNP_1314	0.0	-100.0	0.5
SNP_1315	0.615385	0.406437	0.956546
SNP_1316	0.615385	0.406437	0.956546
SNP_1317	0.0	-100.0	0.5
SNP_1318	0.0	-100.0	0.5
SNP_1319	0.0	-100.0	0.5
SNP_1320	0.472527	-0.026977	0.170109
SNP_1321	0.166667	-0.02313	0.255076
SNP_1322	0.44359	0.158262	0.794622
SNP_1323	0.0	-100.0	0.5
SNP_1324	0.172619	-0.036482	0.0
SNP_1325	0.222222	0.176471	0.884974
SNP_1326	0.415385	0.119625	0.757474
SNP_1327	0.415385	0.119625	0.757474
SNP_1328	0.416667	0.391304	0.981659
SNP_1329	0.583333	0.565217	0.9948
SNP_1330	0.0	-100.0	0.5
SNP_1331	0.0	-100.0	0.5
SNP_1332	0.0	-100.0	0.5
SNP_1333	0.0	-100.0	0.5
SNP_1334	0.452381	0.11823	0.729115
SNP_1335	0.452381	0.11823	0.729115
SNP_1336	0.0	-100.0	0.5
SNP_1337	0.0	-100.0	0.5
SNP_1338	0.041667	0.0	0.619311
SNP_1339	0.0	-100.0	0.5
SNP_1340	0.083333	0.043478	0.65876
SNP_1341	0.284615	0.154085	0.734018
SNP_1342	0.464646	0.21593	0.834223
SNP_1343	0.464646	0.21593	0.834223
SNP_1344	0.038462	0.0	0.5
SNP_1345	0.038462	0.0	0.5
SNP_1346	0.0	-100.0	0.5
SNP_1347	0.090909	0.047619	0.670478
SNP_1348	0.192308	0.16	0.79802
SNP_1349	0.066667	0.034483	0.904011
SNP_1350	0.0	-100.0	0.5
SNP_1351	0.076923	0.04	0.9333
SNP_1352	0.076923	0.04	0.9333
SNP_1353	0.076923	0.04	0.9333
SNP_1354	0.076923	0.04	0.9333
SNP_1355	0.076923	0.04	0.9333
SNP_1356	0.076923	0.04	0.9333
SNP_1357	0.133333	0.103448	1.0
SNP_1358	0.0	-100.0	0.5
SNP_1359	0.0	-100.0	0.5
SNP_1360	0.451923	-0.043404	0.0
SNP_1361	0.623626	0.400835	0.954181
SNP_1362	0.0	-100.0	0.5
SNP_1363	0.0875	-0.047619	0.0
SNP_1364	0.041667	0.0	0.619311
SNP_1365	0.076923	0.04	0.9333
SNP_1366	0.076923	0.04	0.9333
SNP_1367	0.172727	-0.04973	0.0
SNP_1368	0.269231	0.24	0.987972
SNP_1369	0.451923	-0.021708	0.24354
SNP_1370	0.451923	-0.021708	0.24354
SNP_1371	0.451923	-0.021708	0.24354
SNP_1372	0.527778	0.313136	0.987248
SNP_1373	0.472222	0.02841	0.473407
SNP_1374	0.0	-100.0	0.5
SNP_1375	0.246154	0.027586	0.520242
SNP_1376	0.246154	0.027586	0.520242
SNP_1377	0.246154	0.027586	0.520242
SNP_1378	0.277778	-0.03898	0.058369
SNP_1379	0.277778	-0.03898	0.058369
SNP_1380	0.277778	-0.03898	0.058369
SNP_1381	0.375	-0.048055	0.0
SNP_1382	0.0	-100.0	0.5
SNP_1383	0.520833	0.058039	0.532613
SNP_1384	0.035714	0.0	0.5
SNP_1385	0.035714	0.0	0.5
SNP_1386	0.0	-100.0	0.5
SNP_1387	0.375	0.077295	0.622227
SNP_1388	0.240385	-0.037983	0.015878
SNP_1389	0.240385	-0.037983	0.015878
SNP_1390	0.045455	0.0	0.619311
SNP_1391	0.045455	0.0	0.619311
SNP_1392	0.045455	0.0	0.619311
SNP_1393	0.0	-100.0	0.5
SNP_1394	0.0	-100.0	0.5
SNP_1395	0.153846	-0.015	0.273551
SNP_1396	0.266234	0.01897	0.485289
SNP_1397	0.582418	0.242264	0.816145
SNP_1398	0.038462	0.0	0.5
SNP_1399	0.038462	0.0	0.5
SNP_1400	0.090909	0.047619	0.670478
SNP_1401	0.041667	0.0	0.619311
SNP_1402	0.142857	0.111111	1.0
SNP_1403	0.615385	0.356085	0.932311
SNP_1404	0.0	-100.0	0.5
SNP_1405	0.0	-100.0	0.5
SNP_1406	0.066667	0.034483	0.904011
SNP_1407	0.597403	0.297907	0.892281
SNP_1408	0.192308	0.16	0.79802
SNP_1409	0.142857	0.076923	0.590115
SNP_1410	0.0	-100.0	0.5
SNP_1411	0.142857	0.076923	0.590115
SNP_1412	0.0	-100.0	0.5
SNP_1413	0.0	-100.0	0.5
SNP_1414	0.142857	0.076923	0.590115
SNP_1415	0.111111	0.058824	0.704721
SNP_1416	0.606061	0.32335	0.912543
SNP_1417	0.606061	0.32335	0.912543
SNP_1418	0.606061	0.32335	0.912543
SNP_1419	0.19697	0.033445	0.444212
SNP_1420	0.111111	-0.0625	0.0
SNP_1421	0.287879	-0.044786	0.0
SNP_1422	0.153846	0.12	1.0
SNP_1423	0.0	-100.0	0.5
SNP_1424	0.133333	0.103448	1.0
SNP_1425	0.045455	0.0	0.619311
SNP_1426	0.0	-100.0	0.5
SNP_1427	0.208333	-0.049787	0.0
SNP_1428	0.115385	-0.024155	0.395647
SNP_1429	0.038462	0.0	0.5
SNP_1430	0.115385	-0.024155	0.395647
SNP_1431	0.115385	-0.024155	0.395647
SNP_1432	0.202479	-0.036929	0.017447
SNP_1433	0.115385	-0.024155	0.395647
SNP_1434	0.152778	-0.043478	0.0
SNP_1435	0.291667	0.26087	0.921807
SNP_1436	0.291667	0.26087	0.921807
SNP_1437	0.0	-100.0	0.5
SNP_1438	0.172727	-0.04973	0.0
SNP_1439	0.090909	0.047619	0.670478
SNP_1440	0.484848	-0.003057	0.459499
SNP_1441	0.461538	0.44	0.978936
SNP_1442	0.39011	-0.015462	0.266489
SNP_1443	0.2	0.157895	0.790316
SNP_1444	0.2	0.157895	0.790316
SNP_1445	0.2	0.157895	0.790316
SNP_1446	0.2	0.157895	0.790316
SNP_1447	0.2	0.157895	0.790316
SNP_1448	0.270833	-0.001752	0.38704
SNP_1449	0.0	-100.0	0.5
SNP_1450	0.5	0.332308	0.9524
SNP_1451	0.0	-100.0	0.5
SNP_1452	0.0	-100.0	0.5
SNP_1453	0.0	-100.0	0.5
SNP_1454	0.071429	0.037037	0.918246
SNP_1455	0.197802	-0.015309	0.237263
SNP_1456	0.653846	0.516285	0.987201
SNP_1457	0.125	0.086957	0.690229
SNP_1458	0.25	0.210526	0.952848
SNP_1459	0.0	-100.0	0.5
SNP_1460	0.5	0.338624	0.955237
SNP_1461	0.5	0.338624	0.955237
SNP_1462	0.47929	0.075556	0.633365
SNP_1463	0.318681	0.046628	0.565192
SNP_1464	0.479167	-0.05104	0.021509
SNP_1465	0.507692	0.008011	0.457376
SNP_1466	0.432692	0.008116	0.402587
SNP_1467	0.0	-100.0	0.5
SNP_1468	0.113095	-0.020595	0.433198
SNP_1469	0.0	-100.0	0.5
SNP_1470	0.0	-100.0	0.5
SNP_1471	0.3	0.263158	0.926818
SNP_1472	0.0	-100.0	0.5
SNP_1473	0.340909	-0.03609	0.059347
SNP_1474	0.340909	-0.03609	0.059347
SNP_1475	0.340909	-0.03609	0.059347
SNP_1476	0.0	-100.0	0.5
SNP_1477	0.0	-100.0	0.5
SNP_1478	0.0	-100.0	0.5
SNP_1479	0.0	-100.0	0.5
SNP_1480	0.309091	-0.049093	0.0
SNP_1481	0.076923	0.04	0.9333
SNP_1482	0.071429	-0.038462	0.185469
SNP_1483	0.532967	0.126613	0.688118
SNP_1484	0.0	-100.0	0.5
SNP_1485	0.0	-100.0	0.5
SNP_1486	0.133333	0.103448	1.0
SNP_1487	0.492308	-0.02931	0.264408
SNP_1488	0.392857	0.202386	0.827322
SNP_1489	0.25	0.222222	0.968441
SNP_1490	0.0	-100.0	0.5
SNP_1491	0.375	0.347826	0.969009
SNP_1492	0.083333	0.043478	0.65876
SNP_1493	0.535503	0.445525	0.979397
SNP_1494	0.083333	0.043478	0.65876
SNP_1495	0.0	-100.0	0.5
SNP_1496	0.1	0.068966	0.741721
SNP_1497	0.55	0.526316	1.0
SNP_1498	0.338462	0.002299	0.411854
SNP_1499	0.0	-100.0	0.5
SNP_1500	0.076923	0.04	0.9333
SNP_1501	0.038462	0.0	0.5
SNP_1502	0.518519	0.042017	0.467288
SNP_1503	0.674825	0.604352	0.994839
SNP_1504	0.211538	-0.016812	0.227321
SNP_1505	0.038462	0.0	0.5
SNP_1506	0.284615	0.154085	0.734018
SNP_1507	0.284615	0.154085	0.734018
SNP_1508	0.1	0.052632	0.685235
SNP_1509	0.469697	-0.032859	0.129984
SNP_1510	0.107143	0.074074	0.764543
SNP_1511	0.107143	0.074074	0.764543
SNP_1512	0.318681	0.104163	0.693878
SNP_1513	0.474359	0.149612	0.814766
SNP_1514	0.348485	-0.0531	0.0
SNP_1515	0.348485	-0.0531	0.0
SNP_1516	0.676768	0.538442	0.987528
SNP_1517	0.353147	-0.043753	0.0
SNP_1518	0.0	-100.0	0.5
SNP_1519	0.569231	0.326002	0.897112
SNP_1520	0.0	-100.0	0.5
SNP_1521	0.330769	0.019995	0.485836
SNP_1522	0.145455	-0.037767	0.134637
SNP_1523	0.145455	-0.037767	0.134637
SNP_1524	0.145455	-0.037767	0.134637
SNP_1525	0.125	0.086957	0.690229
SNP_1526	0.235577	-0.003265	0.379172
SNP_1527	0.214286	0.153846	0.775925
SNP_1528	0.0	-100.0	0.5
SNP_1529	0.0	-100.0	0.5
SNP_1530	0.5	-0.036634	0.028289
SNP_1531	0.494048	-0.038415	0.163416
SNP_1532	0.142857	-0.039452	0.113465
SNP_1533	0.133333	-0.036605	0.146971
SNP_1534	0.133333	-0.036605	0.146971
SNP_1535	0.438462	0.055402	0.563052
SNP_1536	0.438462	0.055402	0.563052
SNP_1537	0.625	0.608696	0.998771
SNP_1538	0.182692	-0.042807	0.0
SNP_1539	0.182692	-0.042807	0.0
SNP_1540	0.28022	-0.02963	0.16896
SNP_1541	0.523077	0.054767	0.51963
SNP_1542	0.523077	0.054767	0.51963
SNP_1543	0.0	-100.0	0.5
SNP_1544	0.045455	0.0	0.619311
SNP_1545	0.041667	0.0	0.619311
SNP_1546	0.0	-100.0	0.5
SNP_1547	0.0	-100.0	0.5
SNP_1548	0.0	-100.0	0.5
SNP_1549	0.0	-100.0	0.5
SNP_1550	0.142857	0.111111	1.0
SNP_1551	0.041667	0.0	0.619311
SNP_1552	0.0	-100.0	0.5
SNP_1553	0.0	-100.0	0.5
SNP_1554	0.589744	0.297151	0.891582
SNP_1555	0.589744	0.297151	0.891582
SNP_1556	0.142857	-0.039452	0.113465
SNP_1557	0.142857	-0.039452	0.113465
SNP_1558	0.142857	-0.039452	0.113465
SNP_1559	0.467532	0.162393	0.83781
SNP_1560	0.467532	0.162393	0.83781
SNP_1561	0.133333	0.103448	1.0
SNP_1562	0.0	-100.0	0.5
SNP_1563	0.0	-100.0	0.5
SNP_1564	0.390909	-0.004812	0.346215
SNP_1565	0.390909	-0.004812	0.346215
SNP_1566	0.153846	0.12	1.0
SNP_1567	0.4375	-0.015873	0.26392
SNP_1568	0.604167	0.341582	0.923981
SNP_1569	0.0	-100.0	0.5
SNP_1570	0.361538	0.024652	0.492401
SNP_1571	0.583333	0.267081	0.843746
SNP_1572	0.083333	-0.045455	0.0
SNP_1573	0.083333	-0.045455	0.0
SNP_1574	0.25	0.097403	0.729421
SNP_1575	0.25	0.097403	0.729421
SNP_1576	0.431818	0.212161	0.88257
SNP_1577	0.2	0.172414	0.847305
SNP_1578	0.142012	-0.04	0.105382
SNP_1579	0.5	0.171958	0.832077
SNP_1580	0.302564	0.087317	0.619355
SNP_1581	0.302564	0.087317	0.619355
SNP_1582	0.302564	0.087317	0.619355
SNP_1583	0.0	-100.0	0.5
SNP_1584	0.203297	-0.004284	0.300076
SNP_1585	0.181818	0.142857	1.0
SNP_1586	0.288462	0.065739	0.577379
SNP_1587	0.066667	0.034483	0.904011
SNP_1588	0.038462	0.0	0.5
SNP_1589	0.038462	0.0	0.5
SNP_1590	0.038462	0.0	0.5
SNP_1591	0.153333	-0.037639	0.136071
SNP_1592	0.033333	0.0	0.5
SNP_1593	0.142012	-0.04	0.105382
SNP_1594	0.142012	-0.04	0.105382
SNP_1595	0.035714	0.0	0.5
SNP_1596	0.0	-100.0	0.5
SNP_1597	0.5	-0.046335	0.0
SNP_1598	0.0	-100.0	0.5
SNP_1599	0.246154	-0.035632	0.052345
SNP_1600	0.464646	0.21593	0.834223
SNP_1601	0.0	-100.0	0.5
SNP_1602	0.0	-100.0	0.5
SNP_1603	0.336364	-0.047687	0.0
SNP_1604	0.225	0.079183	0.678581
SNP_1605	0.239669	-0.011494	0.322722
SNP_1606	0.0	-100.0	0.5
SNP_1607	0.0	-100.0	0.5
SNP_1608	0.615385	0.356085	0.932311
SNP_1609	0.113095	-0.020595	0.433198
SNP_1610	0.113095	-0.020595	0.433198
SNP_1611	0.113095	-0.020595	0.433198
SNP_1612	0.0	-100.0	0.5
SNP_1613	0.474074	0.236308	0.933598
SNP_1614	0.0	-100.0	0.5
SNP_1615	0.0	-100.0	0.5
SNP_1616	0.0	-100.0	0.5
SNP_1617	0.0	-100.0	0.5
SNP_1618	0.0	-100.0	0.5
SNP_1619	0.590909	0.286325	0.881332
SNP_1620	0.227273	0.01164	0.457856
SNP_1621	0.227273	0.01164	0.457856
SNP_1622	0.227273	0.01164	0.457856
SNP_1623	0.227273	0.01164	0.457856
SNP_1624	0.227273	0.01164	0.457856
SNP_1625	0.071429	0.037037	0.918246
SNP_1626	0.0	-100.0	0.5
SNP_1627	0.32	-0.052632	0.0
SNP_1628	0.336364	-0.047687	0.0
SNP_1629	0.1	0.052632	0.685235
SNP_1630	0.0	-100.0	0.5
SNP_1631	0.261364	0.010262	0.448449
SNP_1632	0.571429	0.555556	0.993501
SNP_1633	0.571429	0.555556	0.993501
SNP_1634	0.571429	0.555556	0.993501
SNP_1635	0.142857	0.006923	0.348801
SNP_1636	0.076923	0.04	0.9333
SNP_1637	0.528205	0.372749	0.997059
SNP_1638	0.528205	0.372749	0.997059
SNP_1639	0.0	-100.0	0.5
SNP_1640	0.0	-100.0	0.5
SNP_1641	0.066667	0.034483	0.904011
SNP_1642	0.437063	0.110811	0.700236
SNP_1643	0.552448	0.1783	0.77791
SNP_1644	0.471429	-0.040936	0.076553
SNP_1645	0.385714	-0.025774	0.156461
SNP_1646	0.055556	0.0	0.619311
SNP_1647	0.0	-100.0	0.5
SNP_1648	0.0	-100.0	0.5
SNP_1649	0.0	-100.0	0.5
SNP_1650	0.473077	0.05905	0.580966
SNP_1651	0.473077	0.05905	0.580966
SNP_1652	0.473077	0.05905	0.580966
SNP_1653	0.473077	0.05905	0.580966
SNP_1654	0.535897	0.14882	0.73228
SNP_1655	0.142857	0.076923	0.590115
SNP_1656	0.5	0.073663	0.669184
SNP_1657	0.045455	0.0	0.619311
SNP_1658	0.400826	-0.026019	0.204858
SNP_1659	0.0	-100.0	0.5
SNP_1660	0.472222	-0.0239	0.19097
SNP_1661	0.5	-0.036682	0.027568
SNP_1662	0.5	-0.036682	0.027568
SNP_1663	0.1	0.068966	0.741721
SNP_1664	0.261364	-0.04265	0.014031
SNP_1665	0.660714	0.506942	0.985806
SNP_1666	0.660714	0.506942	0.985806
SNP_1667	0.246154	-0.035632	0.052345
SNP_1668	0.125	0.066667	0.534781
SNP_1669	0.5	-0.018623	0.270479
SNP_1670	0.240385	-0.037983	0.015878
SNP_1671	0.315385	-0.037006	7.8e-05
SNP_1672	0.0	-100.0	0.5
SNP_1673	0.076923	0.04	0.9333
SNP_1674	0.076923	0.04	0.9333
SNP_1675	0.307692	0.28	0.967577
SNP_1676	0.307692	0.28	0.967577
SNP_1677	0.5	-0.024121	0.209942
SNP_1678	0.15	0.105263	1.0
SNP_1679	0.26	-0.000977	0.391437
SNP_1680	0.08	-0.041667	0.145503
SNP_1681	0.0	-100.0	0.5
SNP_1682	0.0	-100.0	0.5
SNP_1683	0.0	-100.0	0.5
SNP_1684	0.0	-100.0	0.5
SNP_1685	0.0	-100.0	0.5
SNP_1686	0.14	-0.033835	0.17168
SNP_1687	0.14	-0.033835	0.17168
SNP_1688	0.14	-0.033835	0.17168
SNP_1689	0.234848	-0.003005	0.380778
SNP_1690	0.090909	0.047619	0.670478
SNP_1691	0.0	-100.0	0.5
SNP_1692	0.439394	-0.040428	0.030284
SNP_1693	0.111111	0.058824	0.704721
SNP_1694	0.111111	0.058824	0.704721
SNP_1695	0.0	-100.0	0.5
SNP_1696	0.0	-100.0	0.5
SNP_1697	0.0	-100.0	0.5
SNP_1698	0.5	0.158405	0.81565
SNP_1699	0.646853	0.430167	0.97007
SNP_1700	0.2	-0.030602	0.108047
SNP_1701	0.111111	0.058824	0.704721
SNP_1702	0.416667	0.391304	0.981659
SNP_1703	0.511905	0.008426	0.459379
SNP_1704	0.0	-100.0	0.5
SNP_1705	0.0	-100.0	0.5
SNP_1706	0.3	0.263158	0.926818
SNP_1707	0.333333	0.304348	0.953358
SNP_1708	0.055556	0.0	0.619311
SNP_1709	0.318182	-0.033718	0.062564
SNP_1710	0.318182	-0.033718	0.062564
SNP_1711	0.2	0.157895	0.790316
SNP_1712	0.2	0.157895	0.790316
SNP_1713	0.246154	0.027586	0.520242
SNP_1714	0.2	0.157895	0.790316
SNP_1715	0.295455	0.04884	0.541416
SNP_1716	0.295455	0.04884	0.541416
SNP_1717	0.295455	0.04884	0.541416
SNP_1718	0.295455	0.04884	0.541416
SNP_1719	0.176923	0.046377	0.455516
SNP_1720	0.181818	0.142857	1.0
SNP_1721	0.423077	0.027273	0.478488
SNP_1722	0.142857	0.111111	1.0
SNP_1723	0.142857	0.111111	1.0
SNP_1724	0.0	-100.0	0.5
SNP_1725	0.142857	0.111111	1.0
SNP_1726	0.142857	0.111111	1.0
SNP_1727	0.041667	0.0	0.619311
SNP_1728	0.041667	0.0	0.619311
SNP_1729	0.0	-100.0	0.5
SNP_1730	0.0	-100.0	0.5
SNP_1731	0.0	-100.0	0.5
SNP_1732	0.041667	0.0	0.619311
SNP_1733	0.041667	0.0	0.619311
SNP_1734	0.166667	-0.046682	0.0
SNP_1735	0.166667	-0.046682	0.0
SNP_1736	0.166667	-0.046682	0.0
SNP_1737	0.066667	0.034483	0.904011
SNP_1738	0.386364	-0.034161	0.024092
SNP_1739	0.0	-100.0	0.5
SNP_1740	0.230769	0.2	0.923012
SNP_1741	0.230769	0.2	0.923012
SNP_1742	0.193182	-0.052101	0.0
SNP_1743	0.0	-100.0	0.5
SNP_1744	0.375	-0.023311	0.186928
SNP_1745	0.420635	-0.022881	0.209115
SNP_1746	0.163889	0.016365	0.401582
SNP_1747	0.05	0.0	0.619311
SNP_1748	0.233728	-0.033418	0.086796
SNP_1749	0.090909	0.047619	0.670478
SNP_1750	0.0	-100.0	0.5
SNP_1751	0.0	-100.0	0.5
SNP_1752	0.090909	0.047619	0.670478
SNP_1753	0.090909	0.047619	0.670478
SNP_1754	0.0	-100.0	0.5
SNP_1755	0.0	-100.0	0.5
SNP_1756	0.071429	0.037037	0.918246
SNP_1757	0.172727	-0.040273	0.0
SNP_1758	0.145455	-0.037767	0.134637
SNP_1759	0.172727	-0.040273	0.0
SNP_1760	0.476923	0.111012	0.731015
SNP_1761	0.476923	0.111012	0.731015
SNP_1762	0.038462	0.0	0.5
SNP_1763	0.268519	0.021607	0.495386
SNP_1764	0.268519	0.021607	0.495386
SNP_1765	0.3	0.263158	0.926818
SNP_1766	0.0	-100.0	0.5
SNP_1767	0.0	-100.0	0.5
SNP_1768	0.228022	0.009032	0.445818
SNP_1769	0.228022	0.009032	0.445818
SNP_1770	0.0	-100.0	0.5
SNP_1771	0.515873	0.01991	0.357727
SNP_1772	0.333333	0.310345	0.958726
SNP_1773	0.083333	0.043478	0.65876
SNP_1774	0.083333	-0.045455	0.0
SNP_1775	0.0	-100.0	0.5
SNP_1776	0.0	-100.0	0.5
SNP_1777	0.303571	0.028701	0.493427
SNP_1778	0.0	-100.0	0.5
SNP_1779	0.0	-100.0	0.5
SNP_1780	0.0	-100.0	0.5
SNP_1781	0.509615	0.012929	0.479895
SNP_1782	0.365385	-0.031014	0.127285
SNP_1783	0.365385	-0.031014	0.127285
SNP_1784	0.260684	-0.020829	0.253236
SNP_1785	0.166667	-0.046682	0.0
SNP_1786	0.076923	0.04	0.9333
SNP_1787	0.133333	0.103448	1.0
SNP_1788	0.133333	0.103448	1.0
SNP_1789	0.528846	0.295462	0.981678
SNP_1790	0.066667	0.034483	0.904011
SNP_1791	0.153846	0.12	1.0
SNP_1792	0.0	-100.0	0.5
SNP_1793	0.0	-100.0	0.5
SNP_1794	0.0	-100.0	0.5
SNP_1795	0.0	-100.0	0.5
SNP_1796	0.0	-100.0	0.5
SNP_1797	0.0	-100.0	0.5
SNP_1798	0.0	-100.0	0.5
SNP_1799	0.0	-100.0	0.5
SNP_1800	0.33432	-0.035398	0.028072
SNP_1801	0.33432	-0.035398	0.028072
SNP_1802	0.33432	-0.035398	0.028072
SNP_1803	0.233728	-0.033418	0.086796
SNP_1804	0.538462	0.185488	0.793141
SNP_1805	0.538462	0.185488	0.793141
SNP_1806	0.520513	0.059759	0.539415
SNP_1807	0.268519	0.021607	0.495386
SNP_1808	0.083333	0.043478	0.65876
SNP_1809	0.404762	-0.004263	0.380768
SNP_1810	0.17033	-0.027049	0.204635
SNP_1811	0.17033	-0.027049	0.204635
SNP_1812	0.428571	0.384615	1.0
SNP_1813	0.0	-100.0	0.5
SNP_1814	0.0	-100.0	0.5
SNP_1815	0.636364	0.619048	0.999274
SNP_1816	0.309091	-0.049093	0.0
SNP_1817	0.0	-100.0	0.5
SNP_1818	0.182692	-0.042807	0.0
SNP_1819	0.149351	-0.040258	0.1013
SNP_1820	0.071429	0.037037	0.918246
SNP_1821	0.466667	0.13117	0.777525
SNP_1822	0.466667	0.13117	0.777525
SNP_1823	0.462963	0.122251	0.734542
SNP_1824	0.066667	0.034483	0.904011
SNP_1825	0.2	0.157895	0.790316
SNP_1826	0.3	0.032037	0.501905
SNP_1827	0.472222	0.022837	0.450733
SNP_1828	0.0875	-0.047619	0.0
SNP_1829	0.115385	-0.024155	0.395647
SNP_1830	0.115385	-0.024155	0.395647
SNP_1831	0.045455	0.0	0.619311
SNP_1832	0.458042	0.044129	0.595014
SNP_1833	0.188889	-0.055181	0.0
SNP_1834	0.1	0.052632	0.685235
SNP_1835	0.05	0.0	0.619311
SNP_1836	0.188889	-0.055181	0.0
SNP_1837	0.090909	0.047619	0.670478
SNP_1838	0.33432	-0.035398	0.028072
SNP_1839	0.165289	-0.047619	0.0
SNP_1840	0.165289	-0.047619	0.0
SNP_1841	0.2	0.001238	0.326558
SNP_1842	0.222222	0.176471	0.884974
SNP_1843	0.0	-100.0	0.5
SNP_1844	0.111111	0.058824	0.704721
SNP_1845	0.090909	0.047619	0.670478
SNP_1846	0.166667	0.130435	0.704517
SNP_1847	0.307692	0.28	0.967577
SNP_1848	0.307692	0.28	0.967577
SNP_1849	0.307692	0.28	0.967577
SNP_1850	0.39645	-0.024478	0.220556
SNP_1851	0.041667	0.0	0.619311
SNP_1852	0.041667	0.0	0.619311
SNP_1853	0.041667	0.0	0.619311
SNP_1854	0.041667	0.0	0.619311
SNP_1855	0.069231	-0.037037	0.203661
SNP_1856	0.1	0.068966	0.741721
SNP_1857	0.782828	0.729954	0.998441
SNP_1858	0.0	-100.0	0.5
SNP_1859	0.153846	-0.042771	0.042571
SNP_1860	0.18	-0.052632	0.0
SNP_1861	0.095	-0.052632	0.0
SNP_1862	0.18	-0.052632	0.0
SNP_1863	0.0	-100.0	0.5
SNP_1864	0.0	-100.0	0.5
SNP_1865	0.434066	0.057993	0.570258
SNP_1866	0.0	-100.0	0.5
SNP_1867	0.090909	0.047619	0.670478
SNP_1868	0.25	0.217391	0.962224
SNP_1869	0.0	-100.0	0.5
SNP_1870	0.071429	0.037037	0.918246
SNP_1871	0.071429	0.037037	0.918246
SNP_1872	0.589286	0.369492	0.949217
SNP_1873	0.0	-100.0	0.5
SNP_1874	0.090909	0.047619	0.670478
SNP_1875	0.0	-100.0	0.5
SNP_1876	0.0	-100.0	0.5
SNP_1877	0.0	-100.0	0.5
SNP_1878	0.083333	0.043478	0.65876
SNP_1879	0.083333	0.043478	0.65876
SNP_1880	0.2	0.172414	0.847305
SNP_1881	0.133333	-0.036605	0.146971
SNP_1882	0.095	-0.052632	0.0
SNP_1883	0.0	-100.0	0.5
SNP_1884	0.0	-100.0	0.5
SNP_1885	0.041667	0.0	0.619311
SNP_1886	0.041667	0.0	0.619311
SNP_1887	0.0	-100.0	0.5
SNP_1888	0.0	-100.0	0.5
SNP_1889	0.5	-0.036682	0.027568
SNP_1890	0.5	-0.036682	0.027568
SNP_1891	0.5	-0.036682	0.027568
SNP_1892	0.0	-100.0	0.5
SNP_1893	0.272727	0.033126	0.536801
SNP_1894	0.456044	-0.038233	0.0
SNP_1895	0.456044	-0.038233	0.0
SNP_1896	0.456044	-0.038233	0.0
SNP_1897	0.456044	-0.038233	0.0
SNP_1898	0.456044	-0.038233	0.0
SNP_1899	0.333333	0.294118	0.943906
SNP_1900	0.181818	0.142857	1.0
SNP_1901	0.0	-100.0	0.5
SNP_1902	0.487179	-0.006499	0.440322
SNP_1903	0.2	0.001238	0.326558
SNP_1904	0.450549	-0.01608	0.320478
SNP_1905	0.535354	0.319486	0.926766
SNP_1906	0.407692	0.163853	0.824501
SNP_1907	0.0	-100.0	0.5
SNP_1908	0.0	-100.0	0.5
SNP_1909	0.152778	-0.043478	0.0
SNP_1910	0.05	0.0	0.619311
SNP_1911	0.055556	0.0	0.619311
SNP_1912	0.5	-0.04122	0.0
SNP_1913	0.086777	-0.047619	0.0
SNP_1914	0.3	-0.0516	0.0
SNP_1915	0.465909	-0.056911	0.003551
SNP_1916	0.115385	0.08	0.797939
SNP_1917	0.410256	-0.033103	0.125136
SNP_1918	0.115385	0.08	0.797939
SNP_1919	0.05	0.0	0.619311
SNP_1920	0.055556	0.0	0.619311
SNP_1921	0.055556	0.0	0.619311
SNP_1922	0.055556	0.0	0.619311
SNP_1923	0.410714	-0.031274	0.146887
SNP_1924	0.410714	-0.031274	0.146887
SNP_1925	0.410714	-0.031274	0.146887
SNP_1926	0.0	-100.0	0.5
SNP_1927	0.0	-100.0	0.5
SNP_1928	0.0	-100.0	0.5
SNP_1929	0.694805	0.601938	0.995921
SNP_1930	0.694805	0.601938	0.995921
SNP_1931	0.0	-100.0	0.5
SNP_1932	0.35	-0.045113	0.0
SNP_1933	0.474359	-0.023972	0.190484
SNP_1934	0.0	-100.0	0.5
SNP_1935	0.076923	0.04	0.9333
SNP_1936	0.076923	0.04	0.9333
SNP_1937	0.076923	0.04	0.9333
SNP_1938	0.076923	0.04	0.9333
SNP_1939	0.385714	0.11336	0.694407
SNP_1940	0.392857	0.07366	0.614089
SNP_1941	0.157143	-0.057416	0.0
SNP_1942	0.385714	0.11336	0.694407
SNP_1943	0.281818	-0.025107	0.195576
SNP_1944	0.5	0.307246	0.940059
SNP_1945	0.455621	-0.026494	0.140243
SNP_1946	0.464103	0.017146	0.516828
SNP_1947	0.464103	0.017146	0.516828
SNP_1948	0.153846	0.12	1.0
SNP_1949	0.153846	0.12	1.0
SNP_1950	0.0	-100.0	0.5
SNP_1951	0.0	-100.0	0.5
SNP_1952	0.0	-100.0	0.5
SNP_1953	0.442308	0.120504	0.721018
SNP_1954	0.442308	0.120504	0.721018
SNP_1955	0.442308	0.120504	0.721018
SNP_1956	0.05	0.0	0.619311
SNP_1957	0.0	-100.0	0.5
SNP_1958	0.159722	-0.046036	0.0
SNP_1959	0.0	-100.0	0.5
SNP_1960	0.385714	-0.043185	0.0
SNP_1961	0.076923	0.04	0.9333
SNP_1962	0.076923	0.04	0.9333
SNP_1963	0.076923	0.04	0.9333
SNP_1964	0.076923	0.04	0.9333
SNP_1965	0.055556	0.0	0.619311
SNP_1966	0.0	-100.0	0.5
SNP_1967	0.142857	0.076923	0.590115
SNP_1968	0.368132	0.173753	0.789824
SNP_1969	0.395833	0.167048	0.828624
SNP_1970	0.395833	0.167048	0.828624
SNP_1971	0.395833	0.167048	0.828624
SNP_1972	0.161538	0.021894	0.41263
SNP_1973	0.066667	0.034483	0.904011
SNP_1974	0.0	-100.0	0.5
SNP_1975	0.478632	0.077647	0.639697
SNP_1976	0.497041	-0.04	0.143932
SNP_1977	0.153846	0.12	1.0
SNP_1978	0.153846	0.12	1.0
SNP_1979	0.0	-100.0	0.5
SNP_1980	0.071429	0.037037	0.918246
SNP_1981	0.071429	0.037037	0.918246
SNP_1982	0.071429	0.037037	0.918246
SNP_1983	0.153846	0.12	1.0
SNP_1984	0.153846	0.12	1.0
SNP_1985	0.12013	-0.018018	0.453135
SNP_1986	0.534615	0.259447	0.880562
SNP_1987	0.0	-100.0	0.5
SNP_1988	0.0	-100.0	0.5
SNP_1989	0.0	-100.0	0.5
SNP_1990	0.0	-100.0	0.5
SNP_1991	0.0	-100.0	0.5
SNP_1992	0.0	-100.0	0.5
SNP_1993	0.361111	0.137124	0.799701
SNP_1994	0.142857	0.111111	1.0
SNP_1995	0.142857	0.111111	1.0
SNP_1996	0.285714	0.074477	0.594832
SNP_1997	0.0	-100.0	0.5
SNP_1998	0.394231	0.192322	0.814602
SNP_1999	0.0	-100.0	0.5
SNP_2000	0.181818	0.142857	1.0
SNP_2001	0.0	-100.0	0.5
SNP_2002	0.0	-100.0	0.5
SNP_2003	0.0	-100.0	0.5
SNP_2004	0.0	-100.0	0.5
SNP_2005	0.0	-100.0	0.5
SNP_2006	0.0	-100.0	0.5
SNP_2007	0.0	-100.0	0.5
SNP_2008	0.0	-100.0	0.5
SNP_2009	0.0	-100.0	0.5
SNP_2010	0.318182	-0.040416	0.0
SNP_2011	0.084615	-0.045455	0.0
SNP_2012	0.404762	-0.020854	0.255245
SNP_2013	0.404762	-0.020854	0.255245
SNP_2014	0.404762	-0.020854	0.255245
SNP_2015	0.0	-100.0	0.5
SNP_2016	0.0	-100.0	0.5
SNP_2017	0.0	-100.0	0.5
SNP_2018	0.0	-100.0	0.5
SNP_2019	0.410256	-0.010345	0.340292
SNP_2020	0.471795	0.198801	0.892312
SNP_2021	0.0	-100.0	0.5
SNP_2022	0.0	-100.0	0.5
SNP_2023	0.1	-0.028293	0.31317
SNP_2024	0.1	-0.028293	0.31317
SNP_2025	0.125	0.086957	0.690229
SNP_2026	0.413223	0.036191	0.554948
SNP_2027	0.413223	0.036191	0.554948
SNP_2028	0.1	0.052632	0.685235
SNP_2029	0.2	0.157895	0.790316
SNP_2030	0.0	-100.0	0.5
SNP_2031	0.448718	-0.036887	0.0
SNP_2032	0.0	-100.0	0.5
SNP_2033	0.035714	0.0	0.5
SNP_2034	0.346154	0.32	1.0
SNP_2035	0.346154	0.32	1.0
SNP_2036	0.346154	0.32	1.0
SNP_2037	0.483516	0.027744	0.590334
SNP_2038	0.130769	-0.006085	0.306732
SNP_2039	0.133333	0.103448	1.0
SNP_2040	0.0	-100.0	0.5
SNP_2041	0.0	-100.0	0.5
SNP_2042	0.0	-100.0	0.5
SNP_2043	0.0	-100.0	0.5
SNP_2044	0.0	-100.0	0.5
SNP_2045	0.0	-100.0	0.5
SNP_2046	0.320513	-0.028174	0.156617
SNP_2047	0.320513	-0.028174	0.156617
SNP_2048	0.466942	-0.029077	0.155785
SNP_2049	0.363636	-0.048715	0.0
SNP_2050	0.466942	-0.029077	0.155785
SNP_2051	0.561983	0.19888	0.814789
SNP_2052	0.033333	0.0	0.5
SNP_2053	0.335165	0.010638	0.450277
SNP_2054	0.076923	0.04	0.9333
SNP_2055	0.0	-100.0	0.5
SNP_2056	0.379121	0.177198	0.794557
SNP_2057	0.0	-100.0	0.5
SNP_2058	0.0	-100.0	0.5
SNP_2059	0.454545	0.098413	0.700285
SNP_2060	0.11039	-0.034858	0.0
SNP_2061	0.34127	-0.04788	0.0
SNP_2062	0.357143	-0.04152	0.0
SNP_2063	0.357143	-0.04152	0.0
SNP_2064	0.0	-100.0	0.5
SNP_2065	0.0	-100.0	0.5
SNP_2066	0.5	0.240351	0.897062
SNP_2067	0.5	0.240351	0.897062
SNP_2068	0.5	0.240351	0.897062
SNP_2069	0.5	0.240351	0.897062
SNP_2070	0.2	0.001238	0.326558
SNP_2071	0.2	0.001238	0.326558
SNP_2072	0.478571	0.109104	0.726283
SNP_2073	0.527473	0.089931	0.652731
SNP_2074	0.561538	0.232089	0.86731
SNP_2075	0.561538	0.232089	0.86731
SNP_2076	0.274359	0.056333	0.61351
SNP_2077	0.418182	0.017544	0.48885
SNP_2078	0.0	-100.0	0.5
SNP_2079	0.035714	0.0	0.5
SNP_2080	0.708333	0.695652	0.998068
SNP_2081	0.133333	0.103448	1.0
SNP_2082	0.486264	0.013961	0.537064
SNP_2083	0.377622	0.000635	0.378736
SNP_2084	0.416667	0.052174	0.604407
SNP_2085	0.441558	0.228758	0.906052
SNP_2086	0.0	-100.0	0.5
SNP_2087	0.083333	0.043478	0.65876
SNP_2088	0.214286	0.185185	0.908117
SNP_2089	0.214286	0.185185	0.908117
SNP_2090	0.214286	0.185185	0.908117
SNP_2091	0.523077	0.054767	0.51963
SNP_2092	0.153846	0.12	1.0
SNP_2093	0.0	-100.0	0.5
SNP_2094	0.0	-100.0	0.5
SNP_2095	0.0	-100.0	0.5
SNP_2096	0.0	-100.0	0.5
SNP_2097	0.0	-100.0	0.5
SNP_2098	0.095	-0.052632	0.0
SNP_2099	0.14	-0.033835	0.17168
SNP_2100	0.05	0.0	0.619311
SNP_2101	0.0	-100.0	0.5
SNP_2102	0.269231	0.24	0.987972
SNP_2103	0.328671	-0.035866	0.018385
SNP_2104	0.291667	0.055901	0.556838
SNP_2105	0.291667	0.055901	0.556838
SNP_2106	0.291667	0.055901	0.556838
SNP_2107	0.291667	0.055901	0.556838
SNP_2108	0.516667	0.050817	0.503919
SNP_2109	0.0	-100.0	0.5
SNP_2110	0.0	-100.0	0.5
SNP_2111	0.0	-100.0	0.5
SNP_2112	0.275641	0.041052	0.564
SNP_2113	0.0	-100.0	0.5
SNP_2114	0.0	-100.0	0.5
SNP_2115	0.0	-100.0	0.5
SNP_2116	0.0	-100.0	0.5
SNP_2117	0.0	-100.0	0.5
SNP_2118	0.416667	0.391304	0.981659
SNP_2119	0.0	-100.0	0.5
SNP_2120	0.0	-100.0	0.5
SNP_2121	0.05	0.0	0.619311
SNP_2122	0.0	-100.0	0.5
SNP_2123	0.0	-100.0	0.5
SNP_2124	0.38	-0.017289	0.249938
SNP_2125	0.38	-0.017289	0.249938
SNP_2126	0.0	-100.0	0.5
SNP_2127	0.1	0.052632	0.685235
SNP_2128	0.0	-100.0	0.5
SNP_2129	0.133333	-0.036605	0.146971
SNP_2130	0.22028	-0.041995	0.0
SNP_2131	0.142857	0.076923	0.590115
SNP_2132	0.0	-100.0	0.5
SNP_2133	0.0	-100.0	0.5
SNP_2134	0.0	-100.0	0.5
SNP_2135	0.489011	-0.015431	0.382626
SNP_2136	0.149351	-0.040258	0.1013
SNP_2137	0.149351	-0.040258	0.1013
SNP_2138	0.0	-100.0	0.5
SNP_2139	0.46875	0.203865	0.898702
SNP_2140	0.107143	-0.055556	0.0
SNP_2141	0.107143	-0.055556	0.0
SNP_2142	0.25	0.217391	0.962224
SNP_2143	0.284615	0.154085	0.734018
SNP_2144	0.0	-100.0	0.5
SNP_2145	0.0	-100.0	0.5
SNP_2146	0.0	-100.0	0.5
SNP_2147	0.0	-100.0	0.5
SNP_2148	0.045455	0.0	0.619311
SNP_2149	0.045455	0.0	0.619311
SNP_2150	0.136364	0.095238	1.0
SNP_2151	0.0	-100.0	0.5
SNP_2152	0.642857	0.615385	0.999113
SNP_2153	0.375	0.061438	0.585335
SNP_2154	0.235577	-0.003265	0.379172
SNP_2155	0.235577	-0.003265	0.379172
SNP_2156	0.235577	-0.003265	0.379172
SNP_2157	0.235577	-0.003265	0.379172
SNP_2158	0.342657	-0.001516	0.37432
SNP_2159	0.153846	0.12	1.0
SNP_2160	0.076923	0.04	0.9333
SNP_2161	0.363636	0.114846	0.749154
SNP_2162	0.166667	0.130435	0.704517
SNP_2163	0.189744	-0.019199	0.210637
SNP_2164	0.189744	-0.019199	0.210637
SNP_2165	0.071429	0.037037	0.918246
SNP_2166	0.0	-100.0	0.5
SNP_2167	0.0	-100.0	0.5
SNP_2168	0.083333	0.043478	0.65876
SNP_2169	0.083333	0.043478	0.65876
SNP_2170	0.5	0.48	0.995075
SNP_2171	0.5	0.48	0.995075
SNP_2172	0.371429	-0.023242	0.187737
SNP_2173	0.371429	-0.023242	0.187737
SNP_2174	0.5	0.466667	0.993056
SNP_2175	0.492424	-0.040373	0.13928
SNP_2176	0.492424	-0.040373	0.13928
SNP_2177	0.0	-100.0	0.5
SNP_2178	0.203297	0.062563	0.521204
SNP_2179	0.0	-100.0	0.5
SNP_2180	0.0	-100.0	0.5
SNP_2181	0.0	-100.0	0.5
SNP_2182	0.152778	-0.043478	0.0
SNP_2183	0.1	0.052632	0.685235
SNP_2184	0.0	-100.0	0.5
SNP_2185	0.0	-100.0	0.5
SNP_2186	0.272727	0.238095	0.98618
SNP_2187	0.142857	0.111111	1.0
SNP_2188	0.0	-100.0	0.5
SNP_2189	0.102778	-0.031687	0.0
SNP_2190	0.307692	0.28	0.967577
SNP_2191	0.142857	0.076923	0.590115
SNP_2192	0.071429	0.0	0.619311
SNP_2193	0.214286	0.153846	0.775925
SNP_2194	0.090909	0.047619	0.670478
SNP_2195	0.076923	0.04	0.9333
SNP_2196	0.532967	0.126613	0.688118
SNP_2197	0.0	-100.0	0.5
SNP_2198	0.628205	0.399689	0.950767
SNP_2199	0.628205	0.399689	0.950767
SNP_2200	0.628205	0.399689	0.950767
SNP_2201	0.0	-100.0	0.5
SNP_2202	0.269231	0.24	0.987972
SNP_2203	0.384615	0.26413	0.89626
SNP_2204	0.0	-100.0	0.5
SNP_2205	0.0	-100.0	0.5
SNP_2206	0.0	-100.0	0.5
SNP_2207	0.474359	0.233439	0.930908
SNP_2208	0.090909	0.047619	0.670478
SNP_2209	0.2	0.001238	0.326558
SNP_2210	0.418367	-0.008339	0.354267
SNP_2211	0.137363	-0.038341	0.127938
SNP_2212	0.333333	0.310345	0.958726
SNP_2213	0.090909	0.047619	0.670478
SNP_2214	0.470085	0.227722	0.925328
SNP_2215	0.321429	-0.009097	0.344573
SNP_2216	0.05	0.0	0.619311
SNP_2217	0.05	0.0	0.619311
SNP_2218	0.305556	0.017438	0.460946
SNP_2219	0.291667	0.26087	0.921807
SNP_2220	0.5	0.180733	0.841987
SNP_2221	0.041667	0.0	0.619311
SNP_2222	0.041667	0.0	0.619311
SNP_2223	0.0	-100.0	0.5
SNP_2224	0.111111	0.058824	0.704721
SNP_2225	0.111111	0.058824	0.704721
SNP_2226	0.166667	-0.046682	0.0
SNP_2227	0.166667	-0.046682	0.0
SNP_2228	0.0	-100.0	0.5
SNP_2229	0.377622	0.000635	0.378736
SNP_2230	0.377622	0.000635	0.378736
SNP_2231	0.346154	0.32	1.0
SNP_2232	0.0	-100.0	0.5
SNP_2233	0.388889	-0.060504	0.0
SNP_2234	0.388889	-0.060504	0.0
SNP_2235	0.388889	-0.060504	0.0
SNP_2236	0.5	-0.002199	0.401059
SNP_2237	0.5	-0.002199	0.401059
SNP_2238	0.0	-100.0	0.5
SNP_2239	0.230769	0.2	0.923012
SNP_2240	0.528846	0.254145	0.960958
SNP_2241	0.0	-100.0	0.5
SNP_2242	0.621212	0.361891	0.935466
SNP_2243	0.227273	-0.018633	0.262827
SNP_2244	0.277473	-0.036142	0.094021
SNP_2245	0.125	-0.025974	0.222823
SNP_2246	0.0875	-0.047619	0.0
SNP_2247	0.153846	0.12	1.0
SNP_2248	0.1	0.052632	0.685235
SNP_2249	0.1	0.052632	0.685235
SNP_2250	0.113095	-0.020595	0.433198
SNP_2251	0.113095	-0.020595	0.433198
SNP_2252	0.033333	0.0	0.5
SNP_2253	0.077922	-0.041667	0.145503
SNP_2254	0.409091	0.014652	0.477175
SNP_2255	0.0	-100.0	0.5
SNP_2256	0.481061	0.011933	0.401361
SNP_2257	0.159091	-0.045253	0.0
SNP_2258	0.481061	0.011933	0.401361
SNP_2259	0.377622	0.000635	0.378736
SNP_2260	0.133333	-0.036605	0.146971
SNP_2261	0.0	-100.0	0.5
SNP_2262	0.111111	0.058824	0.704721
SNP_2263	0.451923	-0.031378	0.0
SNP_2264	0.217949	-0.003785	0.302582
SNP_2265	0.083333	0.043478	0.65876
SNP_2266	0.0	-100.0	0.5
SNP_2267	0.153846	0.12	1.0
SNP_2268	0.434066	-0.019916	0.233333
SNP_2269	0.0	-100.0	0.5
SNP_2270	0.125	-0.025974	0.222823
SNP_2271	0.316667	0.004656	0.423478
SNP_2272	0.0	-100.0	0.5
SNP_2273	0.0	-100.0	0.5
SNP_2274	0.397436	-0.023048	0.234609
SNP_2275	0.397436	-0.023048	0.234609
SNP_2276	0.397436	-0.023048	0.234609
SNP_2277	0.223077	0.051724	0.600245
SNP_2278	0.152778	-0.043478	0.0
SNP_2279	0.076923	0.04	0.9333
SNP_2280	0.0	-100.0	0.5
SNP_2281	0.217949	-0.003785	0.302582
SNP_2282	0.211538	0.05	0.48993
SNP_2283	0.211538	0.05	0.48993
SNP_2284	0.211538	0.05	0.48993
SNP_2285	0.0	-100.0	0.5
SNP_2286	0.420455	0.034749	0.502515
SNP_2287	0.083333	0.043478	0.65876
SNP_2288	0.377622	-0.039153	0.0
SNP_2289	0.0	-100.0	0.5
SNP_2290	0.090909	0.047619	0.670478
SNP_2291	0.0	-100.0	0.5
SNP_2292	0.214286	0.185185	0.908117
SNP_2293	0.0	-100.0	0.5
SNP_2294	0.440476	-0.029965	0.144197
SNP_2295	0.0	-100.0	0.5
SNP_2296	0.0	-100.0	0.5
SNP_2297	0.0	-100.0	0.5
SNP_2298	0.0	-100.0	0.5
SNP_2299	0.0	-100.0	0.5
SNP_2300	0.083333	0.043478	0.65876
SNP_2301	0.083333	0.043478	0.65876
SNP_2302	0.214286	0.185185	0.908117
SNP_2303	0.0	-100.0	0.5
SNP_2304	0.245455	-0.020885	0.24122
SNP_2305	0.320513	0.037628	0.540264
SNP_2306	0.0	-100.0	0.5
SNP_2307	0.083333	0.043478	0.65876
SNP_2308	0.0	-100.0	0.5
SNP_2309	0.573427	0.255285	0.831045
SNP_2310	0.0	-100.0	0.5
SNP_2311	0.0	-100.0	0.5
SNP_2312	0.188889	-0.055181	0.0
SNP_2313	0.45	-0.05504	0.0
SNP_2314	0.0	-100.0	0.5
SNP_2315	0.0	-100.0	0.5
SNP_2316	0.261905	-0.038208	0.06816
SNP_2317	0.075758	-0.04	0.166088
SNP_2318	0.083333	0.043478	0.65876
SNP_2319	0.083333	0.043478	0.65876
SNP_2320	0.083333	0.043478	0.65876
SNP_2321	0.083333	0.043478	0.65876
SNP_2322	0.083333	0.043478	0.65876
SNP_2323	0.0	-100.0	0.5
SNP_2324	0.357143	-0.036715	0.05039
SNP_2325	0.038462	0.0	0.5
SNP_2326	0.0	-100.0	0.5
SNP_2327	0.0	-100.0	0.5
SNP_2328	0.222222	-0.01087	0.327424
SNP_2329	0.333333	0.018003	0.478827
SNP_2330	0.333333	0.018003	0.478827
SNP_2331	0.0	-100.0	0.5
SNP_2332	0.371795	0.017693	0.45753
SNP_2333	0.1	-0.028293	0.31317
SNP_2334	0.1	-0.028293	0.31317
SNP_2335	0.083333	0.043478	0.65876
SNP_2336	0.083333	0.043478	0.65876
SNP_2337	0.083333	0.043478	0.65876
SNP_2338	0.111111	0.058824	0.704721
SNP_2339	0.461039	-0.008346	0.391398
SNP_2340	0.5	0.05291	0.615914
SNP_2341	0.5	0.057436	0.628361
SNP_2342	0.0	-100.0	0.5
SNP_2343	0.0	-100.0	0.5
SNP_2344	0.0	-100.0	0.5
SNP_2345	0.076923	0.04	0.9333
SNP_2346	0.076923	0.04	0.9333
SNP_2347	0.0	-100.0	0.5
SNP_2348	0.181818	0.142857	1.0
SNP_2349	0.309091	-0.049093	0.0
SNP_2350	0.0	-100.0	0.5
SNP_2351	0.083333	0.043478	0.65876
SNP_2352	0.53125	0.292754	0.90839
SNP_2353	0.0	-100.0	0.5
SNP_2354	0.0	-100.0	0.5
SNP_2355	0.0	-100.0	0.5
SNP_2356	0.375	0.148843	0.753543
SNP_2357	0.375	0.148843	0.753543
SNP_2358	0.3875	0.087473	0.644095
SNP_2359	0.041667	0.0	0.619311
SNP_2360	0.489011	-0.008814	0.426523
SNP_2361	0.076923	0.04	0.9333
SNP_2362	0.17033	-0.027049	0.204635
SNP_2363	0.0	-100.0	0.5
SNP_2364	0.236264	0.025151	0.511507
SNP_2365	0.055556	0.0	0.619311
SNP_2366	0.0	-100.0	0.5
SNP_2367	0.384615	0.36	0.977506
SNP_2368	0.384615	0.36	0.977506
SNP_2369	0.384615	0.36	0.977506
SNP_2370	0.0	-100.0	0.5
SNP_2371	0.285714	-0.039654	0.0
SNP_2372	0.285714	-0.039654	0.0
SNP_2373	0.423077	0.078579	0.624588
SNP_2374	0.423077	0.078579	0.624588
SNP_2375	0.0	-100.0	0.5
SNP_2376	0.0	-100.0	0.5
SNP_2377	0.320513	-0.028174	0.156617
SNP_2378	0.320513	-0.028174	0.156617
SNP_2379	0.239583	-0.010964	0.326721
SNP_2380	0.0	-100.0	0.5
SNP_2381	0.0	-100.0	0.5
SNP_2382	0.239583	-0.010964	0.326721
SNP_2383	0.239583	-0.010964	0.326721
SNP_2384	0.239583	-0.010964	0.326721
SNP_2385	0.166667	0.130435	0.704517
SNP_2386	0.208333	0.173913	0.853802
SNP_2387	0.0	-100.0	0.5
SNP_2388	0.0625	0.0	0.619311
SNP_2389	0.083333	-0.045455	0.0
SNP_2390	0.125	-0.037681	0.135603
SNP_2391	0.045455	0.0	0.619311
SNP_2392	0.041667	0.0	0.619311
SNP_2393	0.358974	0.049852	0.574766
SNP_2394	0.473214	-0.041606	0.072349
SNP_2395	0.388889	0.214286	0.841774
SNP_2396	0.08042	-0.043478	0.123812
SNP_2397	0.27972	0.030476	0.527473
SNP_2398	0.27972	0.030476	0.527473
SNP_2399	0.43787	0.016216	0.437536
SNP_2400	0.277473	-0.036142	0.094021
SNP_2401	0.277473	-0.036142	0.094021
SNP_2402	0.277473	-0.036142	0.094021
SNP_2403	0.277473	-0.036142	0.094021
SNP_2404	0.277473	-0.036142	0.094021
SNP_2405	0.5	0.06903	0.658098
SNP_2406	0.5	0.176812	0.837626
SNP_2407	0.2	0.172414	0.847305
SNP_2408	0.566667	0.258726	0.834826
SNP_2409	0.0	-100.0	0.5
SNP_2410	0.076923	0.04	0.9333
SNP_2411	0.366667	0.344828	1.0
SNP_2412	0.684615	0.522278	0.990748
SNP_2413	0.684615	0.522278	0.990748
SNP_2414	0.269231	-0.049076	0.0
SNP_2415	0.269231	-0.049076	0.0
SNP_2416	0.269231	-0.049076	0.0
SNP_2417	0.269231	-0.049076	0.0
SNP_2418	0.090909	0.047619	0.670478
SNP_2419	0.055556	0.0	0.619311
SNP_2420	0.038462	0.0	0.5
SNP_2421	0.153846	0.12	1.0
SNP_2422	0.40625	-0.049933	0.0
SNP_2423	0.15	0.105263	1.0
SNP_2424	0.0	-100.0	0.5
SNP_2425	0.0	-100.0	0.5
SNP_2426	0.424242	0.215173	0.886955
SNP_2427	0.227273	0.190476	0.908112
SNP_2428	0.0	-100.0	0.5
SNP_2429	0.066667	0.034483	0.904011
SNP_2430	0.175926	-0.047516	0.0
SNP_2431	0.294872	-0.039319	0.0
SNP_2432	0.238095	-0.025362	0.193436
SNP_2433	0.136364	0.095238	1.0
SNP_2434	0.136364	0.095238	1.0
SNP_2435	0.0	-100.0	0.5
SNP_2436	0.0	-100.0	0.5
SNP_2437	0.0	-100.0	0.5
SNP_2438	0.0	-100.0	0.5
SNP_2439	0.5	-0.021739	0.237514
SNP_2440	0.5	-0.021739	0.237514
SNP_2441	0.427083	0.011665	0.418476
SNP_2442	0.333333	0.304348	0.953358
SNP_2443	0.490741	-0.049558	0.026026
SNP_2444	0.497436	-0.037184	0.178197
SNP_2445	0.182692	0.030877	0.429249
SNP_2446	0.0625	0.0	0.619311
SNP_2447	0.0625	0.0	0.619311
SNP_2448	0.0	-100.0	0.5
SNP_2449	0.339286	0.114035	0.74724
SNP_2450	0.071429	0.0	0.619311
SNP_2451	0.0	-100.0	0.5
SNP_2452	0.0625	0.0	0.619311
SNP_2453	0.0	-100.0	0.5
SNP_2454	0.045455	0.0	0.619311
SNP_2455	0.207101	-0.010286	0.267836
SNP_2456	0.207101	-0.010286	0.267836
SNP_2457	0.207101	-0.010286	0.267836
SNP_2458	0.269231	0.24	0.987972
SNP_2459	0.0	-100.0	0.5
SNP_2460	0.192308	0.16	0.79802
SNP_2461	0.52381	0.043782	0.474961
SNP_2462	0.083333	0.043478	0.65876
SNP_2463	0.083333	0.043478	0.65876
SNP_2464	0.473214	0.208386	0.904181
SNP_2465	0.0	-100.0	0.5
SNP_2466	0.473214	0.208386	0.904181
SNP_2467	0.473214	0.208386	0.904181
SNP_2468	0.473214	0.208386	0.904181
SNP_2469	0.0	-100.0	0.5
SNP_2470	0.0	-100.0	0.5
SNP_2471	0.25	0.2	0.937372
SNP_2472	0.25	0.2	0.937372
SNP_2473	0.25	0.2	0.937372
SNP_2474	0.25	0.2	0.937372
SNP_2475	0.530769	0.337631	0.937511
SNP_2476	0.083333	0.043478	0.65876
SNP_2477	0.142857	0.111111	1.0
SNP_2478	0.482143	-0.039065	0.088541
SNP_2479	0.269231	0.24	0.987972
SNP_2480	0.193182	-0.038972	0.0
SNP_2481	0.193182	-0.038972	0.0
SNP_2482	0.193182	-0.038972	0.0
SNP_2483	0.193182	-0.038972	0.0
SNP_2484	0.565476	0.477193	1.0
SNP_2485	0.577922	0.278402	0.855259
SNP_2486	0.5	0.0	0.414444
SNP_2487	0.18	-0.043557	0.0
SNP_2488	0.083333	0.043478	0.65876
SNP_2489	0.083333	0.043478	0.65876
SNP_2490	0.0	-100.0	0.5
SNP_2491	0.0	-100.0	0.5
SNP_2492	0.153846	0.12	1.0
SNP_2493	0.083333	0.043478	0.65876
SNP_2494	0.083333	0.043478	0.65876
SNP_2495	0.083333	0.043478	0.65876
SNP_2496	0.147436	-0.041512	0.077901
SNP_2497	0.0	-100.0	0.5
SNP_2498	0.15	0.105263	1.0
SNP_2499	0.214286	0.185185	0.908117
SNP_2500	0.071429	0.0	0.619311
SNP_2501	0.272727	-0.048214	0.0
SNP_2502	0.287879	-0.002359	0.381706
SNP_2503	0.038462	0.0	0.5
SNP_2504	0.033333	0.0	0.5
SNP_2505	0.0	-100.0	0.5
SNP_2506	0.0	-100.0	0.5
SNP_2507	0.5	0.02023	0.509107
SNP_2508	0.0	-100.0	0.5
SNP_2509	0.0	-100.0	0.5
SNP_2510	0.0	-100.0	0.5
SNP_2511	0.0	-100.0	0.5
SNP_2512	0.090909	0.047619	0.670478
SNP_2513	0.090909	0.047619	0.670478
SNP_2514	0.090909	0.047619	0.670478
SNP_2515	0.076923	0.04	0.9333
SNP_2516	0.0	-100.0	0.5
SNP_2517	0.076923	0.04	0.9333
SNP_2518	0.335165	0.051828	0.578872
SNP_2519	0.0	-100.0	0.5
SNP_2520	0.0	-100.0	0.5
SNP_2521	0.0	-100.0	0.5
SNP_2522	0.274359	-0.024492	0.220337
SNP_2523	0.274359	-0.024492	0.220337
SNP_2524	0.274359	-0.024492	0.220337
SNP_2525	0.377622	0.000635	0.378736
SNP_2526	0.214286	0.185185	0.908117
SNP_2527	0.153846	0.12	1.0
SNP_2528	0.153846	0.12	1.0
SNP_2529	0.153846	0.12	1.0
SNP_2530	0.153846	0.12	1.0
SNP_2531	0.153846	0.12	1.0
SNP_2532	0.136364	0.095238	1.0
SNP_2533	0.287879	0.162406	0.747577
SNP_2534	0.422222	0.320366	0.997726
SNP_2535	0.15	0.016908	0.378421
SNP_2536	0.076923	0.04	0.9333
SNP_2537	0.076923	0.04	0.9333
SNP_2538	0.076923	0.04	0.9333
SNP_2539	0.076923	0.04	0.9333
SNP_2540	0.076923	0.04	0.9333
SNP_2541	0.076923	0.04	0.9333
SNP_2542	0.0	-100.0	0.5
SNP_2543	0.066667	0.034483	0.904011
SNP_2544	0.285714	0.259259	0.918335
SNP_2545	0.128571	-0.01462	0.275074
SNP_2546	0.083333	0.043478	0.65876
SNP_2547	0.083333	0.043478	0.65876
SNP_2548	0.115385	0.08	0.797939
SNP_2549	0.076923	0.04	0.9333
SNP_2550	0.0	-100.0	0.5
SNP_2551	0.0	-100.0	0.5
SNP_2552	0.0	-100.0	0.5
SNP_2553	0.0	-100.0	0.5
SNP_2554	0.0	-100.0	0.5
SNP_2555	0.525	0.122807	0.756007
SNP_2556	0.3	0.017544	0.461285
SNP_2557	0.0	-100.0	0.5
SNP_2558	0.0	-100.0	0.5
SNP_2559	0.077922	-0.041667	0.145503
SNP_2560	0.109467	-0.025946	0.368576
SNP_2561	0.430556	-0.034628	0.095473
SNP_2562	0.2	0.172414	0.847305
SNP_2563	0.2	0.172414	0.847305
SNP_2564	0.0	-100.0	0.5
SNP_2565	0.0	-100.0	0.5
SNP_2566	0.0	-100.0	0.5
SNP_2567	0.125	0.086957	0.690229
SNP_2568	0.125	0.086957	0.690229
