10007
10010
10021
10025
1003
10036
10055
10061
10070
10080
10085
10090
10099
10103
1011
10119
10137
10146
10161
10169
10180
10189
10192
10196
10207
1021
1022
10222
10232
10249
10258
10266
10274
10276
10278
10279
10280
10281
10301
10306
1031
10311
10322
10323
10329
10334
10337
10350
10361
10367
10370
10372
10380
10383
10387
10388
10395
10397
104
10410
1042
10420
10423
10426
10427
10428
10432
10433
10434
10440
10453
10454
10457
1046
10471
10474
10480
10490
10491
10508
10514
10517
10524
1053
10532
10545
10548
10553
10556
10561
10570
10594
10595
10617
10624
10637
10645
10649
10660
10678
10686
10702
10703
10721
10764
10765
10773
10792
10807
10812
10823
10859
10866
1087
10873
10879
10880
1089
10893
10897
109
10903
10905
1091
10917
1092
10929
10939
10941
10956
10957
10965
10967
10969
10970
10974
10977
10989
1099
10994
110
11002
11015
11026
1103
11043
11047
11057
11064
11075
11077
11082
11098
11100
11106
11113
11118
11121
11127
11128
11141
11146
11151
11153
11161
11164
11177
11180
1119
11194
1120
11208
11212
11215
11220
11228
11243
11261
11262
11263
11270
11279
1128
11283
11317
11325
11327
1133
11349
11354
11360
11361
11373
11374
11376
11377
11378
11382
11395
11408
11417
11434
11446
11463
1147
11475
11479
11488
11498
11502
1152
11525
11527
11530
11539
11544
11550
1156
11567
11579
1159
116
1160
11613
11622
11631
11637
11642
11645
1165
11651
11670
11673
11676
11702
11712
11714
11719
11729
11732
11740
11753
11754
11759
11779
11784
11788
11792
11798
11801
11805
11808
11821
11825
11829
11838
11848
11854
11859
11863
11865
11869
11877
11879
11883
11885
1189
11917
11918
11923
11924
11925
11934
11943
1195
11950
11954
11965
11974
11975
11995
120
12009
12011
12024
12027
12035
12039
12042
12052
12056
12060
12063
12069
1207
12089
12091
12094
1213
12130
12135
12142
1216
1218
1238
1243
1257
1261
1265
127
1285
1288
1295
13
1312
1326
1332
1333
1344
1365
1369
137
1379
1384
1394
14
1404
1405
1409
1410
1411
1428
1438
1454
1464
1469
1476
1487
1512
1518
152
1520
1530
1544
1552
1554
1559
1560
1561
1573
1582
1584
1600
1614
1619
1623
1628
163
1633
1639
1643
1665
1669
1671
1682
1685
169
1702
1715
1742
1745
1749
1750
1761
1775
1781
1789
1811
1815
1827
1833
1834
1842
1850
1852
1853
1856
1865
1876
188
1893
1899
1900
191
1914
1915
1916
1925
1942
1972
198
1982
1983
2002
2006
2008
2010
2022
2037
2039
2041
205
2055
2057
206
2068
2070
2084
2096
2108
2109
2113
2119
2120
2126
214
2141
2142
2151
2154
2174
2176
2180
2189
2194
2197
2199
221
2231
2232
2233
2237
2262
2264
2266
2270
228
2299
2311
2316
2340
2341
2346
2356
2367
2370
2378
2384
2387
2391
2399
24
2412
2421
2437
2439
2440
2456
2461
2467
2471
2480
2505
2515
2523
2525
2528
2533
254
255
2599
2612
2618
2643
2649
2654
2668
2673
2680
2686
2688
270
2713
2726
2741
2744
2749
2753
2761
2763
2765
2769
277
2772
2801
2807
2812
2836
2843
2859
2865
2871
2872
2886
2888
2904
2912
2931
2933
2937
2938
2960
2982
2991
300
3001
301
3012
3026
3037
3042
3047
3048
3065
307
3076
3105
312
3127
3142
3164
3176
3193
3195
3200
3204
3225
3228
3229
3243
3245
3246
3255
3256
328
3283
3292
3300
3306
3307
3314
3318
3328
3329
3330
3332
3345
3348
3349
3374
3391
3394
3398
340
3403
3412
342
3425
3426
3442
3445
3449
3463
3465
348
3495
35
3501
3515
3516
3518
3534
3537
3539
3541
3546
355
3553
3558
3564
3568
3573
358
3580
3582
359
3595
3613
3639
3649
365
3650
3654
3668
367
3675
3687
3699
3700
3709
3713
3722
3723
3724
3726
3739
375
3753
3767
378
3793
3802
3818
3826
3833
3835
3841
3851
3856
3860
3873
3878
388
3880
3893
3898
3907
392
3923
3928
3930
3932
3942
3944
3946
3947
3976
3989
40
4004
4013
4017
4025
4027
4032
4034
4054
4069
4083
4092
4094
4099
4110
4114
4116
4126
4130
4134
4135
4136
4137
414
4144
4145
4149
4150
4162
4173
4175
418
4192
4196
4198
4218
4219
4227
4230
4232
4235
4239
4252
426
4264
4279
4290
43
4318
433
4330
4336
4338
435
4369
4386
4392
4399
4400
4410
4419
4429
4432
4434
4440
4449
4451
4466
4467
447
4480
449
4497
450
4502
4507
451
4512
4519
4520
4525
4530
4552
4554
4555
4562
4566
4567
4574
4575
4576
4584
4594
4597
4608
4635
4651
4654
4664
4672
4674
4681
4683
4685
4689
469
4695
4698
4700
4706
4721
4723
4728
4729
4731
4733
4743
4745
4753
4754
4757
4763
4779
478
4781
4790
4792
4801
482
4829
4839
4840
485
4851
4853
4854
4865
4889
4900
4903
4907
4909
491
4925
4927
4930
4936
4958
4969
4992
4998
500
5000
5001
5016
5020
5023
5024
5029
5031
5037
5045
5049
507
5089
5090
510
5105
5125
5127
5130
5142
516
5160
5165
5173
5178
5200
5222
5223
5245
5246
5249
5252
526
5263
5268
5272
5279
5287
5291
5304
5316
533
5331
534
5341
5357
5362
5368
5379
5390
540
5400
5415
5421
543
5432
5438
5446
5457
5468
5475
5484
5496
5503
5507
5509
5515
5517
5523
5526
5541
5551
556
5568
5571
558
5586
5617
5628
563
5651
5655
5662
5665
5666
5687
5689
5691
570
5703
5733
5735
5737
5746
576
5764
5770
5772
5781
5786
5791
58
5801
5808
5814
5823
5824
5833
5842
5844
5861
5889
5900
5904
5907
5909
5912
5913
5915
5930
5934
5969
5971
5973
598
5983
5984
5989
6018
6042
6054
6074
6087
6105
6106
6108
6110
6114
6117
6135
6138
6145
6152
6155
6165
6185
6195
6199
6201
6212
6215
6217
6224
6226
6235
624
6241
6258
6260
6285
629
6294
6307
6308
6341
6347
6348
6367
6373
6377
6388
6393
6395
640
6404
6406
641
6422
6433
6439
6441
6448
6450
647
6471
6473
6479
6481
6482
6498
6501
6545
656
657
6577
6589
6596
6603
6605
6621
6638
6647
6649
6655
6666
6674
6678
6679
668
6682
6691
6698
67
670
6716
6732
6743
6756
677
6781
6782
6784
68
6806
6811
6821
6828
6834
6837
6840
6854
6855
686
6870
6871
6880
6886
6887
6890
6894
6896
6902
6907
6914
6918
6924
6934
6936
6939
6962
6973
6990
6996
6998
7000
7004
7015
7020
7023
7025
7029
704
7044
7050
7069
7087
7099
7108
711
7110
7121
7143
7145
7147
716
7165
717
7179
7188
7202
7217
7226
7227
723
7237
7238
7241
7248
7249
7280
731
7316
7334
7349
7352
7358
7359
7368
7375
7377
7386
7421
7429
7432
7435
744
7440
7443
7444
745
7460
7482
7498
750
7500
7507
7508
7513
7515
7535
7548
7555
7559
7563
757
7570
7575
7576
7586
76
7602
7619
7622
7623
7627
7628
763
7632
7634
7641
767
7672
7677
7679
7680
7683
7685
7705
7712
7715
7718
772
773
7736
7738
7742
7748
7749
7752
7768
7769
7770
7771
7776
7792
7793
7801
7816
7821
7828
7838
785
7857
7869
7872
7873
7878
7882
7884
7885
789
7892
7907
7909
7915
7918
792
7927
7931
7935
7936
7943
795
7950
7953
7959
796
7963
7964
7971
7976
7984
7999
8
8008
8009
8041
8047
8053
8055
8059
806
8060
8062
808
809
8090
810
8105
8122
8123
8126
8129
8138
8139
814
8144
8147
8165
8174
8177
8178
8185
8188
8189
82
820
821
8218
822
8238
8239
8244
8251
8252
8264
8272
8274
8277
8289
83
8305
8311
8326
8327
8335
8348
8351
8354
8376
8379
8383
8397
8405
8422
8423
8424
8430
8433
8437
8453
8457
8459
8469
8475
8477
8495
8500
8505
8506
851
8514
8518
8525
8531
8539
8545
8557
8574
8581
8586
8594
860
8605
8611
8620
8628
8636
8646
8652
8667
8673
8678
8696
8701
8702
8715
8719
872
8723
874
8742
8746
8747
8750
8765
8782
8786
8795
88
8810
8820
8833
8835
8837
8849
8853
8860
8861
8868
8874
8888
8898
8901
8917
8918
8920
8924
8933
8934
8945
8948
8956
8962
8976
898
8993
8994
9000
9012
9024
9037
9040
9046
9048
9058
9063
9069
907
9070
9077
9085
9090
9098
911
9112
9116
9118
9119
9122
9131
9156
9161
9166
9189
9213
9216
9227
9230
9233
9242
9243
9262
9292
9296
9301
9344
9349
9373
9393
940
9403
9433
945
9452
9456
9469
9495
9498
9500
9504
9507
951
9510
9513
9528
9529
954
9541
9556
9561
9562
9564
9579
9581
9587
959
9598
9600
9601
9608
9615
9620
9623
9627
9635
9637
9652
9665
9682
9695
9699
9702
9716
9719
972
9734
9735
9749
9753
976
9785
9790
9791
9807
9817
9820
9829
9831
9834
9836
9838
9841
9842
9854
9862
9878
9879
9890
9896
9897
9898
9905
9913
9920
9923
9941
9962
9963
9966
9973
9977
9980
9987
9999
