8
24
40
58
68
76
82
109
110
116
137
188
198
214
277
301
307
328
342
355
359
375
378
388
414
435
449
451
478
482
500
507
510
533
540
543
558
570
598
640
641
657
668
670
686
711
757
763
772
785
789
806
814
820
821
822
860
872
907
940
951
954
972
1011
1022
1042
1046
1089
1092
1156
1165
1189
1213
1238
1261
1326
1333
1369
1394
1410
1438
1464
1469
1487
1512
1518
1544
1552
1554
1582
1614
1633
1665
1669
1682
1685
1702
1750
1775
1781
1789
1834
1893
1915
1925
1942
2039
2113
2141
2151
2154
2174
2199
2231
2233
2266
2311
2316
2341
2356
2367
2378
2384
2391
2439
2471
2505
2523
2525
2528
2643
2649
2654
2668
2673
2713
2761
2765
2772
2807
2812
2859
2888
2904
2933
2937
2991
3001
3012
3026
3037
3042
3065
3105
3142
3176
3193
3200
3204
3225
3228
3243
3245
3292
3300
3314
3348
3374
3394
3403
3412
3425
3426
3445
3449
3463
3495
3534
3537
3539
3546
3564
3568
3580
3582
3595
3639
3649
3668
3687
3699
3700
3722
3724
3767
3826
3833
3841
3856
3860
3878
3880
3893
3898
3930
3944
3946
3947
3976
4004
4027
4034
4054
4069
4083
4099
4116
4126
4135
4145
4149
4150
4162
4173
4196
4218
4219
4227
4252
4264
4279
4330
4392
4400
4429
4432
4434
4497
4555
4574
4576
4584
4594
4664
4681
4685
4695
4706
4721
4728
4753
4754
4757
4779
4792
4840
4851
4854
4900
4903
4907
4925
4927
4936
4958
5001
5037
5045
5089
5105
5127
5165
5178
5200
5245
5246
5249
5279
5287
5316
5331
5357
5368
5390
5421
5432
5438
5446
5503
5509
5517
5523
5526
5541
5568
5617
5651
5662
5665
5666
5691
5764
5770
5781
5801
5808
5823
5824
5833
5842
5861
5900
5909
5913
5915
5969
5989
6087
6106
6108
6114
6135
6145
6165
6199
6201
6212
6224
6235
6241
6260
6285
6341
6347
6367
6388
6406
6422
6439
6448
6471
6545
6596
6621
6638
6647
6655
6666
6674
6682
6716
6756
6781
6782
6806
6811
6828
6837
6840
6854
6870
6880
6887
6894
6907
6924
6939
6962
7020
7023
7044
7050
7121
7147
7165
7179
7188
7202
7226
7227
7238
7241
7352
7386
7421
7429
7435
7443
7460
7500
7507
7508
7513
7515
7535
7555
7559
7570
7575
7576
7586
7619
7628
7634
7641
7712
7715
7736
7738
7742
7748
7770
7776
7801
7816
7821
7828
7857
7882
7885
7915
7931
7936
7953
7971
7976
7984
7999
8008
8041
8047
8060
8062
8105
8126
8129
8138
8144
8177
8178
8185
8188
8189
8218
8239
8251
8272
8274
8289
8311
8326
8327
8348
8376
8383
8397
8433
8453
8457
8459
8469
8475
8518
8525
8539
8574
8581
8605
8628
8636
8652
8667
8701
8723
8750
8765
8795
8874
8888
8898
8933
8934
9012
9058
9131
9166
9189
9216
9233
9242
9296
9344
9393
9403
9433
9456
9469
9495
9498
9500
9529
9562
9564
9581
9608
9615
9620
9627
9702
9716
9719
9749
9807
9831
9878
9896
9897
9913
9962
9963
9966
9977
9987
10007
10010
10021
10025
10036
10070
10090
10103
10137
10146
10169
10196
10266
10274
10276
10279
10280
10281
10301
10323
10329
10334
10370
10380
10383
10397
10427
10428
10432
10433
10434
10453
10454
10457
10474
10490
10517
10594
10617
10624
10637
10649
10678
10702
10764
10773
10807
10873
10903
10905
10939
10956
10965
10967
10970
11002
11043
11077
11098
11100
11118
11153
11161
11164
11180
11208
11212
11262
11270
11354
11360
11361
11373
11376
11378
11382
11408
11434
11446
11479
11498
11530
11539
11579
11622
11631
11642
11645
11673
11702
11712
11732
11740
11753
11754
11779
11784
11805
11808
11829
11848
11859
11863
11869
11885
11918
11924
11934
11950
11954
11995
12009
12011
12024
12052
12056
12069
12091
12094
12130
12135
12142
