10007
10021
10025
1003
10055
10061
10070
10080
10085
10090
10099
1011
10119
10146
10161
10169
10180
10189
10192
10207
1021
1022
10222
10232
10249
10258
10266
10274
10276
10278
10279
10280
10306
1031
10311
10322
10323
10337
10350
10361
10367
10370
10372
10387
10388
10395
104
10410
1042
10420
10423
10426
10428
10432
10433
10434
10440
10453
10454
10457
1046
10471
10480
10490
10491
10508
10514
10524
1053
10532
10545
10548
10553
10556
10561
10570
10595
10617
10637
10645
10649
10660
10686
10703
10721
10765
10792
10807
10812
10823
10859
10866
1087
10873
10879
10880
1089
10893
10897
109
10903
10905
1091
10917
10929
10939
10941
10957
10965
10969
10970
10974
10977
10989
1099
10994
110
11015
11026
1103
11047
11057
11064
11075
11082
11100
11106
11113
11121
11127
11128
11141
11146
11151
11161
11177
1119
11194
1120
11215
11220
11228
11243
11261
11263
11270
11279
1128
11283
11317
11325
11327
1133
11349
11360
11373
11374
11376
11377
11395
11408
11417
11463
1147
11475
11488
11502
1152
11525
11527
11530
11539
11544
11550
11567
1159
116
1160
11613
11622
11631
11637
11642
11651
11670
11676
11714
11719
11729
11759
11784
11788
11792
11798
11801
11805
11808
11821
11825
11838
11854
11865
11877
11879
11883
11885
11917
11918
11923
11924
11925
11943
1195
11950
11965
11974
11975
11995
120
12009
12011
12027
12035
12039
12042
12052
12056
12060
12063
1207
12089
12135
1216
1218
1238
1243
1257
1265
127
1285
1288
1295
13
1312
1332
1333
1344
1365
1369
1379
1384
1394
14
1404
1405
1409
1411
1428
1454
1476
1487
1512
1518
152
1520
1530
1552
1554
1559
1560
1561
1573
1584
1600
1614
1619
1623
1628
163
1633
1639
1643
1665
1671
1682
1685
169
1702
1715
1742
1745
1749
1750
1761
1775
1811
1815
1827
1833
1842
1850
1852
1853
1856
1865
1876
188
1899
1900
191
1914
1916
1925
1972
198
1982
1983
2002
2006
2008
2010
2022
2037
2041
205
2055
2057
206
2068
2070
2084
2096
2108
2109
2119
2120
2126
2141
2142
2154
2174
2176
2180
2189
2194
2197
2199
221
2231
2232
2233
2237
2262
2264
2266
2270
228
2299
2340
2341
2346
2356
2367
2370
2387
2391
2399
24
2412
2421
2437
2440
2456
2461
2467
2480
2505
2515
2523
2525
2528
2533
254
255
2599
2612
2618
2643
2649
2654
2680
2686
2688
270
2726
2741
2744
2749
2753
2763
2769
277
2801
2812
2836
2843
2859
2865
2871
2872
2886
2888
2904
2912
2931
2937
2938
2960
2982
2991
300
3001
301
3026
3042
3047
3048
3065
307
3076
3105
312
3127
3164
3176
3193
3195
3204
3228
3229
3246
3255
3256
3283
3292
3300
3306
3307
3314
3318
3328
3329
3330
3332
3345
3349
3391
3394
3398
340
342
3425
3426
3442
3445
3465
348
35
3501
3515
3516
3518
3534
3537
3539
3541
3553
3558
3564
3568
3573
358
359
3613
365
3650
3654
367
3675
3687
3700
3709
3713
3723
3724
3726
3739
3753
378
3793
3802
3818
3833
3835
3841
3851
3860
3873
3878
3907
392
3923
3928
3930
3932
3942
3946
3976
3989
40
4004
4013
4017
4025
4032
4054
4069
4083
4092
4094
4110
4114
4116
4130
4134
4135
4136
4137
4144
4145
4149
4173
4175
418
4192
4198
4218
4219
4227
4230
4232
4235
4239
4252
426
4264
4279
4290
43
4318
433
4330
4336
4338
4369
4386
4392
4399
4400
4410
4419
4440
4449
4451
4466
4467
447
4480
450
4502
4507
451
4512
4519
4520
4525
4530
4552
4554
4555
4562
4566
4567
4574
4575
4576
4597
4608
4635
4651
4654
4672
4674
4681
4683
4689
469
4698
4700
4723
4728
4729
4731
4733
4743
4745
4753
4754
4757
4763
4781
4790
4792
4801
482
4829
4839
4840
485
4853
4854
4865
4889
4903
4907
4909
491
4927
4930
4936
4958
4969
4992
4998
5000
5001
5016
5020
5023
5024
5029
5031
5037
5049
507
5090
5105
5125
5130
5142
516
5160
5173
5178
5200
5222
5223
5245
5246
5252
526
5263
5268
5272
5291
5304
5316
533
534
5341
5357
5362
5379
5400
5415
543
5432
5446
5457
5468
5475
5484
5496
5507
5509
5515
5517
5541
5551
556
5568
5571
558
5586
5617
5628
563
5651
5655
5687
5689
5691
570
5703
5733
5735
5737
5746
576
5764
5770
5772
5781
5786
5791
58
5814
5823
5833
5842
5844
5889
5904
5907
5912
5915
5930
5934
5969
5971
5973
598
5983
5984
5989
6018
6042
6054
6074
6105
6106
6110
6117
6138
6152
6155
6165
6185
6195
6199
6201
6212
6215
6217
6226
624
6258
6260
629
6294
6307
6308
6341
6347
6348
6367
6373
6377
6393
6395
640
6404
6406
641
6422
6433
6439
6441
6450
647
6473
6479
6481
6482
6498
6501
656
657
6577
6589
6603
6605
6647
6649
6655
6666
6678
6679
668
6682
6691
6698
67
670
6732
6743
6756
677
6781
6782
6784
68
6806
6821
6834
6837
6840
6854
6855
686
6871
6886
6887
6890
6896
6902
6914
6918
6924
6934
6936
6962
6973
6990
6996
6998
7000
7004
7015
7025
7029
704
7050
7069
7087
7099
7108
7110
7143
7145
716
7165
717
7179
7202
7217
7227
723
7237
7238
7248
7249
7280
731
7316
7334
7349
7358
7359
7368
7375
7377
7421
7429
7432
7435
744
7440
7443
7444
745
7482
7498
750
7500
7507
7513
7548
7555
7559
7563
7570
7575
76
7602
7622
7623
7627
7628
7632
7641
767
7672
7677
7679
7680
7683
7685
7705
7715
7718
773
7738
7742
7749
7752
7768
7769
7770
7771
7776
7792
7793
7801
7821
7828
7838
7869
7872
7873
7878
7884
7885
789
7892
7907
7909
7918
792
7927
7935
7936
7943
795
7950
7959
796
7963
7964
7984
8009
8047
8053
8055
8059
806
8060
808
809
8090
810
8122
8123
8126
8129
8139
814
8144
8147
8165
8174
8177
8178
8189
82
820
821
8218
8238
8239
8244
8251
8252
8264
8272
8277
8289
83
8305
8311
8326
8335
8348
8351
8354
8379
8405
8422
8423
8424
8430
8433
8437
8457
8469
8475
8477
8495
8500
8505
8506
851
8514
8518
8531
8545
8557
8574
8581
8586
8594
8605
8611
8620
8636
8646
8673
8678
8696
8702
8715
8719
872
8723
874
8742
8746
8747
8765
8782
8786
8795
88
8810
8820
8833
8835
8837
8849
8853
8860
8861
8868
8874
8888
8901
8917
8918
8920
8924
8945
8948
8956
8962
8976
898
8993
8994
9000
9012
9024
9037
9040
9046
9048
9058
9063
9069
9070
9077
9085
9090
9098
911
9112
9116
9118
9119
9122
9131
9156
9161
9166
9189
9213
9227
9230
9243
9262
9292
9296
9301
9344
9349
9373
9393
9403
945
9452
9469
9495
9498
9504
9507
951
9510
9513
9528
9529
954
9541
9556
9561
9562
9579
9587
959
9598
9600
9601
9608
9620
9623
9635
9637
9652
9665
9682
9695
9699
9716
9719
972
9734
9735
9749
9753
976
9785
9790
9791
9817
9820
9829
9831
9834
9836
9838
9841
9842
9854
9862
9878
9879
9890
9896
9897
9898
9905
9920
9923
9941
9963
9973
9977
9980
9987
9999
