172
352
352
353
547
603
622
622
724
749
798
798
798
924
961
961
961
1275
1275
1340
1460
1511
1511
1511
1762
1782
1871
1871
1871
1948
1954
1954
1992
1992
1992
1995
1995
2087
2116
2116
2172
2179
2179
2188
2207
2207
2271
2289
2448
2448
2448
2448
2483
2483
2598
2768
2768
2779
2838
2875
2875
2875
2875
2913
2964
2964
2966
3053
3160
3160
3186
3241
3241
3263
3267
3338
3338
3338
3406
3492
3492
3509
3570
3592
3592
3656
3656
3743
3743
3743
3770
3770
3770
3790
3840
3900
3900
3900
3900
3973
3973
4028
4178
4178
4178
4195
4209
4260
4261
4356
4356
4356
4393
4393
4393
4445
4445
4445
4568
4568
4613
4613
4613
4613
4613
4633
4802
4802
4815
4815
4815
4994
4994
5148
5154
5226
5305
5305
5311
5323
5323
5359
5465
5566
5622
5672
5672
5672
5809
5809
5863
5863
5888
5988
5988
5988
6014
6014
6072
6089
6089
6115
6115
6250
6250
6302
6302
6302
6302
6386
6386
6390
6410
6420
6420
6461
6461
6461
6475
6484
6484
6484
6526
6526
6576
6576
6779
6779
6822
6893
6893
6977
6977
7008
7149
7149
7219
7219
7219
7231
7231
7235
7235
7235
7235
7274
7345
7345
7345
7345
7345
7416
7416
7473
7609
7774
7774
7846
7899
7899
8031
8044
8056
8056
8092
8092
8092
8113
8162
8162
8176
8176
8216
8421
8421
8421
8421
8441
8441
8520
8526
8635
8712
8712
8712
8712
8739
8758
8761
8777
8821
8821
8848
8871
8947
9006
9006
9006
9006
9006
9045
9068
9219
9228
9228
9278
9278
9278
9278
9278
9474
9680
9689
9945
9955
10008
10034
10151
10151
10174
10179
10179
10179
10179
10187
10187
10238
10422
10422
10422
10452
10452
10452
10467
10520
10520
10520
10542
10542
10542
10542
10563
10865
11264
11264
11264
11264
11295
11304
11347
11347
11397
11430
11499
11612
11612
11612
11625
11625
11636
11639
11663
11663
11700
11700
11700
11700
11776
11776
11839
11840
11840
11966
11968
11991
12029
12029
12029
